{
 "vehicle_cost_per_km": [
  5, 
  5, 
  5, 
  5, 
  5
 ], 
 "runs": [
  {
   "avg_task_cost_vs_number_of_task": [
    2403, 
    1489, 
    1105.6666666666667, 
    1356.4999999999998, 
    1085.1999999999998, 
    904.3333333333331, 
    775.142857142857, 
    827.6249999999999, 
    735.6666666666665, 
    777.0999999999999, 
    722.2272727272726, 
    691.75, 
    693.8461538461538, 
    657.1071428571429, 
    678.4, 
    623.1875, 
    666.3823529411765, 
    647, 
    681.0526315789474, 
    602.3, 
    609.2380952380952, 
    674.3181818181819, 
    626.5217391304348, 
    723.1875, 
    667.92, 
    607.1538461538462, 
    566.3518518518517, 
    542.5357142857143, 
    566.8793103448276, 
    567.4
   ], 
   "number_of_vehicles": 3
  }
 ], 
 "vehicle_starting_positions": [
  "Newcastle", 
  "Cardiff", 
  "Plymouth", 
  "Norwich", 
  "Manchester", 
  "London", 
  "Leeds", 
  "Sheffield", 
  "Birmingham", 
  "Liverpool", 
  "Portsmouth"
 ], 
 "task_distribution": {
  "distance_matrix": [
   [
    0, 
    345, 
    477.8, 
    348, 
    209.9, 
    233, 
    246.5, 
    205.2, 
    115, 
    244.6, 
    307.8
   ], 
   [
    345, 
    0, 
    592.8, 
    463, 
    205.7, 
    348, 
    98.5, 
    139.8, 
    230, 
    171, 
    422.8
   ], 
   [
    477.8, 
    592.8, 
    0, 
    359.8, 
    457.7, 
    244.8, 
    494.3, 
    453, 
    362.8, 
    492.4, 
    170
   ], 
   [
    348, 
    463, 
    359.8, 
    0, 
    327.9, 
    115, 
    364.5, 
    323.2, 
    233, 
    362.6, 
    189.8
   ], 
   [
    209.9, 
    205.7, 
    457.7, 
    327.9, 
    0, 
    212.9, 
    107.2, 
    148.5, 
    94.9, 
    34.7, 
    287.7
   ], 
   [
    233, 
    348, 
    244.8, 
    115, 
    212.9, 
    0, 
    249.5, 
    208.2, 
    118, 
    247.6, 
    74.8
   ], 
   [
    246.5, 
    98.5, 
    494.3, 
    364.5, 
    107.2, 
    249.5, 
    0, 
    41.3, 
    131.5, 
    72.5, 
    324.3
   ], 
   [
    205.2, 
    139.8, 
    453, 
    323.2, 
    148.5, 
    208.2, 
    41.3, 
    0, 
    90.2, 
    113.8, 
    283
   ], 
   [
    115, 
    230, 
    362.8, 
    233, 
    94.9, 
    118, 
    131.5, 
    90.2, 
    0, 
    129.6, 
    192.8
   ], 
   [
    244.6, 
    171, 
    492.4, 
    362.6, 
    34.7, 
    247.6, 
    72.5, 
    113.8, 
    129.6, 
    0, 
    322.4
   ], 
   [
    307.8, 
    422.8, 
    170, 
    189.8, 
    287.7, 
    74.8, 
    324.3, 
    283, 
    192.8, 
    322.4, 
    0
   ]
  ], 
  "weight_matrix": [
   [
    0, 
    3, 
    3, 
    3, 
    3, 
    3, 
    3, 
    3, 
    3, 
    3, 
    3
   ], 
   [
    3, 
    0, 
    3, 
    3, 
    3, 
    3, 
    3, 
    3, 
    3, 
    3, 
    3
   ], 
   [
    3, 
    3, 
    0, 
    3, 
    3, 
    3, 
    3, 
    3, 
    3, 
    3, 
    3
   ], 
   [
    3, 
    3, 
    3, 
    0, 
    3, 
    3, 
    3, 
    3, 
    3, 
    3, 
    3
   ], 
   [
    3, 
    3, 
    3, 
    3, 
    0, 
    3, 
    3, 
    3, 
    3, 
    3, 
    3
   ], 
   [
    3, 
    3, 
    3, 
    3, 
    3, 
    0, 
    3, 
    3, 
    3, 
    3, 
    3
   ], 
   [
    3, 
    3, 
    3, 
    3, 
    3, 
    3, 
    0, 
    3, 
    3, 
    3, 
    3
   ], 
   [
    3, 
    3, 
    3, 
    3, 
    3, 
    3, 
    3, 
    0, 
    3, 
    3, 
    3
   ], 
   [
    3, 
    3, 
    3, 
    3, 
    3, 
    3, 
    3, 
    3, 
    0, 
    3, 
    3
   ], 
   [
    3, 
    3, 
    3, 
    3, 
    3, 
    3, 
    3, 
    3, 
    3, 
    0, 
    3
   ], 
   [
    3, 
    3, 
    3, 
    3, 
    3, 
    3, 
    3, 
    3, 
    3, 
    3, 
    0
   ]
  ], 
  "city_names": [
   "Cardiff", 
   "Newcastle", 
   "Plymouth", 
   "Norwich", 
   "Manchester", 
   "London", 
   "Leeds", 
   "Sheffield", 
   "Birmingham", 
   "Liverpool", 
   "Portsmouth"
  ], 
  "reward_matrix": [
   [
    0, 
    44455, 
    20684, 
    43918, 
    68638, 
    64503, 
    62087, 
    69479, 
    85625, 
    62427, 
    51114
   ], 
   [
    44455, 
    0, 
    100, 
    23333, 
    69390, 
    43918, 
    88578, 
    81186, 
    65040, 
    75601, 
    30529
   ], 
   [
    20684, 
    100, 
    0, 
    41806, 
    24282, 
    62391, 
    17731, 
    25123, 
    41269, 
    18071, 
    75780
   ], 
   [
    43918, 
    23333, 
    41806, 
    0, 
    47516, 
    85625, 
    40965, 
    48357, 
    64503, 
    41305, 
    72236
   ], 
   [
    68638, 
    69390, 
    24282, 
    47516, 
    0, 
    68101, 
    87021, 
    79628, 
    89223, 
    99999, 
    54712
   ], 
   [
    64503, 
    43918, 
    62391, 
    85625, 
    68101, 
    0, 
    61550, 
    68942, 
    85088, 
    61890, 
    92821
   ], 
   [
    62087, 
    88578, 
    17731, 
    40965, 
    87021, 
    61550, 
    0, 
    98817, 
    82671, 
    93232, 
    48161
   ], 
   [
    69479, 
    81186, 
    25123, 
    48357, 
    79628, 
    68942, 
    98817, 
    0, 
    90064, 
    85840, 
    55553
   ], 
   [
    85625, 
    65040, 
    41269, 
    64503, 
    89223, 
    85088, 
    82671, 
    90064, 
    0, 
    83012, 
    71699
   ], 
   [
    62427, 
    75601, 
    18071, 
    41305, 
    99999, 
    61890, 
    93232, 
    85840, 
    83012, 
    0, 
    48501
   ], 
   [
    51114, 
    30529, 
    75780, 
    72236, 
    54712, 
    92821, 
    48161, 
    55553, 
    71699, 
    48501, 
    0
   ]
  ], 
  "probability_matrix": [
   [
    0, 
    0.2014325585087009, 
    0.07151875056123813, 
    0.1461766480613198, 
    0.1792790392335535, 
    0.022416310269761364, 
    0.10289448325751328, 
    0.049717995533954396, 
    0.027258215080529818, 
    0.045338928036446666, 
    0.15396707145698219
   ], 
   [
    0.06731880016641205, 
    0, 
    0.13126915807437214, 
    0.10014831587404276, 
    0.10419962246096792, 
    0.04359856819605651, 
    0.027487717532011548, 
    0.1341139674280547, 
    0.13924354406996742, 
    0.11404244010394038, 
    0.13857786609417477
   ], 
   [
    0.13285652622725064, 
    0.06602462318836631, 
    0, 
    0.06311073949018813, 
    0.16460535609445395, 
    0.16395980060552068, 
    0.035202221008909663, 
    0.1049208391522168, 
    0.0231278634088385, 
    0.08905978312785008, 
    0.15713224769640535
   ], 
   [
    0.06494873886168588, 
    0.17487991517504572, 
    0.12375226785146225, 
    0, 
    0.027816893994380917, 
    0.1788165259834433, 
    0.04442455507402845, 
    0.030611441673526116, 
    0.13246141929081434, 
    0.18788416257189305, 
    0.034404079523719766
   ], 
   [
    0.07962621805951152, 
    0.12221255129477723, 
    0.019893574827703927, 
    0.10892947378889055, 
    0, 
    0.07253690515465865, 
    0.21430383376769377, 
    0.07951053653257444, 
    0.007784751173048461, 
    0.20077267959586664, 
    0.09442947580527483
   ], 
   [
    0.09269256585405741, 
    0.1280436894879992, 
    0.0072731144246983605, 
    0.04294731298117889, 
    0.045750316802090754, 
    0, 
    0.09806382532234115, 
    0.12943236278444292, 
    0.13435313101292617, 
    0.14542557874803827, 
    0.1760181025822268
   ], 
   [
    0.07779762221798632, 
    0.08906560584243182, 
    0.1263698541670555, 
    0.04822829710737032, 
    0.23444246428476537, 
    0.022879701462471556, 
    0, 
    0.24388224258267163, 
    0.04715387653234589, 
    0.011051986835030439, 
    0.09912834896787111
   ], 
   [
    0.07779183003298204, 
    0.14884948919080793, 
    0.14418993736915175, 
    0.014395131448875727, 
    0.007955355027294666, 
    0.12011617201394786, 
    0.0736876026280522, 
    0, 
    0.050449158834528045, 
    0.1735818230397981, 
    0.1889835004145617
   ], 
   [
    0.1116443438770481, 
    0.03787282203558504, 
    0.1724349599959824, 
    0.15433922488032398, 
    0.051515810455251214, 
    0.10288185298980573, 
    0.08569994606002206, 
    0.15544053052055512, 
    0, 
    0.1078759098223304, 
    0.020294599363096057
   ], 
   [
    0.10222621798110487, 
    0.02936603600340727, 
    0.0018366137235353236, 
    0.028742726596908918, 
    0.013291546039645153, 
    0.12294318793793155, 
    0.07797769221037876, 
    0.3403819441119531, 
    0.25700493907618593, 
    0, 
    0.026229096318949246
   ], 
   [
    0.10767576802074899, 
    0.049794053525650875, 
    0.0265369237441041, 
    0.061028608478182214, 
    0.16194676132445132, 
    0.10976297421427057, 
    0.13126445227124908, 
    0.15849249021788508, 
    0.12862044001192352, 
    0.0648775281915344, 
    0
   ]
  ]
 }, 
 "vehicle_capacities": [
  15, 
  15, 
  15, 
  30, 
  30, 
  30, 
  30, 
  30, 
  30, 
  30, 
  30
 ]
}