{
 "vehicle_cost_per_km": [
  5, 
  15, 
  10, 
  5, 
  5, 
  5, 
  5, 
  5, 
  5, 
  5, 
  5
 ], 
 "runs": [
  {
   "avg_task_cost_vs_number_of_task": [
    2315, 
    2057, 
    1837.3333333333333, 
    1559.25, 
    1643.2, 
    1519.6666666666667, 
    1443.2857142857142, 
    1374.375, 
    1221.6666666666667, 
    1331.3000000000002, 
    1480.9999999999998, 
    1452.4166666666667, 
    1454.923076923077, 
    1448.357142857143, 
    1402.8666666666666, 
    1470.3750000000002, 
    1383.8823529411766, 
    1413.1111111111113, 
    1494.9473684210527, 
    1651.1, 
    1717.1428571428576, 
    1673.9545454545455, 
    1643.8260869565217, 
    1744.9583333333333, 
    1727.8, 
    1693.0384615384614, 
    1606.1481481481478, 
    1620.8214285714291, 
    1565.8965517241375, 
    1677.8999999999992
   ], 
   "number_of_vehicles": 3
  }
 ], 
 "vehicle_starting_positions": [
  "Newcastle", 
  "Cardiff", 
  "Plymouth", 
  "Norwich", 
  "Manchester", 
  "London", 
  "Leeds", 
  "Sheffield", 
  "Birmingham", 
  "Liverpool", 
  "Portsmouth"
 ], 
 "task_distribution": {
  "distance_matrix": [
   [
    0, 
    345, 
    477.8, 
    348, 
    209.9, 
    233, 
    246.5, 
    205.2, 
    115, 
    244.6, 
    307.8
   ], 
   [
    345, 
    0, 
    592.8, 
    463, 
    205.7, 
    348, 
    98.5, 
    139.8, 
    230, 
    171, 
    422.8
   ], 
   [
    477.8, 
    592.8, 
    0, 
    359.8, 
    457.7, 
    244.8, 
    494.3, 
    453, 
    362.8, 
    492.4, 
    170
   ], 
   [
    348, 
    463, 
    359.8, 
    0, 
    327.9, 
    115, 
    364.5, 
    323.2, 
    233, 
    362.6, 
    189.8
   ], 
   [
    209.9, 
    205.7, 
    457.7, 
    327.9, 
    0, 
    212.9, 
    107.2, 
    148.5, 
    94.9, 
    34.7, 
    287.7
   ], 
   [
    233, 
    348, 
    244.8, 
    115, 
    212.9, 
    0, 
    249.5, 
    208.2, 
    118, 
    247.6, 
    74.8
   ], 
   [
    246.5, 
    98.5, 
    494.3, 
    364.5, 
    107.2, 
    249.5, 
    0, 
    41.3, 
    131.5, 
    72.5, 
    324.3
   ], 
   [
    205.2, 
    139.8, 
    453, 
    323.2, 
    148.5, 
    208.2, 
    41.3, 
    0, 
    90.2, 
    113.8, 
    283
   ], 
   [
    115, 
    230, 
    362.8, 
    233, 
    94.9, 
    118, 
    131.5, 
    90.2, 
    0, 
    129.6, 
    192.8
   ], 
   [
    244.6, 
    171, 
    492.4, 
    362.6, 
    34.7, 
    247.6, 
    72.5, 
    113.8, 
    129.6, 
    0, 
    322.4
   ], 
   [
    307.8, 
    422.8, 
    170, 
    189.8, 
    287.7, 
    74.8, 
    324.3, 
    283, 
    192.8, 
    322.4, 
    0
   ]
  ], 
  "weight_matrix": [
   [
    0, 
    3, 
    3, 
    3, 
    3, 
    3, 
    3, 
    3, 
    3, 
    3, 
    3
   ], 
   [
    3, 
    0, 
    3, 
    3, 
    3, 
    3, 
    3, 
    3, 
    3, 
    3, 
    3
   ], 
   [
    3, 
    3, 
    0, 
    3, 
    3, 
    3, 
    3, 
    3, 
    3, 
    3, 
    3
   ], 
   [
    3, 
    3, 
    3, 
    0, 
    3, 
    3, 
    3, 
    3, 
    3, 
    3, 
    3
   ], 
   [
    3, 
    3, 
    3, 
    3, 
    0, 
    3, 
    3, 
    3, 
    3, 
    3, 
    3
   ], 
   [
    3, 
    3, 
    3, 
    3, 
    3, 
    0, 
    3, 
    3, 
    3, 
    3, 
    3
   ], 
   [
    3, 
    3, 
    3, 
    3, 
    3, 
    3, 
    0, 
    3, 
    3, 
    3, 
    3
   ], 
   [
    3, 
    3, 
    3, 
    3, 
    3, 
    3, 
    3, 
    0, 
    3, 
    3, 
    3
   ], 
   [
    3, 
    3, 
    3, 
    3, 
    3, 
    3, 
    3, 
    3, 
    0, 
    3, 
    3
   ], 
   [
    3, 
    3, 
    3, 
    3, 
    3, 
    3, 
    3, 
    3, 
    3, 
    0, 
    3
   ], 
   [
    3, 
    3, 
    3, 
    3, 
    3, 
    3, 
    3, 
    3, 
    3, 
    3, 
    0
   ]
  ], 
  "city_names": [
   "Cardiff", 
   "Newcastle", 
   "Plymouth", 
   "Norwich", 
   "Manchester", 
   "London", 
   "Leeds", 
   "Sheffield", 
   "Birmingham", 
   "Liverpool", 
   "Portsmouth"
  ], 
  "reward_matrix": [
   [
    0, 
    44455, 
    20684, 
    43918, 
    68638, 
    64503, 
    62087, 
    69479, 
    85625, 
    62427, 
    51114
   ], 
   [
    44455, 
    0, 
    100, 
    23333, 
    69390, 
    43918, 
    88578, 
    81186, 
    65040, 
    75601, 
    30529
   ], 
   [
    20684, 
    100, 
    0, 
    41806, 
    24282, 
    62391, 
    17731, 
    25123, 
    41269, 
    18071, 
    75780
   ], 
   [
    43918, 
    23333, 
    41806, 
    0, 
    47516, 
    85625, 
    40965, 
    48357, 
    64503, 
    41305, 
    72236
   ], 
   [
    68638, 
    69390, 
    24282, 
    47516, 
    0, 
    68101, 
    87021, 
    79628, 
    89223, 
    99999, 
    54712
   ], 
   [
    64503, 
    43918, 
    62391, 
    85625, 
    68101, 
    0, 
    61550, 
    68942, 
    85088, 
    61890, 
    92821
   ], 
   [
    62087, 
    88578, 
    17731, 
    40965, 
    87021, 
    61550, 
    0, 
    98817, 
    82671, 
    93232, 
    48161
   ], 
   [
    69479, 
    81186, 
    25123, 
    48357, 
    79628, 
    68942, 
    98817, 
    0, 
    90064, 
    85840, 
    55553
   ], 
   [
    85625, 
    65040, 
    41269, 
    64503, 
    89223, 
    85088, 
    82671, 
    90064, 
    0, 
    83012, 
    71699
   ], 
   [
    62427, 
    75601, 
    18071, 
    41305, 
    99999, 
    61890, 
    93232, 
    85840, 
    83012, 
    0, 
    48501
   ], 
   [
    51114, 
    30529, 
    75780, 
    72236, 
    54712, 
    92821, 
    48161, 
    55553, 
    71699, 
    48501, 
    0
   ]
  ], 
  "probability_matrix": [
   [
    0, 
    0.11521153308089327, 
    0.04877141861646162, 
    0.11760144363474179, 
    0.12594538977482925, 
    0.09723095973075789, 
    0.015202382028735051, 
    0.01941738687187557, 
    0.15835886612936015, 
    0.17489806950262157, 
    0.1273625506297237
   ], 
   [
    0.2114104087947188, 
    0, 
    0.18784568915823263, 
    0.18744166214478172, 
    0.008865348110185203, 
    0.05672178625835568, 
    0.11133874235626, 
    0.0218770124665539, 
    0.054249495930527, 
    0.05316375988295117, 
    0.107086094897434
   ], 
   [
    0.12520931998505655, 
    0.21460701579287786, 
    0, 
    0.09275420583321727, 
    0.06930669487082466, 
    0.03725379603414476, 
    0.0018494862346553152, 
    0.06101313527399644, 
    0.03145969004461116, 
    0.17283815071971464, 
    0.19370850521090147
   ], 
   [
    0.1573414939034335, 
    0.13630397740367795, 
    0.10262849960381418, 
    0, 
    0.19326314781113269, 
    0.014566285713295496, 
    0.21206055366467497, 
    0.04323347043110503, 
    0.02333718409888511, 
    0.000954768497957869, 
    0.11631061887202333
   ], 
   [
    0.026039562466503435, 
    0.07383391282733147, 
    0.14696521171020582, 
    0.052052069604326685, 
    0, 
    0.11861302072488793, 
    0.05726813583169734, 
    0.1346565903424458, 
    0.10167637918933575, 
    0.14563049159771937, 
    0.14326462570554638
   ], 
   [
    0.13467610516339615, 
    0.06957103285343923, 
    0.06818248118112917, 
    0.04552517042089537, 
    0.1814209667160574, 
    0, 
    0.19598470066501805, 
    0.025012956988039844, 
    0.07370437950873433, 
    0.0760409274467423, 
    0.129881279056548
   ], 
   [
    0.10080202192588895, 
    0.08488406008040089, 
    0.06017169389937269, 
    0.16204281860196118, 
    0.001597576647318975, 
    0.057283612886591784, 
    0, 
    0.04527385765149445, 
    0.24600142211990633, 
    0.20574037116274252, 
    0.036202565024322245
   ], 
   [
    0.10741913088816861, 
    0.12619899520832084, 
    0.13144605374872737, 
    0.09966175512442135, 
    0.11454744533078509, 
    0.02082167152092307, 
    0.13052005030608727, 
    0, 
    0.0595627435370195, 
    0.10939088233428576, 
    0.10043127200126105
   ], 
   [
    0.16440985059754143, 
    0.07326441219865601, 
    0.02298056473439884, 
    0.15228949969348993, 
    0.07800819020582048, 
    0.15293858959355852, 
    0.09260896169779696, 
    0.07171307233302993, 
    0, 
    0.12717829085254004, 
    0.0646085680931679
   ], 
   [
    0.1151833048286202, 
    0.021945265665771707, 
    0.15620941686118295, 
    0.16526857990658708, 
    0.10752326276084678, 
    0.17114696057674988, 
    0.08179412326585443, 
    0.009609354891468504, 
    0.09968176039022943, 
    0, 
    0.0716379708526891
   ], 
   [
    0.17212967569457546, 
    0.020952824326524882, 
    0.16913578508011154, 
    0.14444177080051995, 
    0.13365220196534552, 
    0.01924288976786049, 
    0.13735597924829468, 
    0.018349712444391486, 
    0.1595541379606078, 
    0.02518502271176803, 
    0
   ]
  ]
 }, 
 "vehicle_capacities": [
  5, 
  5, 
  5, 
  30, 
  30, 
  30, 
  30, 
  30, 
  30, 
  30, 
  30
 ]
}