{
 "vehicle_cost_per_km": [
  5, 
  5, 
  5, 
  5, 
  5
 ], 
 "runs": [
  {
   "avg_task_cost_vs_number_of_task": [
    1755, 
    1826.4999999999998, 
    1409.3333333333333, 
    1523.5, 
    1494.1999999999998, 
    1313.9999999999998, 
    1126.285714285714, 
    1057.3749999999998, 
    1141.4444444444443, 
    1375.2999999999997, 
    1439.1818181818178, 
    1490.6666666666663, 
    1495.0769230769229, 
    1429.357142857143, 
    1399.533333333333, 
    1344.3124999999998, 
    1283.235294117647, 
    1243.8888888888887, 
    1247.631578947368, 
    1263.4, 
    1281.8095238095236, 
    1358.272727272727, 
    1358.6086956521735, 
    1301.9999999999998, 
    1304.5599999999997, 
    1379.923076923077, 
    1388.5925925925924, 
    1444.857142857143, 
    1434.6896551724135, 
    1467.3999999999999
   ], 
   "number_of_vehicles": 3
  }
 ], 
 "vehicle_starting_positions": [
  "Newcastle", 
  "Cardiff", 
  "Plymouth", 
  "Norwich", 
  "Manchester", 
  "London", 
  "Leeds", 
  "Sheffield", 
  "Birmingham", 
  "Liverpool", 
  "Portsmouth"
 ], 
 "task_distribution": {
  "distance_matrix": [
   [
    0, 
    345, 
    477.8, 
    348, 
    209.9, 
    233, 
    246.5, 
    205.2, 
    115, 
    244.6, 
    307.8
   ], 
   [
    345, 
    0, 
    592.8, 
    463, 
    205.7, 
    348, 
    98.5, 
    139.8, 
    230, 
    171, 
    422.8
   ], 
   [
    477.8, 
    592.8, 
    0, 
    359.8, 
    457.7, 
    244.8, 
    494.3, 
    453, 
    362.8, 
    492.4, 
    170
   ], 
   [
    348, 
    463, 
    359.8, 
    0, 
    327.9, 
    115, 
    364.5, 
    323.2, 
    233, 
    362.6, 
    189.8
   ], 
   [
    209.9, 
    205.7, 
    457.7, 
    327.9, 
    0, 
    212.9, 
    107.2, 
    148.5, 
    94.9, 
    34.7, 
    287.7
   ], 
   [
    233, 
    348, 
    244.8, 
    115, 
    212.9, 
    0, 
    249.5, 
    208.2, 
    118, 
    247.6, 
    74.8
   ], 
   [
    246.5, 
    98.5, 
    494.3, 
    364.5, 
    107.2, 
    249.5, 
    0, 
    41.3, 
    131.5, 
    72.5, 
    324.3
   ], 
   [
    205.2, 
    139.8, 
    453, 
    323.2, 
    148.5, 
    208.2, 
    41.3, 
    0, 
    90.2, 
    113.8, 
    283
   ], 
   [
    115, 
    230, 
    362.8, 
    233, 
    94.9, 
    118, 
    131.5, 
    90.2, 
    0, 
    129.6, 
    192.8
   ], 
   [
    244.6, 
    171, 
    492.4, 
    362.6, 
    34.7, 
    247.6, 
    72.5, 
    113.8, 
    129.6, 
    0, 
    322.4
   ], 
   [
    307.8, 
    422.8, 
    170, 
    189.8, 
    287.7, 
    74.8, 
    324.3, 
    283, 
    192.8, 
    322.4, 
    0
   ]
  ], 
  "weight_matrix": [
   [
    0, 
    3, 
    3, 
    3, 
    3, 
    3, 
    3, 
    3, 
    3, 
    3, 
    3
   ], 
   [
    3, 
    0, 
    3, 
    3, 
    3, 
    3, 
    3, 
    3, 
    3, 
    3, 
    3
   ], 
   [
    3, 
    3, 
    0, 
    3, 
    3, 
    3, 
    3, 
    3, 
    3, 
    3, 
    3
   ], 
   [
    3, 
    3, 
    3, 
    0, 
    3, 
    3, 
    3, 
    3, 
    3, 
    3, 
    3
   ], 
   [
    3, 
    3, 
    3, 
    3, 
    0, 
    3, 
    3, 
    3, 
    3, 
    3, 
    3
   ], 
   [
    3, 
    3, 
    3, 
    3, 
    3, 
    0, 
    3, 
    3, 
    3, 
    3, 
    3
   ], 
   [
    3, 
    3, 
    3, 
    3, 
    3, 
    3, 
    0, 
    3, 
    3, 
    3, 
    3
   ], 
   [
    3, 
    3, 
    3, 
    3, 
    3, 
    3, 
    3, 
    0, 
    3, 
    3, 
    3
   ], 
   [
    3, 
    3, 
    3, 
    3, 
    3, 
    3, 
    3, 
    3, 
    0, 
    3, 
    3
   ], 
   [
    3, 
    3, 
    3, 
    3, 
    3, 
    3, 
    3, 
    3, 
    3, 
    0, 
    3
   ], 
   [
    3, 
    3, 
    3, 
    3, 
    3, 
    3, 
    3, 
    3, 
    3, 
    3, 
    0
   ]
  ], 
  "city_names": [
   "Cardiff", 
   "Newcastle", 
   "Plymouth", 
   "Norwich", 
   "Manchester", 
   "London", 
   "Leeds", 
   "Sheffield", 
   "Birmingham", 
   "Liverpool", 
   "Portsmouth"
  ], 
  "reward_matrix": [
   [
    0, 
    44455, 
    20684, 
    43918, 
    68638, 
    64503, 
    62087, 
    69479, 
    85625, 
    62427, 
    51114
   ], 
   [
    44455, 
    0, 
    100, 
    23333, 
    69390, 
    43918, 
    88578, 
    81186, 
    65040, 
    75601, 
    30529
   ], 
   [
    20684, 
    100, 
    0, 
    41806, 
    24282, 
    62391, 
    17731, 
    25123, 
    41269, 
    18071, 
    75780
   ], 
   [
    43918, 
    23333, 
    41806, 
    0, 
    47516, 
    85625, 
    40965, 
    48357, 
    64503, 
    41305, 
    72236
   ], 
   [
    68638, 
    69390, 
    24282, 
    47516, 
    0, 
    68101, 
    87021, 
    79628, 
    89223, 
    99999, 
    54712
   ], 
   [
    64503, 
    43918, 
    62391, 
    85625, 
    68101, 
    0, 
    61550, 
    68942, 
    85088, 
    61890, 
    92821
   ], 
   [
    62087, 
    88578, 
    17731, 
    40965, 
    87021, 
    61550, 
    0, 
    98817, 
    82671, 
    93232, 
    48161
   ], 
   [
    69479, 
    81186, 
    25123, 
    48357, 
    79628, 
    68942, 
    98817, 
    0, 
    90064, 
    85840, 
    55553
   ], 
   [
    85625, 
    65040, 
    41269, 
    64503, 
    89223, 
    85088, 
    82671, 
    90064, 
    0, 
    83012, 
    71699
   ], 
   [
    62427, 
    75601, 
    18071, 
    41305, 
    99999, 
    61890, 
    93232, 
    85840, 
    83012, 
    0, 
    48501
   ], 
   [
    51114, 
    30529, 
    75780, 
    72236, 
    54712, 
    92821, 
    48161, 
    55553, 
    71699, 
    48501, 
    0
   ]
  ], 
  "probability_matrix": [
   [
    0, 
    0.05420419168482381, 
    0.11389431407764289, 
    0.17536529190685482, 
    0.029577337010868097, 
    0.14321870802675438, 
    0.041386849799550214, 
    0.07361714870780282, 
    0.16623758162342686, 
    0.059337444037619175, 
    0.1431611331246569
   ], 
   [
    0.11199792758623181, 
    0, 
    0.0670944806101519, 
    0.05865479749426703, 
    0.049083242763349876, 
    0.05386439433676272, 
    0.20303532406729347, 
    0.18357128685574378, 
    0.027010432488457994, 
    0.02689965605378894, 
    0.2187884577439526
   ], 
   [
    0.030209284133182305, 
    0.16339300087441724, 
    0, 
    0.18437356629979162, 
    0.19230318049482775, 
    0.017173413231317575, 
    0.19174077330852232, 
    0.03418023414945563, 
    0.10593837139506526, 
    0.027432563591354243, 
    0.05325561252206607
   ], 
   [
    0.09943096553083049, 
    0.16485224811022095, 
    0.01705588915274184, 
    0, 
    0.09000228529645977, 
    0.19074551216042282, 
    0.015832560012572147, 
    0.02773930626220166, 
    0.03599271357635938, 
    0.24394859564669438, 
    0.11439992425149659
   ], 
   [
    0.11291927010631761, 
    0.12869507763001098, 
    0.1175491499165303, 
    0.08771346859228298, 
    0, 
    0.11949103057017245, 
    0.1075985958059108, 
    0.07217596728942131, 
    0.0020343165369629563, 
    0.12268263275422522, 
    0.12914049079816545
   ], 
   [
    0.06684516418759462, 
    0.10589968917155583, 
    0.0633484410058376, 
    0.09514239468452702, 
    0.12032374121653287, 
    0, 
    0.12402544110140228, 
    0.10739192255951459, 
    0.11707329773302486, 
    0.12051143029090196, 
    0.07943847804910842
   ], 
   [
    0.017906811291310276, 
    0.019260084481615234, 
    0.04402185462039147, 
    0.1585234707913655, 
    0.14451560619027962, 
    0.163093748679366, 
    0, 
    0.19699889750873162, 
    0.027497713086769952, 
    0.041133489712526554, 
    0.18704832363764365
   ], 
   [
    0.12263754764147469, 
    0.13607749517301532, 
    0.0304581627864906, 
    0.1598299062617381, 
    0.1223682233615955, 
    0.159583731613459, 
    0.07775806911508786, 
    0, 
    0.03309534431792322, 
    0.024299756035715287, 
    0.13389176369350042
   ], 
   [
    0.10651262241625588, 
    0.08001984566607916, 
    0.05651905235054351, 
    0.16550408877318484, 
    0.03733586317397832, 
    0.13672512496630024, 
    0.12474321032929188, 
    0.09621221465427024, 
    0, 
    0.13420001077773744, 
    0.06222796689235858
   ], 
   [
    0.02029598355636906, 
    0.023359735957393036, 
    0.2425213958365725, 
    0.0834228973178523, 
    0.20363662020776024, 
    0.022425077080472287, 
    0.29010468359823033, 
    0.07232224142848709, 
    0.014052059738432902, 
    0, 
    0.027859305278430238
   ], 
   [
    0.15986280225997537, 
    0.03734217436675912, 
    0.13815750986415756, 
    0.058579405522616035, 
    0.12463888283315444, 
    0.12761286688241266, 
    0.033839916973895684, 
    0.05563456380560435, 
    0.14366262475659766, 
    0.12066925273482713, 
    0
   ]
  ]
 }, 
 "vehicle_capacities": [
  5, 
  5, 
  5, 
  30, 
  30, 
  30, 
  30, 
  30, 
  30, 
  30, 
  30
 ]
}