{
 "vehicle_cost_per_km": [
  5, 
  5, 
  5, 
  5, 
  5
 ], 
 "runs": [
  {
   "avg_task_cost_vs_number_of_task": [
    2689, 
    2494.5, 
    1663, 
    1247.25, 
    1475.6, 
    1288.4999999999998, 
    1225.857142857143, 
    1167.75, 
    953.4444444444445, 
    858.1, 
    857.3636363636364, 
    749.5, 
    660.0769230769231, 
    612.9285714285714, 
    752.2666666666667, 
    655, 
    673.6470588235294, 
    697.1666666666665, 
    671.9473684210525, 
    628.05, 
    596.3809523809523, 
    641.8181818181818, 
    539.4782608695652, 
    622.6250000000001, 
    567.0800000000002, 
    596.8846153846154, 
    526.5555555555555, 
    573.1785714285714, 
    534.7931034482758, 
    587.7
   ], 
   "number_of_vehicles": 2
  }, 
  {
   "avg_task_cost_vs_number_of_task": [
    2315, 
    2307.5, 
    1663, 
    1247.25, 
    1475.6, 
    1288.4999999999998, 
    1104.4285714285713, 
    966.3749999999999, 
    858.9999999999999, 
    943.1, 
    892.6363636363636, 
    814.8333333333334, 
    784.0769230769231, 
    754.6428571428571, 
    704.2, 
    562.125, 
    673.6470588235293, 
    636.1111111111111, 
    619.3157894736842, 
    562.6, 
    593.0952380952381, 
    629.9999999999999, 
    619.695652173913, 
    600.4583333333334, 
    546.88, 
    520.5384615384614, 
    541.5185185185185, 
    563.357142857143, 
    550.4827586206895, 
    555.8333333333334
   ], 
   "number_of_vehicles": 3
  }, 
  {
   "avg_task_cost_vs_number_of_task": [
    2315, 
    2307.5, 
    1663, 
    1247.25, 
    1475.6, 
    1288.4999999999998, 
    1142.357142857143, 
    966.3749999999999, 
    858.9999999999999, 
    980.3, 
    926.6363636363635, 
    760.5416666666666, 
    826.0384615384615, 
    810.2142857142857, 
    704.3333333333334, 
    642.28125, 
    673.6470588235294, 
    585.1666666666666, 
    583.0526315789474, 
    590.25, 
    596.3809523809524, 
    590.75, 
    658.5652173913043, 
    542.7708333333334, 
    518.18, 
    523.7884615384615, 
    560.4259259259259, 
    546.75, 
    534.6379310344828, 
    515.0833333333334
   ], 
   "number_of_vehicles": 4
  }, 
  {
   "avg_task_cost_vs_number_of_task": [
    2315, 
    2307.5, 
    1663, 
    1247.25, 
    1475.6, 
    1288.4999999999998, 
    1104.4285714285713, 
    966.3749999999999, 
    888.5, 
    1019.2999999999998, 
    839, 
    855.5, 
    806.7692307692307, 
    791.2857142857143, 
    752.2666666666667, 
    655.5, 
    631.6764705882352, 
    594.6944444444445, 
    552, 
    591.2, 
    511.95238095238096, 
    578.4545454545455, 
    532.2391304347826, 
    587.0000000000001, 
    562.34, 
    491.26923076923083, 
    415.85185185185185, 
    508.14285714285717, 
    471.51724137931035, 
    444.23333333333335
   ], 
   "number_of_vehicles": 5
  }
 ], 
 "vehicle_starting_positions": [
  "Portsmouth", 
  "Plymouth", 
  "London", 
  "Manchester", 
  "Birmingham", 
  "Norwich", 
  "Liverpool", 
  "Leeds", 
  "Cardiff", 
  "Newcastle", 
  "Sheffield"
 ], 
 "task_distribution": {
  "distance_matrix": [
   [
    0, 
    345, 
    477.8, 
    348, 
    209.9, 
    233, 
    246.5, 
    205.2, 
    115, 
    244.6, 
    307.8
   ], 
   [
    345, 
    0, 
    592.8, 
    463, 
    205.7, 
    348, 
    98.5, 
    139.8, 
    230, 
    171, 
    422.8
   ], 
   [
    477.8, 
    592.8, 
    0, 
    359.8, 
    457.7, 
    244.8, 
    494.3, 
    453, 
    362.8, 
    492.4, 
    170
   ], 
   [
    348, 
    463, 
    359.8, 
    0, 
    327.9, 
    115, 
    364.5, 
    323.2, 
    233, 
    362.6, 
    189.8
   ], 
   [
    209.9, 
    205.7, 
    457.7, 
    327.9, 
    0, 
    212.9, 
    107.2, 
    148.5, 
    94.9, 
    34.7, 
    287.7
   ], 
   [
    233, 
    348, 
    244.8, 
    115, 
    212.9, 
    0, 
    249.5, 
    208.2, 
    118, 
    247.6, 
    74.8
   ], 
   [
    246.5, 
    98.5, 
    494.3, 
    364.5, 
    107.2, 
    249.5, 
    0, 
    41.3, 
    131.5, 
    72.5, 
    324.3
   ], 
   [
    205.2, 
    139.8, 
    453, 
    323.2, 
    148.5, 
    208.2, 
    41.3, 
    0, 
    90.2, 
    113.8, 
    283
   ], 
   [
    115, 
    230, 
    362.8, 
    233, 
    94.9, 
    118, 
    131.5, 
    90.2, 
    0, 
    129.6, 
    192.8
   ], 
   [
    244.6, 
    171, 
    492.4, 
    362.6, 
    34.7, 
    247.6, 
    72.5, 
    113.8, 
    129.6, 
    0, 
    322.4
   ], 
   [
    307.8, 
    422.8, 
    170, 
    189.8, 
    287.7, 
    74.8, 
    324.3, 
    283, 
    192.8, 
    322.4, 
    0
   ]
  ], 
  "weight_matrix": [
   [
    0, 
    3, 
    3, 
    3, 
    3, 
    3, 
    3, 
    3, 
    3, 
    3, 
    3
   ], 
   [
    3, 
    0, 
    3, 
    3, 
    3, 
    3, 
    3, 
    3, 
    3, 
    3, 
    3
   ], 
   [
    3, 
    3, 
    0, 
    3, 
    3, 
    3, 
    3, 
    3, 
    3, 
    3, 
    3
   ], 
   [
    3, 
    3, 
    3, 
    0, 
    3, 
    3, 
    3, 
    3, 
    3, 
    3, 
    3
   ], 
   [
    3, 
    3, 
    3, 
    3, 
    0, 
    3, 
    3, 
    3, 
    3, 
    3, 
    3
   ], 
   [
    3, 
    3, 
    3, 
    3, 
    3, 
    0, 
    3, 
    3, 
    3, 
    3, 
    3
   ], 
   [
    3, 
    3, 
    3, 
    3, 
    3, 
    3, 
    0, 
    3, 
    3, 
    3, 
    3
   ], 
   [
    3, 
    3, 
    3, 
    3, 
    3, 
    3, 
    3, 
    0, 
    3, 
    3, 
    3
   ], 
   [
    3, 
    3, 
    3, 
    3, 
    3, 
    3, 
    3, 
    3, 
    0, 
    3, 
    3
   ], 
   [
    3, 
    3, 
    3, 
    3, 
    3, 
    3, 
    3, 
    3, 
    3, 
    0, 
    3
   ], 
   [
    3, 
    3, 
    3, 
    3, 
    3, 
    3, 
    3, 
    3, 
    3, 
    3, 
    0
   ]
  ], 
  "city_names": [
   "Cardiff", 
   "Newcastle", 
   "Plymouth", 
   "Norwich", 
   "Manchester", 
   "London", 
   "Leeds", 
   "Sheffield", 
   "Birmingham", 
   "Liverpool", 
   "Portsmouth"
  ], 
  "reward_matrix": [
   [
    0, 
    44455, 
    20684, 
    43918, 
    68638, 
    64503, 
    62087, 
    69479, 
    85625, 
    62427, 
    51114
   ], 
   [
    44455, 
    0, 
    100, 
    23333, 
    69390, 
    43918, 
    88578, 
    81186, 
    65040, 
    75601, 
    30529
   ], 
   [
    20684, 
    100, 
    0, 
    41806, 
    24282, 
    62391, 
    17731, 
    25123, 
    41269, 
    18071, 
    75780
   ], 
   [
    43918, 
    23333, 
    41806, 
    0, 
    47516, 
    85625, 
    40965, 
    48357, 
    64503, 
    41305, 
    72236
   ], 
   [
    68638, 
    69390, 
    24282, 
    47516, 
    0, 
    68101, 
    87021, 
    79628, 
    89223, 
    99999, 
    54712
   ], 
   [
    64503, 
    43918, 
    62391, 
    85625, 
    68101, 
    0, 
    61550, 
    68942, 
    85088, 
    61890, 
    92821
   ], 
   [
    62087, 
    88578, 
    17731, 
    40965, 
    87021, 
    61550, 
    0, 
    98817, 
    82671, 
    93232, 
    48161
   ], 
   [
    69479, 
    81186, 
    25123, 
    48357, 
    79628, 
    68942, 
    98817, 
    0, 
    90064, 
    85840, 
    55553
   ], 
   [
    85625, 
    65040, 
    41269, 
    64503, 
    89223, 
    85088, 
    82671, 
    90064, 
    0, 
    83012, 
    71699
   ], 
   [
    62427, 
    75601, 
    18071, 
    41305, 
    99999, 
    61890, 
    93232, 
    85840, 
    83012, 
    0, 
    48501
   ], 
   [
    51114, 
    30529, 
    75780, 
    72236, 
    54712, 
    92821, 
    48161, 
    55553, 
    71699, 
    48501, 
    0
   ]
  ], 
  "probability_matrix": [
   [
    0, 
    0.10157315715598515, 
    0.11787808473701271, 
    0.07605974502276702, 
    0.1508681071855021, 
    0.056884224537967376, 
    0.12659628592091213, 
    0.011173730755158564, 
    0.08849465835180378, 
    0.14617404192210523, 
    0.12429796441078594
   ], 
   [
    0.15205931200641176, 
    0, 
    0.10498330635946292, 
    0.0934803037972694, 
    0.13396893296997905, 
    0.13969936552194465, 
    0.08897016622192319, 
    0.09389348411757294, 
    0.06272650770290589, 
    0.004005222898345597, 
    0.1262133984041846
   ], 
   [
    0.1169709491704118, 
    0.034314772649444825, 
    0, 
    0.2112262778226542, 
    0.12838218593472353, 
    0.04634646055425441, 
    0.08907174077216688, 
    0.08733795225287332, 
    0.05249801652211405, 
    0.08632019129588862, 
    0.14753145302546836
   ], 
   [
    0.09172914174483103, 
    0.07361275096961026, 
    0.17563406581529928, 
    0, 
    0.16676285311939956, 
    0.16141659433608774, 
    0.01836506921736656, 
    0.03677780772259357, 
    0.04673623837205954, 
    0.03359562644876404, 
    0.19536985225398817
   ], 
   [
    0.09045493398960347, 
    0.11862607579778549, 
    0.038603209050391524, 
    0.13929022524006582, 
    0, 
    0.04565849158068046, 
    0.09348327608418835, 
    0.04857278711341892, 
    0.081468847807161, 
    0.25460070410337254, 
    0.08924144923333246
   ], 
   [
    0.13256024335295222, 
    0.07800593320563633, 
    0.0583016707932923, 
    0.11803128375017735, 
    0.05519792094056638, 
    0, 
    0.09142072423516755, 
    0.11935554088146444, 
    0.12673798145622825, 
    0.0673684826945022, 
    0.15302021869001306
   ], 
   [
    0.006764424965616572, 
    0.13107825415331276, 
    0.12287932533337492, 
    0.10764941142159089, 
    0.03824570009612334, 
    0.09076564234227946, 
    0, 
    0.16774149283810183, 
    0.05041518750099708, 
    0.11834157108305955, 
    0.16611899026554358
   ], 
   [
    0.17298357510631512, 
    0.07213388525442456, 
    0.008365761222269274, 
    0.1428240518956758, 
    0.17879892817491772, 
    0.06307464435477768, 
    0.0003438427733412671, 
    0, 
    0.14500855471510726, 
    0.14392798947661983, 
    0.07253876702655161
   ], 
   [
    0.18107706465777318, 
    0.14177340914110498, 
    0.08285545232689219, 
    0.05284048326780947, 
    0.12576616241597502, 
    0.034995208325877866, 
    0.07468181524794015, 
    0.19955859604485535, 
    0, 
    0.04386798819150952, 
    0.0625838203802622
   ], 
   [
    0.16301282601689093, 
    0.003587848674959755, 
    0.1352960199475174, 
    0.08804335677423537, 
    0.15906700483870112, 
    0.1823167312390085, 
    0.007130166729127289, 
    0.007098870386335858, 
    0.0811200900333862, 
    0, 
    0.17332708535983776
   ], 
   [
    0.02583684388882908, 
    0.1452698717382813, 
    0.17988384965892615, 
    0.006428296871941424, 
    0.17857997113944937, 
    0.09150031299330451, 
    0.13428780174276655, 
    0.03766186868742562, 
    0.1709396038126674, 
    0.029611579466408328, 
    0
   ]
  ]
 }, 
 "vehicle_capacities": [
  30, 
  30, 
  30, 
  30, 
  30
 ]
}