{
 "vehicle_cost_per_km": [
  10, 
  15, 
  10, 
  5, 
  5, 
  5, 
  5, 
  5, 
  5, 
  5, 
  5
 ], 
 "runs": [
  {
   "avg_task_cost_vs_number_of_task": [
    4114, 
    3757, 
    3620, 
    3290, 
    3391.2, 
    2826, 
    2451.714285714286, 
    2232, 
    1984, 
    1860, 
    1900, 
    1866.3333333333333, 
    1776.1538461538462, 
    1846.857142857143, 
    1723.733333333333, 
    1690.5, 
    1591.0588235294117, 
    1630.4444444444443, 
    1681.0526315789473, 
    1557.6, 
    1797.904761904762, 
    1755.6363636363637, 
    1678.7826086956522, 
    1635.375, 
    1667.96, 
    1722.923076923077, 
    1526.2962962962963, 
    1687.9642857142858, 
    1750.6206896551726, 
    1573
   ], 
   "number_of_vehicles": 3
  }
 ], 
 "vehicle_starting_positions": [
  "Newcastle", 
  "Cardiff", 
  "Plymouth", 
  "Norwich", 
  "Manchester", 
  "London", 
  "Leeds", 
  "Sheffield", 
  "Birmingham", 
  "Liverpool", 
  "Portsmouth"
 ], 
 "task_distribution": {
  "distance_matrix": [
   [
    0, 
    345, 
    477.8, 
    348, 
    209.9, 
    233, 
    246.5, 
    205.2, 
    115, 
    244.6, 
    307.8
   ], 
   [
    345, 
    0, 
    592.8, 
    463, 
    205.7, 
    348, 
    98.5, 
    139.8, 
    230, 
    171, 
    422.8
   ], 
   [
    477.8, 
    592.8, 
    0, 
    359.8, 
    457.7, 
    244.8, 
    494.3, 
    453, 
    362.8, 
    492.4, 
    170
   ], 
   [
    348, 
    463, 
    359.8, 
    0, 
    327.9, 
    115, 
    364.5, 
    323.2, 
    233, 
    362.6, 
    189.8
   ], 
   [
    209.9, 
    205.7, 
    457.7, 
    327.9, 
    0, 
    212.9, 
    107.2, 
    148.5, 
    94.9, 
    34.7, 
    287.7
   ], 
   [
    233, 
    348, 
    244.8, 
    115, 
    212.9, 
    0, 
    249.5, 
    208.2, 
    118, 
    247.6, 
    74.8
   ], 
   [
    246.5, 
    98.5, 
    494.3, 
    364.5, 
    107.2, 
    249.5, 
    0, 
    41.3, 
    131.5, 
    72.5, 
    324.3
   ], 
   [
    205.2, 
    139.8, 
    453, 
    323.2, 
    148.5, 
    208.2, 
    41.3, 
    0, 
    90.2, 
    113.8, 
    283
   ], 
   [
    115, 
    230, 
    362.8, 
    233, 
    94.9, 
    118, 
    131.5, 
    90.2, 
    0, 
    129.6, 
    192.8
   ], 
   [
    244.6, 
    171, 
    492.4, 
    362.6, 
    34.7, 
    247.6, 
    72.5, 
    113.8, 
    129.6, 
    0, 
    322.4
   ], 
   [
    307.8, 
    422.8, 
    170, 
    189.8, 
    287.7, 
    74.8, 
    324.3, 
    283, 
    192.8, 
    322.4, 
    0
   ]
  ], 
  "weight_matrix": [
   [
    0, 
    3, 
    3, 
    3, 
    3, 
    3, 
    3, 
    3, 
    3, 
    3, 
    3
   ], 
   [
    3, 
    0, 
    3, 
    3, 
    3, 
    3, 
    3, 
    3, 
    3, 
    3, 
    3
   ], 
   [
    3, 
    3, 
    0, 
    3, 
    3, 
    3, 
    3, 
    3, 
    3, 
    3, 
    3
   ], 
   [
    3, 
    3, 
    3, 
    0, 
    3, 
    3, 
    3, 
    3, 
    3, 
    3, 
    3
   ], 
   [
    3, 
    3, 
    3, 
    3, 
    0, 
    3, 
    3, 
    3, 
    3, 
    3, 
    3
   ], 
   [
    3, 
    3, 
    3, 
    3, 
    3, 
    0, 
    3, 
    3, 
    3, 
    3, 
    3
   ], 
   [
    3, 
    3, 
    3, 
    3, 
    3, 
    3, 
    0, 
    3, 
    3, 
    3, 
    3
   ], 
   [
    3, 
    3, 
    3, 
    3, 
    3, 
    3, 
    3, 
    0, 
    3, 
    3, 
    3
   ], 
   [
    3, 
    3, 
    3, 
    3, 
    3, 
    3, 
    3, 
    3, 
    0, 
    3, 
    3
   ], 
   [
    3, 
    3, 
    3, 
    3, 
    3, 
    3, 
    3, 
    3, 
    3, 
    0, 
    3
   ], 
   [
    3, 
    3, 
    3, 
    3, 
    3, 
    3, 
    3, 
    3, 
    3, 
    3, 
    0
   ]
  ], 
  "city_names": [
   "Cardiff", 
   "Newcastle", 
   "Plymouth", 
   "Norwich", 
   "Manchester", 
   "London", 
   "Leeds", 
   "Sheffield", 
   "Birmingham", 
   "Liverpool", 
   "Portsmouth"
  ], 
  "reward_matrix": [
   [
    0, 
    44455, 
    20684, 
    43918, 
    68638, 
    64503, 
    62087, 
    69479, 
    85625, 
    62427, 
    51114
   ], 
   [
    44455, 
    0, 
    100, 
    23333, 
    69390, 
    43918, 
    88578, 
    81186, 
    65040, 
    75601, 
    30529
   ], 
   [
    20684, 
    100, 
    0, 
    41806, 
    24282, 
    62391, 
    17731, 
    25123, 
    41269, 
    18071, 
    75780
   ], 
   [
    43918, 
    23333, 
    41806, 
    0, 
    47516, 
    85625, 
    40965, 
    48357, 
    64503, 
    41305, 
    72236
   ], 
   [
    68638, 
    69390, 
    24282, 
    47516, 
    0, 
    68101, 
    87021, 
    79628, 
    89223, 
    99999, 
    54712
   ], 
   [
    64503, 
    43918, 
    62391, 
    85625, 
    68101, 
    0, 
    61550, 
    68942, 
    85088, 
    61890, 
    92821
   ], 
   [
    62087, 
    88578, 
    17731, 
    40965, 
    87021, 
    61550, 
    0, 
    98817, 
    82671, 
    93232, 
    48161
   ], 
   [
    69479, 
    81186, 
    25123, 
    48357, 
    79628, 
    68942, 
    98817, 
    0, 
    90064, 
    85840, 
    55553
   ], 
   [
    85625, 
    65040, 
    41269, 
    64503, 
    89223, 
    85088, 
    82671, 
    90064, 
    0, 
    83012, 
    71699
   ], 
   [
    62427, 
    75601, 
    18071, 
    41305, 
    99999, 
    61890, 
    93232, 
    85840, 
    83012, 
    0, 
    48501
   ], 
   [
    51114, 
    30529, 
    75780, 
    72236, 
    54712, 
    92821, 
    48161, 
    55553, 
    71699, 
    48501, 
    0
   ]
  ], 
  "probability_matrix": [
   [
    0, 
    0.057365537647138476, 
    0.13500333822540997, 
    0.1416592052852396, 
    0.02672715299411829, 
    0.08592359099217411, 
    0.029952734449645132, 
    0.17198556058145076, 
    0.04268552314622768, 
    0.14130662118524986, 
    0.16739073549334604
   ], 
   [
    0.11394818814545755, 
    0, 
    0.1731107113419648, 
    0.004504525860199575, 
    0.21435226669838683, 
    0.04892511643922467, 
    0.2157561834884782, 
    0.02949970116708546, 
    0.049028835892146606, 
    0.0343919942314158, 
    0.11648247673564031
   ], 
   [
    0.19112880297248472, 
    0.025593863879709845, 
    0, 
    0.01226299612279297, 
    0.06664868307909974, 
    0.22551290561773257, 
    0.09772703825999435, 
    0.16499258715077048, 
    0.09013549804142884, 
    0.08034720309009996, 
    0.04565042178588677
   ], 
   [
    0.06889699136463874, 
    0.07159372879422354, 
    0.16963460726844642, 
    0, 
    0.12968713931998516, 
    0.08507585728220125, 
    0.04427482982076589, 
    0.12852710244723517, 
    0.024132376625201162, 
    0.19388287469890594, 
    0.0842944923783966
   ], 
   [
    0.0481368662574877, 
    0.1399511294102118, 
    0.01037966148635748, 
    0.14033798177190454, 
    0, 
    0.010091642710248549, 
    0.12835395049072681, 
    0.1819505080620119, 
    0.05599819451789396, 
    0.20010015208692236, 
    0.08469991320623481
   ], 
   [
    0.017056954508180466, 
    0.024715406093840313, 
    0.16544348098810804, 
    0.1638132781722566, 
    0.03356311730610618, 
    0, 
    0.24492968750245117, 
    0.06143453539474694, 
    0.029732094020329277, 
    0.10343318655609653, 
    0.15587825945788447
   ], 
   [
    0.11347796110093826, 
    0.047006365463346966, 
    0.17803318416449043, 
    0.0037166135793297956, 
    0.20527808089273694, 
    0.1407462065399153, 
    0, 
    0.011998311080852787, 
    0.1473504255796231, 
    0.09965859509803192, 
    0.052734256500734586
   ], 
   [
    0.07877572433300008, 
    0.03872537717460607, 
    0.20153517927003411, 
    0.06920724659263294, 
    0.031016747056191132, 
    0.07054731940143841, 
    0.1923696596412235, 
    0, 
    0.05000169649690647, 
    0.0787375178896538, 
    0.1890835321443134
   ], 
   [
    0.01699583144383338, 
    0.1731148072506288, 
    0.10305452574107847, 
    0.1585057675902949, 
    0.08530413016831051, 
    0.13254646549763208, 
    0.003947510389859309, 
    0.038029832808438004, 
    0, 
    0.15568646354666452, 
    0.13281466556326008
   ], 
   [
    0.006695261166937801, 
    0.21864765207694187, 
    0.015008011693228506, 
    0.07950157325056158, 
    0.09799451159575348, 
    0.03411751477219782, 
    0.19286356379000644, 
    0.10136705627042271, 
    0.09184872144964798, 
    0, 
    0.16195613393430186
   ], 
   [
    0.13192789884939052, 
    0.031242753643003263, 
    0.08189881544105558, 
    0.06774718775371964, 
    0.09141186494091325, 
    0.1138759265383496, 
    0.14934618314833037, 
    0.06591386059781117, 
    0.149464648024276, 
    0.1171708610631505, 
    0
   ]
  ]
 }, 
 "vehicle_capacities": [
  10, 
  10, 
  10, 
  30, 
  30, 
  30, 
  30, 
  30, 
  30, 
  30, 
  30
 ]
}