{
 "vehicle_cost_per_km": [
  5, 
  15, 
  15, 
  5, 
  5, 
  5, 
  5, 
  5, 
  5, 
  5, 
  5
 ], 
 "runs": [
  {
   "avg_task_cost_vs_number_of_task": [
    2114, 
    1482, 
    1489, 
    1734.625, 
    1617.7, 
    1348.0833333333333, 
    1225.857142857143, 
    1072.625, 
    1017.3333333333334, 
    992.5, 
    997.8181818181819, 
    885.25, 
    867.4615384615385, 
    1119.4285714285713, 
    1054.3333333333333, 
    1049.9999999999998, 
    1120.7058823529412, 
    993.8333333333334, 
    1031.5263157894738, 
    1085.25, 
    1008.7142857142856, 
    936.3636363636364, 
    1123.3478260869567, 
    925.2083333333334, 
    917.9199999999998, 
    886.5384615384615, 
    828.1481481481483, 
    925.9642857142859, 
    918.7241379310343, 
    1197.6666666666667
   ], 
   "number_of_vehicles": 3
  }
 ], 
 "vehicle_starting_positions": [
  "Newcastle", 
  "Cardiff", 
  "Plymouth", 
  "Norwich", 
  "Manchester", 
  "London", 
  "Leeds", 
  "Sheffield", 
  "Birmingham", 
  "Liverpool", 
  "Portsmouth"
 ], 
 "task_distribution": {
  "distance_matrix": [
   [
    0, 
    345, 
    477.8, 
    348, 
    209.9, 
    233, 
    246.5, 
    205.2, 
    115, 
    244.6, 
    307.8
   ], 
   [
    345, 
    0, 
    592.8, 
    463, 
    205.7, 
    348, 
    98.5, 
    139.8, 
    230, 
    171, 
    422.8
   ], 
   [
    477.8, 
    592.8, 
    0, 
    359.8, 
    457.7, 
    244.8, 
    494.3, 
    453, 
    362.8, 
    492.4, 
    170
   ], 
   [
    348, 
    463, 
    359.8, 
    0, 
    327.9, 
    115, 
    364.5, 
    323.2, 
    233, 
    362.6, 
    189.8
   ], 
   [
    209.9, 
    205.7, 
    457.7, 
    327.9, 
    0, 
    212.9, 
    107.2, 
    148.5, 
    94.9, 
    34.7, 
    287.7
   ], 
   [
    233, 
    348, 
    244.8, 
    115, 
    212.9, 
    0, 
    249.5, 
    208.2, 
    118, 
    247.6, 
    74.8
   ], 
   [
    246.5, 
    98.5, 
    494.3, 
    364.5, 
    107.2, 
    249.5, 
    0, 
    41.3, 
    131.5, 
    72.5, 
    324.3
   ], 
   [
    205.2, 
    139.8, 
    453, 
    323.2, 
    148.5, 
    208.2, 
    41.3, 
    0, 
    90.2, 
    113.8, 
    283
   ], 
   [
    115, 
    230, 
    362.8, 
    233, 
    94.9, 
    118, 
    131.5, 
    90.2, 
    0, 
    129.6, 
    192.8
   ], 
   [
    244.6, 
    171, 
    492.4, 
    362.6, 
    34.7, 
    247.6, 
    72.5, 
    113.8, 
    129.6, 
    0, 
    322.4
   ], 
   [
    307.8, 
    422.8, 
    170, 
    189.8, 
    287.7, 
    74.8, 
    324.3, 
    283, 
    192.8, 
    322.4, 
    0
   ]
  ], 
  "weight_matrix": [
   [
    0, 
    3, 
    3, 
    3, 
    3, 
    3, 
    3, 
    3, 
    3, 
    3, 
    3
   ], 
   [
    3, 
    0, 
    3, 
    3, 
    3, 
    3, 
    3, 
    3, 
    3, 
    3, 
    3
   ], 
   [
    3, 
    3, 
    0, 
    3, 
    3, 
    3, 
    3, 
    3, 
    3, 
    3, 
    3
   ], 
   [
    3, 
    3, 
    3, 
    0, 
    3, 
    3, 
    3, 
    3, 
    3, 
    3, 
    3
   ], 
   [
    3, 
    3, 
    3, 
    3, 
    0, 
    3, 
    3, 
    3, 
    3, 
    3, 
    3
   ], 
   [
    3, 
    3, 
    3, 
    3, 
    3, 
    0, 
    3, 
    3, 
    3, 
    3, 
    3
   ], 
   [
    3, 
    3, 
    3, 
    3, 
    3, 
    3, 
    0, 
    3, 
    3, 
    3, 
    3
   ], 
   [
    3, 
    3, 
    3, 
    3, 
    3, 
    3, 
    3, 
    0, 
    3, 
    3, 
    3
   ], 
   [
    3, 
    3, 
    3, 
    3, 
    3, 
    3, 
    3, 
    3, 
    0, 
    3, 
    3
   ], 
   [
    3, 
    3, 
    3, 
    3, 
    3, 
    3, 
    3, 
    3, 
    3, 
    0, 
    3
   ], 
   [
    3, 
    3, 
    3, 
    3, 
    3, 
    3, 
    3, 
    3, 
    3, 
    3, 
    0
   ]
  ], 
  "city_names": [
   "Cardiff", 
   "Newcastle", 
   "Plymouth", 
   "Norwich", 
   "Manchester", 
   "London", 
   "Leeds", 
   "Sheffield", 
   "Birmingham", 
   "Liverpool", 
   "Portsmouth"
  ], 
  "reward_matrix": [
   [
    0, 
    44455, 
    20684, 
    43918, 
    68638, 
    64503, 
    62087, 
    69479, 
    85625, 
    62427, 
    51114
   ], 
   [
    44455, 
    0, 
    100, 
    23333, 
    69390, 
    43918, 
    88578, 
    81186, 
    65040, 
    75601, 
    30529
   ], 
   [
    20684, 
    100, 
    0, 
    41806, 
    24282, 
    62391, 
    17731, 
    25123, 
    41269, 
    18071, 
    75780
   ], 
   [
    43918, 
    23333, 
    41806, 
    0, 
    47516, 
    85625, 
    40965, 
    48357, 
    64503, 
    41305, 
    72236
   ], 
   [
    68638, 
    69390, 
    24282, 
    47516, 
    0, 
    68101, 
    87021, 
    79628, 
    89223, 
    99999, 
    54712
   ], 
   [
    64503, 
    43918, 
    62391, 
    85625, 
    68101, 
    0, 
    61550, 
    68942, 
    85088, 
    61890, 
    92821
   ], 
   [
    62087, 
    88578, 
    17731, 
    40965, 
    87021, 
    61550, 
    0, 
    98817, 
    82671, 
    93232, 
    48161
   ], 
   [
    69479, 
    81186, 
    25123, 
    48357, 
    79628, 
    68942, 
    98817, 
    0, 
    90064, 
    85840, 
    55553
   ], 
   [
    85625, 
    65040, 
    41269, 
    64503, 
    89223, 
    85088, 
    82671, 
    90064, 
    0, 
    83012, 
    71699
   ], 
   [
    62427, 
    75601, 
    18071, 
    41305, 
    99999, 
    61890, 
    93232, 
    85840, 
    83012, 
    0, 
    48501
   ], 
   [
    51114, 
    30529, 
    75780, 
    72236, 
    54712, 
    92821, 
    48161, 
    55553, 
    71699, 
    48501, 
    0
   ]
  ], 
  "probability_matrix": [
   [
    0, 
    0.05787569688362176, 
    0.051714632664904295, 
    0.1433940960180108, 
    0.052601326093218895, 
    0.27149974415952516, 
    0.05657207854919186, 
    0.04355566276742234, 
    0.012911434611930787, 
    0.24064490087171822, 
    0.06923042738045579
   ], 
   [
    0.20592757529487815, 
    0, 
    0.04641241557949151, 
    0.14038398607025068, 
    0.08676866257903859, 
    0.019141517155375428, 
    0.18669890812232887, 
    0.016721693680332654, 
    0.1274455962367025, 
    0.02283711423981641, 
    0.14766253104178523
   ], 
   [
    0.15956441935238144, 
    0.052058213304038946, 
    0, 
    0.14326980616792442, 
    0.029646697817657577, 
    0.12503549000724432, 
    0.10696712244375815, 
    0.07668701287758178, 
    0.07701693103541855, 
    0.09613935250164007, 
    0.13361495449235467
   ], 
   [
    0.001106144044908834, 
    0.1464609906722766, 
    0.10204409405761336, 
    0, 
    0.14424242034936574, 
    0.10503258842918818, 
    0.006967154271592545, 
    0.11157278615498684, 
    0.1500231084281379, 
    0.09546015651891719, 
    0.1370905570730127
   ], 
   [
    0.21976958820331396, 
    0.05972142632585795, 
    0.02480079730285374, 
    0.020376585961431836, 
    0, 
    0.028220342001706318, 
    0.19598747195625843, 
    0.09233576389161215, 
    0.11544611521900831, 
    0.05245232623806722, 
    0.19088958289988991
   ], 
   [
    0.06685916540477864, 
    0.07576744461143532, 
    0.131847616842368, 
    0.14066908618627796, 
    0.11698851242743226, 
    0, 
    0.15219236126545901, 
    0.10693277133605135, 
    0.004957013888908481, 
    0.053925161642046554, 
    0.14986086639524235
   ], 
   [
    0.197308961691306, 
    0.18060975834788395, 
    0.0007321105404044608, 
    0.17603366173737583, 
    6.0015262791834464e-05, 
    0.082841531974234, 
    0, 
    0.09328421422704729, 
    0.2174242018375908, 
    0.04984770719870422, 
    0.0018578371826616768
   ], 
   [
    0.14659031775718778, 
    0.11573172539428887, 
    0.12663357059047448, 
    0.01588636684443677, 
    0.04929840783427464, 
    0.06727026800400177, 
    0.15653728633177003, 
    0, 
    0.07991291310187078, 
    0.0925079958947919, 
    0.14963114824690293
   ], 
   [
    0.024188381290479212, 
    0.22895442925850568, 
    0.00811096502953763, 
    0.024921804672458678, 
    0.026510508213603543, 
    0.04624963480527844, 
    0.12202097368164846, 
    0.2093852212125516, 
    0, 
    0.11119762252317315, 
    0.19846045931276354
   ], 
   [
    0.1503414081989605, 
    0.015599709579669703, 
    0.019326712389187744, 
    0.05526167082467803, 
    0.08159990317050154, 
    0.07758167457119129, 
    0.036045560047414625, 
    0.15164373083579874, 
    0.2500054513996586, 
    0, 
    0.16259417898293924
   ], 
   [
    0.16148309853028664, 
    0.13614387424376684, 
    0.026220248697899486, 
    0.15768478999601684, 
    0.05639324612890164, 
    0.07949754908881869, 
    0.07010421231470344, 
    0.04430316502511987, 
    0.14220690922130802, 
    0.12596290675317845, 
    0
   ]
  ]
 }, 
 "vehicle_capacities": [
  15, 
  15, 
  15, 
  30, 
  30, 
  30, 
  30, 
  30, 
  30, 
  30, 
  30
 ]
}