{
 "vehicle_cost_per_km": [
  5, 
  5, 
  5, 
  5, 
  5, 
  5, 
  5, 
  5, 
  5, 
  5, 
  5
 ], 
 "runs": [
  {
   "avg_task_cost_vs_number_of_task": [
    2403, 
    1201.5, 
    1208.6666666666665, 
    1551.75, 
    1241.4, 
    1096.8333333333333, 
    940.1428571428571, 
    822.625, 
    731.2222222222222, 
    730, 
    663.6363636363636, 
    625.75, 
    635.8461538461538, 
    521.4285714285714, 
    528.1333333333333, 
    541.1875, 
    577, 
    587.7222222222222, 
    616.7894736842105, 
    571.2250000000001, 
    614.3809523809524, 
    685.9090909090909, 
    612.0434782608696, 
    597.5833333333334, 
    566.04, 
    535.2692307692307, 
    580.5185185185185, 
    650, 
    580.5172413793103, 
    557.9833333333333
   ], 
   "number_of_vehicles": 3
  }
 ], 
 "vehicle_starting_positions": [
  "Newcastle", 
  "Cardiff", 
  "Plymouth", 
  "Norwich", 
  "Manchester", 
  "London", 
  "Leeds", 
  "Sheffield", 
  "Birmingham", 
  "Liverpool", 
  "Portsmouth"
 ], 
 "task_distribution": {
  "distance_matrix": [
   [
    0, 
    345, 
    477.8, 
    348, 
    209.9, 
    233, 
    246.5, 
    205.2, 
    115, 
    244.6, 
    307.8
   ], 
   [
    345, 
    0, 
    592.8, 
    463, 
    205.7, 
    348, 
    98.5, 
    139.8, 
    230, 
    171, 
    422.8
   ], 
   [
    477.8, 
    592.8, 
    0, 
    359.8, 
    457.7, 
    244.8, 
    494.3, 
    453, 
    362.8, 
    492.4, 
    170
   ], 
   [
    348, 
    463, 
    359.8, 
    0, 
    327.9, 
    115, 
    364.5, 
    323.2, 
    233, 
    362.6, 
    189.8
   ], 
   [
    209.9, 
    205.7, 
    457.7, 
    327.9, 
    0, 
    212.9, 
    107.2, 
    148.5, 
    94.9, 
    34.7, 
    287.7
   ], 
   [
    233, 
    348, 
    244.8, 
    115, 
    212.9, 
    0, 
    249.5, 
    208.2, 
    118, 
    247.6, 
    74.8
   ], 
   [
    246.5, 
    98.5, 
    494.3, 
    364.5, 
    107.2, 
    249.5, 
    0, 
    41.3, 
    131.5, 
    72.5, 
    324.3
   ], 
   [
    205.2, 
    139.8, 
    453, 
    323.2, 
    148.5, 
    208.2, 
    41.3, 
    0, 
    90.2, 
    113.8, 
    283
   ], 
   [
    115, 
    230, 
    362.8, 
    233, 
    94.9, 
    118, 
    131.5, 
    90.2, 
    0, 
    129.6, 
    192.8
   ], 
   [
    244.6, 
    171, 
    492.4, 
    362.6, 
    34.7, 
    247.6, 
    72.5, 
    113.8, 
    129.6, 
    0, 
    322.4
   ], 
   [
    307.8, 
    422.8, 
    170, 
    189.8, 
    287.7, 
    74.8, 
    324.3, 
    283, 
    192.8, 
    322.4, 
    0
   ]
  ], 
  "weight_matrix": [
   [
    0, 
    3, 
    3, 
    3, 
    3, 
    3, 
    3, 
    3, 
    3, 
    3, 
    3
   ], 
   [
    3, 
    0, 
    3, 
    3, 
    3, 
    3, 
    3, 
    3, 
    3, 
    3, 
    3
   ], 
   [
    3, 
    3, 
    0, 
    3, 
    3, 
    3, 
    3, 
    3, 
    3, 
    3, 
    3
   ], 
   [
    3, 
    3, 
    3, 
    0, 
    3, 
    3, 
    3, 
    3, 
    3, 
    3, 
    3
   ], 
   [
    3, 
    3, 
    3, 
    3, 
    0, 
    3, 
    3, 
    3, 
    3, 
    3, 
    3
   ], 
   [
    3, 
    3, 
    3, 
    3, 
    3, 
    0, 
    3, 
    3, 
    3, 
    3, 
    3
   ], 
   [
    3, 
    3, 
    3, 
    3, 
    3, 
    3, 
    0, 
    3, 
    3, 
    3, 
    3
   ], 
   [
    3, 
    3, 
    3, 
    3, 
    3, 
    3, 
    3, 
    0, 
    3, 
    3, 
    3
   ], 
   [
    3, 
    3, 
    3, 
    3, 
    3, 
    3, 
    3, 
    3, 
    0, 
    3, 
    3
   ], 
   [
    3, 
    3, 
    3, 
    3, 
    3, 
    3, 
    3, 
    3, 
    3, 
    0, 
    3
   ], 
   [
    3, 
    3, 
    3, 
    3, 
    3, 
    3, 
    3, 
    3, 
    3, 
    3, 
    0
   ]
  ], 
  "city_names": [
   "Cardiff", 
   "Newcastle", 
   "Plymouth", 
   "Norwich", 
   "Manchester", 
   "London", 
   "Leeds", 
   "Sheffield", 
   "Birmingham", 
   "Liverpool", 
   "Portsmouth"
  ], 
  "reward_matrix": [
   [
    0, 
    44455, 
    20684, 
    43918, 
    68638, 
    64503, 
    62087, 
    69479, 
    85625, 
    62427, 
    51114
   ], 
   [
    44455, 
    0, 
    100, 
    23333, 
    69390, 
    43918, 
    88578, 
    81186, 
    65040, 
    75601, 
    30529
   ], 
   [
    20684, 
    100, 
    0, 
    41806, 
    24282, 
    62391, 
    17731, 
    25123, 
    41269, 
    18071, 
    75780
   ], 
   [
    43918, 
    23333, 
    41806, 
    0, 
    47516, 
    85625, 
    40965, 
    48357, 
    64503, 
    41305, 
    72236
   ], 
   [
    68638, 
    69390, 
    24282, 
    47516, 
    0, 
    68101, 
    87021, 
    79628, 
    89223, 
    99999, 
    54712
   ], 
   [
    64503, 
    43918, 
    62391, 
    85625, 
    68101, 
    0, 
    61550, 
    68942, 
    85088, 
    61890, 
    92821
   ], 
   [
    62087, 
    88578, 
    17731, 
    40965, 
    87021, 
    61550, 
    0, 
    98817, 
    82671, 
    93232, 
    48161
   ], 
   [
    69479, 
    81186, 
    25123, 
    48357, 
    79628, 
    68942, 
    98817, 
    0, 
    90064, 
    85840, 
    55553
   ], 
   [
    85625, 
    65040, 
    41269, 
    64503, 
    89223, 
    85088, 
    82671, 
    90064, 
    0, 
    83012, 
    71699
   ], 
   [
    62427, 
    75601, 
    18071, 
    41305, 
    99999, 
    61890, 
    93232, 
    85840, 
    83012, 
    0, 
    48501
   ], 
   [
    51114, 
    30529, 
    75780, 
    72236, 
    54712, 
    92821, 
    48161, 
    55553, 
    71699, 
    48501, 
    0
   ]
  ], 
  "probability_matrix": [
   [
    0, 
    0.16523027867395082, 
    0.14784978912761793, 
    0.07912772304053875, 
    0.006389992216072296, 
    0.02212272059787224, 
    0.20897254891179629, 
    0.018949821112126085, 
    0.15601098442071648, 
    0.1899367796948438, 
    0.005409362204465423
   ], 
   [
    0.02534052974283305, 
    0, 
    0.13044785576923776, 
    0.17917130872582246, 
    0.2012668906419922, 
    0.17787978265610135, 
    0.14141072293357373, 
    0.004937627110698758, 
    0.007061640647321913, 
    0.026356645380141965, 
    0.10612699639227668
   ], 
   [
    0.15672844059751964, 
    0.15996036745385353, 
    0, 
    0.13373783467480369, 
    0.11676531209620064, 
    0.02352192170357176, 
    0.03854221316325259, 
    0.12218720192697724, 
    0.13488040035124044, 
    0.07443123633460651, 
    0.03924507169797387
   ], 
   [
    0.0005218263169299742, 
    0.10983241795425436, 
    0.07500468878110543, 
    0, 
    0.20819382490460683, 
    0.15944505970503922, 
    0.1308690034151783, 
    0.052599470908986264, 
    0.0691342921127793, 
    0.02356986237575913, 
    0.17082955352536122
   ], 
   [
    0.17746356344010328, 
    0.12862407023990796, 
    0.12334455487788053, 
    0.037423840377790465, 
    0, 
    0.11954323031087277, 
    0.06253422775401668, 
    0.15035836121437343, 
    0.043483008711075785, 
    0.07045677422133437, 
    0.08676836885264469
   ], 
   [
    0.08794192425274072, 
    0.11540279238247853, 
    0.061381858654894476, 
    0.09227796872236856, 
    0.1349874667384961, 
    0, 
    0.042556652126480125, 
    0.02899937359594518, 
    0.17977245395190736, 
    0.18163217476840024, 
    0.0750473348062889
   ], 
   [
    0.1762014512231021, 
    0.014149216261570514, 
    0.08972329851696677, 
    0.0032758674340235185, 
    0.09237756614810422, 
    0.09146331692935486, 
    0, 
    0.11073774311889534, 
    0.1462814269369749, 
    0.12384048589843082, 
    0.15194962753257704
   ], 
   [
    0.014179396619261155, 
    0.07695674555911397, 
    0.18224441019182627, 
    0.09869345332740376, 
    0.01459654916470126, 
    0.062254763469104774, 
    0.19025830383738335, 
    0, 
    0.20753917832846397, 
    0.11264467838634436, 
    0.04063252111639718
   ], 
   [
    0.03009030869384284, 
    0.15922580453049892, 
    0.036485047893891655, 
    0.0027460544998371573, 
    0.15467682324955537, 
    0.15703174005901077, 
    0.08650214363828722, 
    0.12871560008774116, 
    0, 
    0.11521658613330339, 
    0.12930989121403155
   ], 
   [
    0.10440570532588242, 
    0.004466902260370056, 
    0.15172988080085842, 
    0.009458184661226209, 
    0.0275587071741034, 
    0.052409027060313064, 
    0.2329913676550463, 
    0.18506757195608847, 
    0.007906611945145553, 
    0, 
    0.2240060411609663
   ], 
   [
    0.19537881177814456, 
    0.04539312290240657, 
    0.0912809596946908, 
    0.07719822294763799, 
    0.14107372726810058, 
    0.15334506295130174, 
    0.03203911476412993, 
    0.09747712381130992, 
    0.08778689203853589, 
    0.07902696184374197, 
    0
   ]
  ]
 }, 
 "vehicle_capacities": [
  15, 
  15, 
  15, 
  30, 
  30, 
  30, 
  30, 
  30, 
  30, 
  30, 
  30
 ]
}