{
 "vehicle_cost_per_km": [
  5, 
  10, 
  5, 
  5, 
  5, 
  5, 
  5, 
  5, 
  5, 
  5, 
  5
 ], 
 "runs": [
  {
   "avg_task_cost_vs_number_of_task": [
    3317, 
    2647.9999999999995, 
    2148.6666666666665, 
    1611.4999999999998, 
    1289.1999999999998, 
    1074.3333333333333, 
    920.8571428571428, 
    805.7499999999999, 
    816.8333333333334, 
    734.8, 
    745.7272727272727, 
    715.0833333333334, 
    706.7692307692307, 
    733.7857142857143, 
    737.8666666666664, 
    689.1875, 
    627.8823529411765, 
    689.2777777777778, 
    662.3157894736842, 
    737.375, 
    622.8095238095239, 
    629.4772727272727, 
    652.8260869565216, 
    642.5, 
    603.9, 
    576.3076923076923, 
    547.7037037037037, 
    576.4642857142857, 
    620.4310344827586, 
    597.1
   ], 
   "number_of_vehicles": 3
  }
 ], 
 "vehicle_starting_positions": [
  "Newcastle", 
  "Cardiff", 
  "Plymouth", 
  "Norwich", 
  "Manchester", 
  "London", 
  "Leeds", 
  "Sheffield", 
  "Birmingham", 
  "Liverpool", 
  "Portsmouth"
 ], 
 "task_distribution": {
  "distance_matrix": [
   [
    0, 
    345, 
    477.8, 
    348, 
    209.9, 
    233, 
    246.5, 
    205.2, 
    115, 
    244.6, 
    307.8
   ], 
   [
    345, 
    0, 
    592.8, 
    463, 
    205.7, 
    348, 
    98.5, 
    139.8, 
    230, 
    171, 
    422.8
   ], 
   [
    477.8, 
    592.8, 
    0, 
    359.8, 
    457.7, 
    244.8, 
    494.3, 
    453, 
    362.8, 
    492.4, 
    170
   ], 
   [
    348, 
    463, 
    359.8, 
    0, 
    327.9, 
    115, 
    364.5, 
    323.2, 
    233, 
    362.6, 
    189.8
   ], 
   [
    209.9, 
    205.7, 
    457.7, 
    327.9, 
    0, 
    212.9, 
    107.2, 
    148.5, 
    94.9, 
    34.7, 
    287.7
   ], 
   [
    233, 
    348, 
    244.8, 
    115, 
    212.9, 
    0, 
    249.5, 
    208.2, 
    118, 
    247.6, 
    74.8
   ], 
   [
    246.5, 
    98.5, 
    494.3, 
    364.5, 
    107.2, 
    249.5, 
    0, 
    41.3, 
    131.5, 
    72.5, 
    324.3
   ], 
   [
    205.2, 
    139.8, 
    453, 
    323.2, 
    148.5, 
    208.2, 
    41.3, 
    0, 
    90.2, 
    113.8, 
    283
   ], 
   [
    115, 
    230, 
    362.8, 
    233, 
    94.9, 
    118, 
    131.5, 
    90.2, 
    0, 
    129.6, 
    192.8
   ], 
   [
    244.6, 
    171, 
    492.4, 
    362.6, 
    34.7, 
    247.6, 
    72.5, 
    113.8, 
    129.6, 
    0, 
    322.4
   ], 
   [
    307.8, 
    422.8, 
    170, 
    189.8, 
    287.7, 
    74.8, 
    324.3, 
    283, 
    192.8, 
    322.4, 
    0
   ]
  ], 
  "weight_matrix": [
   [
    0, 
    3, 
    3, 
    3, 
    3, 
    3, 
    3, 
    3, 
    3, 
    3, 
    3
   ], 
   [
    3, 
    0, 
    3, 
    3, 
    3, 
    3, 
    3, 
    3, 
    3, 
    3, 
    3
   ], 
   [
    3, 
    3, 
    0, 
    3, 
    3, 
    3, 
    3, 
    3, 
    3, 
    3, 
    3
   ], 
   [
    3, 
    3, 
    3, 
    0, 
    3, 
    3, 
    3, 
    3, 
    3, 
    3, 
    3
   ], 
   [
    3, 
    3, 
    3, 
    3, 
    0, 
    3, 
    3, 
    3, 
    3, 
    3, 
    3
   ], 
   [
    3, 
    3, 
    3, 
    3, 
    3, 
    0, 
    3, 
    3, 
    3, 
    3, 
    3
   ], 
   [
    3, 
    3, 
    3, 
    3, 
    3, 
    3, 
    0, 
    3, 
    3, 
    3, 
    3
   ], 
   [
    3, 
    3, 
    3, 
    3, 
    3, 
    3, 
    3, 
    0, 
    3, 
    3, 
    3
   ], 
   [
    3, 
    3, 
    3, 
    3, 
    3, 
    3, 
    3, 
    3, 
    0, 
    3, 
    3
   ], 
   [
    3, 
    3, 
    3, 
    3, 
    3, 
    3, 
    3, 
    3, 
    3, 
    0, 
    3
   ], 
   [
    3, 
    3, 
    3, 
    3, 
    3, 
    3, 
    3, 
    3, 
    3, 
    3, 
    0
   ]
  ], 
  "city_names": [
   "Cardiff", 
   "Newcastle", 
   "Plymouth", 
   "Norwich", 
   "Manchester", 
   "London", 
   "Leeds", 
   "Sheffield", 
   "Birmingham", 
   "Liverpool", 
   "Portsmouth"
  ], 
  "reward_matrix": [
   [
    0, 
    44455, 
    20684, 
    43918, 
    68638, 
    64503, 
    62087, 
    69479, 
    85625, 
    62427, 
    51114
   ], 
   [
    44455, 
    0, 
    100, 
    23333, 
    69390, 
    43918, 
    88578, 
    81186, 
    65040, 
    75601, 
    30529
   ], 
   [
    20684, 
    100, 
    0, 
    41806, 
    24282, 
    62391, 
    17731, 
    25123, 
    41269, 
    18071, 
    75780
   ], 
   [
    43918, 
    23333, 
    41806, 
    0, 
    47516, 
    85625, 
    40965, 
    48357, 
    64503, 
    41305, 
    72236
   ], 
   [
    68638, 
    69390, 
    24282, 
    47516, 
    0, 
    68101, 
    87021, 
    79628, 
    89223, 
    99999, 
    54712
   ], 
   [
    64503, 
    43918, 
    62391, 
    85625, 
    68101, 
    0, 
    61550, 
    68942, 
    85088, 
    61890, 
    92821
   ], 
   [
    62087, 
    88578, 
    17731, 
    40965, 
    87021, 
    61550, 
    0, 
    98817, 
    82671, 
    93232, 
    48161
   ], 
   [
    69479, 
    81186, 
    25123, 
    48357, 
    79628, 
    68942, 
    98817, 
    0, 
    90064, 
    85840, 
    55553
   ], 
   [
    85625, 
    65040, 
    41269, 
    64503, 
    89223, 
    85088, 
    82671, 
    90064, 
    0, 
    83012, 
    71699
   ], 
   [
    62427, 
    75601, 
    18071, 
    41305, 
    99999, 
    61890, 
    93232, 
    85840, 
    83012, 
    0, 
    48501
   ], 
   [
    51114, 
    30529, 
    75780, 
    72236, 
    54712, 
    92821, 
    48161, 
    55553, 
    71699, 
    48501, 
    0
   ]
  ], 
  "probability_matrix": [
   [
    0, 
    0.05474414605005885, 
    0.04499370709329725, 
    0.07833701153294567, 
    0.14340805151398028, 
    0.16002386872752108, 
    0.13273363263307353, 
    0.1570916941549999, 
    0.1040400672729866, 
    0.07466484060425872, 
    0.04996298041687796
   ], 
   [
    0.11453032806837643, 
    0, 
    0.14618235954256673, 
    0.17316123485184864, 
    0.04441336200490117, 
    0.15591586544404823, 
    0.05867818293881218, 
    0.08396597847410552, 
    0.02024094425838922, 
    0.055184691350802, 
    0.14772705306614972
   ], 
   [
    0.030320546633720396, 
    0.03782538075997388, 
    0, 
    0.18470055260401957, 
    0.18320714353119144, 
    0.08190279280464172, 
    0.08078901482549414, 
    0.061258771308957176, 
    0.05100593748856026, 
    0.15109690359520683, 
    0.13789295644823454
   ], 
   [
    0.06504051603368732, 
    0.14448583643421856, 
    0.12652484945614625, 
    0, 
    0.1440294558828984, 
    0.12469072736065012, 
    0.06999480385758614, 
    0.13830891510018253, 
    0.10994455571840503, 
    0.05599363979062839, 
    0.02098670036559725
   ], 
   [
    0.04511297475901543, 
    0.1099761355204666, 
    0.15007282981324258, 
    0.003311448943781332, 
    0, 
    0.11367183960976263, 
    0.13548151473018435, 
    0.10527856951026998, 
    0.08020831933368784, 
    0.15674077916627244, 
    0.10014558861331675
   ], 
   [
    0.09214784085212875, 
    0.11798455547473147, 
    0.13580504725909578, 
    0.12265577406426036, 
    0.06081228525474231, 
    0, 
    0.013177958277482669, 
    0.07789813918822026, 
    0.16109080126596773, 
    0.10335759367521467, 
    0.11507000468815597
   ], 
   [
    0.13627278403861073, 
    0.023701791472131445, 
    0.17358147488693784, 
    0.06045426906491142, 
    0.2108942048876235, 
    0.06665393461973057, 
    0, 
    0.013015513716502933, 
    0.18688745148112676, 
    0.025556762126061464, 
    0.10298181370636338
   ], 
   [
    0.017148850047490845, 
    0.036774211840877535, 
    0.0035859469150584062, 
    0.02209404461921997, 
    0.17754152336538606, 
    0.061577788920332555, 
    0.19222206669913958, 
    0, 
    0.16989498968904831, 
    0.17164092529536715, 
    0.14751965260807962
   ], 
   [
    0.15471390544619287, 
    0.0701395965668948, 
    0.02165591969920877, 
    0.1723429469296639, 
    0.017161876154285185, 
    0.1153822893495653, 
    0.0753871116774942, 
    0.1390844854478124, 
    0, 
    0.09607353528095089, 
    0.13805833344793172
   ], 
   [
    0.12596626834516766, 
    0.16310292488446101, 
    0.15180956047492733, 
    0.0048127442764226815, 
    0.032713254169372825, 
    0.05376424655754627, 
    0.08750382767713825, 
    0.08015785249460287, 
    0.1746344390494205, 
    0, 
    0.12553488207094055
   ], 
   [
    0.0977333825310175, 
    0.05490296770632028, 
    0.05150407998780286, 
    0.0460151357019374, 
    0.09437734010736144, 
    0.17816960628676337, 
    0.14110036077085725, 
    0.14334247780011797, 
    0.1494573834172773, 
    0.04339726569054462, 
    0
   ]
  ]
 }, 
 "vehicle_capacities": [
  15, 
  15, 
  15, 
  30, 
  30, 
  30, 
  30, 
  30, 
  30, 
  30, 
  30
 ]
}