{
 "vehicle_cost_per_km": [
  5, 
  15, 
  10, 
  5, 
  5, 
  5, 
  5, 
  5, 
  5, 
  5, 
  5
 ], 
 "runs": [
  {
   "avg_task_cost_vs_number_of_task": [
    1725, 
    1632, 
    1088, 
    816, 
    730.6, 
    608.8333333333334, 
    793, 
    887.875, 
    978.1111111111111, 
    949.2, 
    832.3636363636364, 
    763, 
    858.4615384615385, 
    869.7857142857143, 
    814.5333333333333, 
    868.3749999999999, 
    868.3823529411764, 
    857.8333333333335, 
    869.7894736842105, 
    769.5000000000001, 
    925.5238095238095, 
    970.9772727272727, 
    904.6304347826085, 
    906.2916666666666, 
    975.2000000000002, 
    976.0192307692311, 
    908.3518518518518, 
    921.3214285714287, 
    1000.0000000000002, 
    1007.0000000000001
   ], 
   "number_of_vehicles": 3
  }
 ], 
 "vehicle_starting_positions": [
  "Newcastle", 
  "Cardiff", 
  "Plymouth", 
  "Norwich", 
  "Manchester", 
  "London", 
  "Leeds", 
  "Sheffield", 
  "Birmingham", 
  "Liverpool", 
  "Portsmouth"
 ], 
 "task_distribution": {
  "distance_matrix": [
   [
    0, 
    345, 
    477.8, 
    348, 
    209.9, 
    233, 
    246.5, 
    205.2, 
    115, 
    244.6, 
    307.8
   ], 
   [
    345, 
    0, 
    592.8, 
    463, 
    205.7, 
    348, 
    98.5, 
    139.8, 
    230, 
    171, 
    422.8
   ], 
   [
    477.8, 
    592.8, 
    0, 
    359.8, 
    457.7, 
    244.8, 
    494.3, 
    453, 
    362.8, 
    492.4, 
    170
   ], 
   [
    348, 
    463, 
    359.8, 
    0, 
    327.9, 
    115, 
    364.5, 
    323.2, 
    233, 
    362.6, 
    189.8
   ], 
   [
    209.9, 
    205.7, 
    457.7, 
    327.9, 
    0, 
    212.9, 
    107.2, 
    148.5, 
    94.9, 
    34.7, 
    287.7
   ], 
   [
    233, 
    348, 
    244.8, 
    115, 
    212.9, 
    0, 
    249.5, 
    208.2, 
    118, 
    247.6, 
    74.8
   ], 
   [
    246.5, 
    98.5, 
    494.3, 
    364.5, 
    107.2, 
    249.5, 
    0, 
    41.3, 
    131.5, 
    72.5, 
    324.3
   ], 
   [
    205.2, 
    139.8, 
    453, 
    323.2, 
    148.5, 
    208.2, 
    41.3, 
    0, 
    90.2, 
    113.8, 
    283
   ], 
   [
    115, 
    230, 
    362.8, 
    233, 
    94.9, 
    118, 
    131.5, 
    90.2, 
    0, 
    129.6, 
    192.8
   ], 
   [
    244.6, 
    171, 
    492.4, 
    362.6, 
    34.7, 
    247.6, 
    72.5, 
    113.8, 
    129.6, 
    0, 
    322.4
   ], 
   [
    307.8, 
    422.8, 
    170, 
    189.8, 
    287.7, 
    74.8, 
    324.3, 
    283, 
    192.8, 
    322.4, 
    0
   ]
  ], 
  "weight_matrix": [
   [
    0, 
    3, 
    3, 
    3, 
    3, 
    3, 
    3, 
    3, 
    3, 
    3, 
    3
   ], 
   [
    3, 
    0, 
    3, 
    3, 
    3, 
    3, 
    3, 
    3, 
    3, 
    3, 
    3
   ], 
   [
    3, 
    3, 
    0, 
    3, 
    3, 
    3, 
    3, 
    3, 
    3, 
    3, 
    3
   ], 
   [
    3, 
    3, 
    3, 
    0, 
    3, 
    3, 
    3, 
    3, 
    3, 
    3, 
    3
   ], 
   [
    3, 
    3, 
    3, 
    3, 
    0, 
    3, 
    3, 
    3, 
    3, 
    3, 
    3
   ], 
   [
    3, 
    3, 
    3, 
    3, 
    3, 
    0, 
    3, 
    3, 
    3, 
    3, 
    3
   ], 
   [
    3, 
    3, 
    3, 
    3, 
    3, 
    3, 
    0, 
    3, 
    3, 
    3, 
    3
   ], 
   [
    3, 
    3, 
    3, 
    3, 
    3, 
    3, 
    3, 
    0, 
    3, 
    3, 
    3
   ], 
   [
    3, 
    3, 
    3, 
    3, 
    3, 
    3, 
    3, 
    3, 
    0, 
    3, 
    3
   ], 
   [
    3, 
    3, 
    3, 
    3, 
    3, 
    3, 
    3, 
    3, 
    3, 
    0, 
    3
   ], 
   [
    3, 
    3, 
    3, 
    3, 
    3, 
    3, 
    3, 
    3, 
    3, 
    3, 
    0
   ]
  ], 
  "city_names": [
   "Cardiff", 
   "Newcastle", 
   "Plymouth", 
   "Norwich", 
   "Manchester", 
   "London", 
   "Leeds", 
   "Sheffield", 
   "Birmingham", 
   "Liverpool", 
   "Portsmouth"
  ], 
  "reward_matrix": [
   [
    0, 
    44455, 
    20684, 
    43918, 
    68638, 
    64503, 
    62087, 
    69479, 
    85625, 
    62427, 
    51114
   ], 
   [
    44455, 
    0, 
    100, 
    23333, 
    69390, 
    43918, 
    88578, 
    81186, 
    65040, 
    75601, 
    30529
   ], 
   [
    20684, 
    100, 
    0, 
    41806, 
    24282, 
    62391, 
    17731, 
    25123, 
    41269, 
    18071, 
    75780
   ], 
   [
    43918, 
    23333, 
    41806, 
    0, 
    47516, 
    85625, 
    40965, 
    48357, 
    64503, 
    41305, 
    72236
   ], 
   [
    68638, 
    69390, 
    24282, 
    47516, 
    0, 
    68101, 
    87021, 
    79628, 
    89223, 
    99999, 
    54712
   ], 
   [
    64503, 
    43918, 
    62391, 
    85625, 
    68101, 
    0, 
    61550, 
    68942, 
    85088, 
    61890, 
    92821
   ], 
   [
    62087, 
    88578, 
    17731, 
    40965, 
    87021, 
    61550, 
    0, 
    98817, 
    82671, 
    93232, 
    48161
   ], 
   [
    69479, 
    81186, 
    25123, 
    48357, 
    79628, 
    68942, 
    98817, 
    0, 
    90064, 
    85840, 
    55553
   ], 
   [
    85625, 
    65040, 
    41269, 
    64503, 
    89223, 
    85088, 
    82671, 
    90064, 
    0, 
    83012, 
    71699
   ], 
   [
    62427, 
    75601, 
    18071, 
    41305, 
    99999, 
    61890, 
    93232, 
    85840, 
    83012, 
    0, 
    48501
   ], 
   [
    51114, 
    30529, 
    75780, 
    72236, 
    54712, 
    92821, 
    48161, 
    55553, 
    71699, 
    48501, 
    0
   ]
  ], 
  "probability_matrix": [
   [
    0, 
    0.14003810911839637, 
    0.13871342441119572, 
    0.11993460393668061, 
    0.1268917836650084, 
    0.004166250651712896, 
    0.14303379473570496, 
    0.1204446679850211, 
    0.015228331985204917, 
    0.08271688123521956, 
    0.10883215227585552
   ], 
   [
    0.06890906543914595, 
    0, 
    0.08667280075509752, 
    0.12481439560242796, 
    0.0060636119930921745, 
    0.0721848075627541, 
    0.0925091167633019, 
    0.14715639593190463, 
    0.21235170661534858, 
    0.056196361863330234, 
    0.133141737473597
   ], 
   [
    0.06548651647287797, 
    0.09592787324622742, 
    0, 
    0.2062920501520965, 
    0.08623026356074814, 
    0.15817700362410161, 
    0.010157448239049663, 
    0.02187890702150755, 
    0.04603221410994151, 
    0.11983923875913259, 
    0.18997848481431706
   ], 
   [
    0.09494276858516412, 
    0.050465504813390225, 
    0.10735559048238535, 
    0, 
    0.016721001937797762, 
    0.03359696613621349, 
    0.19606265884026217, 
    0.001238030132137414, 
    0.1898776365059632, 
    0.1709316341540635, 
    0.13880820841262279
   ], 
   [
    0.025031895498605572, 
    0.11494567901156559, 
    0.13120704828894425, 
    0.13239917300613332, 
    0, 
    0.007700362843975416, 
    0.24534354829407287, 
    0.01517319097388385, 
    0.14177387075099435, 
    0.14671600426872297, 
    0.039709227063101926
   ], 
   [
    0.11602878160208281, 
    0.10172326199796339, 
    0.19603505345879316, 
    0.05394728980876597, 
    0.07518577057784595, 
    0, 
    0.10565304929522737, 
    0.10471092000461873, 
    0.03335668810687831, 
    0.12495359332973051, 
    0.08840559181809386
   ], 
   [
    0.050151633395772686, 
    0.09301355175872628, 
    0.08928335734470122, 
    0.027219241467178606, 
    0.15156966477093664, 
    0.13110474278493855, 
    0, 
    0.14849656793293434, 
    0.04454569577091967, 
    0.12388230471445147, 
    0.14073324005944043
   ], 
   [
    0.05677282822880977, 
    0.18568667900855718, 
    0.08992711006233249, 
    0.1327296435052251, 
    0.05938676707942722, 
    0.036310237346763904, 
    0.15167438442383344, 
    0, 
    0.15936606810980844, 
    0.01358930905668013, 
    0.11455697317856235
   ], 
   [
    0.18956910645241706, 
    0.15038838536194388, 
    0.0377272284760273, 
    0.0742255347553879, 
    0.16181575693559602, 
    0.12254403751602651, 
    0.04104512393809504, 
    0.0314841815021564, 
    0, 
    0.14147514698150465, 
    0.04972549808084503
   ], 
   [
    0.11332275951026616, 
    0.15148843417020197, 
    0.07533739275863162, 
    0.08018109729930085, 
    0.10636229043949212, 
    0.1008591668359487, 
    0.004251675797012183, 
    0.11840405601276112, 
    0.1417006875558667, 
    0, 
    0.10809243962051855
   ], 
   [
    0.05402389961196861, 
    0.1662314631892616, 
    0.18789781629875207, 
    0.04849371859511044, 
    0.18705149040219102, 
    0.0007074855226678798, 
    0.11658933719276961, 
    0.11586385975585058, 
    0.1194691158963051, 
    0.0036718135351231523, 
    0
   ]
  ]
 }, 
 "vehicle_capacities": [
  10, 
  10, 
  10, 
  30, 
  30, 
  30, 
  30, 
  30, 
  30, 
  30, 
  30
 ]
}