{
 "vehicle_cost_per_km": [
  5, 
  5, 
  5, 
  5, 
  5
 ], 
 "runs": [
  {
   "avg_task_cost_vs_number_of_task": [
    1150, 
    1489, 
    1113.5, 
    993.625, 
    983.5, 
    1011.25, 
    911.4285714285714, 
    890, 
    791.1111111111111, 
    747.3, 
    767.4090909090909, 
    704.8333333333334, 
    711.9230769230769, 
    635.5, 
    640.0666666666667, 
    667.3125, 
    658.8235294117648, 
    684.0555555555555, 
    606.6842105263158, 
    631.1, 
    542.6666666666666, 
    660.5909090909091, 
    609.0869565217391, 
    522.75, 
    545.44, 
    582.0384615384615, 
    574.8888888888889, 
    542.1785714285714, 
    587.2068965517242, 
    520.5666666666667
   ], 
   "number_of_vehicles": 3
  }
 ], 
 "vehicle_starting_positions": [
  "Newcastle", 
  "Cardiff", 
  "Plymouth", 
  "Norwich", 
  "Manchester", 
  "London", 
  "Leeds", 
  "Sheffield", 
  "Birmingham", 
  "Liverpool", 
  "Portsmouth"
 ], 
 "task_distribution": {
  "distance_matrix": [
   [
    0, 
    345, 
    477.8, 
    348, 
    209.9, 
    233, 
    246.5, 
    205.2, 
    115, 
    244.6, 
    307.8
   ], 
   [
    345, 
    0, 
    592.8, 
    463, 
    205.7, 
    348, 
    98.5, 
    139.8, 
    230, 
    171, 
    422.8
   ], 
   [
    477.8, 
    592.8, 
    0, 
    359.8, 
    457.7, 
    244.8, 
    494.3, 
    453, 
    362.8, 
    492.4, 
    170
   ], 
   [
    348, 
    463, 
    359.8, 
    0, 
    327.9, 
    115, 
    364.5, 
    323.2, 
    233, 
    362.6, 
    189.8
   ], 
   [
    209.9, 
    205.7, 
    457.7, 
    327.9, 
    0, 
    212.9, 
    107.2, 
    148.5, 
    94.9, 
    34.7, 
    287.7
   ], 
   [
    233, 
    348, 
    244.8, 
    115, 
    212.9, 
    0, 
    249.5, 
    208.2, 
    118, 
    247.6, 
    74.8
   ], 
   [
    246.5, 
    98.5, 
    494.3, 
    364.5, 
    107.2, 
    249.5, 
    0, 
    41.3, 
    131.5, 
    72.5, 
    324.3
   ], 
   [
    205.2, 
    139.8, 
    453, 
    323.2, 
    148.5, 
    208.2, 
    41.3, 
    0, 
    90.2, 
    113.8, 
    283
   ], 
   [
    115, 
    230, 
    362.8, 
    233, 
    94.9, 
    118, 
    131.5, 
    90.2, 
    0, 
    129.6, 
    192.8
   ], 
   [
    244.6, 
    171, 
    492.4, 
    362.6, 
    34.7, 
    247.6, 
    72.5, 
    113.8, 
    129.6, 
    0, 
    322.4
   ], 
   [
    307.8, 
    422.8, 
    170, 
    189.8, 
    287.7, 
    74.8, 
    324.3, 
    283, 
    192.8, 
    322.4, 
    0
   ]
  ], 
  "weight_matrix": [
   [
    0, 
    3, 
    3, 
    3, 
    3, 
    3, 
    3, 
    3, 
    3, 
    3, 
    3
   ], 
   [
    3, 
    0, 
    3, 
    3, 
    3, 
    3, 
    3, 
    3, 
    3, 
    3, 
    3
   ], 
   [
    3, 
    3, 
    0, 
    3, 
    3, 
    3, 
    3, 
    3, 
    3, 
    3, 
    3
   ], 
   [
    3, 
    3, 
    3, 
    0, 
    3, 
    3, 
    3, 
    3, 
    3, 
    3, 
    3
   ], 
   [
    3, 
    3, 
    3, 
    3, 
    0, 
    3, 
    3, 
    3, 
    3, 
    3, 
    3
   ], 
   [
    3, 
    3, 
    3, 
    3, 
    3, 
    0, 
    3, 
    3, 
    3, 
    3, 
    3
   ], 
   [
    3, 
    3, 
    3, 
    3, 
    3, 
    3, 
    0, 
    3, 
    3, 
    3, 
    3
   ], 
   [
    3, 
    3, 
    3, 
    3, 
    3, 
    3, 
    3, 
    0, 
    3, 
    3, 
    3
   ], 
   [
    3, 
    3, 
    3, 
    3, 
    3, 
    3, 
    3, 
    3, 
    0, 
    3, 
    3
   ], 
   [
    3, 
    3, 
    3, 
    3, 
    3, 
    3, 
    3, 
    3, 
    3, 
    0, 
    3
   ], 
   [
    3, 
    3, 
    3, 
    3, 
    3, 
    3, 
    3, 
    3, 
    3, 
    3, 
    0
   ]
  ], 
  "city_names": [
   "Cardiff", 
   "Newcastle", 
   "Plymouth", 
   "Norwich", 
   "Manchester", 
   "London", 
   "Leeds", 
   "Sheffield", 
   "Birmingham", 
   "Liverpool", 
   "Portsmouth"
  ], 
  "reward_matrix": [
   [
    0, 
    44455, 
    20684, 
    43918, 
    68638, 
    64503, 
    62087, 
    69479, 
    85625, 
    62427, 
    51114
   ], 
   [
    44455, 
    0, 
    100, 
    23333, 
    69390, 
    43918, 
    88578, 
    81186, 
    65040, 
    75601, 
    30529
   ], 
   [
    20684, 
    100, 
    0, 
    41806, 
    24282, 
    62391, 
    17731, 
    25123, 
    41269, 
    18071, 
    75780
   ], 
   [
    43918, 
    23333, 
    41806, 
    0, 
    47516, 
    85625, 
    40965, 
    48357, 
    64503, 
    41305, 
    72236
   ], 
   [
    68638, 
    69390, 
    24282, 
    47516, 
    0, 
    68101, 
    87021, 
    79628, 
    89223, 
    99999, 
    54712
   ], 
   [
    64503, 
    43918, 
    62391, 
    85625, 
    68101, 
    0, 
    61550, 
    68942, 
    85088, 
    61890, 
    92821
   ], 
   [
    62087, 
    88578, 
    17731, 
    40965, 
    87021, 
    61550, 
    0, 
    98817, 
    82671, 
    93232, 
    48161
   ], 
   [
    69479, 
    81186, 
    25123, 
    48357, 
    79628, 
    68942, 
    98817, 
    0, 
    90064, 
    85840, 
    55553
   ], 
   [
    85625, 
    65040, 
    41269, 
    64503, 
    89223, 
    85088, 
    82671, 
    90064, 
    0, 
    83012, 
    71699
   ], 
   [
    62427, 
    75601, 
    18071, 
    41305, 
    99999, 
    61890, 
    93232, 
    85840, 
    83012, 
    0, 
    48501
   ], 
   [
    51114, 
    30529, 
    75780, 
    72236, 
    54712, 
    92821, 
    48161, 
    55553, 
    71699, 
    48501, 
    0
   ]
  ], 
  "probability_matrix": [
   [
    0, 
    0.11583129402365089, 
    0.04589598246451877, 
    0.17218929143247055, 
    0.0366049090412936, 
    0.14557305132884246, 
    0.13534770416544298, 
    0.1248905326168089, 
    0.06041018072298752, 
    0.09368754876105205, 
    0.06956950544293224
   ], 
   [
    0.11142427859914726, 
    0, 
    0.1439657355682175, 
    0.09975582743411182, 
    0.03567920099174056, 
    0.1125007848986875, 
    0.05159299599484938, 
    0.1105575098358852, 
    0.05343311797638637, 
    0.14152338501438638, 
    0.13956716368658809
   ], 
   [
    0.1642079126576297, 
    0.11306965182629075, 
    0, 
    0.06904313378431916, 
    0.10095738097620964, 
    0.06207350844904964, 
    0.04299778020968134, 
    0.05725770929431458, 
    0.06481152655128758, 
    0.17200930826943503, 
    0.15357208798178257
   ], 
   [
    0.15112167795200895, 
    0.051435337915135576, 
    0.1293280564038277, 
    0, 
    0.027735477159650322, 
    0.14485913761301053, 
    0.10507407546048594, 
    0.06134265204554229, 
    0.13292280341823312, 
    0.05816394546202829, 
    0.13801683657007718
   ], 
   [
    0.17569153257047526, 
    0.09623966003201186, 
    0.03362423184977974, 
    0.17856021568372554, 
    0, 
    0.07361031465475447, 
    0.009522756083323178, 
    0.08041489521437993, 
    0.13853759451610906, 
    0.08062323028787605, 
    0.1331755691075651
   ], 
   [
    0.13288061844309765, 
    0.03511431142243632, 
    0.12941053012183895, 
    0.005119800475311815, 
    0.07832288837148824, 
    0, 
    0.13001441692346893, 
    0.11190181021057037, 
    0.18654433278156698, 
    0.1537372172374334, 
    0.03695407401278732
   ], 
   [
    0.10565608409921541, 
    0.1235182912092896, 
    0.012436946068121105, 
    0.12078543330669973, 
    0.03908535461335961, 
    0.07005239038872853, 
    0, 
    0.07690553027184142, 
    0.16790262680176235, 
    0.14375049695180322, 
    0.13990684628917913
   ], 
   [
    0.07291591341640219, 
    0.035642212970726096, 
    0.027050617821394646, 
    0.07832871562166352, 
    0.20500475973839863, 
    0.10256400182775546, 
    0.024326063545003405, 
    0, 
    0.08436216901963464, 
    0.18930110282205484, 
    0.18050444321696643
   ], 
   [
    0.08269534833211367, 
    0.13083876366708863, 
    0.05895446843507077, 
    0.09678842369861086, 
    0.06580959254034086, 
    0.01842948340590014, 
    0.15829941027485067, 
    0.15180035362228483, 
    0, 
    0.17089089044245692, 
    0.06549326558128261
   ], 
   [
    0.057580679589090925, 
    0.10224887058281157, 
    0.20138636738016738, 
    0.21366461680959195, 
    0.07429776245771481, 
    0.20934496759545027, 
    0.012324610829650182, 
    0.10597920330913263, 
    0.005208725541507825, 
    0, 
    0.017964195904882165
   ], 
   [
    0.008304056205052007, 
    0.1890708319686963, 
    0.07932664727336954, 
    0.10559526682544847, 
    0.15063124063427522, 
    0.12501595691330034, 
    0.03549477056431672, 
    0.11474848513267434, 
    0.0963165545503332, 
    0.09549618993253405, 
    0
   ]
  ]
 }, 
 "vehicle_capacities": [
  15, 
  15, 
  15, 
  30, 
  30, 
  30, 
  30, 
  30, 
  30, 
  30, 
  30
 ]
}