{
 "vehicle_cost_per_km": [
  5, 
  15, 
  10, 
  5, 
  5, 
  5, 
  5, 
  5, 
  5, 
  5, 
  5
 ], 
 "runs": [
  {
   "avg_task_cost_vs_number_of_task": [
    2057, 
    2290.5, 
    1910.3333333333333, 
    2152, 
    1856.7, 
    1554.5, 
    1774.2857142857142, 
    1598.9999999999998, 
    1652.6666666666665, 
    1847.2, 
    1679.2727272727277, 
    1684.3333333333333, 
    1739.6153846153843, 
    1909.642857142857, 
    1887.733333333333, 
    1863.3124999999998, 
    1841.0588235294115, 
    1822.5555555555557, 
    1831.5263157894738, 
    1819, 
    1827.5714285714287, 
    1790.8636363636363, 
    1862.4347826086953, 
    1804.708333333333, 
    1927.16, 
    1893.3076923076917, 
    1866.4814814814815, 
    1876.285714285714, 
    1807.1034482758619, 
    1865.9333333333338
   ], 
   "number_of_vehicles": 3
  }
 ], 
 "vehicle_starting_positions": [
  "Newcastle", 
  "Cardiff", 
  "Plymouth", 
  "Norwich", 
  "Manchester", 
  "London", 
  "Leeds", 
  "Sheffield", 
  "Birmingham", 
  "Liverpool", 
  "Portsmouth"
 ], 
 "task_distribution": {
  "distance_matrix": [
   [
    0, 
    345, 
    477.8, 
    348, 
    209.9, 
    233, 
    246.5, 
    205.2, 
    115, 
    244.6, 
    307.8
   ], 
   [
    345, 
    0, 
    592.8, 
    463, 
    205.7, 
    348, 
    98.5, 
    139.8, 
    230, 
    171, 
    422.8
   ], 
   [
    477.8, 
    592.8, 
    0, 
    359.8, 
    457.7, 
    244.8, 
    494.3, 
    453, 
    362.8, 
    492.4, 
    170
   ], 
   [
    348, 
    463, 
    359.8, 
    0, 
    327.9, 
    115, 
    364.5, 
    323.2, 
    233, 
    362.6, 
    189.8
   ], 
   [
    209.9, 
    205.7, 
    457.7, 
    327.9, 
    0, 
    212.9, 
    107.2, 
    148.5, 
    94.9, 
    34.7, 
    287.7
   ], 
   [
    233, 
    348, 
    244.8, 
    115, 
    212.9, 
    0, 
    249.5, 
    208.2, 
    118, 
    247.6, 
    74.8
   ], 
   [
    246.5, 
    98.5, 
    494.3, 
    364.5, 
    107.2, 
    249.5, 
    0, 
    41.3, 
    131.5, 
    72.5, 
    324.3
   ], 
   [
    205.2, 
    139.8, 
    453, 
    323.2, 
    148.5, 
    208.2, 
    41.3, 
    0, 
    90.2, 
    113.8, 
    283
   ], 
   [
    115, 
    230, 
    362.8, 
    233, 
    94.9, 
    118, 
    131.5, 
    90.2, 
    0, 
    129.6, 
    192.8
   ], 
   [
    244.6, 
    171, 
    492.4, 
    362.6, 
    34.7, 
    247.6, 
    72.5, 
    113.8, 
    129.6, 
    0, 
    322.4
   ], 
   [
    307.8, 
    422.8, 
    170, 
    189.8, 
    287.7, 
    74.8, 
    324.3, 
    283, 
    192.8, 
    322.4, 
    0
   ]
  ], 
  "weight_matrix": [
   [
    0, 
    3, 
    3, 
    3, 
    3, 
    3, 
    3, 
    3, 
    3, 
    3, 
    3
   ], 
   [
    3, 
    0, 
    3, 
    3, 
    3, 
    3, 
    3, 
    3, 
    3, 
    3, 
    3
   ], 
   [
    3, 
    3, 
    0, 
    3, 
    3, 
    3, 
    3, 
    3, 
    3, 
    3, 
    3
   ], 
   [
    3, 
    3, 
    3, 
    0, 
    3, 
    3, 
    3, 
    3, 
    3, 
    3, 
    3
   ], 
   [
    3, 
    3, 
    3, 
    3, 
    0, 
    3, 
    3, 
    3, 
    3, 
    3, 
    3
   ], 
   [
    3, 
    3, 
    3, 
    3, 
    3, 
    0, 
    3, 
    3, 
    3, 
    3, 
    3
   ], 
   [
    3, 
    3, 
    3, 
    3, 
    3, 
    3, 
    0, 
    3, 
    3, 
    3, 
    3
   ], 
   [
    3, 
    3, 
    3, 
    3, 
    3, 
    3, 
    3, 
    0, 
    3, 
    3, 
    3
   ], 
   [
    3, 
    3, 
    3, 
    3, 
    3, 
    3, 
    3, 
    3, 
    0, 
    3, 
    3
   ], 
   [
    3, 
    3, 
    3, 
    3, 
    3, 
    3, 
    3, 
    3, 
    3, 
    0, 
    3
   ], 
   [
    3, 
    3, 
    3, 
    3, 
    3, 
    3, 
    3, 
    3, 
    3, 
    3, 
    0
   ]
  ], 
  "city_names": [
   "Cardiff", 
   "Newcastle", 
   "Plymouth", 
   "Norwich", 
   "Manchester", 
   "London", 
   "Leeds", 
   "Sheffield", 
   "Birmingham", 
   "Liverpool", 
   "Portsmouth"
  ], 
  "reward_matrix": [
   [
    0, 
    44455, 
    20684, 
    43918, 
    68638, 
    64503, 
    62087, 
    69479, 
    85625, 
    62427, 
    51114
   ], 
   [
    44455, 
    0, 
    100, 
    23333, 
    69390, 
    43918, 
    88578, 
    81186, 
    65040, 
    75601, 
    30529
   ], 
   [
    20684, 
    100, 
    0, 
    41806, 
    24282, 
    62391, 
    17731, 
    25123, 
    41269, 
    18071, 
    75780
   ], 
   [
    43918, 
    23333, 
    41806, 
    0, 
    47516, 
    85625, 
    40965, 
    48357, 
    64503, 
    41305, 
    72236
   ], 
   [
    68638, 
    69390, 
    24282, 
    47516, 
    0, 
    68101, 
    87021, 
    79628, 
    89223, 
    99999, 
    54712
   ], 
   [
    64503, 
    43918, 
    62391, 
    85625, 
    68101, 
    0, 
    61550, 
    68942, 
    85088, 
    61890, 
    92821
   ], 
   [
    62087, 
    88578, 
    17731, 
    40965, 
    87021, 
    61550, 
    0, 
    98817, 
    82671, 
    93232, 
    48161
   ], 
   [
    69479, 
    81186, 
    25123, 
    48357, 
    79628, 
    68942, 
    98817, 
    0, 
    90064, 
    85840, 
    55553
   ], 
   [
    85625, 
    65040, 
    41269, 
    64503, 
    89223, 
    85088, 
    82671, 
    90064, 
    0, 
    83012, 
    71699
   ], 
   [
    62427, 
    75601, 
    18071, 
    41305, 
    99999, 
    61890, 
    93232, 
    85840, 
    83012, 
    0, 
    48501
   ], 
   [
    51114, 
    30529, 
    75780, 
    72236, 
    54712, 
    92821, 
    48161, 
    55553, 
    71699, 
    48501, 
    0
   ]
  ], 
  "probability_matrix": [
   [
    0, 
    0.14965706223136785, 
    0.04983283854402158, 
    0.1378394613531226, 
    0.17536773588507468, 
    0.08202670506127212, 
    0.013495990259697516, 
    0.14619530295422167, 
    0.07614882372557297, 
    0.09882194843159961, 
    0.07061413155404955
   ], 
   [
    0.1843064484949738, 
    0, 
    0.09300419096696927, 
    0.1828040248862869, 
    0.036440477431449944, 
    0.013819236228596212, 
    0.14174935660153853, 
    0.07171347779317455, 
    0.19500625404278826, 
    0.024829317447999866, 
    0.05632721610622269
   ], 
   [
    0.1662114244112741, 
    0.14099611004871762, 
    0, 
    0.08041324007775572, 
    0.10432646109750206, 
    0.06499904683550688, 
    0.06764391385467254, 
    0.09115707908844291, 
    0.11561189500399888, 
    0.14331583782068927, 
    0.02532499176144019
   ], 
   [
    0.12687837058618553, 
    0.14313482321230545, 
    0.0731674465220983, 
    0, 
    0.10916186277346547, 
    0.09684848631282274, 
    0.11078483098180855, 
    0.0077334927635338115, 
    0.10935948433310923, 
    0.15891885592284596, 
    0.06401234659182495
   ], 
   [
    0.06215699664068716, 
    0.19116082784074562, 
    0.029541877537217976, 
    0.3362295703807377, 
    0, 
    0.00015027994308273204, 
    0.06532493149567836, 
    0.011664022453513353, 
    0.07649316518052202, 
    0.13046713266320867, 
    0.09681119586460617
   ], 
   [
    0.15437242106557011, 
    0.12631933740846285, 
    0.005731691732380174, 
    0.058816189608874955, 
    0.12474595660845059, 
    0, 
    0.15910544239930965, 
    0.05579933207564444, 
    0.14329848202294473, 
    0.10776947530786007, 
    0.06404167177050235
   ], 
   [
    0.06625537863965442, 
    0.061862795199478335, 
    0.14776068690448718, 
    0.17097725580438314, 
    0.12485526005282466, 
    0.1299580958866632, 
    0, 
    0.020535578346061494, 
    0.11133937600192466, 
    0.11997211075277917, 
    0.046483462411743795
   ], 
   [
    0.13717988997800812, 
    0.14570708446382988, 
    0.016254463557413373, 
    0.049876118819507445, 
    0.19865391295451917, 
    0.09948411907662698, 
    0.0021041883135885903, 
    0, 
    0.18130587968303727, 
    0.03140489435442747, 
    0.1380294487990418
   ], 
   [
    0.15589659329618027, 
    0.15577862051687438, 
    0.08114249147798129, 
    0.10347500607458292, 
    0.1555186296232983, 
    0.06235817547522113, 
    0.10315438592695092, 
    0.02183656695824157, 
    0, 
    0.10012576530655735, 
    0.06071376534411197
   ], 
   [
    0.11923055334396383, 
    0.020876637820282047, 
    0.12375606459653919, 
    0.10864735310026188, 
    0.020490870437749244, 
    0.15017862607675478, 
    0.1646006791729615, 
    0.09743083254487821, 
    0.06009093484170279, 
    0, 
    0.13469744806490647
   ], 
   [
    0.09225797238869204, 
    0.15015992479160312, 
    0.0901770554738341, 
    0.13159748178939573, 
    0.08484878446850054, 
    0.13971563872486933, 
    0.1053529425662179, 
    0.08796877946788768, 
    0.0674294758733014, 
    0.05049194445569809, 
    0
   ]
  ]
 }, 
 "vehicle_capacities": [
  5, 
  5, 
  5, 
  30, 
  30, 
  30, 
  30, 
  30, 
  30, 
  30, 
  30
 ]
}