{
 "vehicle_cost_per_km": [
  5, 
  5, 
  5, 
  5, 
  5
 ], 
 "runs": [
  {
   "avg_task_cost_vs_number_of_task": [
    1223, 
    1985.5, 
    1323.6666666666667, 
    996.25, 
    797, 
    805.8333333333334, 
    939.2857142857143, 
    1241, 
    1462.2222222222222, 
    1430.9999999999998, 
    1370.5454545454543, 
    1512.833333333333, 
    1453.9999999999998, 
    1432.285714285714, 
    1384.733333333333, 
    1298.1874999999998, 
    1274.8823529411766, 
    1234.1666666666663, 
    1169.2105263157894, 
    1110.7499999999998, 
    1155.8095238095236, 
    1311.3181818181815, 
    1331.5217391304345, 
    1427.208333333333, 
    1416.1199999999994, 
    1418.7692307692303, 
    1366.2222222222217, 
    1352.6071428571427, 
    1305.965517241379, 
    1273.9999999999998
   ], 
   "number_of_vehicles": 3
  }
 ], 
 "vehicle_starting_positions": [
  "Newcastle", 
  "Cardiff", 
  "Plymouth", 
  "Norwich", 
  "Manchester", 
  "London", 
  "Leeds", 
  "Sheffield", 
  "Birmingham", 
  "Liverpool", 
  "Portsmouth"
 ], 
 "task_distribution": {
  "distance_matrix": [
   [
    0, 
    345, 
    477.8, 
    348, 
    209.9, 
    233, 
    246.5, 
    205.2, 
    115, 
    244.6, 
    307.8
   ], 
   [
    345, 
    0, 
    592.8, 
    463, 
    205.7, 
    348, 
    98.5, 
    139.8, 
    230, 
    171, 
    422.8
   ], 
   [
    477.8, 
    592.8, 
    0, 
    359.8, 
    457.7, 
    244.8, 
    494.3, 
    453, 
    362.8, 
    492.4, 
    170
   ], 
   [
    348, 
    463, 
    359.8, 
    0, 
    327.9, 
    115, 
    364.5, 
    323.2, 
    233, 
    362.6, 
    189.8
   ], 
   [
    209.9, 
    205.7, 
    457.7, 
    327.9, 
    0, 
    212.9, 
    107.2, 
    148.5, 
    94.9, 
    34.7, 
    287.7
   ], 
   [
    233, 
    348, 
    244.8, 
    115, 
    212.9, 
    0, 
    249.5, 
    208.2, 
    118, 
    247.6, 
    74.8
   ], 
   [
    246.5, 
    98.5, 
    494.3, 
    364.5, 
    107.2, 
    249.5, 
    0, 
    41.3, 
    131.5, 
    72.5, 
    324.3
   ], 
   [
    205.2, 
    139.8, 
    453, 
    323.2, 
    148.5, 
    208.2, 
    41.3, 
    0, 
    90.2, 
    113.8, 
    283
   ], 
   [
    115, 
    230, 
    362.8, 
    233, 
    94.9, 
    118, 
    131.5, 
    90.2, 
    0, 
    129.6, 
    192.8
   ], 
   [
    244.6, 
    171, 
    492.4, 
    362.6, 
    34.7, 
    247.6, 
    72.5, 
    113.8, 
    129.6, 
    0, 
    322.4
   ], 
   [
    307.8, 
    422.8, 
    170, 
    189.8, 
    287.7, 
    74.8, 
    324.3, 
    283, 
    192.8, 
    322.4, 
    0
   ]
  ], 
  "weight_matrix": [
   [
    0, 
    3, 
    3, 
    3, 
    3, 
    3, 
    3, 
    3, 
    3, 
    3, 
    3
   ], 
   [
    3, 
    0, 
    3, 
    3, 
    3, 
    3, 
    3, 
    3, 
    3, 
    3, 
    3
   ], 
   [
    3, 
    3, 
    0, 
    3, 
    3, 
    3, 
    3, 
    3, 
    3, 
    3, 
    3
   ], 
   [
    3, 
    3, 
    3, 
    0, 
    3, 
    3, 
    3, 
    3, 
    3, 
    3, 
    3
   ], 
   [
    3, 
    3, 
    3, 
    3, 
    0, 
    3, 
    3, 
    3, 
    3, 
    3, 
    3
   ], 
   [
    3, 
    3, 
    3, 
    3, 
    3, 
    0, 
    3, 
    3, 
    3, 
    3, 
    3
   ], 
   [
    3, 
    3, 
    3, 
    3, 
    3, 
    3, 
    0, 
    3, 
    3, 
    3, 
    3
   ], 
   [
    3, 
    3, 
    3, 
    3, 
    3, 
    3, 
    3, 
    0, 
    3, 
    3, 
    3
   ], 
   [
    3, 
    3, 
    3, 
    3, 
    3, 
    3, 
    3, 
    3, 
    0, 
    3, 
    3
   ], 
   [
    3, 
    3, 
    3, 
    3, 
    3, 
    3, 
    3, 
    3, 
    3, 
    0, 
    3
   ], 
   [
    3, 
    3, 
    3, 
    3, 
    3, 
    3, 
    3, 
    3, 
    3, 
    3, 
    0
   ]
  ], 
  "city_names": [
   "Cardiff", 
   "Newcastle", 
   "Plymouth", 
   "Norwich", 
   "Manchester", 
   "London", 
   "Leeds", 
   "Sheffield", 
   "Birmingham", 
   "Liverpool", 
   "Portsmouth"
  ], 
  "reward_matrix": [
   [
    0, 
    44455, 
    20684, 
    43918, 
    68638, 
    64503, 
    62087, 
    69479, 
    85625, 
    62427, 
    51114
   ], 
   [
    44455, 
    0, 
    100, 
    23333, 
    69390, 
    43918, 
    88578, 
    81186, 
    65040, 
    75601, 
    30529
   ], 
   [
    20684, 
    100, 
    0, 
    41806, 
    24282, 
    62391, 
    17731, 
    25123, 
    41269, 
    18071, 
    75780
   ], 
   [
    43918, 
    23333, 
    41806, 
    0, 
    47516, 
    85625, 
    40965, 
    48357, 
    64503, 
    41305, 
    72236
   ], 
   [
    68638, 
    69390, 
    24282, 
    47516, 
    0, 
    68101, 
    87021, 
    79628, 
    89223, 
    99999, 
    54712
   ], 
   [
    64503, 
    43918, 
    62391, 
    85625, 
    68101, 
    0, 
    61550, 
    68942, 
    85088, 
    61890, 
    92821
   ], 
   [
    62087, 
    88578, 
    17731, 
    40965, 
    87021, 
    61550, 
    0, 
    98817, 
    82671, 
    93232, 
    48161
   ], 
   [
    69479, 
    81186, 
    25123, 
    48357, 
    79628, 
    68942, 
    98817, 
    0, 
    90064, 
    85840, 
    55553
   ], 
   [
    85625, 
    65040, 
    41269, 
    64503, 
    89223, 
    85088, 
    82671, 
    90064, 
    0, 
    83012, 
    71699
   ], 
   [
    62427, 
    75601, 
    18071, 
    41305, 
    99999, 
    61890, 
    93232, 
    85840, 
    83012, 
    0, 
    48501
   ], 
   [
    51114, 
    30529, 
    75780, 
    72236, 
    54712, 
    92821, 
    48161, 
    55553, 
    71699, 
    48501, 
    0
   ]
  ], 
  "probability_matrix": [
   [
    0, 
    0.028098462465301056, 
    0.048207060177291094, 
    0.07084278934748656, 
    0.06422099815774111, 
    0.18543250261822247, 
    0.060578501251606104, 
    0.1274283764540103, 
    0.07370950393938187, 
    0.21888571928855874, 
    0.1225960863004007
   ], 
   [
    0.12718398532781117, 
    0, 
    0.04430971788715611, 
    0.0019787796906721965, 
    0.16558503009832307, 
    0.16917784310931577, 
    0.10060341436831617, 
    0.14255694627347795, 
    0.009396528727540149, 
    0.04694004074652614, 
    0.19226771377086124
   ], 
   [
    0.05883621537458028, 
    0.07641492301594217, 
    0, 
    0.18858296303141797, 
    0.12369124776600261, 
    0.18114194212405238, 
    0.02593451109360232, 
    0.04117067947277354, 
    0.1523942254330469, 
    0.021006712400454073, 
    0.1308265802881277
   ], 
   [
    0.13266930930295667, 
    0.10774047614392042, 
    0.11328295464298756, 
    0, 
    0.045510690281788606, 
    0.054754822953247746, 
    0.11126000922177244, 
    0.1788948038276808, 
    0.16147565695280677, 
    0.05706270546390421, 
    0.0373485712089348
   ], 
   [
    0.10851277268131461, 
    0.02029335343045569, 
    0.11117188709806354, 
    0.1313125247258983, 
    0, 
    0.11065213699120902, 
    0.07520429902784011, 
    0.15583264917932793, 
    0.1720225346691485, 
    0.02613322749843966, 
    0.0888646146983029
   ], 
   [
    0.14658315888702603, 
    0.0762288173044825, 
    0.11614730633849582, 
    0.14337485822110502, 
    0.12355020317858985, 
    0, 
    0.15819247334757994, 
    0.04055075943209552, 
    0.05899298298807927, 
    0.020066161186578932, 
    0.11631327911596687
   ], 
   [
    0.02367726676228955, 
    0.049023674895908025, 
    0.16837392420724306, 
    0.03700431034194907, 
    0.22555692512438522, 
    0.08904962321210161, 
    0, 
    0.12920081171074208, 
    0.006799599735015315, 
    0.04680260605183175, 
    0.2245112579585344
   ], 
   [
    0.0536707622590541, 
    0.11134940171536714, 
    0.06397304799344773, 
    0.16497261542569788, 
    0.17524557549962522, 
    0.15793465665727455, 
    0.09846851027437263, 
    0, 
    0.0061329177611801795, 
    0.0033715471617617614, 
    0.1648809652522187
   ], 
   [
    0.08864088611452016, 
    0.16700592867698238, 
    0.026766877997243418, 
    0.17088810936338217, 
    0.01778095048318727, 
    0.15363671902648954, 
    0.04060446820773434, 
    0.1679270199356868, 
    0, 
    0.13044248201892464, 
    0.03630655817584918
   ], 
   [
    0.021502092412444475, 
    0.06408857809999301, 
    0.17039386750714558, 
    0.1369509049588056, 
    0.18314211355349114, 
    0.004696942697486047, 
    0.07745947883980049, 
    0.18187209716986896, 
    0.015403334489349297, 
    0, 
    0.1444905902716155
   ], 
   [
    0.14425912084930023, 
    0.16362640108276155, 
    0.11195099171100668, 
    0.11722386173550477, 
    0.0010075820250247814, 
    0.10110480821841791, 
    0.04812469261634549, 
    0.11591265028169287, 
    0.07307033514550476, 
    0.12371955633444107, 
    0
   ]
  ]
 }, 
 "vehicle_capacities": [
  5, 
  5, 
  5, 
  30, 
  30, 
  30, 
  30, 
  30, 
  30, 
  30, 
  30
 ]
}