{
 "vehicle_cost_per_km": [
  5, 
  5, 
  5, 
  5, 
  5
 ], 
 "runs": [
  {
   "avg_task_cost_vs_number_of_task": [
    2114, 
    2106.5, 
    2108.9999999999995, 
    1670, 
    1546.1999999999998, 
    1396.6666666666667, 
    1197.1428571428569, 
    1191.2499999999998, 
    1058.8888888888887, 
    952.9999999999998, 
    950.5454545454545, 
    888.2499999999999, 
    813.9230769230769, 
    746.8571428571429, 
    753.3333333333334, 
    683, 
    617.470588235294, 
    627.5277777777778, 
    601.3157894736842, 
    602.4000000000001, 
    544.9523809523808, 
    602.8181818181818, 
    565.0869565217392, 
    524.4166666666667, 
    517.64, 
    591.3846153846155, 
    576.2962962962963, 
    581.7857142857143, 
    520.896551724138, 
    439.6333333333333
   ], 
   "number_of_vehicles": 2
  }, 
  {
   "avg_task_cost_vs_number_of_task": [
    2114, 
    1901.4999999999998, 
    1972.3333333333333, 
    1567.5, 
    1434.2, 
    1328.3333333333333, 
    1145.8571428571427, 
    1191.2499999999998, 
    1058.8888888888887, 
    952.9999999999998, 
    931.7272727272725, 
    874.7499999999999, 
    797.9230769230769, 
    761.3571428571428, 
    683.2666666666665, 
    640.5624999999999, 
    617.470588235294, 
    606.1111111111111, 
    579.4210526315788, 
    539.3, 
    580.0952380952381, 
    595.3181818181819, 
    463.5652173913044, 
    441.5, 
    467.64, 
    563.5769230769231, 
    560.0000000000001, 
    445.57142857142856, 
    486.793103448276, 
    469.0333333333334
   ], 
   "number_of_vehicles": 3
  }, 
  {
   "avg_task_cost_vs_number_of_task": [
    1828, 
    1784, 
    1894, 
    1508.75, 
    1377, 
    1289.1666666666667, 
    1145.8571428571427, 
    1216.375, 
    1058.8888888888887, 
    952.9999999999998, 
    957, 
    864.4166666666666, 
    797.9230769230769, 
    755.7857142857143, 
    731.3333333333334, 
    661.3125, 
    602.8823529411764, 
    592.3333333333334, 
    539.421052631579, 
    612.95, 
    624.2380952380952, 
    628.3636363636364, 
    547.2173913043479, 
    555.7916666666666, 
    478.24, 
    540.8846153846155, 
    467.1481481481482, 
    439.9285714285715, 
    495.58620689655174, 
    516.9333333333333
   ], 
   "number_of_vehicles": 4
  }, 
  {
   "avg_task_cost_vs_number_of_task": [
    1828, 
    1784, 
    1894, 
    1459.5, 
    1337.6, 
    1289.1666666666667, 
    1145.8571428571427, 
    1220.125, 
    1084.5555555555557, 
    952.9999999999998, 
    943, 
    945.25, 
    809.4615384615385, 
    740.9285714285712, 
    691.5333333333331, 
    696.375, 
    610.1764705882352, 
    627.7777777777778, 
    572.0526315789474, 
    618.9, 
    537.5714285714284, 
    610, 
    470.60869565217394, 
    494.2083333333334, 
    473.28, 
    529.5, 
    474.8888888888888, 
    545.8214285714287, 
    503.7586206896552, 
    467.86666666666673
   ], 
   "number_of_vehicles": 5
  }
 ], 
 "vehicle_starting_positions": [
  "Portsmouth", 
  "Newcastle", 
  "Cardiff", 
  "Sheffield", 
  "Liverpool", 
  "Norwich", 
  "Leeds", 
  "Birmingham", 
  "Plymouth", 
  "London", 
  "Manchester"
 ], 
 "task_distribution": {
  "distance_matrix": [
   [
    0, 
    345, 
    477.8, 
    348, 
    209.9, 
    233, 
    246.5, 
    205.2, 
    115, 
    244.6, 
    307.8
   ], 
   [
    345, 
    0, 
    592.8, 
    463, 
    205.7, 
    348, 
    98.5, 
    139.8, 
    230, 
    171, 
    422.8
   ], 
   [
    477.8, 
    592.8, 
    0, 
    359.8, 
    457.7, 
    244.8, 
    494.3, 
    453, 
    362.8, 
    492.4, 
    170
   ], 
   [
    348, 
    463, 
    359.8, 
    0, 
    327.9, 
    115, 
    364.5, 
    323.2, 
    233, 
    362.6, 
    189.8
   ], 
   [
    209.9, 
    205.7, 
    457.7, 
    327.9, 
    0, 
    212.9, 
    107.2, 
    148.5, 
    94.9, 
    34.7, 
    287.7
   ], 
   [
    233, 
    348, 
    244.8, 
    115, 
    212.9, 
    0, 
    249.5, 
    208.2, 
    118, 
    247.6, 
    74.8
   ], 
   [
    246.5, 
    98.5, 
    494.3, 
    364.5, 
    107.2, 
    249.5, 
    0, 
    41.3, 
    131.5, 
    72.5, 
    324.3
   ], 
   [
    205.2, 
    139.8, 
    453, 
    323.2, 
    148.5, 
    208.2, 
    41.3, 
    0, 
    90.2, 
    113.8, 
    283
   ], 
   [
    115, 
    230, 
    362.8, 
    233, 
    94.9, 
    118, 
    131.5, 
    90.2, 
    0, 
    129.6, 
    192.8
   ], 
   [
    244.6, 
    171, 
    492.4, 
    362.6, 
    34.7, 
    247.6, 
    72.5, 
    113.8, 
    129.6, 
    0, 
    322.4
   ], 
   [
    307.8, 
    422.8, 
    170, 
    189.8, 
    287.7, 
    74.8, 
    324.3, 
    283, 
    192.8, 
    322.4, 
    0
   ]
  ], 
  "weight_matrix": [
   [
    0, 
    3, 
    3, 
    3, 
    3, 
    3, 
    3, 
    3, 
    3, 
    3, 
    3
   ], 
   [
    3, 
    0, 
    3, 
    3, 
    3, 
    3, 
    3, 
    3, 
    3, 
    3, 
    3
   ], 
   [
    3, 
    3, 
    0, 
    3, 
    3, 
    3, 
    3, 
    3, 
    3, 
    3, 
    3
   ], 
   [
    3, 
    3, 
    3, 
    0, 
    3, 
    3, 
    3, 
    3, 
    3, 
    3, 
    3
   ], 
   [
    3, 
    3, 
    3, 
    3, 
    0, 
    3, 
    3, 
    3, 
    3, 
    3, 
    3
   ], 
   [
    3, 
    3, 
    3, 
    3, 
    3, 
    0, 
    3, 
    3, 
    3, 
    3, 
    3
   ], 
   [
    3, 
    3, 
    3, 
    3, 
    3, 
    3, 
    0, 
    3, 
    3, 
    3, 
    3
   ], 
   [
    3, 
    3, 
    3, 
    3, 
    3, 
    3, 
    3, 
    0, 
    3, 
    3, 
    3
   ], 
   [
    3, 
    3, 
    3, 
    3, 
    3, 
    3, 
    3, 
    3, 
    0, 
    3, 
    3
   ], 
   [
    3, 
    3, 
    3, 
    3, 
    3, 
    3, 
    3, 
    3, 
    3, 
    0, 
    3
   ], 
   [
    3, 
    3, 
    3, 
    3, 
    3, 
    3, 
    3, 
    3, 
    3, 
    3, 
    0
   ]
  ], 
  "city_names": [
   "Cardiff", 
   "Newcastle", 
   "Plymouth", 
   "Norwich", 
   "Manchester", 
   "London", 
   "Leeds", 
   "Sheffield", 
   "Birmingham", 
   "Liverpool", 
   "Portsmouth"
  ], 
  "reward_matrix": [
   [
    0, 
    44455, 
    20684, 
    43918, 
    68638, 
    64503, 
    62087, 
    69479, 
    85625, 
    62427, 
    51114
   ], 
   [
    44455, 
    0, 
    100, 
    23333, 
    69390, 
    43918, 
    88578, 
    81186, 
    65040, 
    75601, 
    30529
   ], 
   [
    20684, 
    100, 
    0, 
    41806, 
    24282, 
    62391, 
    17731, 
    25123, 
    41269, 
    18071, 
    75780
   ], 
   [
    43918, 
    23333, 
    41806, 
    0, 
    47516, 
    85625, 
    40965, 
    48357, 
    64503, 
    41305, 
    72236
   ], 
   [
    68638, 
    69390, 
    24282, 
    47516, 
    0, 
    68101, 
    87021, 
    79628, 
    89223, 
    99999, 
    54712
   ], 
   [
    64503, 
    43918, 
    62391, 
    85625, 
    68101, 
    0, 
    61550, 
    68942, 
    85088, 
    61890, 
    92821
   ], 
   [
    62087, 
    88578, 
    17731, 
    40965, 
    87021, 
    61550, 
    0, 
    98817, 
    82671, 
    93232, 
    48161
   ], 
   [
    69479, 
    81186, 
    25123, 
    48357, 
    79628, 
    68942, 
    98817, 
    0, 
    90064, 
    85840, 
    55553
   ], 
   [
    85625, 
    65040, 
    41269, 
    64503, 
    89223, 
    85088, 
    82671, 
    90064, 
    0, 
    83012, 
    71699
   ], 
   [
    62427, 
    75601, 
    18071, 
    41305, 
    99999, 
    61890, 
    93232, 
    85840, 
    83012, 
    0, 
    48501
   ], 
   [
    51114, 
    30529, 
    75780, 
    72236, 
    54712, 
    92821, 
    48161, 
    55553, 
    71699, 
    48501, 
    0
   ]
  ], 
  "probability_matrix": [
   [
    0, 
    0.005261332173555643, 
    0.07194059536295759, 
    0.20665453271857384, 
    0.11384497056555262, 
    0.09194580620500412, 
    0.2117429154149082, 
    0.07536311486991956, 
    0.04469851987632054, 
    0.07328727377638575, 
    0.10526093903682215
   ], 
   [
    0.13084688400323077, 
    0, 
    0.08799603114201508, 
    0.15479608949061213, 
    0.002788727934786492, 
    0.1629821930506056, 
    0.06224478257769624, 
    0.058550632239564866, 
    0.131366522279419, 
    0.14581836332395026, 
    0.06260977395811967
   ], 
   [
    0.012362332950065875, 
    0.1892618288094133, 
    0, 
    0.05303927860295187, 
    0.06779150229970059, 
    0.10798643978657468, 
    0.13054401592727977, 
    0.015607596651863537, 
    0.14550890092455954, 
    0.11934055728867968, 
    0.1585575467589113
   ], 
   [
    0.15442856211211992, 
    0.09187362560270385, 
    0.08823651888660548, 
    0, 
    0.03698323152769448, 
    0.1376026382462727, 
    0.11687805981036835, 
    0.03656827182981505, 
    0.1314189739635146, 
    0.05483891940201142, 
    0.1511711986188943
   ], 
   [
    0.054563945581496055, 
    0.19697626023182188, 
    0.2085159468586164, 
    0.03213463923175826, 
    0, 
    0.13938031754000474, 
    0.0940571383782052, 
    0.022537382620642674, 
    0.05985098336074806, 
    0.07327829156724099, 
    0.11870509462946563
   ], 
   [
    0.071396452299085, 
    0.10217414564274165, 
    0.12263614042673426, 
    0.040362798666111074, 
    0.14707225753313502, 
    0, 
    0.20351930878848692, 
    0.000938760086144169, 
    0.1771351486633439, 
    0.13242011381318938, 
    0.002344874081028756
   ], 
   [
    0.18521630570652978, 
    0.040201259239810036, 
    0.17274050166762303, 
    0.027263784814913997, 
    0.16180050042038793, 
    0.12434635889770139, 
    0, 
    0.10561534248779558, 
    0.11184217738459568, 
    0.012053941185723803, 
    0.05891982819491886
   ], 
   [
    0.2138528070125965, 
    0.06839935014909294, 
    0.06419461491581406, 
    0.1925955618754364, 
    0.12819478734583417, 
    0.17828822229869454, 
    0.04812925016982447, 
    0, 
    0.0378034535723062, 
    0.034101242651434424, 
    0.03444071000896643
   ], 
   [
    0.18203197256452575, 
    0.13892965694936346, 
    0.2000739741759772, 
    0.023238751347342164, 
    0.1994204057492024, 
    0.05243446694219147, 
    0.007803095485371377, 
    0.07628629512825796, 
    0, 
    0.08903882245853838, 
    0.030742559199229833
   ], 
   [
    0.14840944804294606, 
    0.004996881045474402, 
    0.1458899408084808, 
    0.180241671485477, 
    0.021910422115640617, 
    0.004489714198896425, 
    0.14351559120975568, 
    0.1291932643845862, 
    0.1758461634295785, 
    0, 
    0.04550690327916442
   ], 
   [
    0.17202404143718755, 
    0.11899917995551806, 
    0.12724127452595252, 
    0.012054234399156448, 
    0.15005234918752763, 
    0.02806316340744418, 
    0.09463238054091778, 
    0.0890259874998573, 
    0.07307241667106722, 
    0.13483497237537115, 
    0
   ]
  ]
 }, 
 "vehicle_capacities": [
  30, 
  30, 
  30, 
  30, 
  30
 ]
}