{
 "vehicle_cost_per_km": [
  5, 
  5, 
  5, 
  5, 
  5
 ], 
 "runs": [
  {
   "avg_task_cost_vs_number_of_task": [
    2232.5, 
    1292.75, 
    1099, 
    1086.625, 
    1327, 
    1320.5833333333333, 
    1131.9285714285713, 
    990.4375, 
    880.3888888888889, 
    820.25, 
    777.7727272727273, 
    712.9583333333334, 
    746.5769230769231, 
    706.3214285714286, 
    743.4333333333332, 
    618.03125, 
    570.9117647058823, 
    602.0833333333334, 
    510.8157894736842, 
    485.275, 
    536.5952380952381, 
    441.15909090909093, 
    534.9782608695652, 
    443.6875, 
    504.98, 
    543.0192307692307, 
    509, 
    517.4821428571429, 
    578.7413793103449, 
    493.6
   ], 
   "number_of_vehicles": 2
  }, 
  {
   "avg_task_cost_vs_number_of_task": [
    2232.5, 
    1292.75, 
    1099, 
    1086.625, 
    1327, 
    1320.5833333333333, 
    1160, 
    1015, 
    880.3888888888889, 
    812, 
    773.8181818181819, 
    712.9583333333334, 
    746.5769230769231, 
    693.25, 
    723.7, 
    606.59375, 
    601.1176470588235, 
    603.0833333333334, 
    510.8157894736842, 
    526.25, 
    462.1666666666667, 
    493.43181818181824, 
    496.9782608695652, 
    527.6458333333334, 
    566.98, 
    527.5576923076923, 
    468.1296296296296, 
    485.26785714285705, 
    579.4310344827587, 
    509.24999999999994
   ], 
   "number_of_vehicles": 3
  }, 
  {
   "avg_task_cost_vs_number_of_task": [
    2232.5, 
    1292.75, 
    1099, 
    1086.625, 
    1229.1, 
    1320.5833333333333, 
    1131.9285714285713, 
    990.4375, 
    880.3888888888889, 
    820.25, 
    777.7727272727273, 
    728.2083333333334, 
    764.230769230769, 
    690.1428571428571, 
    647.0333333333333, 
    606.59375, 
    678.2941176470588, 
    539.1944444444445, 
    522.8947368421053, 
    485.275, 
    473.0952380952381, 
    507.77272727272725, 
    463.2391304347825, 
    457.0208333333333, 
    528.58, 
    532.6730769230769, 
    453.9074074074074, 
    475.2142857142857, 
    517.5, 
    532.15
   ], 
   "number_of_vehicles": 4
  }, 
  {
   "avg_task_cost_vs_number_of_task": [
    2232.5, 
    1292.75, 
    1099, 
    1086.625, 
    1229.1, 
    1367.0833333333333, 
    1131.9285714285713, 
    1057.4375, 
    880.3888888888889, 
    845.95, 
    777.7727272727273, 
    783.75, 
    807.1538461538462, 
    693.25, 
    647.6666666666665, 
    606.59375, 
    570.9117647058823, 
    614.3611111111111, 
    510.8157894736842, 
    485.275, 
    475.95238095238096, 
    510.29545454545456, 
    508.3913043478262, 
    472.3541666666667, 
    522.7, 
    504.71153846153845, 
    455.8888888888889, 
    449.5357142857143, 
    458.9655172413793, 
    498.40000000000015
   ], 
   "number_of_vehicles": 5
  }
 ], 
 "vehicle_starting_positions": [
  "Leeds", 
  "Manchester", 
  "Cardiff", 
  "Norwich", 
  "Liverpool", 
  "Portsmouth", 
  "Birmingham", 
  "Sheffield", 
  "Newcastle", 
  "London", 
  "Plymouth"
 ], 
 "task_distribution": {
  "distance_matrix": [
   [
    0, 
    345, 
    477.8, 
    348, 
    209.9, 
    233, 
    246.5, 
    205.2, 
    115, 
    244.6, 
    307.8
   ], 
   [
    345, 
    0, 
    592.8, 
    463, 
    205.7, 
    348, 
    98.5, 
    139.8, 
    230, 
    171, 
    422.8
   ], 
   [
    477.8, 
    592.8, 
    0, 
    359.8, 
    457.7, 
    244.8, 
    494.3, 
    453, 
    362.8, 
    492.4, 
    170
   ], 
   [
    348, 
    463, 
    359.8, 
    0, 
    327.9, 
    115, 
    364.5, 
    323.2, 
    233, 
    362.6, 
    189.8
   ], 
   [
    209.9, 
    205.7, 
    457.7, 
    327.9, 
    0, 
    212.9, 
    107.2, 
    148.5, 
    94.9, 
    34.7, 
    287.7
   ], 
   [
    233, 
    348, 
    244.8, 
    115, 
    212.9, 
    0, 
    249.5, 
    208.2, 
    118, 
    247.6, 
    74.8
   ], 
   [
    246.5, 
    98.5, 
    494.3, 
    364.5, 
    107.2, 
    249.5, 
    0, 
    41.3, 
    131.5, 
    72.5, 
    324.3
   ], 
   [
    205.2, 
    139.8, 
    453, 
    323.2, 
    148.5, 
    208.2, 
    41.3, 
    0, 
    90.2, 
    113.8, 
    283
   ], 
   [
    115, 
    230, 
    362.8, 
    233, 
    94.9, 
    118, 
    131.5, 
    90.2, 
    0, 
    129.6, 
    192.8
   ], 
   [
    244.6, 
    171, 
    492.4, 
    362.6, 
    34.7, 
    247.6, 
    72.5, 
    113.8, 
    129.6, 
    0, 
    322.4
   ], 
   [
    307.8, 
    422.8, 
    170, 
    189.8, 
    287.7, 
    74.8, 
    324.3, 
    283, 
    192.8, 
    322.4, 
    0
   ]
  ], 
  "weight_matrix": [
   [
    0, 
    3, 
    3, 
    3, 
    3, 
    3, 
    3, 
    3, 
    3, 
    3, 
    3
   ], 
   [
    3, 
    0, 
    3, 
    3, 
    3, 
    3, 
    3, 
    3, 
    3, 
    3, 
    3
   ], 
   [
    3, 
    3, 
    0, 
    3, 
    3, 
    3, 
    3, 
    3, 
    3, 
    3, 
    3
   ], 
   [
    3, 
    3, 
    3, 
    0, 
    3, 
    3, 
    3, 
    3, 
    3, 
    3, 
    3
   ], 
   [
    3, 
    3, 
    3, 
    3, 
    0, 
    3, 
    3, 
    3, 
    3, 
    3, 
    3
   ], 
   [
    3, 
    3, 
    3, 
    3, 
    3, 
    0, 
    3, 
    3, 
    3, 
    3, 
    3
   ], 
   [
    3, 
    3, 
    3, 
    3, 
    3, 
    3, 
    0, 
    3, 
    3, 
    3, 
    3
   ], 
   [
    3, 
    3, 
    3, 
    3, 
    3, 
    3, 
    3, 
    0, 
    3, 
    3, 
    3
   ], 
   [
    3, 
    3, 
    3, 
    3, 
    3, 
    3, 
    3, 
    3, 
    0, 
    3, 
    3
   ], 
   [
    3, 
    3, 
    3, 
    3, 
    3, 
    3, 
    3, 
    3, 
    3, 
    0, 
    3
   ], 
   [
    3, 
    3, 
    3, 
    3, 
    3, 
    3, 
    3, 
    3, 
    3, 
    3, 
    0
   ]
  ], 
  "city_names": [
   "Cardiff", 
   "Newcastle", 
   "Plymouth", 
   "Norwich", 
   "Manchester", 
   "London", 
   "Leeds", 
   "Sheffield", 
   "Birmingham", 
   "Liverpool", 
   "Portsmouth"
  ], 
  "reward_matrix": [
   [
    0, 
    44455, 
    20684, 
    43918, 
    68638, 
    64503, 
    62087, 
    69479, 
    85625, 
    62427, 
    51114
   ], 
   [
    44455, 
    0, 
    100, 
    23333, 
    69390, 
    43918, 
    88578, 
    81186, 
    65040, 
    75601, 
    30529
   ], 
   [
    20684, 
    100, 
    0, 
    41806, 
    24282, 
    62391, 
    17731, 
    25123, 
    41269, 
    18071, 
    75780
   ], 
   [
    43918, 
    23333, 
    41806, 
    0, 
    47516, 
    85625, 
    40965, 
    48357, 
    64503, 
    41305, 
    72236
   ], 
   [
    68638, 
    69390, 
    24282, 
    47516, 
    0, 
    68101, 
    87021, 
    79628, 
    89223, 
    99999, 
    54712
   ], 
   [
    64503, 
    43918, 
    62391, 
    85625, 
    68101, 
    0, 
    61550, 
    68942, 
    85088, 
    61890, 
    92821
   ], 
   [
    62087, 
    88578, 
    17731, 
    40965, 
    87021, 
    61550, 
    0, 
    98817, 
    82671, 
    93232, 
    48161
   ], 
   [
    69479, 
    81186, 
    25123, 
    48357, 
    79628, 
    68942, 
    98817, 
    0, 
    90064, 
    85840, 
    55553
   ], 
   [
    85625, 
    65040, 
    41269, 
    64503, 
    89223, 
    85088, 
    82671, 
    90064, 
    0, 
    83012, 
    71699
   ], 
   [
    62427, 
    75601, 
    18071, 
    41305, 
    99999, 
    61890, 
    93232, 
    85840, 
    83012, 
    0, 
    48501
   ], 
   [
    51114, 
    30529, 
    75780, 
    72236, 
    54712, 
    92821, 
    48161, 
    55553, 
    71699, 
    48501, 
    0
   ]
  ], 
  "probability_matrix": [
   [
    0, 
    0.08433071129978181, 
    0.10439688356533879, 
    0.09243157085222013, 
    0.14777658643673616, 
    0.04890770960064597, 
    0.058875006755377844, 
    0.060810280104234, 
    0.13174531498190512, 
    0.11857083197479926, 
    0.15215510442896096
   ], 
   [
    0.0027357859177724333, 
    0, 
    0.019705995824877635, 
    0.01676489920046004, 
    0.2077554309339298, 
    0.21519252325626792, 
    0.2374948836111603, 
    0.016772715850641086, 
    0.01841368219542557, 
    0.034212591411165616, 
    0.23095149179829966
   ], 
   [
    0.14425200878323177, 
    0.05892386419919808, 
    0, 
    0.07808907235198412, 
    0.11707343160540967, 
    0.05064857328860755, 
    0.13684611098022553, 
    0.010801289974497495, 
    0.1550391766126743, 
    0.12570659712863572, 
    0.12261987507553573
   ], 
   [
    0.18305482952678695, 
    0.035955018540666274, 
    0.14590614957793901, 
    0, 
    0.05535249642842657, 
    0.03158926764639366, 
    0.11741158938129694, 
    0.13555020691261901, 
    0.04148210584633943, 
    0.10095168955335196, 
    0.15274664658618017
   ], 
   [
    0.017342308809260135, 
    0.03309317432197038, 
    0.12776885050307696, 
    0.20684416310764522, 
    0, 
    0.03345889056222881, 
    0.032447823657613235, 
    0.09375294208297658, 
    0.08943886236316044, 
    0.12510316410737723, 
    0.2407498204846908
   ], 
   [
    0.1474160161371167, 
    0.0729217713674366, 
    0.10293391681690785, 
    0.1301937193306843, 
    0.043605255300260576, 
    0, 
    0.08612413656298369, 
    0.09921376261757803, 
    0.06232403703834029, 
    0.11175642737241334, 
    0.14351095745627865
   ], 
   [
    0.057025251032846364, 
    0.205568160516438, 
    0.009608668911474834, 
    0.02645860214699212, 
    0.11577188582219164, 
    0.09444869607621297, 
    0, 
    0.0026720740598196865, 
    0.1869618573146107, 
    0.14238647861771814, 
    0.15909832550169561
   ], 
   [
    0.14691968480199907, 
    0.12444666198398076, 
    0.19126325459264049, 
    0.11280674513713246, 
    0.07574971692619903, 
    0.02635730232997283, 
    0.0829142489890931, 
    0, 
    0.11571913765480567, 
    0.08967196350411535, 
    0.034151284080061156
   ], 
   [
    0.029459116004728697, 
    0.1515207728922494, 
    0.0515986916218061, 
    0.04947705094621683, 
    0.15791526065286787, 
    0.18627717193187163, 
    0.03293050326697208, 
    0.06641623702194459, 
    0, 
    0.09954123578219869, 
    0.17486395987914394
   ], 
   [
    0.15412074073756987, 
    0.08891021552937063, 
    0.1901048733676705, 
    0.04732740903930659, 
    0.034975411466220595, 
    0.04353952116318534, 
    0.07070300669464118, 
    0.1014776400188979, 
    0.10958316783237997, 
    0, 
    0.15925801415075744
   ], 
   [
    0.12308000415065853, 
    0.08057023919036001, 
    0.08807648593608276, 
    0.056229275376876504, 
    0.045683881883548466, 
    0.1337535597335174, 
    0.09807025391416171, 
    0.10342597415149485, 
    0.1313199589306798, 
    0.13979036673261996, 
    0
   ]
  ]
 }, 
 "vehicle_capacities": [
  30, 
  30, 
  30, 
  30, 
  30
 ]
}