{
 "vehicle_cost_per_km": [
  5, 
  5, 
  5, 
  5, 
  5
 ], 
 "runs": [
  {
   "avg_task_cost_vs_number_of_task": [
    699, 
    812.25, 
    1304.3333333333333, 
    1137.375, 
    909.9, 
    1146.5833333333333, 
    991.2142857142857, 
    928.875, 
    999.3333333333334, 
    915.6, 
    954.2727272727273, 
    874.75, 
    947.0000000000001, 
    937.8928571428571, 
    923.9333333333333, 
    889.9375, 
    846.6470588235292, 
    841.8333333333334, 
    830.8947368421053, 
    794.0500000000001, 
    849.952380952381, 
    795.3181818181819, 
    812.7826086956521, 
    860.3125, 
    824.8, 
    839.0576923076922, 
    814.8518518518518, 
    801.5, 
    761.1206896551724, 
    742.9333333333333
   ], 
   "number_of_vehicles": 3
  }
 ], 
 "vehicle_starting_positions": [
  "Newcastle", 
  "Cardiff", 
  "Plymouth", 
  "Norwich", 
  "Manchester", 
  "London", 
  "Leeds", 
  "Sheffield", 
  "Birmingham", 
  "Liverpool", 
  "Portsmouth"
 ], 
 "task_distribution": {
  "distance_matrix": [
   [
    0, 
    345, 
    477.8, 
    348, 
    209.9, 
    233, 
    246.5, 
    205.2, 
    115, 
    244.6, 
    307.8
   ], 
   [
    345, 
    0, 
    592.8, 
    463, 
    205.7, 
    348, 
    98.5, 
    139.8, 
    230, 
    171, 
    422.8
   ], 
   [
    477.8, 
    592.8, 
    0, 
    359.8, 
    457.7, 
    244.8, 
    494.3, 
    453, 
    362.8, 
    492.4, 
    170
   ], 
   [
    348, 
    463, 
    359.8, 
    0, 
    327.9, 
    115, 
    364.5, 
    323.2, 
    233, 
    362.6, 
    189.8
   ], 
   [
    209.9, 
    205.7, 
    457.7, 
    327.9, 
    0, 
    212.9, 
    107.2, 
    148.5, 
    94.9, 
    34.7, 
    287.7
   ], 
   [
    233, 
    348, 
    244.8, 
    115, 
    212.9, 
    0, 
    249.5, 
    208.2, 
    118, 
    247.6, 
    74.8
   ], 
   [
    246.5, 
    98.5, 
    494.3, 
    364.5, 
    107.2, 
    249.5, 
    0, 
    41.3, 
    131.5, 
    72.5, 
    324.3
   ], 
   [
    205.2, 
    139.8, 
    453, 
    323.2, 
    148.5, 
    208.2, 
    41.3, 
    0, 
    90.2, 
    113.8, 
    283
   ], 
   [
    115, 
    230, 
    362.8, 
    233, 
    94.9, 
    118, 
    131.5, 
    90.2, 
    0, 
    129.6, 
    192.8
   ], 
   [
    244.6, 
    171, 
    492.4, 
    362.6, 
    34.7, 
    247.6, 
    72.5, 
    113.8, 
    129.6, 
    0, 
    322.4
   ], 
   [
    307.8, 
    422.8, 
    170, 
    189.8, 
    287.7, 
    74.8, 
    324.3, 
    283, 
    192.8, 
    322.4, 
    0
   ]
  ], 
  "weight_matrix": [
   [
    0, 
    3, 
    3, 
    3, 
    3, 
    3, 
    3, 
    3, 
    3, 
    3, 
    3
   ], 
   [
    3, 
    0, 
    3, 
    3, 
    3, 
    3, 
    3, 
    3, 
    3, 
    3, 
    3
   ], 
   [
    3, 
    3, 
    0, 
    3, 
    3, 
    3, 
    3, 
    3, 
    3, 
    3, 
    3
   ], 
   [
    3, 
    3, 
    3, 
    0, 
    3, 
    3, 
    3, 
    3, 
    3, 
    3, 
    3
   ], 
   [
    3, 
    3, 
    3, 
    3, 
    0, 
    3, 
    3, 
    3, 
    3, 
    3, 
    3
   ], 
   [
    3, 
    3, 
    3, 
    3, 
    3, 
    0, 
    3, 
    3, 
    3, 
    3, 
    3
   ], 
   [
    3, 
    3, 
    3, 
    3, 
    3, 
    3, 
    0, 
    3, 
    3, 
    3, 
    3
   ], 
   [
    3, 
    3, 
    3, 
    3, 
    3, 
    3, 
    3, 
    0, 
    3, 
    3, 
    3
   ], 
   [
    3, 
    3, 
    3, 
    3, 
    3, 
    3, 
    3, 
    3, 
    0, 
    3, 
    3
   ], 
   [
    3, 
    3, 
    3, 
    3, 
    3, 
    3, 
    3, 
    3, 
    3, 
    0, 
    3
   ], 
   [
    3, 
    3, 
    3, 
    3, 
    3, 
    3, 
    3, 
    3, 
    3, 
    3, 
    0
   ]
  ], 
  "city_names": [
   "Cardiff", 
   "Newcastle", 
   "Plymouth", 
   "Norwich", 
   "Manchester", 
   "London", 
   "Leeds", 
   "Sheffield", 
   "Birmingham", 
   "Liverpool", 
   "Portsmouth"
  ], 
  "reward_matrix": [
   [
    0, 
    44455, 
    20684, 
    43918, 
    68638, 
    64503, 
    62087, 
    69479, 
    85625, 
    62427, 
    51114
   ], 
   [
    44455, 
    0, 
    100, 
    23333, 
    69390, 
    43918, 
    88578, 
    81186, 
    65040, 
    75601, 
    30529
   ], 
   [
    20684, 
    100, 
    0, 
    41806, 
    24282, 
    62391, 
    17731, 
    25123, 
    41269, 
    18071, 
    75780
   ], 
   [
    43918, 
    23333, 
    41806, 
    0, 
    47516, 
    85625, 
    40965, 
    48357, 
    64503, 
    41305, 
    72236
   ], 
   [
    68638, 
    69390, 
    24282, 
    47516, 
    0, 
    68101, 
    87021, 
    79628, 
    89223, 
    99999, 
    54712
   ], 
   [
    64503, 
    43918, 
    62391, 
    85625, 
    68101, 
    0, 
    61550, 
    68942, 
    85088, 
    61890, 
    92821
   ], 
   [
    62087, 
    88578, 
    17731, 
    40965, 
    87021, 
    61550, 
    0, 
    98817, 
    82671, 
    93232, 
    48161
   ], 
   [
    69479, 
    81186, 
    25123, 
    48357, 
    79628, 
    68942, 
    98817, 
    0, 
    90064, 
    85840, 
    55553
   ], 
   [
    85625, 
    65040, 
    41269, 
    64503, 
    89223, 
    85088, 
    82671, 
    90064, 
    0, 
    83012, 
    71699
   ], 
   [
    62427, 
    75601, 
    18071, 
    41305, 
    99999, 
    61890, 
    93232, 
    85840, 
    83012, 
    0, 
    48501
   ], 
   [
    51114, 
    30529, 
    75780, 
    72236, 
    54712, 
    92821, 
    48161, 
    55553, 
    71699, 
    48501, 
    0
   ]
  ], 
  "probability_matrix": [
   [
    0, 
    0.1699267818209728, 
    0.17454024117567438, 
    0.1534079024043071, 
    0.03493499717106527, 
    0.07925034747897543, 
    0.05428275740630532, 
    0.0736111311265097, 
    0.001694584055872266, 
    0.10372117135387425, 
    0.1546300860064433
   ], 
   [
    0.07927158884698866, 
    0, 
    0.13435241998917763, 
    0.13443763873196918, 
    0.16264176267058453, 
    0.1571731595887825, 
    0.03406591071446592, 
    0.027251120739938017, 
    0.13598517165755425, 
    0.06922247479620597, 
    0.06559875226433333
   ], 
   [
    0.03358270305311634, 
    0.027721933602981037, 
    0, 
    0.049437512389708324, 
    0.159106867926992, 
    0.16228205536669793, 
    0.13068798269476684, 
    0.16692967581325918, 
    0.031507770306882156, 
    0.0720091080931391, 
    0.1667343907524572
   ], 
   [
    0.06715667754871531, 
    0.13032155646611163, 
    0.087135934749094, 
    0, 
    0.11094935343538154, 
    0.009215466342398053, 
    0.09180464015259598, 
    0.1484252524595328, 
    0.10921192895985454, 
    0.13294268030910278, 
    0.11283650957721338
   ], 
   [
    0.04214558447297929, 
    0.15111779206595996, 
    0.037058929016476824, 
    0.12558154794910903, 
    0, 
    0.03979051890998135, 
    0.18459904403875588, 
    0.0688855451333098, 
    0.08874491948118748, 
    0.14662689589957706, 
    0.11544922303266329
   ], 
   [
    0.16477605159909364, 
    0.03140611787033126, 
    0.07361291996282714, 
    0.12970796266719842, 
    0.09595124066081817, 
    0, 
    0.10035948355794994, 
    0.13236344288609894, 
    0.013239607963299855, 
    0.16999055662127632, 
    0.08859261621110634
   ], 
   [
    0.036998842707937525, 
    0.12845568368546545, 
    0.10814051541876664, 
    0.025213913768502304, 
    0.16788609659799567, 
    0.13323273434400495, 
    0, 
    0.03972167888883565, 
    0.11582322225585746, 
    0.10418970115326433, 
    0.14033761117936994
   ], 
   [
    0.19639648701286752, 
    0.10394005299670651, 
    0.19708435081028677, 
    0.05793914499510117, 
    0.012463885246686374, 
    0.06064585214171713, 
    0.08724398306706307, 
    0, 
    0.01505117267574801, 
    0.16440056990955798, 
    0.10483450114426532
   ], 
   [
    0.044084194145317945, 
    0.10424655740866728, 
    0.12306383558705715, 
    0.101435925020148, 
    0.14945180962167942, 
    0.13035283127344946, 
    0.10995877004973925, 
    0.10343934196009781, 
    0, 
    0.060616492960695254, 
    0.07335024197314821
   ], 
   [
    0.10107269188942831, 
    0.042312603804997205, 
    0.03937893994903465, 
    0.1941713817675323, 
    0.115687971948764, 
    0.17173948455296692, 
    0.05607597053610022, 
    0.0014283816018090798, 
    0.11415634959452106, 
    0, 
    0.16397622435484632
   ], 
   [
    0.029891253560659997, 
    0.14838859805868782, 
    0.14963889509599565, 
    0.024070281438054526, 
    0.1890328931080175, 
    0.01203388945346692, 
    0.12371050682462133, 
    0.09214961754988311, 
    0.08920597993773285, 
    0.14187808497288057, 
    0
   ]
  ]
 }, 
 "vehicle_capacities": [
  10, 
  10, 
  10, 
  30, 
  30, 
  30, 
  30, 
  30, 
  30, 
  30, 
  30
 ]
}