{
 "vehicle_cost_per_km": [
  5, 
  5, 
  5, 
  5, 
  5
 ], 
 "runs": [
  {
   "avg_task_cost_vs_number_of_task": [
    1150, 
    1046.5, 
    697.6666666666666, 
    954.5, 
    763.6, 
    830.5, 
    711.8571428571429, 
    622.875, 
    553.6666666666666, 
    570.2, 
    516.5454545454545, 
    502.9166666666667, 
    637.9230769230769, 
    571.9285714285714, 
    693.2666666666667, 
    629.1875, 
    589.1176470588235, 
    650.7777777777778, 
    651.2631578947368, 
    599.5, 
    632.6190476190476, 
    593.4090909090909, 
    608.804347826087, 
    637.5416666666667, 
    559.32, 
    576.8846153846154, 
    662.074074074074, 
    511.57142857142856, 
    632.103448275862, 
    590.3166666666667
   ], 
   "number_of_vehicles": 3
  }
 ], 
 "vehicle_starting_positions": [
  "Newcastle", 
  "Cardiff", 
  "Plymouth", 
  "Norwich", 
  "Manchester", 
  "London", 
  "Leeds", 
  "Sheffield", 
  "Birmingham", 
  "Liverpool", 
  "Portsmouth"
 ], 
 "task_distribution": {
  "distance_matrix": [
   [
    0, 
    345, 
    477.8, 
    348, 
    209.9, 
    233, 
    246.5, 
    205.2, 
    115, 
    244.6, 
    307.8
   ], 
   [
    345, 
    0, 
    592.8, 
    463, 
    205.7, 
    348, 
    98.5, 
    139.8, 
    230, 
    171, 
    422.8
   ], 
   [
    477.8, 
    592.8, 
    0, 
    359.8, 
    457.7, 
    244.8, 
    494.3, 
    453, 
    362.8, 
    492.4, 
    170
   ], 
   [
    348, 
    463, 
    359.8, 
    0, 
    327.9, 
    115, 
    364.5, 
    323.2, 
    233, 
    362.6, 
    189.8
   ], 
   [
    209.9, 
    205.7, 
    457.7, 
    327.9, 
    0, 
    212.9, 
    107.2, 
    148.5, 
    94.9, 
    34.7, 
    287.7
   ], 
   [
    233, 
    348, 
    244.8, 
    115, 
    212.9, 
    0, 
    249.5, 
    208.2, 
    118, 
    247.6, 
    74.8
   ], 
   [
    246.5, 
    98.5, 
    494.3, 
    364.5, 
    107.2, 
    249.5, 
    0, 
    41.3, 
    131.5, 
    72.5, 
    324.3
   ], 
   [
    205.2, 
    139.8, 
    453, 
    323.2, 
    148.5, 
    208.2, 
    41.3, 
    0, 
    90.2, 
    113.8, 
    283
   ], 
   [
    115, 
    230, 
    362.8, 
    233, 
    94.9, 
    118, 
    131.5, 
    90.2, 
    0, 
    129.6, 
    192.8
   ], 
   [
    244.6, 
    171, 
    492.4, 
    362.6, 
    34.7, 
    247.6, 
    72.5, 
    113.8, 
    129.6, 
    0, 
    322.4
   ], 
   [
    307.8, 
    422.8, 
    170, 
    189.8, 
    287.7, 
    74.8, 
    324.3, 
    283, 
    192.8, 
    322.4, 
    0
   ]
  ], 
  "weight_matrix": [
   [
    0, 
    3, 
    3, 
    3, 
    3, 
    3, 
    3, 
    3, 
    3, 
    3, 
    3
   ], 
   [
    3, 
    0, 
    3, 
    3, 
    3, 
    3, 
    3, 
    3, 
    3, 
    3, 
    3
   ], 
   [
    3, 
    3, 
    0, 
    3, 
    3, 
    3, 
    3, 
    3, 
    3, 
    3, 
    3
   ], 
   [
    3, 
    3, 
    3, 
    0, 
    3, 
    3, 
    3, 
    3, 
    3, 
    3, 
    3
   ], 
   [
    3, 
    3, 
    3, 
    3, 
    0, 
    3, 
    3, 
    3, 
    3, 
    3, 
    3
   ], 
   [
    3, 
    3, 
    3, 
    3, 
    3, 
    0, 
    3, 
    3, 
    3, 
    3, 
    3
   ], 
   [
    3, 
    3, 
    3, 
    3, 
    3, 
    3, 
    0, 
    3, 
    3, 
    3, 
    3
   ], 
   [
    3, 
    3, 
    3, 
    3, 
    3, 
    3, 
    3, 
    0, 
    3, 
    3, 
    3
   ], 
   [
    3, 
    3, 
    3, 
    3, 
    3, 
    3, 
    3, 
    3, 
    0, 
    3, 
    3
   ], 
   [
    3, 
    3, 
    3, 
    3, 
    3, 
    3, 
    3, 
    3, 
    3, 
    0, 
    3
   ], 
   [
    3, 
    3, 
    3, 
    3, 
    3, 
    3, 
    3, 
    3, 
    3, 
    3, 
    0
   ]
  ], 
  "city_names": [
   "Cardiff", 
   "Newcastle", 
   "Plymouth", 
   "Norwich", 
   "Manchester", 
   "London", 
   "Leeds", 
   "Sheffield", 
   "Birmingham", 
   "Liverpool", 
   "Portsmouth"
  ], 
  "reward_matrix": [
   [
    0, 
    44455, 
    20684, 
    43918, 
    68638, 
    64503, 
    62087, 
    69479, 
    85625, 
    62427, 
    51114
   ], 
   [
    44455, 
    0, 
    100, 
    23333, 
    69390, 
    43918, 
    88578, 
    81186, 
    65040, 
    75601, 
    30529
   ], 
   [
    20684, 
    100, 
    0, 
    41806, 
    24282, 
    62391, 
    17731, 
    25123, 
    41269, 
    18071, 
    75780
   ], 
   [
    43918, 
    23333, 
    41806, 
    0, 
    47516, 
    85625, 
    40965, 
    48357, 
    64503, 
    41305, 
    72236
   ], 
   [
    68638, 
    69390, 
    24282, 
    47516, 
    0, 
    68101, 
    87021, 
    79628, 
    89223, 
    99999, 
    54712
   ], 
   [
    64503, 
    43918, 
    62391, 
    85625, 
    68101, 
    0, 
    61550, 
    68942, 
    85088, 
    61890, 
    92821
   ], 
   [
    62087, 
    88578, 
    17731, 
    40965, 
    87021, 
    61550, 
    0, 
    98817, 
    82671, 
    93232, 
    48161
   ], 
   [
    69479, 
    81186, 
    25123, 
    48357, 
    79628, 
    68942, 
    98817, 
    0, 
    90064, 
    85840, 
    55553
   ], 
   [
    85625, 
    65040, 
    41269, 
    64503, 
    89223, 
    85088, 
    82671, 
    90064, 
    0, 
    83012, 
    71699
   ], 
   [
    62427, 
    75601, 
    18071, 
    41305, 
    99999, 
    61890, 
    93232, 
    85840, 
    83012, 
    0, 
    48501
   ], 
   [
    51114, 
    30529, 
    75780, 
    72236, 
    54712, 
    92821, 
    48161, 
    55553, 
    71699, 
    48501, 
    0
   ]
  ], 
  "probability_matrix": [
   [
    0, 
    0.05690575317633909, 
    0.08237750230528114, 
    0.11235634433893435, 
    0.13892155549927296, 
    0.05730649685625762, 
    0.048399227384168984, 
    0.19078673410303248, 
    0.173690693168372, 
    0.028578726665793346, 
    0.11067696650254809
   ], 
   [
    0.1334205823050416, 
    0, 
    0.1316903477601544, 
    0.06065931523067553, 
    0.09803634660021761, 
    0.1586521250770865, 
    0.11993944219857033, 
    0.16861121569513826, 
    0.08841116514485646, 
    0.0037663012018107987, 
    0.036813158786448495
   ], 
   [
    0.034123665468077824, 
    0.1312672145062712, 
    0, 
    0.14778592338609015, 
    0.12484914939731528, 
    0.12133529903516017, 
    0.02236613031399008, 
    0.1837049948761827, 
    0.0476471176989543, 
    0.1253234570106959, 
    0.061597048307262495
   ], 
   [
    0.039194727791421934, 
    0.015529606453760657, 
    0.05611702740678269, 
    0, 
    0.03601149505687803, 
    0.09446342613205937, 
    0.18959645708847486, 
    0.14891164769848333, 
    0.17808384520097345, 
    0.08877995981677424, 
    0.15331180735439134
   ], 
   [
    0.12486624532256206, 
    0.03300499818954283, 
    0.14950730032243412, 
    0.15997267940701673, 
    0, 
    0.1559273963136445, 
    0.04627784365256393, 
    0.052662339493205604, 
    0.15892136276684815, 
    0.07896044212805013, 
    0.03989939240413198
   ], 
   [
    0.1269125194064124, 
    0.12381241204100708, 
    0.16187661127701358, 
    0.11097801589375647, 
    0.09199869005103482, 
    0, 
    0.06086505506942612, 
    0.11931212554827762, 
    0.017661727188320105, 
    0.08993928062516347, 
    0.09664356289958835
   ], 
   [
    0.14366376376978288, 
    0.07186437498788444, 
    0.019602816690139184, 
    0.08439571733934687, 
    0.14713428035319617, 
    0.15460463629692206, 
    0, 
    0.05419246087024606, 
    0.14203830167348205, 
    0.0925715721012587, 
    0.08993207591774172
   ], 
   [
    0.16454786101544314, 
    0.024428875966304008, 
    0.08980364139586852, 
    0.1878622045993109, 
    0.07045908979540044, 
    0.15554855610376647, 
    0.032892827803964186, 
    0, 
    0.07015942204410654, 
    0.15077764690056167, 
    0.05351987437527396
   ], 
   [
    0.013345050897539793, 
    0.2736618095616798, 
    0.017793085204723034, 
    0.10887900138880507, 
    0.08035948008251785, 
    0.25712098240444636, 
    0.10895402684043651, 
    0.01581793460301134, 
    0, 
    0.07800951226595117, 
    0.04605911675088903
   ], 
   [
    0.10081586944329805, 
    0.09167195375158341, 
    0.10993609929531775, 
    0.14440066060020018, 
    0.13819909127116406, 
    0.10652537832048105, 
    0.07865955600970169, 
    0.08811868386935093, 
    0.06575904369725206, 
    0, 
    0.0759136637416507
   ], 
   [
    0.16938023774776392, 
    0.04090599568428467, 
    0.06864254167812024, 
    0.15497526101229583, 
    0.15305567918204235, 
    0.10202018433324371, 
    0.055443994147541656, 
    0.06592141784828105, 
    0.14416127948033702, 
    0.04549340888608959, 
    0
   ]
  ]
 }, 
 "vehicle_capacities": [
  15, 
  15, 
  15, 
  30, 
  30, 
  30, 
  30, 
  30, 
  30, 
  30, 
  30
 ]
}