{
 "vehicle_cost_per_km": [
  15, 
  10, 
  15, 
  5, 
  5, 
  5, 
  5, 
  5, 
  5, 
  5, 
  5
 ], 
 "runs": [
  {
   "avg_task_cost_vs_number_of_task": [
    2954, 
    2243, 
    2282, 
    2373, 
    2358.3999999999996, 
    2142, 
    1836, 
    1606.5, 
    1729.5555555555557, 
    1556.6, 
    1837.8181818181818, 
    1695.3333333333333, 
    1587.8461538461538, 
    1577.4285714285713, 
    1679.4666666666667, 
    1592.625, 
    1632.3529411764707, 
    1543.5555555555554, 
    1365.052631578947, 
    1642.9, 
    1519.2380952380952, 
    1399.6363636363637, 
    1506.6956521739135, 
    1478.8333333333337, 
    1433.2, 
    1491.3846153846155, 
    1422.3703703703704, 
    1332, 
    1414.2758620689658, 
    1361.4333333333332
   ], 
   "number_of_vehicles": 3
  }
 ], 
 "vehicle_starting_positions": [
  "Newcastle", 
  "Cardiff", 
  "Plymouth", 
  "Norwich", 
  "Manchester", 
  "London", 
  "Leeds", 
  "Sheffield", 
  "Birmingham", 
  "Liverpool", 
  "Portsmouth"
 ], 
 "task_distribution": {
  "distance_matrix": [
   [
    0, 
    345, 
    477.8, 
    348, 
    209.9, 
    233, 
    246.5, 
    205.2, 
    115, 
    244.6, 
    307.8
   ], 
   [
    345, 
    0, 
    592.8, 
    463, 
    205.7, 
    348, 
    98.5, 
    139.8, 
    230, 
    171, 
    422.8
   ], 
   [
    477.8, 
    592.8, 
    0, 
    359.8, 
    457.7, 
    244.8, 
    494.3, 
    453, 
    362.8, 
    492.4, 
    170
   ], 
   [
    348, 
    463, 
    359.8, 
    0, 
    327.9, 
    115, 
    364.5, 
    323.2, 
    233, 
    362.6, 
    189.8
   ], 
   [
    209.9, 
    205.7, 
    457.7, 
    327.9, 
    0, 
    212.9, 
    107.2, 
    148.5, 
    94.9, 
    34.7, 
    287.7
   ], 
   [
    233, 
    348, 
    244.8, 
    115, 
    212.9, 
    0, 
    249.5, 
    208.2, 
    118, 
    247.6, 
    74.8
   ], 
   [
    246.5, 
    98.5, 
    494.3, 
    364.5, 
    107.2, 
    249.5, 
    0, 
    41.3, 
    131.5, 
    72.5, 
    324.3
   ], 
   [
    205.2, 
    139.8, 
    453, 
    323.2, 
    148.5, 
    208.2, 
    41.3, 
    0, 
    90.2, 
    113.8, 
    283
   ], 
   [
    115, 
    230, 
    362.8, 
    233, 
    94.9, 
    118, 
    131.5, 
    90.2, 
    0, 
    129.6, 
    192.8
   ], 
   [
    244.6, 
    171, 
    492.4, 
    362.6, 
    34.7, 
    247.6, 
    72.5, 
    113.8, 
    129.6, 
    0, 
    322.4
   ], 
   [
    307.8, 
    422.8, 
    170, 
    189.8, 
    287.7, 
    74.8, 
    324.3, 
    283, 
    192.8, 
    322.4, 
    0
   ]
  ], 
  "weight_matrix": [
   [
    0, 
    3, 
    3, 
    3, 
    3, 
    3, 
    3, 
    3, 
    3, 
    3, 
    3
   ], 
   [
    3, 
    0, 
    3, 
    3, 
    3, 
    3, 
    3, 
    3, 
    3, 
    3, 
    3
   ], 
   [
    3, 
    3, 
    0, 
    3, 
    3, 
    3, 
    3, 
    3, 
    3, 
    3, 
    3
   ], 
   [
    3, 
    3, 
    3, 
    0, 
    3, 
    3, 
    3, 
    3, 
    3, 
    3, 
    3
   ], 
   [
    3, 
    3, 
    3, 
    3, 
    0, 
    3, 
    3, 
    3, 
    3, 
    3, 
    3
   ], 
   [
    3, 
    3, 
    3, 
    3, 
    3, 
    0, 
    3, 
    3, 
    3, 
    3, 
    3
   ], 
   [
    3, 
    3, 
    3, 
    3, 
    3, 
    3, 
    0, 
    3, 
    3, 
    3, 
    3
   ], 
   [
    3, 
    3, 
    3, 
    3, 
    3, 
    3, 
    3, 
    0, 
    3, 
    3, 
    3
   ], 
   [
    3, 
    3, 
    3, 
    3, 
    3, 
    3, 
    3, 
    3, 
    0, 
    3, 
    3
   ], 
   [
    3, 
    3, 
    3, 
    3, 
    3, 
    3, 
    3, 
    3, 
    3, 
    0, 
    3
   ], 
   [
    3, 
    3, 
    3, 
    3, 
    3, 
    3, 
    3, 
    3, 
    3, 
    3, 
    0
   ]
  ], 
  "city_names": [
   "Cardiff", 
   "Newcastle", 
   "Plymouth", 
   "Norwich", 
   "Manchester", 
   "London", 
   "Leeds", 
   "Sheffield", 
   "Birmingham", 
   "Liverpool", 
   "Portsmouth"
  ], 
  "reward_matrix": [
   [
    0, 
    44455, 
    20684, 
    43918, 
    68638, 
    64503, 
    62087, 
    69479, 
    85625, 
    62427, 
    51114
   ], 
   [
    44455, 
    0, 
    100, 
    23333, 
    69390, 
    43918, 
    88578, 
    81186, 
    65040, 
    75601, 
    30529
   ], 
   [
    20684, 
    100, 
    0, 
    41806, 
    24282, 
    62391, 
    17731, 
    25123, 
    41269, 
    18071, 
    75780
   ], 
   [
    43918, 
    23333, 
    41806, 
    0, 
    47516, 
    85625, 
    40965, 
    48357, 
    64503, 
    41305, 
    72236
   ], 
   [
    68638, 
    69390, 
    24282, 
    47516, 
    0, 
    68101, 
    87021, 
    79628, 
    89223, 
    99999, 
    54712
   ], 
   [
    64503, 
    43918, 
    62391, 
    85625, 
    68101, 
    0, 
    61550, 
    68942, 
    85088, 
    61890, 
    92821
   ], 
   [
    62087, 
    88578, 
    17731, 
    40965, 
    87021, 
    61550, 
    0, 
    98817, 
    82671, 
    93232, 
    48161
   ], 
   [
    69479, 
    81186, 
    25123, 
    48357, 
    79628, 
    68942, 
    98817, 
    0, 
    90064, 
    85840, 
    55553
   ], 
   [
    85625, 
    65040, 
    41269, 
    64503, 
    89223, 
    85088, 
    82671, 
    90064, 
    0, 
    83012, 
    71699
   ], 
   [
    62427, 
    75601, 
    18071, 
    41305, 
    99999, 
    61890, 
    93232, 
    85840, 
    83012, 
    0, 
    48501
   ], 
   [
    51114, 
    30529, 
    75780, 
    72236, 
    54712, 
    92821, 
    48161, 
    55553, 
    71699, 
    48501, 
    0
   ]
  ], 
  "probability_matrix": [
   [
    0, 
    0.15324402742980725, 
    0.12746355344956084, 
    0.11326845894604361, 
    0.08025155258440614, 
    0.12819985660201205, 
    0.005359586874552312, 
    0.11853942685182907, 
    0.15234564269921655, 
    0.08487168789164393, 
    0.036456206670928186
   ], 
   [
    0.06270511200068085, 
    0, 
    0.013195604230178924, 
    0.14241548669573478, 
    0.12713793652428365, 
    0.14367575161419596, 
    0.0818724643760181, 
    0.12700770344220402, 
    0.08178079042582577, 
    0.07244909132206678, 
    0.1477600593688111
   ], 
   [
    0.1388255586659719, 
    0.053455281385098835, 
    0, 
    0.15926061457300636, 
    0.10598599505243295, 
    0.04876245113006097, 
    0.08068607349256555, 
    0.06076407798851349, 
    0.17358333619965952, 
    0.13498419595447636, 
    0.0436924155582142
   ], 
   [
    0.11883546720645442, 
    0.06546552637235102, 
    0.17272783960740887, 
    0, 
    0.13003412025901215, 
    0.07783235909724326, 
    0.010991497341650199, 
    0.04627719179981135, 
    0.06275297826946592, 
    0.17693786914842813, 
    0.13814515089817445
   ], 
   [
    0.15607660901937587, 
    0.12526357396125068, 
    0.0960784539494517, 
    0.1119584511601966, 
    0, 
    0.08481368685091727, 
    0.0009132556656322752, 
    0.15808225350690913, 
    0.15603892018383453, 
    0.0705780130804754, 
    0.04019678262195655
   ], 
   [
    0.049885224115915505, 
    0.20436593603267467, 
    0.16174347092653904, 
    0.18739349618735077, 
    0.02656032443051593, 
    0, 
    0.0386855274741118, 
    0.21439689404591286, 
    0.005300516544435821, 
    0.03961028170552968, 
    0.07205832853701387
   ], 
   [
    0.12218778361372477, 
    0.11355739477826435, 
    0.18410749694896905, 
    0.06255757602805417, 
    0.0735360321979995, 
    0.20923129610562588, 
    0, 
    0.1299099693044467, 
    0.018650547667966928, 
    0.08210393608094398, 
    0.004157967274004765
   ], 
   [
    0.04778276356399188, 
    0.08700887300596026, 
    0.06850079939557888, 
    0.1099631857607421, 
    0.21192627248897497, 
    0.046931643718474865, 
    0.0108464356022656, 
    0, 
    0.060338138950458434, 
    0.1968271742568614, 
    0.15987471325669153
   ], 
   [
    0.111461148096663, 
    0.06570530928235413, 
    0.1261807384945172, 
    0.07730740860100631, 
    0.053435291860086664, 
    0.17718274604759202, 
    0.047202890561980314, 
    0.16180126547072118, 
    0, 
    0.02277203879865198, 
    0.15695116278642737
   ], 
   [
    0.13267922130534868, 
    0.19512648857462597, 
    0.1250656123894259, 
    0.18487536376188274, 
    0.019255670948298463, 
    0.04862326646565392, 
    0.05951190693683151, 
    0.14792145676958346, 
    0.016196101930834938, 
    0, 
    0.0707449109175143
   ], 
   [
    0.1331193152940526, 
    0.08589373004667121, 
    0.1694919580393389, 
    0.04425785986653997, 
    0.09592033709709677, 
    0.05260838289744477, 
    0.19655730510556205, 
    0.0418388450934145, 
    0.13964065298457948, 
    0.04067161357529957, 
    0
   ]
  ]
 }, 
 "vehicle_capacities": [
  15, 
  15, 
  15, 
  30, 
  30, 
  30, 
  30, 
  30, 
  30, 
  30, 
  30
 ]
}