{
 "vehicle_cost_per_km": [
  5, 
  5, 
  5, 
  5, 
  5
 ], 
 "runs": [
  {
   "avg_task_cost_vs_number_of_task": [
    2404, 
    1875.75, 
    1953.5, 
    1555.75, 
    1474.6, 
    1228.8333333333333, 
    1053.2857142857142, 
    928.875, 
    865.9444444444445, 
    822.3, 
    747.5454545454545, 
    685.25, 
    632.5384615384615, 
    618.2142857142857, 
    548.2, 
    546.40625, 
    554.1764705882352, 
    490.27777777777777, 
    442.42105263157896, 
    454.95, 
    465.14285714285717, 
    483.0909090909092, 
    459.60869565217394, 
    490.25000000000017, 
    441.88, 
    398.34615384615387, 
    517.9629629629629, 
    498.9642857142857, 
    458.27586206896547, 
    473.79999999999995
   ], 
   "number_of_vehicles": 2
  }, 
  {
   "avg_task_cost_vs_number_of_task": [
    2389, 
    1868.25, 
    1948.5, 
    1552, 
    1471.6, 
    1238.5, 
    1051.142857142857, 
    928.875, 
    865.9444444444445, 
    822.3, 
    747.5454545454545, 
    685.75, 
    640.7307692307693, 
    645.9285714285714, 
    577.9333333333333, 
    513.9375, 
    534.2352941176471, 
    504.97222222222223, 
    495.8421052631579, 
    521.55, 
    416.8095238095238, 
    454.1818181818182, 
    451.39130434782606, 
    467.29166666666674, 
    537.0400000000002, 
    451.3846153846155, 
    476.7037037037037, 
    504.60714285714283, 
    432.2758620689656, 
    399.68333333333334
   ], 
   "number_of_vehicles": 3
  }, 
  {
   "avg_task_cost_vs_number_of_task": [
    2389, 
    1868.25, 
    1948.5, 
    1552, 
    1471.6, 
    1228.8333333333333, 
    1051.142857142857, 
    1038.375, 
    865.9444444444445, 
    822.3, 
    758.9090909090909, 
    695.6666666666666, 
    665.7692307692307, 
    618.2142857142857, 
    548.2, 
    588.8125, 
    531.2352941176471, 
    508.6666666666667, 
    511.94736842105266, 
    529.3, 
    438.7857142857143, 
    496.27272727272737, 
    537.1304347826087, 
    493.2916666666667, 
    464.08, 
    447.8076923076923, 
    456.35185185185185, 
    429.82142857142856, 
    482.24137931034477, 
    521.5666666666666
   ], 
   "number_of_vehicles": 4
  }, 
  {
   "avg_task_cost_vs_number_of_task": [
    2389, 
    1440.75, 
    1715.5, 
    1377.25, 
    1307, 
    1226.3333333333333, 
    1051.142857142857, 
    928.875, 
    865.9444444444445, 
    743.1, 
    675.5454545454545, 
    648.1666666666666, 
    647.3846153846154, 
    618.2142857142857, 
    554.9, 
    522.4375, 
    489.61764705882354, 
    481.69444444444446, 
    478, 
    469.5, 
    491.7142857142858, 
    438.95454545454544, 
    491.2608695652174, 
    494.375, 
    463.98, 
    434.2307692307692, 
    494.33333333333326, 
    394.89285714285717, 
    486.8965517241381, 
    507.99999999999994
   ], 
   "number_of_vehicles": 5
  }
 ], 
 "vehicle_starting_positions": [
  "London", 
  "Liverpool", 
  "Cardiff", 
  "Norwich", 
  "Newcastle", 
  "Birmingham", 
  "Sheffield", 
  "Portsmouth", 
  "Manchester", 
  "Leeds", 
  "Plymouth"
 ], 
 "task_distribution": {
  "distance_matrix": [
   [
    0, 
    345, 
    477.8, 
    348, 
    209.9, 
    233, 
    246.5, 
    205.2, 
    115, 
    244.6, 
    307.8
   ], 
   [
    345, 
    0, 
    592.8, 
    463, 
    205.7, 
    348, 
    98.5, 
    139.8, 
    230, 
    171, 
    422.8
   ], 
   [
    477.8, 
    592.8, 
    0, 
    359.8, 
    457.7, 
    244.8, 
    494.3, 
    453, 
    362.8, 
    492.4, 
    170
   ], 
   [
    348, 
    463, 
    359.8, 
    0, 
    327.9, 
    115, 
    364.5, 
    323.2, 
    233, 
    362.6, 
    189.8
   ], 
   [
    209.9, 
    205.7, 
    457.7, 
    327.9, 
    0, 
    212.9, 
    107.2, 
    148.5, 
    94.9, 
    34.7, 
    287.7
   ], 
   [
    233, 
    348, 
    244.8, 
    115, 
    212.9, 
    0, 
    249.5, 
    208.2, 
    118, 
    247.6, 
    74.8
   ], 
   [
    246.5, 
    98.5, 
    494.3, 
    364.5, 
    107.2, 
    249.5, 
    0, 
    41.3, 
    131.5, 
    72.5, 
    324.3
   ], 
   [
    205.2, 
    139.8, 
    453, 
    323.2, 
    148.5, 
    208.2, 
    41.3, 
    0, 
    90.2, 
    113.8, 
    283
   ], 
   [
    115, 
    230, 
    362.8, 
    233, 
    94.9, 
    118, 
    131.5, 
    90.2, 
    0, 
    129.6, 
    192.8
   ], 
   [
    244.6, 
    171, 
    492.4, 
    362.6, 
    34.7, 
    247.6, 
    72.5, 
    113.8, 
    129.6, 
    0, 
    322.4
   ], 
   [
    307.8, 
    422.8, 
    170, 
    189.8, 
    287.7, 
    74.8, 
    324.3, 
    283, 
    192.8, 
    322.4, 
    0
   ]
  ], 
  "weight_matrix": [
   [
    0, 
    3, 
    3, 
    3, 
    3, 
    3, 
    3, 
    3, 
    3, 
    3, 
    3
   ], 
   [
    3, 
    0, 
    3, 
    3, 
    3, 
    3, 
    3, 
    3, 
    3, 
    3, 
    3
   ], 
   [
    3, 
    3, 
    0, 
    3, 
    3, 
    3, 
    3, 
    3, 
    3, 
    3, 
    3
   ], 
   [
    3, 
    3, 
    3, 
    0, 
    3, 
    3, 
    3, 
    3, 
    3, 
    3, 
    3
   ], 
   [
    3, 
    3, 
    3, 
    3, 
    0, 
    3, 
    3, 
    3, 
    3, 
    3, 
    3
   ], 
   [
    3, 
    3, 
    3, 
    3, 
    3, 
    0, 
    3, 
    3, 
    3, 
    3, 
    3
   ], 
   [
    3, 
    3, 
    3, 
    3, 
    3, 
    3, 
    0, 
    3, 
    3, 
    3, 
    3
   ], 
   [
    3, 
    3, 
    3, 
    3, 
    3, 
    3, 
    3, 
    0, 
    3, 
    3, 
    3
   ], 
   [
    3, 
    3, 
    3, 
    3, 
    3, 
    3, 
    3, 
    3, 
    0, 
    3, 
    3
   ], 
   [
    3, 
    3, 
    3, 
    3, 
    3, 
    3, 
    3, 
    3, 
    3, 
    0, 
    3
   ], 
   [
    3, 
    3, 
    3, 
    3, 
    3, 
    3, 
    3, 
    3, 
    3, 
    3, 
    0
   ]
  ], 
  "city_names": [
   "Cardiff", 
   "Newcastle", 
   "Plymouth", 
   "Norwich", 
   "Manchester", 
   "London", 
   "Leeds", 
   "Sheffield", 
   "Birmingham", 
   "Liverpool", 
   "Portsmouth"
  ], 
  "reward_matrix": [
   [
    0, 
    44455, 
    20684, 
    43918, 
    68638, 
    64503, 
    62087, 
    69479, 
    85625, 
    62427, 
    51114
   ], 
   [
    44455, 
    0, 
    100, 
    23333, 
    69390, 
    43918, 
    88578, 
    81186, 
    65040, 
    75601, 
    30529
   ], 
   [
    20684, 
    100, 
    0, 
    41806, 
    24282, 
    62391, 
    17731, 
    25123, 
    41269, 
    18071, 
    75780
   ], 
   [
    43918, 
    23333, 
    41806, 
    0, 
    47516, 
    85625, 
    40965, 
    48357, 
    64503, 
    41305, 
    72236
   ], 
   [
    68638, 
    69390, 
    24282, 
    47516, 
    0, 
    68101, 
    87021, 
    79628, 
    89223, 
    99999, 
    54712
   ], 
   [
    64503, 
    43918, 
    62391, 
    85625, 
    68101, 
    0, 
    61550, 
    68942, 
    85088, 
    61890, 
    92821
   ], 
   [
    62087, 
    88578, 
    17731, 
    40965, 
    87021, 
    61550, 
    0, 
    98817, 
    82671, 
    93232, 
    48161
   ], 
   [
    69479, 
    81186, 
    25123, 
    48357, 
    79628, 
    68942, 
    98817, 
    0, 
    90064, 
    85840, 
    55553
   ], 
   [
    85625, 
    65040, 
    41269, 
    64503, 
    89223, 
    85088, 
    82671, 
    90064, 
    0, 
    83012, 
    71699
   ], 
   [
    62427, 
    75601, 
    18071, 
    41305, 
    99999, 
    61890, 
    93232, 
    85840, 
    83012, 
    0, 
    48501
   ], 
   [
    51114, 
    30529, 
    75780, 
    72236, 
    54712, 
    92821, 
    48161, 
    55553, 
    71699, 
    48501, 
    0
   ]
  ], 
  "probability_matrix": [
   [
    0, 
    0.11000323125639927, 
    0.01667314651951776, 
    0.04136309939310139, 
    0.15986982649267834, 
    0.07073731444752696, 
    0.05472653325854732, 
    0.00800702581078049, 
    0.19481966302959633, 
    0.2891867254245616, 
    0.05461343436729048
   ], 
   [
    0.053198663059970515, 
    0, 
    0.07895202420477794, 
    0.037733705881259995, 
    0.17544121890515596, 
    0.2047197270274812, 
    0.1392659412552713, 
    0.007224315462755458, 
    0.12271642227155333, 
    0.15881927012490824, 
    0.02192871180686604
   ], 
   [
    0.18556275822025126, 
    0.017266930810350994, 
    0, 
    0.15837890574782137, 
    0.17387907885004036, 
    0.12510524571887888, 
    0.06690306193211656, 
    0.11566608594412309, 
    0.06921259776309881, 
    0.06661018598226469, 
    0.02141514903105391
   ], 
   [
    0.16237654323847253, 
    0.09425986519451199, 
    0.13519621540800367, 
    0, 
    0.07908450643934861, 
    0.14100364121255451, 
    0.07743701455447435, 
    0.004248964381939623, 
    0.061747703183234075, 
    0.13001534773169623, 
    0.11463019865576443
   ], 
   [
    0.1236986216339283, 
    0.1290674131421961, 
    0.13038777009328928, 
    0.13084630105152775, 
    0, 
    0.0013131629830365858, 
    0.11958167104238925, 
    0.07294741098964862, 
    0.0427238614815864, 
    0.16139937379085065, 
    0.08803441379154707
   ], 
   [
    0.04051046427239823, 
    0.1179498320603455, 
    0.07519706527300028, 
    0.11960341733774506, 
    0.12221112157804771, 
    0, 
    0.1359279003477373, 
    0.04134606642722024, 
    0.12890297064244158, 
    0.08981277360903474, 
    0.12853838845202922
   ], 
   [
    0.030474956921546486, 
    0.024034282336426273, 
    0.03228735637675566, 
    0.15034342757964003, 
    0.09999323780530756, 
    0.14722064137482666, 
    0, 
    0.09748100505704232, 
    0.144580784506319, 
    0.12400457265823267, 
    0.14957973538390346
   ], 
   [
    0.11889821393327663, 
    0.03827530775069358, 
    0.17722093114563503, 
    0.09926309756898154, 
    0.10524445786709737, 
    0.14666311079971633, 
    0.05530869955379095, 
    0, 
    0.06527186821590726, 
    0.09850275780591447, 
    0.09535155535898672
   ], 
   [
    0.037806721924682346, 
    0.18254795749320374, 
    0.15509603264038038, 
    0.1726035219975968, 
    0.06114044235793211, 
    0.08336067922622009, 
    0.03247251881561417, 
    0.17551904619135061, 
    0, 
    0.08901843433788693, 
    0.010434645015132932
   ], 
   [
    0.04877078585578963, 
    0.09738037495596587, 
    0.136310025953945, 
    0.15600857507848617, 
    0.10453227396679682, 
    0.13606374081167055, 
    0.07918163319505186, 
    0.07397932426490537, 
    0.02828643378928862, 
    0, 
    0.13948683212809992
   ], 
   [
    0.1425236399817587, 
    0.0170822191537955, 
    0.016345158882326304, 
    0.10497502807738836, 
    0.08898230106001924, 
    0.17392502086090536, 
    0.1688602488683997, 
    0.08665695653539313, 
    0.19399061932423586, 
    0.006658807255777891, 
    0
   ]
  ]
 }, 
 "vehicle_capacities": [
  30, 
  30, 
  30, 
  30, 
  30
 ]
}