{
 "vehicle_cost_per_km": [
  5, 
  5, 
  5, 
  5, 
  5
 ], 
 "runs": [
  {
   "avg_task_cost_vs_number_of_task": [
    2315, 
    1807.5, 
    1393.6666666666667, 
    1332.75, 
    1089, 
    914.5, 
    828.2857142857143, 
    781.125, 
    759.8888888888889, 
    731.5, 
    768.6363636363636, 
    790.1666666666666, 
    846.1538461538462, 
    775.7857142857143, 
    783.0666666666667, 
    770.0625, 
    768.5294117647059, 
    770.5, 
    744.0526315789473, 
    768.2499999999999, 
    775.7619047619046, 
    754.6818181818181, 
    796.2173913043479, 
    760.375, 
    720.12, 
    763.5, 
    690.6296296296297, 
    718.5357142857143, 
    705.4137931034483, 
    686.5
   ], 
   "number_of_vehicles": 3
  }
 ], 
 "vehicle_starting_positions": [
  "Newcastle", 
  "Cardiff", 
  "Plymouth", 
  "Norwich", 
  "Manchester", 
  "London", 
  "Leeds", 
  "Sheffield", 
  "Birmingham", 
  "Liverpool", 
  "Portsmouth"
 ], 
 "task_distribution": {
  "distance_matrix": [
   [
    0, 
    345, 
    477.8, 
    348, 
    209.9, 
    233, 
    246.5, 
    205.2, 
    115, 
    244.6, 
    307.8
   ], 
   [
    345, 
    0, 
    592.8, 
    463, 
    205.7, 
    348, 
    98.5, 
    139.8, 
    230, 
    171, 
    422.8
   ], 
   [
    477.8, 
    592.8, 
    0, 
    359.8, 
    457.7, 
    244.8, 
    494.3, 
    453, 
    362.8, 
    492.4, 
    170
   ], 
   [
    348, 
    463, 
    359.8, 
    0, 
    327.9, 
    115, 
    364.5, 
    323.2, 
    233, 
    362.6, 
    189.8
   ], 
   [
    209.9, 
    205.7, 
    457.7, 
    327.9, 
    0, 
    212.9, 
    107.2, 
    148.5, 
    94.9, 
    34.7, 
    287.7
   ], 
   [
    233, 
    348, 
    244.8, 
    115, 
    212.9, 
    0, 
    249.5, 
    208.2, 
    118, 
    247.6, 
    74.8
   ], 
   [
    246.5, 
    98.5, 
    494.3, 
    364.5, 
    107.2, 
    249.5, 
    0, 
    41.3, 
    131.5, 
    72.5, 
    324.3
   ], 
   [
    205.2, 
    139.8, 
    453, 
    323.2, 
    148.5, 
    208.2, 
    41.3, 
    0, 
    90.2, 
    113.8, 
    283
   ], 
   [
    115, 
    230, 
    362.8, 
    233, 
    94.9, 
    118, 
    131.5, 
    90.2, 
    0, 
    129.6, 
    192.8
   ], 
   [
    244.6, 
    171, 
    492.4, 
    362.6, 
    34.7, 
    247.6, 
    72.5, 
    113.8, 
    129.6, 
    0, 
    322.4
   ], 
   [
    307.8, 
    422.8, 
    170, 
    189.8, 
    287.7, 
    74.8, 
    324.3, 
    283, 
    192.8, 
    322.4, 
    0
   ]
  ], 
  "weight_matrix": [
   [
    0, 
    3, 
    3, 
    3, 
    3, 
    3, 
    3, 
    3, 
    3, 
    3, 
    3
   ], 
   [
    3, 
    0, 
    3, 
    3, 
    3, 
    3, 
    3, 
    3, 
    3, 
    3, 
    3
   ], 
   [
    3, 
    3, 
    0, 
    3, 
    3, 
    3, 
    3, 
    3, 
    3, 
    3, 
    3
   ], 
   [
    3, 
    3, 
    3, 
    0, 
    3, 
    3, 
    3, 
    3, 
    3, 
    3, 
    3
   ], 
   [
    3, 
    3, 
    3, 
    3, 
    0, 
    3, 
    3, 
    3, 
    3, 
    3, 
    3
   ], 
   [
    3, 
    3, 
    3, 
    3, 
    3, 
    0, 
    3, 
    3, 
    3, 
    3, 
    3
   ], 
   [
    3, 
    3, 
    3, 
    3, 
    3, 
    3, 
    0, 
    3, 
    3, 
    3, 
    3
   ], 
   [
    3, 
    3, 
    3, 
    3, 
    3, 
    3, 
    3, 
    0, 
    3, 
    3, 
    3
   ], 
   [
    3, 
    3, 
    3, 
    3, 
    3, 
    3, 
    3, 
    3, 
    0, 
    3, 
    3
   ], 
   [
    3, 
    3, 
    3, 
    3, 
    3, 
    3, 
    3, 
    3, 
    3, 
    0, 
    3
   ], 
   [
    3, 
    3, 
    3, 
    3, 
    3, 
    3, 
    3, 
    3, 
    3, 
    3, 
    0
   ]
  ], 
  "city_names": [
   "Cardiff", 
   "Newcastle", 
   "Plymouth", 
   "Norwich", 
   "Manchester", 
   "London", 
   "Leeds", 
   "Sheffield", 
   "Birmingham", 
   "Liverpool", 
   "Portsmouth"
  ], 
  "reward_matrix": [
   [
    0, 
    44455, 
    20684, 
    43918, 
    68638, 
    64503, 
    62087, 
    69479, 
    85625, 
    62427, 
    51114
   ], 
   [
    44455, 
    0, 
    100, 
    23333, 
    69390, 
    43918, 
    88578, 
    81186, 
    65040, 
    75601, 
    30529
   ], 
   [
    20684, 
    100, 
    0, 
    41806, 
    24282, 
    62391, 
    17731, 
    25123, 
    41269, 
    18071, 
    75780
   ], 
   [
    43918, 
    23333, 
    41806, 
    0, 
    47516, 
    85625, 
    40965, 
    48357, 
    64503, 
    41305, 
    72236
   ], 
   [
    68638, 
    69390, 
    24282, 
    47516, 
    0, 
    68101, 
    87021, 
    79628, 
    89223, 
    99999, 
    54712
   ], 
   [
    64503, 
    43918, 
    62391, 
    85625, 
    68101, 
    0, 
    61550, 
    68942, 
    85088, 
    61890, 
    92821
   ], 
   [
    62087, 
    88578, 
    17731, 
    40965, 
    87021, 
    61550, 
    0, 
    98817, 
    82671, 
    93232, 
    48161
   ], 
   [
    69479, 
    81186, 
    25123, 
    48357, 
    79628, 
    68942, 
    98817, 
    0, 
    90064, 
    85840, 
    55553
   ], 
   [
    85625, 
    65040, 
    41269, 
    64503, 
    89223, 
    85088, 
    82671, 
    90064, 
    0, 
    83012, 
    71699
   ], 
   [
    62427, 
    75601, 
    18071, 
    41305, 
    99999, 
    61890, 
    93232, 
    85840, 
    83012, 
    0, 
    48501
   ], 
   [
    51114, 
    30529, 
    75780, 
    72236, 
    54712, 
    92821, 
    48161, 
    55553, 
    71699, 
    48501, 
    0
   ]
  ], 
  "probability_matrix": [
   [
    0, 
    0.061258969341727025, 
    0.1632237502987962, 
    0.1591621486395633, 
    0.011687802130177605, 
    0.0729814787031038, 
    0.0756743342819517, 
    0.20097235002992, 
    0.001174541146353744, 
    0.13468280389172604, 
    0.11918182153668055
   ], 
   [
    0.12420537132673674, 
    0, 
    0.09810573878536825, 
    0.07853213650332277, 
    0.03867167626169072, 
    0.18258486843530866, 
    0.16994352273598193, 
    0.058280281226089414, 
    0.07544013752589308, 
    0.0962963330641022, 
    0.07793993413550593
   ], 
   [
    0.016941788090271137, 
    0.12844102383430245, 
    0, 
    0.07881105494368416, 
    0.000954767177231124, 
    0.10569654157451576, 
    0.16252405735947867, 
    0.1959876728433133, 
    0.03589486695648062, 
    0.15803832568090528, 
    0.1167099015398173
   ], 
   [
    0.18514039918087508, 
    0.07113676718154753, 
    0.06800740840586272, 
    0, 
    0.16238620628860023, 
    0.1488875868063622, 
    0.038630144064763304, 
    0.06760283410682046, 
    0.13251197674931176, 
    0.029024770412211486, 
    0.0966719068036454
   ], 
   [
    0.028628350241916956, 
    0.1382052665400503, 
    0.10851242731112425, 
    0.0912389251191047, 
    0, 
    0.029675015745205247, 
    0.13373898259080624, 
    0.04145787634271967, 
    0.14416701260663164, 
    0.10736864341440167, 
    0.1770075000880394
   ], 
   [
    0.05106922547753331, 
    0.029540301657516855, 
    0.07506201725741696, 
    0.09326220851766179, 
    0.16805597517960724, 
    0, 
    0.08504440840491455, 
    0.14814747585734558, 
    0.13084292466686995, 
    0.1544931877947042, 
    0.0644822751864296
   ], 
   [
    0.07791879060485563, 
    0.10718081111117127, 
    0.05896207156272889, 
    0.10559284591039694, 
    0.04111615135890057, 
    0.1952196971670324, 
    0, 
    0.03923516317050583, 
    0.09526417189031738, 
    0.15060377422740714, 
    0.128906522996684
   ], 
   [
    0.16784258167575508, 
    0.0695579594782476, 
    0.0755165211233047, 
    0.11660938219585334, 
    0.11003235972632022, 
    0.15429976207644244, 
    0.03483138715591418, 
    0, 
    0.05094420887522123, 
    0.08688462415530279, 
    0.13348121353763823
   ], 
   [
    0.15175459512266426, 
    0.16176562486072718, 
    0.12886319676109245, 
    0.14329266478385375, 
    0.0192070021943825, 
    0.09011937773420539, 
    0.01850905507801703, 
    0.07078823309483251, 
    0, 
    0.1861227445297597, 
    0.02957750584046537
   ], 
   [
    0.00023783726147555664, 
    0.048601853316525986, 
    0.15049853378853484, 
    0.17256226835010155, 
    0.052876467047778895, 
    0.1883658491260196, 
    0.11376358661424078, 
    0.06064649472168068, 
    0.06825976695648735, 
    0, 
    0.1441873428171548
   ], 
   [
    0.1090716553475566, 
    0.08924834498830829, 
    0.184387286457978, 
    0.006931674342000078, 
    0.027391236798360384, 
    0.15664796348521068, 
    0.03891179661121152, 
    0.1841109092080809, 
    0.17314095395114393, 
    0.030158178810149597, 
    0
   ]
  ]
 }, 
 "vehicle_capacities": [
  10, 
  10, 
  10, 
  30, 
  30, 
  30, 
  30, 
  30, 
  30, 
  30, 
  30
 ]
}