{
 "vehicle_cost_per_km": [
  5, 
  5, 
  5, 
  5, 
  5
 ], 
 "runs": [
  {
   "avg_task_cost_vs_number_of_task": [
    2114, 
    1233.5, 
    822.3333333333334, 
    703.5, 
    732.8, 
    802.3333333333334, 
    737.2857142857143, 
    771.375, 
    724.2222222222222, 
    651.8, 
    626.3636363636364, 
    661.9166666666666, 
    645.6153846153846, 
    669.8571428571429, 
    669.4666666666667, 
    643.3125, 
    611.4705882352941, 
    651.7222222222222, 
    636, 
    621.55, 
    671.0952380952381, 
    641.7727272727273, 
    741.2608695652174, 
    715.1458333333334, 
    751.8, 
    741.2692307692307, 
    712.7777777777778, 
    702.0357142857143, 
    764.8620689655172, 
    703.7666666666667
   ], 
   "number_of_vehicles": 3
  }
 ], 
 "vehicle_starting_positions": [
  "Newcastle", 
  "Cardiff", 
  "Plymouth", 
  "Norwich", 
  "Manchester", 
  "London", 
  "Leeds", 
  "Sheffield", 
  "Birmingham", 
  "Liverpool", 
  "Portsmouth"
 ], 
 "task_distribution": {
  "distance_matrix": [
   [
    0, 
    345, 
    477.8, 
    348, 
    209.9, 
    233, 
    246.5, 
    205.2, 
    115, 
    244.6, 
    307.8
   ], 
   [
    345, 
    0, 
    592.8, 
    463, 
    205.7, 
    348, 
    98.5, 
    139.8, 
    230, 
    171, 
    422.8
   ], 
   [
    477.8, 
    592.8, 
    0, 
    359.8, 
    457.7, 
    244.8, 
    494.3, 
    453, 
    362.8, 
    492.4, 
    170
   ], 
   [
    348, 
    463, 
    359.8, 
    0, 
    327.9, 
    115, 
    364.5, 
    323.2, 
    233, 
    362.6, 
    189.8
   ], 
   [
    209.9, 
    205.7, 
    457.7, 
    327.9, 
    0, 
    212.9, 
    107.2, 
    148.5, 
    94.9, 
    34.7, 
    287.7
   ], 
   [
    233, 
    348, 
    244.8, 
    115, 
    212.9, 
    0, 
    249.5, 
    208.2, 
    118, 
    247.6, 
    74.8
   ], 
   [
    246.5, 
    98.5, 
    494.3, 
    364.5, 
    107.2, 
    249.5, 
    0, 
    41.3, 
    131.5, 
    72.5, 
    324.3
   ], 
   [
    205.2, 
    139.8, 
    453, 
    323.2, 
    148.5, 
    208.2, 
    41.3, 
    0, 
    90.2, 
    113.8, 
    283
   ], 
   [
    115, 
    230, 
    362.8, 
    233, 
    94.9, 
    118, 
    131.5, 
    90.2, 
    0, 
    129.6, 
    192.8
   ], 
   [
    244.6, 
    171, 
    492.4, 
    362.6, 
    34.7, 
    247.6, 
    72.5, 
    113.8, 
    129.6, 
    0, 
    322.4
   ], 
   [
    307.8, 
    422.8, 
    170, 
    189.8, 
    287.7, 
    74.8, 
    324.3, 
    283, 
    192.8, 
    322.4, 
    0
   ]
  ], 
  "weight_matrix": [
   [
    0, 
    3, 
    3, 
    3, 
    3, 
    3, 
    3, 
    3, 
    3, 
    3, 
    3
   ], 
   [
    3, 
    0, 
    3, 
    3, 
    3, 
    3, 
    3, 
    3, 
    3, 
    3, 
    3
   ], 
   [
    3, 
    3, 
    0, 
    3, 
    3, 
    3, 
    3, 
    3, 
    3, 
    3, 
    3
   ], 
   [
    3, 
    3, 
    3, 
    0, 
    3, 
    3, 
    3, 
    3, 
    3, 
    3, 
    3
   ], 
   [
    3, 
    3, 
    3, 
    3, 
    0, 
    3, 
    3, 
    3, 
    3, 
    3, 
    3
   ], 
   [
    3, 
    3, 
    3, 
    3, 
    3, 
    0, 
    3, 
    3, 
    3, 
    3, 
    3
   ], 
   [
    3, 
    3, 
    3, 
    3, 
    3, 
    3, 
    0, 
    3, 
    3, 
    3, 
    3
   ], 
   [
    3, 
    3, 
    3, 
    3, 
    3, 
    3, 
    3, 
    0, 
    3, 
    3, 
    3
   ], 
   [
    3, 
    3, 
    3, 
    3, 
    3, 
    3, 
    3, 
    3, 
    0, 
    3, 
    3
   ], 
   [
    3, 
    3, 
    3, 
    3, 
    3, 
    3, 
    3, 
    3, 
    3, 
    0, 
    3
   ], 
   [
    3, 
    3, 
    3, 
    3, 
    3, 
    3, 
    3, 
    3, 
    3, 
    3, 
    0
   ]
  ], 
  "city_names": [
   "Cardiff", 
   "Newcastle", 
   "Plymouth", 
   "Norwich", 
   "Manchester", 
   "London", 
   "Leeds", 
   "Sheffield", 
   "Birmingham", 
   "Liverpool", 
   "Portsmouth"
  ], 
  "reward_matrix": [
   [
    0, 
    44455, 
    20684, 
    43918, 
    68638, 
    64503, 
    62087, 
    69479, 
    85625, 
    62427, 
    51114
   ], 
   [
    44455, 
    0, 
    100, 
    23333, 
    69390, 
    43918, 
    88578, 
    81186, 
    65040, 
    75601, 
    30529
   ], 
   [
    20684, 
    100, 
    0, 
    41806, 
    24282, 
    62391, 
    17731, 
    25123, 
    41269, 
    18071, 
    75780
   ], 
   [
    43918, 
    23333, 
    41806, 
    0, 
    47516, 
    85625, 
    40965, 
    48357, 
    64503, 
    41305, 
    72236
   ], 
   [
    68638, 
    69390, 
    24282, 
    47516, 
    0, 
    68101, 
    87021, 
    79628, 
    89223, 
    99999, 
    54712
   ], 
   [
    64503, 
    43918, 
    62391, 
    85625, 
    68101, 
    0, 
    61550, 
    68942, 
    85088, 
    61890, 
    92821
   ], 
   [
    62087, 
    88578, 
    17731, 
    40965, 
    87021, 
    61550, 
    0, 
    98817, 
    82671, 
    93232, 
    48161
   ], 
   [
    69479, 
    81186, 
    25123, 
    48357, 
    79628, 
    68942, 
    98817, 
    0, 
    90064, 
    85840, 
    55553
   ], 
   [
    85625, 
    65040, 
    41269, 
    64503, 
    89223, 
    85088, 
    82671, 
    90064, 
    0, 
    83012, 
    71699
   ], 
   [
    62427, 
    75601, 
    18071, 
    41305, 
    99999, 
    61890, 
    93232, 
    85840, 
    83012, 
    0, 
    48501
   ], 
   [
    51114, 
    30529, 
    75780, 
    72236, 
    54712, 
    92821, 
    48161, 
    55553, 
    71699, 
    48501, 
    0
   ]
  ], 
  "probability_matrix": [
   [
    0, 
    0.11602604131061008, 
    0.1340836868235056, 
    0.1049662113139763, 
    0.17684448313569695, 
    0.03963065329331786, 
    0.06419551043745692, 
    0.04494245388067734, 
    0.022644709460419188, 
    0.23747864052676548, 
    0.059187609817574476
   ], 
   [
    0.0787123902613071, 
    0, 
    0.05028301528421997, 
    0.16555182413258882, 
    0.15607849554014727, 
    0.013083464927226604, 
    0.17392634063222245, 
    0.02098614089434063, 
    0.14320702698499646, 
    0.13742311562257328, 
    0.06074818572037753
   ], 
   [
    0.043366394460137694, 
    0.04211067290707457, 
    0, 
    0.042224162848147895, 
    0.08692960940986279, 
    0.15344677734054443, 
    0.18799092078936697, 
    0.18895254170902612, 
    0.14181094217829193, 
    0.10169323056643986, 
    0.011474747791107718
   ], 
   [
    0.09529197036315874, 
    0.03541455250290525, 
    0.11571670075999214, 
    0, 
    0.06215856171514475, 
    0.1845006912896227, 
    0.04679370507755078, 
    0.12361346702076498, 
    0.08211860196065504, 
    0.1780344405158871, 
    0.0763573087943185
   ], 
   [
    0.054345975834982164, 
    0.12754712275335314, 
    0.13757801047145143, 
    0.031190398453987307, 
    0, 
    0.06115492516855558, 
    0.015091228166689511, 
    0.19144013218028272, 
    0.032539466287223956, 
    0.16088528790473855, 
    0.1882274527787355
   ], 
   [
    0.14004327467584932, 
    0.07640248012257697, 
    0.14034365126301834, 
    0.06663556876784477, 
    0.07817185173456932, 
    0, 
    0.07385939725462488, 
    0.100274895693624, 
    0.07481667742026073, 
    0.14592563708364575, 
    0.10352656598398585
   ], 
   [
    0.08144132697085231, 
    0.044014672565878626, 
    0.04557972566433232, 
    0.1239626902292525, 
    0.1409151105066189, 
    0.16076978622857754, 
    0, 
    0.07695889957257894, 
    0.1427614169311108, 
    0.04254545140175919, 
    0.14105091992903873
   ], 
   [
    0.12950385912782125, 
    0.12509242089526226, 
    0.037436850904370426, 
    0.04901354808847458, 
    0.1398680250181602, 
    0.15447588299545836, 
    0.19462712569334378, 
    0, 
    0.08200778436702649, 
    0.07909675484820552, 
    0.008877748061876875
   ], 
   [
    0.14132199460662442, 
    0.01126130711465718, 
    0.03444603206298031, 
    0.16896289804618334, 
    0.03257974165576342, 
    0.07278404583760043, 
    0.2130705908264857, 
    0.0393413171629189, 
    0, 
    0.15783629331479168, 
    0.12839577937199456
   ], 
   [
    0.048327674157238244, 
    0.08007694234189124, 
    0.05559161978661562, 
    0.09977555258762742, 
    0.15135741944847084, 
    0.09977838042660886, 
    0.016543776213894433, 
    0.14099669867214168, 
    0.16253107691806784, 
    0, 
    0.14502085944744372
   ], 
   [
    0.19394038900887703, 
    0.07085611666018915, 
    0.01463727251420211, 
    0.1263336064148868, 
    0.016653022450304346, 
    0.11785504916114829, 
    0.12477800905349835, 
    0.06388031990882205, 
    0.14870090821889675, 
    0.12236530660917505, 
    0
   ]
  ]
 }, 
 "vehicle_capacities": [
  10, 
  10, 
  10, 
  30, 
  30, 
  30, 
  30, 
  30, 
  30, 
  30, 
  30
 ]
}