{
 "vehicle_cost_per_km": [
  5, 
  5, 
  5, 
  5, 
  5, 
  5, 
  5, 
  5, 
  5, 
  5, 
  5
 ], 
 "runs": [
  {
   "avg_task_cost_vs_number_of_task": [
    2078, 
    1223, 
    815.3333333333334, 
    999.5, 
    799.6, 
    724.1666666666666, 
    702.5, 
    992.875, 
    882.5555555555555, 
    894.9, 
    813.5454545454545, 
    811.0833333333334, 
    758.6923076923077, 
    741.3571428571429, 
    703.5, 
    772.375, 
    631.2941176470588, 
    596.2222222222222, 
    613.3157894736842, 
    582.65, 
    746.4285714285714, 
    628.7045454545454, 
    558.695652173913, 
    581.2916666666666, 
    582.02, 
    596.3846153846154, 
    599.8333333333331, 
    587.875, 
    533.5517241379312, 
    563.1166666666667
   ], 
   "number_of_vehicles": 3
  }
 ], 
 "vehicle_starting_positions": [
  "Newcastle", 
  "Cardiff", 
  "Plymouth", 
  "Norwich", 
  "Manchester", 
  "London", 
  "Leeds", 
  "Sheffield", 
  "Birmingham", 
  "Liverpool", 
  "Portsmouth"
 ], 
 "task_distribution": {
  "distance_matrix": [
   [
    0, 
    345, 
    477.8, 
    348, 
    209.9, 
    233, 
    246.5, 
    205.2, 
    115, 
    244.6, 
    307.8
   ], 
   [
    345, 
    0, 
    592.8, 
    463, 
    205.7, 
    348, 
    98.5, 
    139.8, 
    230, 
    171, 
    422.8
   ], 
   [
    477.8, 
    592.8, 
    0, 
    359.8, 
    457.7, 
    244.8, 
    494.3, 
    453, 
    362.8, 
    492.4, 
    170
   ], 
   [
    348, 
    463, 
    359.8, 
    0, 
    327.9, 
    115, 
    364.5, 
    323.2, 
    233, 
    362.6, 
    189.8
   ], 
   [
    209.9, 
    205.7, 
    457.7, 
    327.9, 
    0, 
    212.9, 
    107.2, 
    148.5, 
    94.9, 
    34.7, 
    287.7
   ], 
   [
    233, 
    348, 
    244.8, 
    115, 
    212.9, 
    0, 
    249.5, 
    208.2, 
    118, 
    247.6, 
    74.8
   ], 
   [
    246.5, 
    98.5, 
    494.3, 
    364.5, 
    107.2, 
    249.5, 
    0, 
    41.3, 
    131.5, 
    72.5, 
    324.3
   ], 
   [
    205.2, 
    139.8, 
    453, 
    323.2, 
    148.5, 
    208.2, 
    41.3, 
    0, 
    90.2, 
    113.8, 
    283
   ], 
   [
    115, 
    230, 
    362.8, 
    233, 
    94.9, 
    118, 
    131.5, 
    90.2, 
    0, 
    129.6, 
    192.8
   ], 
   [
    244.6, 
    171, 
    492.4, 
    362.6, 
    34.7, 
    247.6, 
    72.5, 
    113.8, 
    129.6, 
    0, 
    322.4
   ], 
   [
    307.8, 
    422.8, 
    170, 
    189.8, 
    287.7, 
    74.8, 
    324.3, 
    283, 
    192.8, 
    322.4, 
    0
   ]
  ], 
  "weight_matrix": [
   [
    0, 
    3, 
    3, 
    3, 
    3, 
    3, 
    3, 
    3, 
    3, 
    3, 
    3
   ], 
   [
    3, 
    0, 
    3, 
    3, 
    3, 
    3, 
    3, 
    3, 
    3, 
    3, 
    3
   ], 
   [
    3, 
    3, 
    0, 
    3, 
    3, 
    3, 
    3, 
    3, 
    3, 
    3, 
    3
   ], 
   [
    3, 
    3, 
    3, 
    0, 
    3, 
    3, 
    3, 
    3, 
    3, 
    3, 
    3
   ], 
   [
    3, 
    3, 
    3, 
    3, 
    0, 
    3, 
    3, 
    3, 
    3, 
    3, 
    3
   ], 
   [
    3, 
    3, 
    3, 
    3, 
    3, 
    0, 
    3, 
    3, 
    3, 
    3, 
    3
   ], 
   [
    3, 
    3, 
    3, 
    3, 
    3, 
    3, 
    0, 
    3, 
    3, 
    3, 
    3
   ], 
   [
    3, 
    3, 
    3, 
    3, 
    3, 
    3, 
    3, 
    0, 
    3, 
    3, 
    3
   ], 
   [
    3, 
    3, 
    3, 
    3, 
    3, 
    3, 
    3, 
    3, 
    0, 
    3, 
    3
   ], 
   [
    3, 
    3, 
    3, 
    3, 
    3, 
    3, 
    3, 
    3, 
    3, 
    0, 
    3
   ], 
   [
    3, 
    3, 
    3, 
    3, 
    3, 
    3, 
    3, 
    3, 
    3, 
    3, 
    0
   ]
  ], 
  "city_names": [
   "Cardiff", 
   "Newcastle", 
   "Plymouth", 
   "Norwich", 
   "Manchester", 
   "London", 
   "Leeds", 
   "Sheffield", 
   "Birmingham", 
   "Liverpool", 
   "Portsmouth"
  ], 
  "reward_matrix": [
   [
    0, 
    44455, 
    20684, 
    43918, 
    68638, 
    64503, 
    62087, 
    69479, 
    85625, 
    62427, 
    51114
   ], 
   [
    44455, 
    0, 
    100, 
    23333, 
    69390, 
    43918, 
    88578, 
    81186, 
    65040, 
    75601, 
    30529
   ], 
   [
    20684, 
    100, 
    0, 
    41806, 
    24282, 
    62391, 
    17731, 
    25123, 
    41269, 
    18071, 
    75780
   ], 
   [
    43918, 
    23333, 
    41806, 
    0, 
    47516, 
    85625, 
    40965, 
    48357, 
    64503, 
    41305, 
    72236
   ], 
   [
    68638, 
    69390, 
    24282, 
    47516, 
    0, 
    68101, 
    87021, 
    79628, 
    89223, 
    99999, 
    54712
   ], 
   [
    64503, 
    43918, 
    62391, 
    85625, 
    68101, 
    0, 
    61550, 
    68942, 
    85088, 
    61890, 
    92821
   ], 
   [
    62087, 
    88578, 
    17731, 
    40965, 
    87021, 
    61550, 
    0, 
    98817, 
    82671, 
    93232, 
    48161
   ], 
   [
    69479, 
    81186, 
    25123, 
    48357, 
    79628, 
    68942, 
    98817, 
    0, 
    90064, 
    85840, 
    55553
   ], 
   [
    85625, 
    65040, 
    41269, 
    64503, 
    89223, 
    85088, 
    82671, 
    90064, 
    0, 
    83012, 
    71699
   ], 
   [
    62427, 
    75601, 
    18071, 
    41305, 
    99999, 
    61890, 
    93232, 
    85840, 
    83012, 
    0, 
    48501
   ], 
   [
    51114, 
    30529, 
    75780, 
    72236, 
    54712, 
    92821, 
    48161, 
    55553, 
    71699, 
    48501, 
    0
   ]
  ], 
  "probability_matrix": [
   [
    0, 
    0.051498394375739685, 
    0.17267854597128224, 
    0.02986461659465788, 
    0.12710169663293644, 
    0.18953184344665092, 
    0.02947673092698311, 
    0.024862039632417732, 
    0.11885491249643264, 
    0.1889531580566389, 
    0.06717806186626046
   ], 
   [
    0.052736857241848914, 
    0, 
    0.14566231773436966, 
    0.09663142357325802, 
    0.08828878104408519, 
    0.1850938004610368, 
    0.16403285483734986, 
    0.11972062888579527, 
    0.08799141054748082, 
    0.04192454583375986, 
    0.017917379841015615
   ], 
   [
    0.10619751134477295, 
    0.0971980546494603, 
    0, 
    0.05573892395885496, 
    0.1080112075689805, 
    0.1304678994098954, 
    0.1228716042246552, 
    0.06551121807324348, 
    0.09557976833754026, 
    0.117193661558487, 
    0.10123015087410994
   ], 
   [
    0.08387043750436263, 
    0.13425408874964886, 
    0.19520532970731366, 
    0, 
    0.07951400671376492, 
    0.06580162009451401, 
    0.16025466664774707, 
    0.018598008846036147, 
    0.10137068987893616, 
    0.04827659692531531, 
    0.11285455493236107
   ], 
   [
    0.09214305546232238, 
    0.10142622423135861, 
    0.08068016813660689, 
    0.11268369807544776, 
    0, 
    0.03480187245670823, 
    0.1447783929520941, 
    0.0646622332360146, 
    0.09228777458566596, 
    0.17181782548631908, 
    0.10471875537746245
   ], 
   [
    0.1149613806926864, 
    0.06187498310749177, 
    0.0994590978965432, 
    0.09852319015354428, 
    0.14384246227310768, 
    0, 
    0.12699328017936468, 
    0.06657271129376321, 
    0.11910328781603266, 
    0.08581102094672059, 
    0.08285858564074551
   ], 
   [
    0.1548015138783617, 
    0.011787263982670522, 
    0.06877047739494871, 
    0.01456029615371681, 
    0.12866869710637835, 
    0.10926176193395694, 
    0, 
    0.1145729386727005, 
    0.08405058163571746, 
    0.13237285924927913, 
    0.18115360999227015
   ], 
   [
    0.009727718314586594, 
    0.20702223221266142, 
    0.1303939951754727, 
    0.0005617830891057075, 
    0.07750668729894898, 
    0.0741502425773375, 
    0.07086399339257947, 
    0, 
    0.18367092062340395, 
    0.07056909265177094, 
    0.17553333466413248
   ], 
   [
    0.11170023199590014, 
    0.11529113200909133, 
    0.1468649013963458, 
    0.08692948521025158, 
    0.026809157940207377, 
    0.11338469936054986, 
    0.14982136788303313, 
    0.05222075753634588, 
    0, 
    0.06942344453170325, 
    0.12755482213657163
   ], 
   [
    0.19788989145066577, 
    0.07450704353167463, 
    0.0570928223676454, 
    0.036540150791836826, 
    0.18451009118484443, 
    0.0047387970093601345, 
    0.18323119409314031, 
    0.03585816726358878, 
    0.16062466035237344, 
    0, 
    0.06500718195487036
   ], 
   [
    0.14981303123694306, 
    0.07724461564102791, 
    0.13798113458763173, 
    0.12655579690785315, 
    0.059973797841450543, 
    0.11637114082485508, 
    0.11365647058601952, 
    0.08443953196691124, 
    0.13325007173709405, 
    0.0007144086702135263, 
    0
   ]
  ]
 }, 
 "vehicle_capacities": [
  15, 
  15, 
  15, 
  30, 
  30, 
  30, 
  30, 
  30, 
  30, 
  30, 
  30
 ]
}