{
 "vehicle_cost_per_km": [
  5, 
  15, 
  10, 
  5, 
  5, 
  5, 
  5, 
  5, 
  5, 
  5, 
  5
 ], 
 "runs": [
  {
   "avg_task_cost_vs_number_of_task": [
    3735.5, 
    2717.75, 
    1929.5, 
    1734.625, 
    1387.6999999999998, 
    1156.4166666666665, 
    1061.5714285714284, 
    928.875, 
    867, 
    895.3, 
    924.9090909090909, 
    790.25, 
    881.6153846153848, 
    859.2857142857143, 
    872.1666666666666, 
    952.6875000000001, 
    943.2941176470589, 
    842.1666666666666, 
    916.6315789473684, 
    873.85, 
    940.809523809524, 
    906.7727272727273, 
    929.9565217391303, 
    938.625, 
    909.84, 
    883.5192307692306, 
    784.2592592592594, 
    991.0178571428572, 
    938.1551724137931, 
    958.5999999999999
   ], 
   "number_of_vehicles": 3
  }
 ], 
 "vehicle_starting_positions": [
  "Newcastle", 
  "Cardiff", 
  "Plymouth", 
  "Norwich", 
  "Manchester", 
  "London", 
  "Leeds", 
  "Sheffield", 
  "Birmingham", 
  "Liverpool", 
  "Portsmouth"
 ], 
 "task_distribution": {
  "distance_matrix": [
   [
    0, 
    345, 
    477.8, 
    348, 
    209.9, 
    233, 
    246.5, 
    205.2, 
    115, 
    244.6, 
    307.8
   ], 
   [
    345, 
    0, 
    592.8, 
    463, 
    205.7, 
    348, 
    98.5, 
    139.8, 
    230, 
    171, 
    422.8
   ], 
   [
    477.8, 
    592.8, 
    0, 
    359.8, 
    457.7, 
    244.8, 
    494.3, 
    453, 
    362.8, 
    492.4, 
    170
   ], 
   [
    348, 
    463, 
    359.8, 
    0, 
    327.9, 
    115, 
    364.5, 
    323.2, 
    233, 
    362.6, 
    189.8
   ], 
   [
    209.9, 
    205.7, 
    457.7, 
    327.9, 
    0, 
    212.9, 
    107.2, 
    148.5, 
    94.9, 
    34.7, 
    287.7
   ], 
   [
    233, 
    348, 
    244.8, 
    115, 
    212.9, 
    0, 
    249.5, 
    208.2, 
    118, 
    247.6, 
    74.8
   ], 
   [
    246.5, 
    98.5, 
    494.3, 
    364.5, 
    107.2, 
    249.5, 
    0, 
    41.3, 
    131.5, 
    72.5, 
    324.3
   ], 
   [
    205.2, 
    139.8, 
    453, 
    323.2, 
    148.5, 
    208.2, 
    41.3, 
    0, 
    90.2, 
    113.8, 
    283
   ], 
   [
    115, 
    230, 
    362.8, 
    233, 
    94.9, 
    118, 
    131.5, 
    90.2, 
    0, 
    129.6, 
    192.8
   ], 
   [
    244.6, 
    171, 
    492.4, 
    362.6, 
    34.7, 
    247.6, 
    72.5, 
    113.8, 
    129.6, 
    0, 
    322.4
   ], 
   [
    307.8, 
    422.8, 
    170, 
    189.8, 
    287.7, 
    74.8, 
    324.3, 
    283, 
    192.8, 
    322.4, 
    0
   ]
  ], 
  "weight_matrix": [
   [
    0, 
    3, 
    3, 
    3, 
    3, 
    3, 
    3, 
    3, 
    3, 
    3, 
    3
   ], 
   [
    3, 
    0, 
    3, 
    3, 
    3, 
    3, 
    3, 
    3, 
    3, 
    3, 
    3
   ], 
   [
    3, 
    3, 
    0, 
    3, 
    3, 
    3, 
    3, 
    3, 
    3, 
    3, 
    3
   ], 
   [
    3, 
    3, 
    3, 
    0, 
    3, 
    3, 
    3, 
    3, 
    3, 
    3, 
    3
   ], 
   [
    3, 
    3, 
    3, 
    3, 
    0, 
    3, 
    3, 
    3, 
    3, 
    3, 
    3
   ], 
   [
    3, 
    3, 
    3, 
    3, 
    3, 
    0, 
    3, 
    3, 
    3, 
    3, 
    3
   ], 
   [
    3, 
    3, 
    3, 
    3, 
    3, 
    3, 
    0, 
    3, 
    3, 
    3, 
    3
   ], 
   [
    3, 
    3, 
    3, 
    3, 
    3, 
    3, 
    3, 
    0, 
    3, 
    3, 
    3
   ], 
   [
    3, 
    3, 
    3, 
    3, 
    3, 
    3, 
    3, 
    3, 
    0, 
    3, 
    3
   ], 
   [
    3, 
    3, 
    3, 
    3, 
    3, 
    3, 
    3, 
    3, 
    3, 
    0, 
    3
   ], 
   [
    3, 
    3, 
    3, 
    3, 
    3, 
    3, 
    3, 
    3, 
    3, 
    3, 
    0
   ]
  ], 
  "city_names": [
   "Cardiff", 
   "Newcastle", 
   "Plymouth", 
   "Norwich", 
   "Manchester", 
   "London", 
   "Leeds", 
   "Sheffield", 
   "Birmingham", 
   "Liverpool", 
   "Portsmouth"
  ], 
  "reward_matrix": [
   [
    0, 
    44455, 
    20684, 
    43918, 
    68638, 
    64503, 
    62087, 
    69479, 
    85625, 
    62427, 
    51114
   ], 
   [
    44455, 
    0, 
    100, 
    23333, 
    69390, 
    43918, 
    88578, 
    81186, 
    65040, 
    75601, 
    30529
   ], 
   [
    20684, 
    100, 
    0, 
    41806, 
    24282, 
    62391, 
    17731, 
    25123, 
    41269, 
    18071, 
    75780
   ], 
   [
    43918, 
    23333, 
    41806, 
    0, 
    47516, 
    85625, 
    40965, 
    48357, 
    64503, 
    41305, 
    72236
   ], 
   [
    68638, 
    69390, 
    24282, 
    47516, 
    0, 
    68101, 
    87021, 
    79628, 
    89223, 
    99999, 
    54712
   ], 
   [
    64503, 
    43918, 
    62391, 
    85625, 
    68101, 
    0, 
    61550, 
    68942, 
    85088, 
    61890, 
    92821
   ], 
   [
    62087, 
    88578, 
    17731, 
    40965, 
    87021, 
    61550, 
    0, 
    98817, 
    82671, 
    93232, 
    48161
   ], 
   [
    69479, 
    81186, 
    25123, 
    48357, 
    79628, 
    68942, 
    98817, 
    0, 
    90064, 
    85840, 
    55553
   ], 
   [
    85625, 
    65040, 
    41269, 
    64503, 
    89223, 
    85088, 
    82671, 
    90064, 
    0, 
    83012, 
    71699
   ], 
   [
    62427, 
    75601, 
    18071, 
    41305, 
    99999, 
    61890, 
    93232, 
    85840, 
    83012, 
    0, 
    48501
   ], 
   [
    51114, 
    30529, 
    75780, 
    72236, 
    54712, 
    92821, 
    48161, 
    55553, 
    71699, 
    48501, 
    0
   ]
  ], 
  "probability_matrix": [
   [
    0, 
    0.04811970440119449, 
    0.05271658392406948, 
    0.014740934517167468, 
    0.09424186760633718, 
    0.14207853411658777, 
    0.15678768184844355, 
    0.05828643614651162, 
    0.15167172147636504, 
    0.10586729450941366, 
    0.17548924145390965
   ], 
   [
    0.07186980946801365, 
    0, 
    0.18536143711590883, 
    0.020256110390432524, 
    0.1426800446371885, 
    0.07970325951562846, 
    0.16410971553664755, 
    0.08767851375337546, 
    0.07253790770866689, 
    0.09381997803461789, 
    0.08198322383952011
   ], 
   [
    0.14814080806406935, 
    0.07854226652571109, 
    0, 
    0.16309217198136017, 
    0.09803033624316514, 
    0.13058593374863467, 
    0.06680341451555787, 
    0.11093757501795558, 
    0.010232803863751572, 
    0.18427283747036774, 
    0.009361852569426758
   ], 
   [
    0.1061386532708218, 
    0.007148486769030035, 
    0.13571664746139236, 
    0, 
    0.03536511720615352, 
    0.1891686154247005, 
    0.1361699804253484, 
    0.17128051399016905, 
    0.1850233465850282, 
    0.02984683607187506, 
    0.00414180279548114
   ], 
   [
    0.06657065344576286, 
    0.05492615239879767, 
    0.1430459837286769, 
    0.13672284944592197, 
    0, 
    0.15077541184715543, 
    0.019584675419369525, 
    0.06634545670645732, 
    0.0708162476284908, 
    0.12177441253234902, 
    0.16943815684701868
   ], 
   [
    0.13412659959361023, 
    0.16311774863300063, 
    0.004295590700677943, 
    0.12377887078136218, 
    0.051463772086085754, 
    0, 
    0.11279291972895285, 
    0.12881010804442436, 
    0.1289596985618822, 
    0.05405705810846839, 
    0.0985976337615356
   ], 
   [
    0.07903907410202012, 
    0.2161065162891971, 
    0.09169692555445898, 
    0.1019263415335644, 
    0.10922795299606305, 
    0.005016626330328391, 
    0, 
    0.15428511594262345, 
    0.07119142449976337, 
    0.028334355113881937, 
    0.1431756676380991
   ], 
   [
    0.009804371095951992, 
    0.11268155514407119, 
    0.30188335428875096, 
    0.06376998970861872, 
    0.006311310136353891, 
    0.0913579251077197, 
    0.20116293640930638, 
    0, 
    0.14831465824011955, 
    0.033905704626913516, 
    0.030808195242194154
   ], 
   [
    0.16149814596616163, 
    0.14000352747062586, 
    0.1263145044105145, 
    0.08362592908067001, 
    0.13732516851531143, 
    0.04830045795715342, 
    0.07951680527483652, 
    0.042753198324867556, 
    0, 
    0.08184096507343626, 
    0.09882129792642294
   ], 
   [
    0.11960046505156267, 
    0.07972303678835216, 
    0.222813913961784, 
    0.025152295302900602, 
    0.06478248387543997, 
    0.005711357872755733, 
    0.1210291438378979, 
    0.16244411916796017, 
    0.06965380313854885, 
    0, 
    0.12908938100279793
   ], 
   [
    0.09194253808319962, 
    0.16872881328107525, 
    0.01854656516311161, 
    0.0879898096226244, 
    0.1276059149061868, 
    0.01253733253496483, 
    0.1629472831562638, 
    0.14015244544895514, 
    0.051089878687519324, 
    0.13845941911609924, 
    0
   ]
  ]
 }, 
 "vehicle_capacities": [
  15, 
  15, 
  15, 
  30, 
  30, 
  30, 
  30, 
  30, 
  30, 
  30, 
  30
 ]
}