{
 "vehicle_cost_per_km": [
  5, 
  15, 
  10, 
  5, 
  5, 
  5, 
  5, 
  5, 
  5, 
  5, 
  5
 ], 
 "runs": [
  {
   "avg_task_cost_vs_number_of_task": [
    2964, 
    2964, 
    2093.6666666666665, 
    2189.25, 
    2396.2, 
    2188.5, 
    1982.7142857142856, 
    1877.1249999999998, 
    1668.5555555555554, 
    1616.6999999999998, 
    1593.090909090909, 
    1602, 
    1569.5384615384614, 
    1632.2857142857142, 
    1571.8, 
    1619.1875, 
    1600.1764705882354, 
    1629.2222222222222, 
    1691.8947368421054, 
    1624.65, 
    1699.2857142857147, 
    1769.9545454545457, 
    1801.4782608695655, 
    1871.4166666666667, 
    1926.7199999999993, 
    1962.0384615384612, 
    2033.2962962962963, 
    2062.3928571428564, 
    1991.2758620689651, 
    2040.2666666666662
   ], 
   "number_of_vehicles": 3
  }
 ], 
 "vehicle_starting_positions": [
  "Newcastle", 
  "Cardiff", 
  "Plymouth", 
  "Norwich", 
  "Manchester", 
  "London", 
  "Leeds", 
  "Sheffield", 
  "Birmingham", 
  "Liverpool", 
  "Portsmouth"
 ], 
 "task_distribution": {
  "distance_matrix": [
   [
    0, 
    345, 
    477.8, 
    348, 
    209.9, 
    233, 
    246.5, 
    205.2, 
    115, 
    244.6, 
    307.8
   ], 
   [
    345, 
    0, 
    592.8, 
    463, 
    205.7, 
    348, 
    98.5, 
    139.8, 
    230, 
    171, 
    422.8
   ], 
   [
    477.8, 
    592.8, 
    0, 
    359.8, 
    457.7, 
    244.8, 
    494.3, 
    453, 
    362.8, 
    492.4, 
    170
   ], 
   [
    348, 
    463, 
    359.8, 
    0, 
    327.9, 
    115, 
    364.5, 
    323.2, 
    233, 
    362.6, 
    189.8
   ], 
   [
    209.9, 
    205.7, 
    457.7, 
    327.9, 
    0, 
    212.9, 
    107.2, 
    148.5, 
    94.9, 
    34.7, 
    287.7
   ], 
   [
    233, 
    348, 
    244.8, 
    115, 
    212.9, 
    0, 
    249.5, 
    208.2, 
    118, 
    247.6, 
    74.8
   ], 
   [
    246.5, 
    98.5, 
    494.3, 
    364.5, 
    107.2, 
    249.5, 
    0, 
    41.3, 
    131.5, 
    72.5, 
    324.3
   ], 
   [
    205.2, 
    139.8, 
    453, 
    323.2, 
    148.5, 
    208.2, 
    41.3, 
    0, 
    90.2, 
    113.8, 
    283
   ], 
   [
    115, 
    230, 
    362.8, 
    233, 
    94.9, 
    118, 
    131.5, 
    90.2, 
    0, 
    129.6, 
    192.8
   ], 
   [
    244.6, 
    171, 
    492.4, 
    362.6, 
    34.7, 
    247.6, 
    72.5, 
    113.8, 
    129.6, 
    0, 
    322.4
   ], 
   [
    307.8, 
    422.8, 
    170, 
    189.8, 
    287.7, 
    74.8, 
    324.3, 
    283, 
    192.8, 
    322.4, 
    0
   ]
  ], 
  "weight_matrix": [
   [
    0, 
    3, 
    3, 
    3, 
    3, 
    3, 
    3, 
    3, 
    3, 
    3, 
    3
   ], 
   [
    3, 
    0, 
    3, 
    3, 
    3, 
    3, 
    3, 
    3, 
    3, 
    3, 
    3
   ], 
   [
    3, 
    3, 
    0, 
    3, 
    3, 
    3, 
    3, 
    3, 
    3, 
    3, 
    3
   ], 
   [
    3, 
    3, 
    3, 
    0, 
    3, 
    3, 
    3, 
    3, 
    3, 
    3, 
    3
   ], 
   [
    3, 
    3, 
    3, 
    3, 
    0, 
    3, 
    3, 
    3, 
    3, 
    3, 
    3
   ], 
   [
    3, 
    3, 
    3, 
    3, 
    3, 
    0, 
    3, 
    3, 
    3, 
    3, 
    3
   ], 
   [
    3, 
    3, 
    3, 
    3, 
    3, 
    3, 
    0, 
    3, 
    3, 
    3, 
    3
   ], 
   [
    3, 
    3, 
    3, 
    3, 
    3, 
    3, 
    3, 
    0, 
    3, 
    3, 
    3
   ], 
   [
    3, 
    3, 
    3, 
    3, 
    3, 
    3, 
    3, 
    3, 
    0, 
    3, 
    3
   ], 
   [
    3, 
    3, 
    3, 
    3, 
    3, 
    3, 
    3, 
    3, 
    3, 
    0, 
    3
   ], 
   [
    3, 
    3, 
    3, 
    3, 
    3, 
    3, 
    3, 
    3, 
    3, 
    3, 
    0
   ]
  ], 
  "city_names": [
   "Cardiff", 
   "Newcastle", 
   "Plymouth", 
   "Norwich", 
   "Manchester", 
   "London", 
   "Leeds", 
   "Sheffield", 
   "Birmingham", 
   "Liverpool", 
   "Portsmouth"
  ], 
  "reward_matrix": [
   [
    0, 
    44455, 
    20684, 
    43918, 
    68638, 
    64503, 
    62087, 
    69479, 
    85625, 
    62427, 
    51114
   ], 
   [
    44455, 
    0, 
    100, 
    23333, 
    69390, 
    43918, 
    88578, 
    81186, 
    65040, 
    75601, 
    30529
   ], 
   [
    20684, 
    100, 
    0, 
    41806, 
    24282, 
    62391, 
    17731, 
    25123, 
    41269, 
    18071, 
    75780
   ], 
   [
    43918, 
    23333, 
    41806, 
    0, 
    47516, 
    85625, 
    40965, 
    48357, 
    64503, 
    41305, 
    72236
   ], 
   [
    68638, 
    69390, 
    24282, 
    47516, 
    0, 
    68101, 
    87021, 
    79628, 
    89223, 
    99999, 
    54712
   ], 
   [
    64503, 
    43918, 
    62391, 
    85625, 
    68101, 
    0, 
    61550, 
    68942, 
    85088, 
    61890, 
    92821
   ], 
   [
    62087, 
    88578, 
    17731, 
    40965, 
    87021, 
    61550, 
    0, 
    98817, 
    82671, 
    93232, 
    48161
   ], 
   [
    69479, 
    81186, 
    25123, 
    48357, 
    79628, 
    68942, 
    98817, 
    0, 
    90064, 
    85840, 
    55553
   ], 
   [
    85625, 
    65040, 
    41269, 
    64503, 
    89223, 
    85088, 
    82671, 
    90064, 
    0, 
    83012, 
    71699
   ], 
   [
    62427, 
    75601, 
    18071, 
    41305, 
    99999, 
    61890, 
    93232, 
    85840, 
    83012, 
    0, 
    48501
   ], 
   [
    51114, 
    30529, 
    75780, 
    72236, 
    54712, 
    92821, 
    48161, 
    55553, 
    71699, 
    48501, 
    0
   ]
  ], 
  "probability_matrix": [
   [
    0, 
    0.060090090375218015, 
    0.1722101584588372, 
    0.14921240815813439, 
    0.16253781962929334, 
    0.005388482362829133, 
    0.08515842987424027, 
    0.17817181415917818, 
    0.07605903181923317, 
    0.04751553569463138, 
    0.06365622946840489
   ], 
   [
    0.21548770688829824, 
    0, 
    0.0013800000335744112, 
    0.025791632558786526, 
    0.16943892734280064, 
    0.0801741453062957, 
    0.03844484508788297, 
    0.04698618864184888, 
    0.11343036734129598, 
    0.1428009333704028, 
    0.16606525342881412
   ], 
   [
    0.15399449912902038, 
    0.11286871814261137, 
    0, 
    0.1048369634832084, 
    0.10072901373642718, 
    0.15428803403034524, 
    0.010095819616249323, 
    0.064132028066726, 
    0.1390373438910469, 
    0.02523356924764193, 
    0.13478401065672307
   ], 
   [
    0.1258929957874795, 
    0.0748338064631115, 
    0.045444484742164754, 
    0, 
    0.1340968215896108, 
    0.11264353554555477, 
    0.06639168489643792, 
    0.0547874643725687, 
    0.10892070307919957, 
    0.1479304192585729, 
    0.1290580842652995
   ], 
   [
    0.024601579677254442, 
    0.151495870773913, 
    0.05327984642267976, 
    0.1597658744872891, 
    0, 
    0.08897972439327227, 
    0.15642844507837045, 
    0.10719927320231668, 
    0.1176162007140591, 
    0.025336518752214786, 
    0.11529666649863045
   ], 
   [
    0.09934851494201122, 
    0.10674594503877943, 
    0.14661643062099117, 
    0.08143763356864707, 
    0.09428436571397074, 
    0, 
    0.16836280017811314, 
    0.018528626400883475, 
    0.07436201086120633, 
    0.14577375260373426, 
    0.06453992007166312
   ], 
   [
    0.08071320633039383, 
    0.027221430287322903, 
    0.11198221612909062, 
    0.1438358661674239, 
    0.1619279066246183, 
    0.0628479814312252, 
    0, 
    0.03373842739215523, 
    0.1353995739615218, 
    0.15019628034016336, 
    0.09213711133608479
   ], 
   [
    0.10933638502999804, 
    0.15258908541859123, 
    0.027937994834350745, 
    0.16160016013628017, 
    0.13315055480794544, 
    0.03525151653535621, 
    0.02910091908159157, 
    0, 
    0.045474434333759445, 
    0.15435051835117974, 
    0.1512084314709474
   ], 
   [
    0.18422388523173583, 
    0.15446282087112173, 
    0.08244133706905094, 
    0.04664326746516717, 
    0.17231399848252274, 
    0.0006466870771213026, 
    0.11380831358532242, 
    0.030446256499913383, 
    0, 
    0.1710051470109449, 
    0.04400828670709968
   ], 
   [
    0.07777859680847257, 
    0.10911849483311593, 
    0.15186084307916728, 
    0.0008633262269934222, 
    0.15140179769246337, 
    0.10570302085262354, 
    0.16458623538916295, 
    0.05290314879632219, 
    0.037573370497844, 
    0, 
    0.14821116582383473
   ], 
   [
    0.11724603372753521, 
    0.1880018539150115, 
    0.13445501097191712, 
    0.09790042948659672, 
    0.15249364645708424, 
    0.05025432217124907, 
    0.06925765654016376, 
    0.032699084603611636, 
    0.03129774139477138, 
    0.1263942207320594, 
    0
   ]
  ]
 }, 
 "vehicle_capacities": [
  5, 
  5, 
  5, 
  30, 
  30, 
  30, 
  30, 
  30, 
  30, 
  30, 
  30
 ]
}