{
 "vehicle_cost_per_km": [
  5, 
  10, 
  5, 
  5, 
  5, 
  5, 
  5, 
  5, 
  5, 
  5, 
  5
 ], 
 "runs": [
  {
   "avg_task_cost_vs_number_of_task": [
    2448, 
    1814, 
    1209.3333333333333, 
    1420, 
    1136, 
    1074.3333333333333, 
    985.3571428571429, 
    1005.9375, 
    971.7777777777778, 
    880.75, 
    795.0909090909091, 
    830.8333333333334, 
    749.5769230769231, 
    823.3571428571429, 
    845.5333333333333, 
    837.625, 
    788.3529411764706, 
    787.7777777777777, 
    769.3157894736842, 
    744.25, 
    701.3809523809524, 
    783.1363636363636, 
    700.0869565217391, 
    768.5, 
    737.84, 
    764.1346153846154, 
    719.2037037037037, 
    734.3035714285714, 
    786.4655172413793, 
    721.5166666666667
   ], 
   "number_of_vehicles": 3
  }
 ], 
 "vehicle_starting_positions": [
  "Newcastle", 
  "Cardiff", 
  "Plymouth", 
  "Norwich", 
  "Manchester", 
  "London", 
  "Leeds", 
  "Sheffield", 
  "Birmingham", 
  "Liverpool", 
  "Portsmouth"
 ], 
 "task_distribution": {
  "distance_matrix": [
   [
    0, 
    345, 
    477.8, 
    348, 
    209.9, 
    233, 
    246.5, 
    205.2, 
    115, 
    244.6, 
    307.8
   ], 
   [
    345, 
    0, 
    592.8, 
    463, 
    205.7, 
    348, 
    98.5, 
    139.8, 
    230, 
    171, 
    422.8
   ], 
   [
    477.8, 
    592.8, 
    0, 
    359.8, 
    457.7, 
    244.8, 
    494.3, 
    453, 
    362.8, 
    492.4, 
    170
   ], 
   [
    348, 
    463, 
    359.8, 
    0, 
    327.9, 
    115, 
    364.5, 
    323.2, 
    233, 
    362.6, 
    189.8
   ], 
   [
    209.9, 
    205.7, 
    457.7, 
    327.9, 
    0, 
    212.9, 
    107.2, 
    148.5, 
    94.9, 
    34.7, 
    287.7
   ], 
   [
    233, 
    348, 
    244.8, 
    115, 
    212.9, 
    0, 
    249.5, 
    208.2, 
    118, 
    247.6, 
    74.8
   ], 
   [
    246.5, 
    98.5, 
    494.3, 
    364.5, 
    107.2, 
    249.5, 
    0, 
    41.3, 
    131.5, 
    72.5, 
    324.3
   ], 
   [
    205.2, 
    139.8, 
    453, 
    323.2, 
    148.5, 
    208.2, 
    41.3, 
    0, 
    90.2, 
    113.8, 
    283
   ], 
   [
    115, 
    230, 
    362.8, 
    233, 
    94.9, 
    118, 
    131.5, 
    90.2, 
    0, 
    129.6, 
    192.8
   ], 
   [
    244.6, 
    171, 
    492.4, 
    362.6, 
    34.7, 
    247.6, 
    72.5, 
    113.8, 
    129.6, 
    0, 
    322.4
   ], 
   [
    307.8, 
    422.8, 
    170, 
    189.8, 
    287.7, 
    74.8, 
    324.3, 
    283, 
    192.8, 
    322.4, 
    0
   ]
  ], 
  "weight_matrix": [
   [
    0, 
    3, 
    3, 
    3, 
    3, 
    3, 
    3, 
    3, 
    3, 
    3, 
    3
   ], 
   [
    3, 
    0, 
    3, 
    3, 
    3, 
    3, 
    3, 
    3, 
    3, 
    3, 
    3
   ], 
   [
    3, 
    3, 
    0, 
    3, 
    3, 
    3, 
    3, 
    3, 
    3, 
    3, 
    3
   ], 
   [
    3, 
    3, 
    3, 
    0, 
    3, 
    3, 
    3, 
    3, 
    3, 
    3, 
    3
   ], 
   [
    3, 
    3, 
    3, 
    3, 
    0, 
    3, 
    3, 
    3, 
    3, 
    3, 
    3
   ], 
   [
    3, 
    3, 
    3, 
    3, 
    3, 
    0, 
    3, 
    3, 
    3, 
    3, 
    3
   ], 
   [
    3, 
    3, 
    3, 
    3, 
    3, 
    3, 
    0, 
    3, 
    3, 
    3, 
    3
   ], 
   [
    3, 
    3, 
    3, 
    3, 
    3, 
    3, 
    3, 
    0, 
    3, 
    3, 
    3
   ], 
   [
    3, 
    3, 
    3, 
    3, 
    3, 
    3, 
    3, 
    3, 
    0, 
    3, 
    3
   ], 
   [
    3, 
    3, 
    3, 
    3, 
    3, 
    3, 
    3, 
    3, 
    3, 
    0, 
    3
   ], 
   [
    3, 
    3, 
    3, 
    3, 
    3, 
    3, 
    3, 
    3, 
    3, 
    3, 
    0
   ]
  ], 
  "city_names": [
   "Cardiff", 
   "Newcastle", 
   "Plymouth", 
   "Norwich", 
   "Manchester", 
   "London", 
   "Leeds", 
   "Sheffield", 
   "Birmingham", 
   "Liverpool", 
   "Portsmouth"
  ], 
  "reward_matrix": [
   [
    0, 
    44455, 
    20684, 
    43918, 
    68638, 
    64503, 
    62087, 
    69479, 
    85625, 
    62427, 
    51114
   ], 
   [
    44455, 
    0, 
    100, 
    23333, 
    69390, 
    43918, 
    88578, 
    81186, 
    65040, 
    75601, 
    30529
   ], 
   [
    20684, 
    100, 
    0, 
    41806, 
    24282, 
    62391, 
    17731, 
    25123, 
    41269, 
    18071, 
    75780
   ], 
   [
    43918, 
    23333, 
    41806, 
    0, 
    47516, 
    85625, 
    40965, 
    48357, 
    64503, 
    41305, 
    72236
   ], 
   [
    68638, 
    69390, 
    24282, 
    47516, 
    0, 
    68101, 
    87021, 
    79628, 
    89223, 
    99999, 
    54712
   ], 
   [
    64503, 
    43918, 
    62391, 
    85625, 
    68101, 
    0, 
    61550, 
    68942, 
    85088, 
    61890, 
    92821
   ], 
   [
    62087, 
    88578, 
    17731, 
    40965, 
    87021, 
    61550, 
    0, 
    98817, 
    82671, 
    93232, 
    48161
   ], 
   [
    69479, 
    81186, 
    25123, 
    48357, 
    79628, 
    68942, 
    98817, 
    0, 
    90064, 
    85840, 
    55553
   ], 
   [
    85625, 
    65040, 
    41269, 
    64503, 
    89223, 
    85088, 
    82671, 
    90064, 
    0, 
    83012, 
    71699
   ], 
   [
    62427, 
    75601, 
    18071, 
    41305, 
    99999, 
    61890, 
    93232, 
    85840, 
    83012, 
    0, 
    48501
   ], 
   [
    51114, 
    30529, 
    75780, 
    72236, 
    54712, 
    92821, 
    48161, 
    55553, 
    71699, 
    48501, 
    0
   ]
  ], 
  "probability_matrix": [
   [
    0, 
    0.13820666227676578, 
    0.17982095649770605, 
    0.07913740022527274, 
    0.014222035883958949, 
    0.20447737826142853, 
    0.0005521896712696042, 
    0.1382067517489067, 
    0.18664286109043254, 
    0.04859659006049916, 
    0.010137174283759742
   ], 
   [
    0.16750831805716343, 
    0, 
    0.17568588941029936, 
    0.025534492873555692, 
    0.08072484336433493, 
    0.030874462302838863, 
    0.08738660195936844, 
    0.1376337435440897, 
    0.04992726553426626, 
    0.16949699778350202, 
    0.0752273851705812
   ], 
   [
    0.12853342506533283, 
    0.01792995903017864, 
    0, 
    0.023429523708125625, 
    0.18362973152912937, 
    0.12404325801520019, 
    0.07105853897974318, 
    0.09572768346176397, 
    0.17329634940154032, 
    0.10094705970735536, 
    0.08140447110163061
   ], 
   [
    0.05565321813270254, 
    0.08485066564701384, 
    0.07082363994260615, 
    0, 
    0.17849905969451907, 
    0.1364568987839953, 
    0.18520326829517245, 
    0.11527828220768328, 
    0.02359804337091171, 
    0.10910010411973291, 
    0.04053681980566273
   ], 
   [
    0.05938462307488284, 
    0.17905231744611852, 
    0.05632277870417411, 
    0.2664271288537748, 
    0, 
    0.17651018153348702, 
    0.012023288193134684, 
    0.06177641185992248, 
    0.019705300416596083, 
    0.0932768320377244, 
    0.07552113788018491
   ], 
   [
    0.081954466916835, 
    0.04430695550416639, 
    0.1574072862548106, 
    0.09190042870289539, 
    0.18844265552738038, 
    0, 
    0.10268231804027235, 
    0.08657937449820322, 
    0.10846158352438635, 
    0.09619411013467177, 
    0.04207082089637845
   ], 
   [
    0.08577212542306993, 
    0.1290832114447578, 
    0.1234496312774208, 
    0.1550740007120032, 
    0.12164780392154959, 
    0.13179952959320734, 
    0, 
    0.1000446291761429, 
    0.04588013824267909, 
    0.10426636596718748, 
    0.002982564241981795
   ], 
   [
    0.005722995853202477, 
    0.15403836818966415, 
    0.03900173937050552, 
    0.09314773029629493, 
    0.1609499462336463, 
    0.12016554306100015, 
    0.21143929150648033, 
    0, 
    0.07281833984710946, 
    0.05849168534008622, 
    0.08422436030201036
   ], 
   [
    0.115398100838048, 
    0.07574057061990953, 
    0.12898036744668806, 
    0.11231076248028454, 
    0.018145363444562152, 
    0.05921526927730237, 
    0.13733464108265836, 
    0.1507350138808985, 
    0, 
    0.04452798088645484, 
    0.1576119300431937
   ], 
   [
    0.09969501387433773, 
    0.12437128187122526, 
    0.06793931493972367, 
    0.11231868258758958, 
    0.13711809610372241, 
    0.14994064306447796, 
    0.11635894725380132, 
    0.002951882310029562, 
    0.10904695825297366, 
    0, 
    0.08025917974211876
   ], 
   [
    0.07719846506553725, 
    0.1994413450818296, 
    0.07060502874515157, 
    0.06921378144275506, 
    0.06806171957658978, 
    0.14913689722547516, 
    0.014418744987267773, 
    0.07682966172886763, 
    0.19860048024577726, 
    0.07649387590074903, 
    0
   ]
  ]
 }, 
 "vehicle_capacities": [
  10, 
  10, 
  10, 
  30, 
  30, 
  30, 
  30, 
  30, 
  30, 
  30, 
  30
 ]
}