{
 "vehicle_cost_per_km": [
  5, 
  5, 
  5, 
  5, 
  5
 ], 
 "runs": [
  {
   "avg_task_cost_vs_number_of_task": [
    1503, 
    935.5000000000001, 
    906.6666666666666, 
    1493.25, 
    1534.6, 
    1347.6666666666667, 
    1178.2857142857142, 
    1117.125, 
    1205.888888888889, 
    1324.1999999999998, 
    1220.4545454545453, 
    1318.9999999999998, 
    1251.7692307692305, 
    1162.3571428571427, 
    1235.8666666666663, 
    1216.46875, 
    1179.5294117647056, 
    1209.8333333333333, 
    1272.736842105263, 
    1313.0499999999997, 
    1268.904761904762, 
    1305.8636363636363, 
    1357.3260869565215, 
    1322.270833333333, 
    1269.3799999999997, 
    1257.0576923076924, 
    1237.1296296296296, 
    1193.7857142857142, 
    1224.1896551724137, 
    1251.783333333333
   ], 
   "number_of_vehicles": 3
  }
 ], 
 "vehicle_starting_positions": [
  "Newcastle", 
  "Cardiff", 
  "Plymouth", 
  "Norwich", 
  "Manchester", 
  "London", 
  "Leeds", 
  "Sheffield", 
  "Birmingham", 
  "Liverpool", 
  "Portsmouth"
 ], 
 "task_distribution": {
  "distance_matrix": [
   [
    0, 
    345, 
    477.8, 
    348, 
    209.9, 
    233, 
    246.5, 
    205.2, 
    115, 
    244.6, 
    307.8
   ], 
   [
    345, 
    0, 
    592.8, 
    463, 
    205.7, 
    348, 
    98.5, 
    139.8, 
    230, 
    171, 
    422.8
   ], 
   [
    477.8, 
    592.8, 
    0, 
    359.8, 
    457.7, 
    244.8, 
    494.3, 
    453, 
    362.8, 
    492.4, 
    170
   ], 
   [
    348, 
    463, 
    359.8, 
    0, 
    327.9, 
    115, 
    364.5, 
    323.2, 
    233, 
    362.6, 
    189.8
   ], 
   [
    209.9, 
    205.7, 
    457.7, 
    327.9, 
    0, 
    212.9, 
    107.2, 
    148.5, 
    94.9, 
    34.7, 
    287.7
   ], 
   [
    233, 
    348, 
    244.8, 
    115, 
    212.9, 
    0, 
    249.5, 
    208.2, 
    118, 
    247.6, 
    74.8
   ], 
   [
    246.5, 
    98.5, 
    494.3, 
    364.5, 
    107.2, 
    249.5, 
    0, 
    41.3, 
    131.5, 
    72.5, 
    324.3
   ], 
   [
    205.2, 
    139.8, 
    453, 
    323.2, 
    148.5, 
    208.2, 
    41.3, 
    0, 
    90.2, 
    113.8, 
    283
   ], 
   [
    115, 
    230, 
    362.8, 
    233, 
    94.9, 
    118, 
    131.5, 
    90.2, 
    0, 
    129.6, 
    192.8
   ], 
   [
    244.6, 
    171, 
    492.4, 
    362.6, 
    34.7, 
    247.6, 
    72.5, 
    113.8, 
    129.6, 
    0, 
    322.4
   ], 
   [
    307.8, 
    422.8, 
    170, 
    189.8, 
    287.7, 
    74.8, 
    324.3, 
    283, 
    192.8, 
    322.4, 
    0
   ]
  ], 
  "weight_matrix": [
   [
    0, 
    3, 
    3, 
    3, 
    3, 
    3, 
    3, 
    3, 
    3, 
    3, 
    3
   ], 
   [
    3, 
    0, 
    3, 
    3, 
    3, 
    3, 
    3, 
    3, 
    3, 
    3, 
    3
   ], 
   [
    3, 
    3, 
    0, 
    3, 
    3, 
    3, 
    3, 
    3, 
    3, 
    3, 
    3
   ], 
   [
    3, 
    3, 
    3, 
    0, 
    3, 
    3, 
    3, 
    3, 
    3, 
    3, 
    3
   ], 
   [
    3, 
    3, 
    3, 
    3, 
    0, 
    3, 
    3, 
    3, 
    3, 
    3, 
    3
   ], 
   [
    3, 
    3, 
    3, 
    3, 
    3, 
    0, 
    3, 
    3, 
    3, 
    3, 
    3
   ], 
   [
    3, 
    3, 
    3, 
    3, 
    3, 
    3, 
    0, 
    3, 
    3, 
    3, 
    3
   ], 
   [
    3, 
    3, 
    3, 
    3, 
    3, 
    3, 
    3, 
    0, 
    3, 
    3, 
    3
   ], 
   [
    3, 
    3, 
    3, 
    3, 
    3, 
    3, 
    3, 
    3, 
    0, 
    3, 
    3
   ], 
   [
    3, 
    3, 
    3, 
    3, 
    3, 
    3, 
    3, 
    3, 
    3, 
    0, 
    3
   ], 
   [
    3, 
    3, 
    3, 
    3, 
    3, 
    3, 
    3, 
    3, 
    3, 
    3, 
    0
   ]
  ], 
  "city_names": [
   "Cardiff", 
   "Newcastle", 
   "Plymouth", 
   "Norwich", 
   "Manchester", 
   "London", 
   "Leeds", 
   "Sheffield", 
   "Birmingham", 
   "Liverpool", 
   "Portsmouth"
  ], 
  "reward_matrix": [
   [
    0, 
    44455, 
    20684, 
    43918, 
    68638, 
    64503, 
    62087, 
    69479, 
    85625, 
    62427, 
    51114
   ], 
   [
    44455, 
    0, 
    100, 
    23333, 
    69390, 
    43918, 
    88578, 
    81186, 
    65040, 
    75601, 
    30529
   ], 
   [
    20684, 
    100, 
    0, 
    41806, 
    24282, 
    62391, 
    17731, 
    25123, 
    41269, 
    18071, 
    75780
   ], 
   [
    43918, 
    23333, 
    41806, 
    0, 
    47516, 
    85625, 
    40965, 
    48357, 
    64503, 
    41305, 
    72236
   ], 
   [
    68638, 
    69390, 
    24282, 
    47516, 
    0, 
    68101, 
    87021, 
    79628, 
    89223, 
    99999, 
    54712
   ], 
   [
    64503, 
    43918, 
    62391, 
    85625, 
    68101, 
    0, 
    61550, 
    68942, 
    85088, 
    61890, 
    92821
   ], 
   [
    62087, 
    88578, 
    17731, 
    40965, 
    87021, 
    61550, 
    0, 
    98817, 
    82671, 
    93232, 
    48161
   ], 
   [
    69479, 
    81186, 
    25123, 
    48357, 
    79628, 
    68942, 
    98817, 
    0, 
    90064, 
    85840, 
    55553
   ], 
   [
    85625, 
    65040, 
    41269, 
    64503, 
    89223, 
    85088, 
    82671, 
    90064, 
    0, 
    83012, 
    71699
   ], 
   [
    62427, 
    75601, 
    18071, 
    41305, 
    99999, 
    61890, 
    93232, 
    85840, 
    83012, 
    0, 
    48501
   ], 
   [
    51114, 
    30529, 
    75780, 
    72236, 
    54712, 
    92821, 
    48161, 
    55553, 
    71699, 
    48501, 
    0
   ]
  ], 
  "probability_matrix": [
   [
    0, 
    0.11987671694813988, 
    0.12937592964032904, 
    0.08944007293486621, 
    0.1567544525325152, 
    0.10392589628181206, 
    0.11321051184815663, 
    0.14414709234549955, 
    0.011669289789437343, 
    0.09196716033959981, 
    0.03963287733964425
   ], 
   [
    0.0547955824008186, 
    0, 
    0.16893164892954546, 
    0.15242132886926577, 
    0.08038056545891378, 
    0.11168757312294907, 
    0.15562941673745123, 
    0.022411069209499406, 
    0.1051546797624366, 
    0.05031522487248231, 
    0.09827291063663786
   ], 
   [
    0.06534992282117119, 
    0.10341768534027813, 
    0, 
    0.06923584282583828, 
    0.13019296813744538, 
    0.06900175756579457, 
    0.1660808801703082, 
    0.17738102522150978, 
    0.016923941136914776, 
    0.09358266152293082, 
    0.10883331525780893
   ], 
   [
    0.015293570941918726, 
    0.11698017701944455, 
    0.19982014972498766, 
    0, 
    0.029003389897550545, 
    0.08536923276305874, 
    0.03753093298311756, 
    0.18546577540483913, 
    0.16920004312912146, 
    0.021120222246129104, 
    0.14021650588983267
   ], 
   [
    0.06915373484790498, 
    0.0456500457633666, 
    0.11597743472209966, 
    0.005392983260176601, 
    0, 
    0.1575224594076461, 
    0.14809037901350444, 
    0.18085848715395264, 
    0.1677183406120082, 
    0.10916136917167865, 
    0.000474766047662131
   ], 
   [
    0.09924639502070358, 
    0.12910672774807888, 
    0.10200528553972601, 
    0.027774773200411617, 
    0.1222301763556367, 
    0, 
    0.1398723274498911, 
    0.09186887524760573, 
    0.07339251191880561, 
    0.14702082373184694, 
    0.06748210378729359
   ], 
   [
    0.1082805133913718, 
    0.07229396421893888, 
    0.18276093075834532, 
    0.16072225740795282, 
    0.09445924138467814, 
    0.11770151269934906, 
    0, 
    0.053535163381424146, 
    0.15735946362332662, 
    0.026268202449391855, 
    0.026618750685221258
   ], 
   [
    0.0995909284140312, 
    0.13862498389441663, 
    0.15558894970796033, 
    0.05596306906921428, 
    0.0017279389276517484, 
    0.0361161161738097, 
    0.03832070896856177, 
    0, 
    0.1435585537656427, 
    0.15230027412185784, 
    0.17820847695685355
   ], 
   [
    0.011370335856357336, 
    0.13336923501722092, 
    0.02821295208135324, 
    0.018205052153954068, 
    0.19859889943912115, 
    0.09664427397855285, 
    0.16099015269057332, 
    0.028119570445810267, 
    0, 
    0.17949767032013786, 
    0.1449918580169189
   ], 
   [
    0.14296934952297097, 
    0.13214359581032087, 
    0.026136918564113838, 
    0.06276102546742056, 
    0.04437912799557089, 
    0.1344082817377363, 
    0.10386190253428997, 
    0.17270871801474327, 
    0.16670340140820286, 
    0, 
    0.013927678944630482
   ], 
   [
    0.12104561807087312, 
    0.11365349703249503, 
    0.05330698046659283, 
    0.04639979255155712, 
    0.017348344659290745, 
    0.08377970010956633, 
    0.14558465348799027, 
    0.18436639372257319, 
    0.14160890186304545, 
    0.09290611803601596, 
    0
   ]
  ]
 }, 
 "vehicle_capacities": [
  5, 
  5, 
  5, 
  30, 
  30, 
  30, 
  30, 
  30, 
  30, 
  30, 
  30
 ]
}