{
 "vehicle_cost_per_km": [
  5, 
  5, 
  10, 
  5, 
  5, 
  5, 
  5, 
  5, 
  5, 
  5, 
  5
 ], 
 "runs": [
  {
   "avg_task_cost_vs_number_of_task": [
    2114, 
    1531.5, 
    2195.1666666666665, 
    1952.125, 
    1617.6999999999998, 
    1348.0833333333333, 
    1155.5, 
    1082.9375, 
    953.4444444444445, 
    866.35, 
    845.4545454545455, 
    843.3333333333334, 
    778.4615384615385, 
    749.5714285714286, 
    698.6, 
    737.8125, 
    705.7058823529412, 
    666.5, 
    705.921052631579, 
    718.525, 
    650, 
    653.4772727272727, 
    672.9347826086956, 
    598.1458333333334, 
    626.78, 
    605.480769230769, 
    640.2777777777778, 
    655.0892857142857, 
    637.1551724137931, 
    564.2
   ], 
   "number_of_vehicles": 3
  }
 ], 
 "vehicle_starting_positions": [
  "Newcastle", 
  "Cardiff", 
  "Plymouth", 
  "Norwich", 
  "Manchester", 
  "London", 
  "Leeds", 
  "Sheffield", 
  "Birmingham", 
  "Liverpool", 
  "Portsmouth"
 ], 
 "task_distribution": {
  "distance_matrix": [
   [
    0, 
    345, 
    477.8, 
    348, 
    209.9, 
    233, 
    246.5, 
    205.2, 
    115, 
    244.6, 
    307.8
   ], 
   [
    345, 
    0, 
    592.8, 
    463, 
    205.7, 
    348, 
    98.5, 
    139.8, 
    230, 
    171, 
    422.8
   ], 
   [
    477.8, 
    592.8, 
    0, 
    359.8, 
    457.7, 
    244.8, 
    494.3, 
    453, 
    362.8, 
    492.4, 
    170
   ], 
   [
    348, 
    463, 
    359.8, 
    0, 
    327.9, 
    115, 
    364.5, 
    323.2, 
    233, 
    362.6, 
    189.8
   ], 
   [
    209.9, 
    205.7, 
    457.7, 
    327.9, 
    0, 
    212.9, 
    107.2, 
    148.5, 
    94.9, 
    34.7, 
    287.7
   ], 
   [
    233, 
    348, 
    244.8, 
    115, 
    212.9, 
    0, 
    249.5, 
    208.2, 
    118, 
    247.6, 
    74.8
   ], 
   [
    246.5, 
    98.5, 
    494.3, 
    364.5, 
    107.2, 
    249.5, 
    0, 
    41.3, 
    131.5, 
    72.5, 
    324.3
   ], 
   [
    205.2, 
    139.8, 
    453, 
    323.2, 
    148.5, 
    208.2, 
    41.3, 
    0, 
    90.2, 
    113.8, 
    283
   ], 
   [
    115, 
    230, 
    362.8, 
    233, 
    94.9, 
    118, 
    131.5, 
    90.2, 
    0, 
    129.6, 
    192.8
   ], 
   [
    244.6, 
    171, 
    492.4, 
    362.6, 
    34.7, 
    247.6, 
    72.5, 
    113.8, 
    129.6, 
    0, 
    322.4
   ], 
   [
    307.8, 
    422.8, 
    170, 
    189.8, 
    287.7, 
    74.8, 
    324.3, 
    283, 
    192.8, 
    322.4, 
    0
   ]
  ], 
  "weight_matrix": [
   [
    0, 
    3, 
    3, 
    3, 
    3, 
    3, 
    3, 
    3, 
    3, 
    3, 
    3
   ], 
   [
    3, 
    0, 
    3, 
    3, 
    3, 
    3, 
    3, 
    3, 
    3, 
    3, 
    3
   ], 
   [
    3, 
    3, 
    0, 
    3, 
    3, 
    3, 
    3, 
    3, 
    3, 
    3, 
    3
   ], 
   [
    3, 
    3, 
    3, 
    0, 
    3, 
    3, 
    3, 
    3, 
    3, 
    3, 
    3
   ], 
   [
    3, 
    3, 
    3, 
    3, 
    0, 
    3, 
    3, 
    3, 
    3, 
    3, 
    3
   ], 
   [
    3, 
    3, 
    3, 
    3, 
    3, 
    0, 
    3, 
    3, 
    3, 
    3, 
    3
   ], 
   [
    3, 
    3, 
    3, 
    3, 
    3, 
    3, 
    0, 
    3, 
    3, 
    3, 
    3
   ], 
   [
    3, 
    3, 
    3, 
    3, 
    3, 
    3, 
    3, 
    0, 
    3, 
    3, 
    3
   ], 
   [
    3, 
    3, 
    3, 
    3, 
    3, 
    3, 
    3, 
    3, 
    0, 
    3, 
    3
   ], 
   [
    3, 
    3, 
    3, 
    3, 
    3, 
    3, 
    3, 
    3, 
    3, 
    0, 
    3
   ], 
   [
    3, 
    3, 
    3, 
    3, 
    3, 
    3, 
    3, 
    3, 
    3, 
    3, 
    0
   ]
  ], 
  "city_names": [
   "Cardiff", 
   "Newcastle", 
   "Plymouth", 
   "Norwich", 
   "Manchester", 
   "London", 
   "Leeds", 
   "Sheffield", 
   "Birmingham", 
   "Liverpool", 
   "Portsmouth"
  ], 
  "reward_matrix": [
   [
    0, 
    44455, 
    20684, 
    43918, 
    68638, 
    64503, 
    62087, 
    69479, 
    85625, 
    62427, 
    51114
   ], 
   [
    44455, 
    0, 
    100, 
    23333, 
    69390, 
    43918, 
    88578, 
    81186, 
    65040, 
    75601, 
    30529
   ], 
   [
    20684, 
    100, 
    0, 
    41806, 
    24282, 
    62391, 
    17731, 
    25123, 
    41269, 
    18071, 
    75780
   ], 
   [
    43918, 
    23333, 
    41806, 
    0, 
    47516, 
    85625, 
    40965, 
    48357, 
    64503, 
    41305, 
    72236
   ], 
   [
    68638, 
    69390, 
    24282, 
    47516, 
    0, 
    68101, 
    87021, 
    79628, 
    89223, 
    99999, 
    54712
   ], 
   [
    64503, 
    43918, 
    62391, 
    85625, 
    68101, 
    0, 
    61550, 
    68942, 
    85088, 
    61890, 
    92821
   ], 
   [
    62087, 
    88578, 
    17731, 
    40965, 
    87021, 
    61550, 
    0, 
    98817, 
    82671, 
    93232, 
    48161
   ], 
   [
    69479, 
    81186, 
    25123, 
    48357, 
    79628, 
    68942, 
    98817, 
    0, 
    90064, 
    85840, 
    55553
   ], 
   [
    85625, 
    65040, 
    41269, 
    64503, 
    89223, 
    85088, 
    82671, 
    90064, 
    0, 
    83012, 
    71699
   ], 
   [
    62427, 
    75601, 
    18071, 
    41305, 
    99999, 
    61890, 
    93232, 
    85840, 
    83012, 
    0, 
    48501
   ], 
   [
    51114, 
    30529, 
    75780, 
    72236, 
    54712, 
    92821, 
    48161, 
    55553, 
    71699, 
    48501, 
    0
   ]
  ], 
  "probability_matrix": [
   [
    0, 
    0.12237004571383617, 
    0.1498512879607717, 
    0.06319723634696693, 
    0.12426340982143558, 
    0.1775530987463605, 
    0.07267965933786387, 
    0.053737576749266866, 
    0.02297771391306405, 
    0.11713895356185272, 
    0.09623101784858182
   ], 
   [
    0.08628769402795186, 
    0, 
    0.13872858649878644, 
    0.04994067151944627, 
    0.11665917915497825, 
    0.10790504625316047, 
    0.011656782130904982, 
    0.15050098175112842, 
    0.11114350207893899, 
    0.07668920630887202, 
    0.15048835027583227
   ], 
   [
    0.17995585400983627, 
    0.10722110600207496, 
    0, 
    0.1484341217796107, 
    0.003408171570100566, 
    0.012433646726243044, 
    0.1957284173242435, 
    0.1177567496088136, 
    0.10336707410882814, 
    0.0010563682478428984, 
    0.13063849062240637
   ], 
   [
    0.07837587774427551, 
    0.10454231161419844, 
    0.1459785825267477, 
    0, 
    0.07188394795302228, 
    0.1604929242874092, 
    0.1530080667077369, 
    0.013994259644032664, 
    0.1614641490132863, 
    0.03585142273968251, 
    0.07440845776960835
   ], 
   [
    0.058525678765285194, 
    0.12048980572043888, 
    0.24902291983501346, 
    0.17814540249348926, 
    0, 
    0.02195282365569256, 
    0.2202272810976608, 
    0.03036293668575732, 
    0.034589084935938375, 
    0.026066863237913622, 
    0.06061720357281062
   ], 
   [
    0.13217051675348832, 
    0.0697245722750604, 
    0.1430806324003456, 
    0.11601702739993841, 
    0.1392965936180624, 
    0, 
    0.11679709903553527, 
    0.06804070835585256, 
    0.07507826948493936, 
    0.019262829926781525, 
    0.12053175074999625
   ], 
   [
    0.19145365571859996, 
    0.00011443538951118742, 
    0.055138917951471765, 
    0.20159507199665908, 
    0.18899608631996512, 
    0.03139643616739829, 
    0, 
    0.057560635137337834, 
    0.06679968830376946, 
    0.07856989637795249, 
    0.12837517663733472
   ], 
   [
    0.11019774246248537, 
    0.19549617531951283, 
    0.07794064855887377, 
    0.06651172862301395, 
    0.12670830301329464, 
    0.0867980408579716, 
    0.14406370765476098, 
    0, 
    0.10173926092440529, 
    0.08835243766785766, 
    0.002191954917824135
   ], 
   [
    0.1582755906642259, 
    0.016422942294273157, 
    0.18077308025411945, 
    0.09613571456155619, 
    0.06746395309933498, 
    0.10338689154159433, 
    0.03552410781511677, 
    0.17722733948528804, 
    0, 
    0.16303951697924882, 
    0.0017508633052425453
   ], 
   [
    0.1470165134377406, 
    0.1165476645190529, 
    0.16506293925722454, 
    0.02840670158706557, 
    0.15197440835909518, 
    0.0628663506814119, 
    0.03130303966836596, 
    0.1409282504891446, 
    0.04440906523028754, 
    0, 
    0.11148506677061112
   ], 
   [
    0.11334774837073167, 
    0.005340015397999359, 
    0.0004642529628744026, 
    0.03927718734173771, 
    0.17238523161515418, 
    0.15369109009784637, 
    0.09356070166370181, 
    0.16867655553233293, 
    0.17260334496788046, 
    0.08065387204974128, 
    0
   ]
  ]
 }, 
 "vehicle_capacities": [
  15, 
  15, 
  15, 
  30, 
  30, 
  30, 
  30, 
  30, 
  30, 
  30, 
  30
 ]
}