{
 "vehicle_cost_per_km": [
  15, 
  5, 
  5, 
  5, 
  5, 
  5, 
  5, 
  5, 
  5, 
  5, 
  5
 ], 
 "runs": [
  {
   "avg_task_cost_vs_number_of_task": [
    2206, 
    1452.5, 
    1543.3333333333333, 
    1507, 
    1205.6, 
    1196.3333333333333, 
    1198.142857142857, 
    1185, 
    1067.7777777777776, 
    1083.2999999999997, 
    1050.7272727272725, 
    1061.5, 
    1216.6153846153845, 
    1453.2857142857142, 
    1356.4, 
    1346.0625, 
    1389.3529411764705, 
    1489, 
    1561.7368421052631, 
    1541.1499999999999, 
    1467.7619047619048, 
    1417.9545454545455, 
    1478.9347826086957, 
    1506.0208333333333, 
    1494.24, 
    1560.7692307692307, 
    1581.4629629629626, 
    1701.517857142857, 
    1655.6724137931035, 
    1677.1499999999994
   ], 
   "number_of_vehicles": 3
  }
 ], 
 "vehicle_starting_positions": [
  "Newcastle", 
  "Cardiff", 
  "Plymouth", 
  "Norwich", 
  "Manchester", 
  "London", 
  "Leeds", 
  "Sheffield", 
  "Birmingham", 
  "Liverpool", 
  "Portsmouth"
 ], 
 "task_distribution": {
  "distance_matrix": [
   [
    0, 
    345, 
    477.8, 
    348, 
    209.9, 
    233, 
    246.5, 
    205.2, 
    115, 
    244.6, 
    307.8
   ], 
   [
    345, 
    0, 
    592.8, 
    463, 
    205.7, 
    348, 
    98.5, 
    139.8, 
    230, 
    171, 
    422.8
   ], 
   [
    477.8, 
    592.8, 
    0, 
    359.8, 
    457.7, 
    244.8, 
    494.3, 
    453, 
    362.8, 
    492.4, 
    170
   ], 
   [
    348, 
    463, 
    359.8, 
    0, 
    327.9, 
    115, 
    364.5, 
    323.2, 
    233, 
    362.6, 
    189.8
   ], 
   [
    209.9, 
    205.7, 
    457.7, 
    327.9, 
    0, 
    212.9, 
    107.2, 
    148.5, 
    94.9, 
    34.7, 
    287.7
   ], 
   [
    233, 
    348, 
    244.8, 
    115, 
    212.9, 
    0, 
    249.5, 
    208.2, 
    118, 
    247.6, 
    74.8
   ], 
   [
    246.5, 
    98.5, 
    494.3, 
    364.5, 
    107.2, 
    249.5, 
    0, 
    41.3, 
    131.5, 
    72.5, 
    324.3
   ], 
   [
    205.2, 
    139.8, 
    453, 
    323.2, 
    148.5, 
    208.2, 
    41.3, 
    0, 
    90.2, 
    113.8, 
    283
   ], 
   [
    115, 
    230, 
    362.8, 
    233, 
    94.9, 
    118, 
    131.5, 
    90.2, 
    0, 
    129.6, 
    192.8
   ], 
   [
    244.6, 
    171, 
    492.4, 
    362.6, 
    34.7, 
    247.6, 
    72.5, 
    113.8, 
    129.6, 
    0, 
    322.4
   ], 
   [
    307.8, 
    422.8, 
    170, 
    189.8, 
    287.7, 
    74.8, 
    324.3, 
    283, 
    192.8, 
    322.4, 
    0
   ]
  ], 
  "weight_matrix": [
   [
    0, 
    3, 
    3, 
    3, 
    3, 
    3, 
    3, 
    3, 
    3, 
    3, 
    3
   ], 
   [
    3, 
    0, 
    3, 
    3, 
    3, 
    3, 
    3, 
    3, 
    3, 
    3, 
    3
   ], 
   [
    3, 
    3, 
    0, 
    3, 
    3, 
    3, 
    3, 
    3, 
    3, 
    3, 
    3
   ], 
   [
    3, 
    3, 
    3, 
    0, 
    3, 
    3, 
    3, 
    3, 
    3, 
    3, 
    3
   ], 
   [
    3, 
    3, 
    3, 
    3, 
    0, 
    3, 
    3, 
    3, 
    3, 
    3, 
    3
   ], 
   [
    3, 
    3, 
    3, 
    3, 
    3, 
    0, 
    3, 
    3, 
    3, 
    3, 
    3
   ], 
   [
    3, 
    3, 
    3, 
    3, 
    3, 
    3, 
    0, 
    3, 
    3, 
    3, 
    3
   ], 
   [
    3, 
    3, 
    3, 
    3, 
    3, 
    3, 
    3, 
    0, 
    3, 
    3, 
    3
   ], 
   [
    3, 
    3, 
    3, 
    3, 
    3, 
    3, 
    3, 
    3, 
    0, 
    3, 
    3
   ], 
   [
    3, 
    3, 
    3, 
    3, 
    3, 
    3, 
    3, 
    3, 
    3, 
    0, 
    3
   ], 
   [
    3, 
    3, 
    3, 
    3, 
    3, 
    3, 
    3, 
    3, 
    3, 
    3, 
    0
   ]
  ], 
  "city_names": [
   "Cardiff", 
   "Newcastle", 
   "Plymouth", 
   "Norwich", 
   "Manchester", 
   "London", 
   "Leeds", 
   "Sheffield", 
   "Birmingham", 
   "Liverpool", 
   "Portsmouth"
  ], 
  "reward_matrix": [
   [
    0, 
    44455, 
    20684, 
    43918, 
    68638, 
    64503, 
    62087, 
    69479, 
    85625, 
    62427, 
    51114
   ], 
   [
    44455, 
    0, 
    100, 
    23333, 
    69390, 
    43918, 
    88578, 
    81186, 
    65040, 
    75601, 
    30529
   ], 
   [
    20684, 
    100, 
    0, 
    41806, 
    24282, 
    62391, 
    17731, 
    25123, 
    41269, 
    18071, 
    75780
   ], 
   [
    43918, 
    23333, 
    41806, 
    0, 
    47516, 
    85625, 
    40965, 
    48357, 
    64503, 
    41305, 
    72236
   ], 
   [
    68638, 
    69390, 
    24282, 
    47516, 
    0, 
    68101, 
    87021, 
    79628, 
    89223, 
    99999, 
    54712
   ], 
   [
    64503, 
    43918, 
    62391, 
    85625, 
    68101, 
    0, 
    61550, 
    68942, 
    85088, 
    61890, 
    92821
   ], 
   [
    62087, 
    88578, 
    17731, 
    40965, 
    87021, 
    61550, 
    0, 
    98817, 
    82671, 
    93232, 
    48161
   ], 
   [
    69479, 
    81186, 
    25123, 
    48357, 
    79628, 
    68942, 
    98817, 
    0, 
    90064, 
    85840, 
    55553
   ], 
   [
    85625, 
    65040, 
    41269, 
    64503, 
    89223, 
    85088, 
    82671, 
    90064, 
    0, 
    83012, 
    71699
   ], 
   [
    62427, 
    75601, 
    18071, 
    41305, 
    99999, 
    61890, 
    93232, 
    85840, 
    83012, 
    0, 
    48501
   ], 
   [
    51114, 
    30529, 
    75780, 
    72236, 
    54712, 
    92821, 
    48161, 
    55553, 
    71699, 
    48501, 
    0
   ]
  ], 
  "probability_matrix": [
   [
    0, 
    0.16333756460930493, 
    0.033922919714635326, 
    0.15488722774894828, 
    0.06710812195291802, 
    0.056495889241575725, 
    0.07943842184091585, 
    0.028364159908511904, 
    0.07696611959980228, 
    0.15402716624596013, 
    0.1854524091374275
   ], 
   [
    0.06497192196831576, 
    0, 
    0.15322210132179032, 
    0.10565183043663297, 
    0.09488112226120478, 
    0.03739591164681954, 
    0.11631251415762207, 
    0.07581640153396324, 
    0.16751663124564903, 
    0.061098913493901896, 
    0.1231326519341005
   ], 
   [
    0.061321996303781344, 
    0.07716397651181335, 
    0, 
    0.11591804633327482, 
    0.08123247469629806, 
    0.0869348076043918, 
    0.13629595964389274, 
    0.16649453606657136, 
    0.04256445579130139, 
    0.11565618000678053, 
    0.11641756704189465
   ], 
   [
    0.022557328386207668, 
    0.023904995907566378, 
    0.16423267822094148, 
    0, 
    0.19076754313561603, 
    0.06925088843548449, 
    0.020406370238075414, 
    0.0679718045259048, 
    0.07645716336047792, 
    0.18759006925870306, 
    0.1768611585310226
   ], 
   [
    0.08576546942696847, 
    0.19568780600027358, 
    0.03192805900715646, 
    0.004668621468497132, 
    0, 
    0.21638078279098028, 
    0.1355230411392152, 
    0.02507501596900283, 
    0.1187044713627773, 
    0.02987441492588833, 
    0.15639231790924046
   ], 
   [
    0.023385456132253953, 
    0.027802723111743064, 
    0.13845600795460003, 
    0.1531628950104978, 
    0.11619833159032182, 
    0, 
    0.09253157472152261, 
    0.07606410924657703, 
    0.09365338865440531, 
    0.1295596275417584, 
    0.14918588603632002
   ], 
   [
    0.1642636288601409, 
    0.1166723130456157, 
    0.02046450578026286, 
    0.020482990500993992, 
    0.09652333381958583, 
    0.15331271088813223, 
    0, 
    0.127288555535096, 
    0.0566416238907906, 
    0.16636464321490305, 
    0.07798569446447878
   ], 
   [
    0.1078525298176449, 
    0.12290403617878652, 
    0.1328428777913428, 
    0.08265621518810944, 
    0.1520269360617632, 
    0.09928538516522795, 
    0.09066065549770488, 
    0, 
    0.09824405067264792, 
    0.05916185411970106, 
    0.054365459507071466
   ], 
   [
    0.08495974755571833, 
    0.02301483866322758, 
    0.19267034960711488, 
    0.04575776379514953, 
    0.1521502999622422, 
    0.07219710447803404, 
    0.13391950233137057, 
    0.029799994729363292, 
    0, 
    0.14566063387764663, 
    0.1198697650001331
   ], 
   [
    0.0021213072394557875, 
    0.08889070950794735, 
    0.1383559018509833, 
    0.1296122368238628, 
    0.20500201075757946, 
    0.04232782174460916, 
    0.16399074280403322, 
    0.08572521117567863, 
    0.0012623583209887023, 
    0, 
    0.14271169977486164
   ], 
   [
    0.061521298471823284, 
    0.12724241072599174, 
    0.14379067524764846, 
    0.10809710718585597, 
    0.08739549345770244, 
    0.013868681281062983, 
    0.1376870264692034, 
    0.12366147935428701, 
    0.07317937915503968, 
    0.12355644865138513, 
    0
   ]
  ]
 }, 
 "vehicle_capacities": [
  5, 
  5, 
  5, 
  30, 
  30, 
  30, 
  30, 
  30, 
  30, 
  30, 
  30
 ]
}