{
 "vehicle_cost_per_km": [
  5, 
  5, 
  5, 
  5, 
  5
 ], 
 "runs": [
  {
   "avg_task_cost_vs_number_of_task": [
    2078, 
    1842.5, 
    1639.1666666666667, 
    2142.625, 
    2461.2, 
    2109.8333333333335, 
    2164.8571428571427, 
    2007, 
    2027.611111111111, 
    2017.65, 
    2023.4999999999998, 
    2062.791666666666, 
    2180.884615384615, 
    2060.2857142857138, 
    2251.1999999999994, 
    2182.3749999999995, 
    2053.9999999999995, 
    2055.555555555555, 
    1985.2105263157891, 
    1943.4499999999994, 
    2068.857142857142, 
    2087.3636363636356, 
    2046.6086956521733, 
    2064.4999999999995, 
    2027.9199999999994, 
    2015.3076923076917, 
    1974.2037037037032, 
    1937.5892857142849, 
    1910.4310344827582, 
    1875.2499999999993
   ], 
   "number_of_vehicles": 3
  }
 ], 
 "vehicle_starting_positions": [
  "Newcastle", 
  "Cardiff", 
  "Plymouth", 
  "Norwich", 
  "Manchester", 
  "London", 
  "Leeds", 
  "Sheffield", 
  "Birmingham", 
  "Liverpool", 
  "Portsmouth"
 ], 
 "task_distribution": {
  "distance_matrix": [
   [
    0, 
    345, 
    477.8, 
    348, 
    209.9, 
    233, 
    246.5, 
    205.2, 
    115, 
    244.6, 
    307.8
   ], 
   [
    345, 
    0, 
    592.8, 
    463, 
    205.7, 
    348, 
    98.5, 
    139.8, 
    230, 
    171, 
    422.8
   ], 
   [
    477.8, 
    592.8, 
    0, 
    359.8, 
    457.7, 
    244.8, 
    494.3, 
    453, 
    362.8, 
    492.4, 
    170
   ], 
   [
    348, 
    463, 
    359.8, 
    0, 
    327.9, 
    115, 
    364.5, 
    323.2, 
    233, 
    362.6, 
    189.8
   ], 
   [
    209.9, 
    205.7, 
    457.7, 
    327.9, 
    0, 
    212.9, 
    107.2, 
    148.5, 
    94.9, 
    34.7, 
    287.7
   ], 
   [
    233, 
    348, 
    244.8, 
    115, 
    212.9, 
    0, 
    249.5, 
    208.2, 
    118, 
    247.6, 
    74.8
   ], 
   [
    246.5, 
    98.5, 
    494.3, 
    364.5, 
    107.2, 
    249.5, 
    0, 
    41.3, 
    131.5, 
    72.5, 
    324.3
   ], 
   [
    205.2, 
    139.8, 
    453, 
    323.2, 
    148.5, 
    208.2, 
    41.3, 
    0, 
    90.2, 
    113.8, 
    283
   ], 
   [
    115, 
    230, 
    362.8, 
    233, 
    94.9, 
    118, 
    131.5, 
    90.2, 
    0, 
    129.6, 
    192.8
   ], 
   [
    244.6, 
    171, 
    492.4, 
    362.6, 
    34.7, 
    247.6, 
    72.5, 
    113.8, 
    129.6, 
    0, 
    322.4
   ], 
   [
    307.8, 
    422.8, 
    170, 
    189.8, 
    287.7, 
    74.8, 
    324.3, 
    283, 
    192.8, 
    322.4, 
    0
   ]
  ], 
  "weight_matrix": [
   [
    0, 
    3, 
    3, 
    3, 
    3, 
    3, 
    3, 
    3, 
    3, 
    3, 
    3
   ], 
   [
    3, 
    0, 
    3, 
    3, 
    3, 
    3, 
    3, 
    3, 
    3, 
    3, 
    3
   ], 
   [
    3, 
    3, 
    0, 
    3, 
    3, 
    3, 
    3, 
    3, 
    3, 
    3, 
    3
   ], 
   [
    3, 
    3, 
    3, 
    0, 
    3, 
    3, 
    3, 
    3, 
    3, 
    3, 
    3
   ], 
   [
    3, 
    3, 
    3, 
    3, 
    0, 
    3, 
    3, 
    3, 
    3, 
    3, 
    3
   ], 
   [
    3, 
    3, 
    3, 
    3, 
    3, 
    0, 
    3, 
    3, 
    3, 
    3, 
    3
   ], 
   [
    3, 
    3, 
    3, 
    3, 
    3, 
    3, 
    0, 
    3, 
    3, 
    3, 
    3
   ], 
   [
    3, 
    3, 
    3, 
    3, 
    3, 
    3, 
    3, 
    0, 
    3, 
    3, 
    3
   ], 
   [
    3, 
    3, 
    3, 
    3, 
    3, 
    3, 
    3, 
    3, 
    0, 
    3, 
    3
   ], 
   [
    3, 
    3, 
    3, 
    3, 
    3, 
    3, 
    3, 
    3, 
    3, 
    0, 
    3
   ], 
   [
    3, 
    3, 
    3, 
    3, 
    3, 
    3, 
    3, 
    3, 
    3, 
    3, 
    0
   ]
  ], 
  "city_names": [
   "Cardiff", 
   "Newcastle", 
   "Plymouth", 
   "Norwich", 
   "Manchester", 
   "London", 
   "Leeds", 
   "Sheffield", 
   "Birmingham", 
   "Liverpool", 
   "Portsmouth"
  ], 
  "reward_matrix": [
   [
    0, 
    44455, 
    20684, 
    43918, 
    68638, 
    64503, 
    62087, 
    69479, 
    85625, 
    62427, 
    51114
   ], 
   [
    44455, 
    0, 
    100, 
    23333, 
    69390, 
    43918, 
    88578, 
    81186, 
    65040, 
    75601, 
    30529
   ], 
   [
    20684, 
    100, 
    0, 
    41806, 
    24282, 
    62391, 
    17731, 
    25123, 
    41269, 
    18071, 
    75780
   ], 
   [
    43918, 
    23333, 
    41806, 
    0, 
    47516, 
    85625, 
    40965, 
    48357, 
    64503, 
    41305, 
    72236
   ], 
   [
    68638, 
    69390, 
    24282, 
    47516, 
    0, 
    68101, 
    87021, 
    79628, 
    89223, 
    99999, 
    54712
   ], 
   [
    64503, 
    43918, 
    62391, 
    85625, 
    68101, 
    0, 
    61550, 
    68942, 
    85088, 
    61890, 
    92821
   ], 
   [
    62087, 
    88578, 
    17731, 
    40965, 
    87021, 
    61550, 
    0, 
    98817, 
    82671, 
    93232, 
    48161
   ], 
   [
    69479, 
    81186, 
    25123, 
    48357, 
    79628, 
    68942, 
    98817, 
    0, 
    90064, 
    85840, 
    55553
   ], 
   [
    85625, 
    65040, 
    41269, 
    64503, 
    89223, 
    85088, 
    82671, 
    90064, 
    0, 
    83012, 
    71699
   ], 
   [
    62427, 
    75601, 
    18071, 
    41305, 
    99999, 
    61890, 
    93232, 
    85840, 
    83012, 
    0, 
    48501
   ], 
   [
    51114, 
    30529, 
    75780, 
    72236, 
    54712, 
    92821, 
    48161, 
    55553, 
    71699, 
    48501, 
    0
   ]
  ], 
  "probability_matrix": [
   [
    0, 
    0.0528957642900378, 
    0.14409112235132693, 
    0.15466171525973962, 
    0.1641859377676146, 
    0.030704093917362885, 
    0.0783876865261879, 
    0.10772951005513491, 
    0.051243295952061875, 
    0.0821178446289754, 
    0.13398302925155817
   ], 
   [
    0.1413922567171664, 
    0, 
    0.09776113943285723, 
    0.049035099555446104, 
    0.13160733817187947, 
    0.09367432173418565, 
    0.15014232707305966, 
    0.019671927667388834, 
    0.06924602518756741, 
    0.061131227228991454, 
    0.18633833723145776
   ], 
   [
    0.12051366063769403, 
    0.0592170191538924, 
    0, 
    0.07720625676569567, 
    0.12897102025012058, 
    0.13303481206937476, 
    0.09020049072782141, 
    0.10780618840527023, 
    0.0992266587313947, 
    0.04032690792757576, 
    0.14349698533116031
   ], 
   [
    0.1750333592566936, 
    0.0731808650324756, 
    0.1817484470631785, 
    0, 
    0.14768368822062658, 
    0.0664092038413975, 
    0.08272137353064685, 
    0.11958793571619594, 
    0.0030406034992032146, 
    0.0058382004429213905, 
    0.1447563233966607
   ], 
   [
    0.11434321180226328, 
    0.13335837475562304, 
    0.10284920765461954, 
    0.1347605863321835, 
    0, 
    0.02719093921751645, 
    0.10076145979268769, 
    0.14951278553264272, 
    0.09911572755429361, 
    0.07863628109836544, 
    0.05947142625980473
   ], 
   [
    0.009319769851963705, 
    0.12214922921280011, 
    0.18382428245066113, 
    0.09058344044308622, 
    0.04452315841902524, 
    0, 
    0.21472476699221357, 
    0.17324374404893875, 
    0.023585673159991462, 
    0.07040420130960373, 
    0.06764173411171615
   ], 
   [
    0.0654706616845246, 
    0.061022542009157035, 
    0.1444697899301825, 
    0.044658802604947395, 
    0.0003947293525950809, 
    0.2317931255285496, 
    0, 
    0.09252697105147137, 
    0.182538379507146, 
    0.17003411460751128, 
    0.007090883723915052
   ], 
   [
    0.14842066626319642, 
    0.09276834596729037, 
    0.17089743171108196, 
    0.09244450362930193, 
    0.06659930048155092, 
    0.07708188162511447, 
    0.032728429493944944, 
    0, 
    0.0872507480879972, 
    0.06082385934647922, 
    0.17098483339404266
   ], 
   [
    0.07274495386811712, 
    0.08257031088825198, 
    0.04606132818074765, 
    0.0790565376908863, 
    0.013886536968176426, 
    0.18527531465879193, 
    0.15848109045812925, 
    0.1043274594080971, 
    0, 
    0.1144611275236726, 
    0.14313534035512984
   ], 
   [
    0.1742234599270221, 
    0.06306591836641247, 
    0.10158986766033752, 
    0.001302010750764524, 
    0.08939962725079001, 
    0.14251324391153977, 
    0.10993129508226816, 
    0.20212824368866095, 
    0.09989522677631259, 
    0, 
    0.015951106585891845
   ], 
   [
    0.12114222964585349, 
    0.045680794944302765, 
    0.1677733095760547, 
    0.06287208487203287, 
    0.15880451007072502, 
    0.06415493186783033, 
    0.12263062694738623, 
    0.03245296436233166, 
    0.11458475614691044, 
    0.10990379156657244, 
    0
   ]
  ]
 }, 
 "vehicle_capacities": [
  5, 
  5, 
  5, 
  30, 
  30, 
  30, 
  30, 
  30, 
  30, 
  30, 
  30
 ]
}