{
 "vehicle_cost_per_km": [
  15, 
  10, 
  15, 
  5, 
  5, 
  5, 
  5, 
  5, 
  5, 
  5, 
  5
 ], 
 "runs": [
  {
   "avg_task_cost_vs_number_of_task": [
    4156, 
    2078, 
    2794.6666666666665, 
    3225.9999999999995, 
    2729.5999999999995, 
    2274.6666666666665, 
    1986.857142857143, 
    1706.0000000000002, 
    1863.7777777777778, 
    1734.6, 
    1580.5454545454545, 
    1552.5, 
    1368.6153846153845, 
    1421, 
    1320.2666666666667, 
    1555.1250000000002, 
    1698.9411764705885, 
    1544.666666666667, 
    1424.2105263157894, 
    1508.5, 
    1492.857142857143, 
    1604.3636363636363, 
    1511.391304347826, 
    1446.0416666666667, 
    1425.04, 
    1440.3076923076926, 
    1513.4074074074074, 
    1435.0357142857142, 
    1388.7586206896551, 
    1433.6
   ], 
   "number_of_vehicles": 3
  }
 ], 
 "vehicle_starting_positions": [
  "Newcastle", 
  "Cardiff", 
  "Plymouth", 
  "Norwich", 
  "Manchester", 
  "London", 
  "Leeds", 
  "Sheffield", 
  "Birmingham", 
  "Liverpool", 
  "Portsmouth"
 ], 
 "task_distribution": {
  "distance_matrix": [
   [
    0, 
    345, 
    477.8, 
    348, 
    209.9, 
    233, 
    246.5, 
    205.2, 
    115, 
    244.6, 
    307.8
   ], 
   [
    345, 
    0, 
    592.8, 
    463, 
    205.7, 
    348, 
    98.5, 
    139.8, 
    230, 
    171, 
    422.8
   ], 
   [
    477.8, 
    592.8, 
    0, 
    359.8, 
    457.7, 
    244.8, 
    494.3, 
    453, 
    362.8, 
    492.4, 
    170
   ], 
   [
    348, 
    463, 
    359.8, 
    0, 
    327.9, 
    115, 
    364.5, 
    323.2, 
    233, 
    362.6, 
    189.8
   ], 
   [
    209.9, 
    205.7, 
    457.7, 
    327.9, 
    0, 
    212.9, 
    107.2, 
    148.5, 
    94.9, 
    34.7, 
    287.7
   ], 
   [
    233, 
    348, 
    244.8, 
    115, 
    212.9, 
    0, 
    249.5, 
    208.2, 
    118, 
    247.6, 
    74.8
   ], 
   [
    246.5, 
    98.5, 
    494.3, 
    364.5, 
    107.2, 
    249.5, 
    0, 
    41.3, 
    131.5, 
    72.5, 
    324.3
   ], 
   [
    205.2, 
    139.8, 
    453, 
    323.2, 
    148.5, 
    208.2, 
    41.3, 
    0, 
    90.2, 
    113.8, 
    283
   ], 
   [
    115, 
    230, 
    362.8, 
    233, 
    94.9, 
    118, 
    131.5, 
    90.2, 
    0, 
    129.6, 
    192.8
   ], 
   [
    244.6, 
    171, 
    492.4, 
    362.6, 
    34.7, 
    247.6, 
    72.5, 
    113.8, 
    129.6, 
    0, 
    322.4
   ], 
   [
    307.8, 
    422.8, 
    170, 
    189.8, 
    287.7, 
    74.8, 
    324.3, 
    283, 
    192.8, 
    322.4, 
    0
   ]
  ], 
  "weight_matrix": [
   [
    0, 
    3, 
    3, 
    3, 
    3, 
    3, 
    3, 
    3, 
    3, 
    3, 
    3
   ], 
   [
    3, 
    0, 
    3, 
    3, 
    3, 
    3, 
    3, 
    3, 
    3, 
    3, 
    3
   ], 
   [
    3, 
    3, 
    0, 
    3, 
    3, 
    3, 
    3, 
    3, 
    3, 
    3, 
    3
   ], 
   [
    3, 
    3, 
    3, 
    0, 
    3, 
    3, 
    3, 
    3, 
    3, 
    3, 
    3
   ], 
   [
    3, 
    3, 
    3, 
    3, 
    0, 
    3, 
    3, 
    3, 
    3, 
    3, 
    3
   ], 
   [
    3, 
    3, 
    3, 
    3, 
    3, 
    0, 
    3, 
    3, 
    3, 
    3, 
    3
   ], 
   [
    3, 
    3, 
    3, 
    3, 
    3, 
    3, 
    0, 
    3, 
    3, 
    3, 
    3
   ], 
   [
    3, 
    3, 
    3, 
    3, 
    3, 
    3, 
    3, 
    0, 
    3, 
    3, 
    3
   ], 
   [
    3, 
    3, 
    3, 
    3, 
    3, 
    3, 
    3, 
    3, 
    0, 
    3, 
    3
   ], 
   [
    3, 
    3, 
    3, 
    3, 
    3, 
    3, 
    3, 
    3, 
    3, 
    0, 
    3
   ], 
   [
    3, 
    3, 
    3, 
    3, 
    3, 
    3, 
    3, 
    3, 
    3, 
    3, 
    0
   ]
  ], 
  "city_names": [
   "Cardiff", 
   "Newcastle", 
   "Plymouth", 
   "Norwich", 
   "Manchester", 
   "London", 
   "Leeds", 
   "Sheffield", 
   "Birmingham", 
   "Liverpool", 
   "Portsmouth"
  ], 
  "reward_matrix": [
   [
    0, 
    44455, 
    20684, 
    43918, 
    68638, 
    64503, 
    62087, 
    69479, 
    85625, 
    62427, 
    51114
   ], 
   [
    44455, 
    0, 
    100, 
    23333, 
    69390, 
    43918, 
    88578, 
    81186, 
    65040, 
    75601, 
    30529
   ], 
   [
    20684, 
    100, 
    0, 
    41806, 
    24282, 
    62391, 
    17731, 
    25123, 
    41269, 
    18071, 
    75780
   ], 
   [
    43918, 
    23333, 
    41806, 
    0, 
    47516, 
    85625, 
    40965, 
    48357, 
    64503, 
    41305, 
    72236
   ], 
   [
    68638, 
    69390, 
    24282, 
    47516, 
    0, 
    68101, 
    87021, 
    79628, 
    89223, 
    99999, 
    54712
   ], 
   [
    64503, 
    43918, 
    62391, 
    85625, 
    68101, 
    0, 
    61550, 
    68942, 
    85088, 
    61890, 
    92821
   ], 
   [
    62087, 
    88578, 
    17731, 
    40965, 
    87021, 
    61550, 
    0, 
    98817, 
    82671, 
    93232, 
    48161
   ], 
   [
    69479, 
    81186, 
    25123, 
    48357, 
    79628, 
    68942, 
    98817, 
    0, 
    90064, 
    85840, 
    55553
   ], 
   [
    85625, 
    65040, 
    41269, 
    64503, 
    89223, 
    85088, 
    82671, 
    90064, 
    0, 
    83012, 
    71699
   ], 
   [
    62427, 
    75601, 
    18071, 
    41305, 
    99999, 
    61890, 
    93232, 
    85840, 
    83012, 
    0, 
    48501
   ], 
   [
    51114, 
    30529, 
    75780, 
    72236, 
    54712, 
    92821, 
    48161, 
    55553, 
    71699, 
    48501, 
    0
   ]
  ], 
  "probability_matrix": [
   [
    0, 
    0.09967156613624731, 
    0.11758769201499232, 
    0.12329905716792411, 
    0.061562221724815694, 
    0.04881678685623256, 
    0.16543930650566271, 
    0.16074006992546358, 
    0.06348088843578913, 
    0.06659149991019273, 
    0.09281091132267985
   ], 
   [
    0.1477397999574472, 
    0, 
    0.03706622569555653, 
    0.05717916004511853, 
    0.11462589161314507, 
    0.13877115572843904, 
    0.16760587260984017, 
    0.16271118378174718, 
    0.08184737877835352, 
    0.055994535761110284, 
    0.03645879602924243
   ], 
   [
    0.1587103356508293, 
    0.012158582583058892, 
    0, 
    0.1833518146185512, 
    0.13858872144564055, 
    0.028031733050623682, 
    0.004657952403957084, 
    0.011373457245670382, 
    0.14552520367592245, 
    0.25568930918597016, 
    0.06191289013977617
   ], 
   [
    0.05678341562268747, 
    0.09997156995304868, 
    0.08167461609082922, 
    0, 
    0.16991199788244962, 
    0.026847449030236996, 
    0.10760525941646144, 
    0.005006615396971949, 
    0.13779625679217358, 
    0.17190921081349794, 
    0.14249360900164312
   ], 
   [
    0.09468156806106799, 
    0.058692230219621305, 
    0.08434033157536139, 
    0.18272278953986293, 
    0, 
    0.004836193024063328, 
    0.20290279990162924, 
    0.0797288691674831, 
    0.10521635423316461, 
    0.03717322479319762, 
    0.14970563948454854
   ], 
   [
    0.1774278760988981, 
    0.1333480189336608, 
    0.003242353864931409, 
    0.10165364966302026, 
    0.05883285264580078, 
    0, 
    0.19086871457414958, 
    0.12439042305879826, 
    0.12632611613808784, 
    0.05908441457152965, 
    0.024825580451123198
   ], 
   [
    0.1148971595493772, 
    0.15704504613851697, 
    0.11969483495729567, 
    0.14951395433102108, 
    0.030837390966803425, 
    0.08205796357037068, 
    0, 
    0.05404063809083622, 
    0.1374355019240091, 
    0.1473151396939321, 
    0.007162370777837669
   ], 
   [
    0.11719298160811281, 
    0.07942427318476002, 
    0.05193129410973902, 
    0.007006249551744852, 
    0.13015451515558168, 
    0.2346658827232587, 
    0.02938616396504834, 
    0, 
    0.23759569805010244, 
    0.09688135955094651, 
    0.01576158210070566
   ], 
   [
    0.06607007865361286, 
    0.22278079395834582, 
    0.08904019632090517, 
    0.1197745120935754, 
    0.20614909952104943, 
    0.15808516866678415, 
    0.0008009785038854843, 
    0.03679735711114219, 
    0, 
    0.03531909044271389, 
    0.06518272472798567
   ], 
   [
    0.009871496084002519, 
    0.05975943734579941, 
    0.1310358379676498, 
    0.13070729139250895, 
    0.018431866518031834, 
    0.17778518818024303, 
    0.048170056222355054, 
    0.005274212717659856, 
    0.211906310362159, 
    0, 
    0.20705830320959073
   ], 
   [
    0.13667585894045506, 
    0.1291426997654723, 
    0.1020661357280311, 
    0.19690243521803866, 
    0.21762881322670266, 
    0.04584400706276918, 
    0.027352932797174892, 
    0.015562051384220482, 
    0.07202743616089251, 
    0.05679762971624318, 
    0
   ]
  ]
 }, 
 "vehicle_capacities": [
  15, 
  15, 
  15, 
  30, 
  30, 
  30, 
  30, 
  30, 
  30, 
  30, 
  30
 ]
}