{
 "vehicle_cost_per_km": [
  5, 
  5, 
  5, 
  5, 
  5
 ], 
 "runs": [
  {
   "avg_task_cost_vs_number_of_task": [
    3539, 
    2810.5, 
    2011.3333333333333, 
    1508.5, 
    1507.3999999999999, 
    1420.3333333333333, 
    1217.4285714285713, 
    1072.625, 
    946.8888888888889, 
    858.1, 
    789.4545454545455, 
    776.75, 
    732.6153846153846, 
    702.6428571428571, 
    679.3333333333334, 
    662.6875, 
    705.7058823529411, 
    698.8333333333334, 
    551.1052631578947, 
    569.95, 
    612.5714285714286, 
    619.8181818181819, 
    639.3913043478261, 
    522.7083333333334, 
    613.02, 
    608.4615384615385, 
    549.1481481481482, 
    571.0357142857143, 
    564.2758620689655, 
    528.1666666666666
   ], 
   "number_of_vehicles": 3
  }
 ], 
 "vehicle_starting_positions": [
  "Newcastle", 
  "Cardiff", 
  "Plymouth", 
  "Norwich", 
  "Manchester", 
  "London", 
  "Leeds", 
  "Sheffield", 
  "Birmingham", 
  "Liverpool", 
  "Portsmouth"
 ], 
 "task_distribution": {
  "distance_matrix": [
   [
    0, 
    345, 
    477.8, 
    348, 
    209.9, 
    233, 
    246.5, 
    205.2, 
    115, 
    244.6, 
    307.8
   ], 
   [
    345, 
    0, 
    592.8, 
    463, 
    205.7, 
    348, 
    98.5, 
    139.8, 
    230, 
    171, 
    422.8
   ], 
   [
    477.8, 
    592.8, 
    0, 
    359.8, 
    457.7, 
    244.8, 
    494.3, 
    453, 
    362.8, 
    492.4, 
    170
   ], 
   [
    348, 
    463, 
    359.8, 
    0, 
    327.9, 
    115, 
    364.5, 
    323.2, 
    233, 
    362.6, 
    189.8
   ], 
   [
    209.9, 
    205.7, 
    457.7, 
    327.9, 
    0, 
    212.9, 
    107.2, 
    148.5, 
    94.9, 
    34.7, 
    287.7
   ], 
   [
    233, 
    348, 
    244.8, 
    115, 
    212.9, 
    0, 
    249.5, 
    208.2, 
    118, 
    247.6, 
    74.8
   ], 
   [
    246.5, 
    98.5, 
    494.3, 
    364.5, 
    107.2, 
    249.5, 
    0, 
    41.3, 
    131.5, 
    72.5, 
    324.3
   ], 
   [
    205.2, 
    139.8, 
    453, 
    323.2, 
    148.5, 
    208.2, 
    41.3, 
    0, 
    90.2, 
    113.8, 
    283
   ], 
   [
    115, 
    230, 
    362.8, 
    233, 
    94.9, 
    118, 
    131.5, 
    90.2, 
    0, 
    129.6, 
    192.8
   ], 
   [
    244.6, 
    171, 
    492.4, 
    362.6, 
    34.7, 
    247.6, 
    72.5, 
    113.8, 
    129.6, 
    0, 
    322.4
   ], 
   [
    307.8, 
    422.8, 
    170, 
    189.8, 
    287.7, 
    74.8, 
    324.3, 
    283, 
    192.8, 
    322.4, 
    0
   ]
  ], 
  "weight_matrix": [
   [
    0, 
    3, 
    3, 
    3, 
    3, 
    3, 
    3, 
    3, 
    3, 
    3, 
    3
   ], 
   [
    3, 
    0, 
    3, 
    3, 
    3, 
    3, 
    3, 
    3, 
    3, 
    3, 
    3
   ], 
   [
    3, 
    3, 
    0, 
    3, 
    3, 
    3, 
    3, 
    3, 
    3, 
    3, 
    3
   ], 
   [
    3, 
    3, 
    3, 
    0, 
    3, 
    3, 
    3, 
    3, 
    3, 
    3, 
    3
   ], 
   [
    3, 
    3, 
    3, 
    3, 
    0, 
    3, 
    3, 
    3, 
    3, 
    3, 
    3
   ], 
   [
    3, 
    3, 
    3, 
    3, 
    3, 
    0, 
    3, 
    3, 
    3, 
    3, 
    3
   ], 
   [
    3, 
    3, 
    3, 
    3, 
    3, 
    3, 
    0, 
    3, 
    3, 
    3, 
    3
   ], 
   [
    3, 
    3, 
    3, 
    3, 
    3, 
    3, 
    3, 
    0, 
    3, 
    3, 
    3
   ], 
   [
    3, 
    3, 
    3, 
    3, 
    3, 
    3, 
    3, 
    3, 
    0, 
    3, 
    3
   ], 
   [
    3, 
    3, 
    3, 
    3, 
    3, 
    3, 
    3, 
    3, 
    3, 
    0, 
    3
   ], 
   [
    3, 
    3, 
    3, 
    3, 
    3, 
    3, 
    3, 
    3, 
    3, 
    3, 
    0
   ]
  ], 
  "city_names": [
   "Cardiff", 
   "Newcastle", 
   "Plymouth", 
   "Norwich", 
   "Manchester", 
   "London", 
   "Leeds", 
   "Sheffield", 
   "Birmingham", 
   "Liverpool", 
   "Portsmouth"
  ], 
  "reward_matrix": [
   [
    0, 
    44455, 
    20684, 
    43918, 
    68638, 
    64503, 
    62087, 
    69479, 
    85625, 
    62427, 
    51114
   ], 
   [
    44455, 
    0, 
    100, 
    23333, 
    69390, 
    43918, 
    88578, 
    81186, 
    65040, 
    75601, 
    30529
   ], 
   [
    20684, 
    100, 
    0, 
    41806, 
    24282, 
    62391, 
    17731, 
    25123, 
    41269, 
    18071, 
    75780
   ], 
   [
    43918, 
    23333, 
    41806, 
    0, 
    47516, 
    85625, 
    40965, 
    48357, 
    64503, 
    41305, 
    72236
   ], 
   [
    68638, 
    69390, 
    24282, 
    47516, 
    0, 
    68101, 
    87021, 
    79628, 
    89223, 
    99999, 
    54712
   ], 
   [
    64503, 
    43918, 
    62391, 
    85625, 
    68101, 
    0, 
    61550, 
    68942, 
    85088, 
    61890, 
    92821
   ], 
   [
    62087, 
    88578, 
    17731, 
    40965, 
    87021, 
    61550, 
    0, 
    98817, 
    82671, 
    93232, 
    48161
   ], 
   [
    69479, 
    81186, 
    25123, 
    48357, 
    79628, 
    68942, 
    98817, 
    0, 
    90064, 
    85840, 
    55553
   ], 
   [
    85625, 
    65040, 
    41269, 
    64503, 
    89223, 
    85088, 
    82671, 
    90064, 
    0, 
    83012, 
    71699
   ], 
   [
    62427, 
    75601, 
    18071, 
    41305, 
    99999, 
    61890, 
    93232, 
    85840, 
    83012, 
    0, 
    48501
   ], 
   [
    51114, 
    30529, 
    75780, 
    72236, 
    54712, 
    92821, 
    48161, 
    55553, 
    71699, 
    48501, 
    0
   ]
  ], 
  "probability_matrix": [
   [
    0, 
    0.10186325250532491, 
    0.14295475597633558, 
    0.1423900120488151, 
    0.09149393627053413, 
    0.06429094368964579, 
    0.16505175387942336, 
    0.045014246546093685, 
    0.09253167494357291, 
    0.03021382698222124, 
    0.12419559715803333
   ], 
   [
    0.2146819221255389, 
    0, 
    0.08623357870803831, 
    0.02073501877759465, 
    0.17401548333973296, 
    0.04280904544690972, 
    0.1056748981104967, 
    0.049308246925661, 
    0.12539726098696008, 
    0.1036399709894761, 
    0.07750457458959166
   ], 
   [
    0.017882640855827126, 
    0.14843677997559995, 
    0, 
    0.08734897885724852, 
    0.05134359117952244, 
    0.13770959019807222, 
    0.17753492538968393, 
    0.04774686826733193, 
    0.13957697592499796, 
    0.13174810222738176, 
    0.06067154712433424
   ], 
   [
    0.07972507386729868, 
    0.10225149189462047, 
    0.12659020240631705, 
    0, 
    0.12918666285191707, 
    0.012676337618975842, 
    0.07070604058292171, 
    0.12382886878096871, 
    0.14562746774931373, 
    0.1058194708724459, 
    0.10358838337522071
   ], 
   [
    0.011535022828552404, 
    0.16454455227023113, 
    0.17743296146100956, 
    0.018979046965523463, 
    0, 
    0.17175512392850764, 
    0.1270203568426605, 
    0.04350249417695181, 
    0.09441971588526217, 
    0.19068044156694583, 
    0.00013028407435548056
   ], 
   [
    0.1310638132038241, 
    0.05764081391079857, 
    0.06837438486196143, 
    0.04838264347335382, 
    0.15136872915483712, 
    0, 
    0.15682939511363755, 
    0.13366896756455177, 
    0.04510043674183622, 
    0.1397861616503636, 
    0.06778465432483581
   ], 
   [
    0.048661384141636135, 
    0.15083381990698197, 
    0.1605805385697324, 
    0.06015395595309112, 
    0.05245706060974482, 
    0.11707114545354164, 
    0, 
    0.1257155419271816, 
    0.012314428969541446, 
    0.15912217244686006, 
    0.11308995202168862
   ], 
   [
    0.040671333745951, 
    0.045055286203282134, 
    0.19767986221887995, 
    0.06314560196809504, 
    0.13603078838706534, 
    0.0676826375334748, 
    0.2085105523965945, 
    0, 
    0.0673710059705759, 
    0.0736821106388073, 
    0.10017082093727402
   ], 
   [
    0.008156045879796207, 
    0.16559930499851946, 
    0.13732716633141098, 
    0.009987555858611382, 
    0.034656279870898275, 
    0.20753317177208508, 
    0.10809600715619058, 
    0.09636044466245487, 
    0, 
    0.14966366424625763, 
    0.08262035922377552
   ], 
   [
    0.17581214294025296, 
    0.13689604490070026, 
    0.17618989859576425, 
    0.07965237271666152, 
    0.17714633359174237, 
    0.048064792970599166, 
    0.044250066820554275, 
    0.07646527646798489, 
    0.012145486893447683, 
    0, 
    0.07337758410229281
   ], 
   [
    0.1107745995756863, 
    0.14150953499854527, 
    0.1733156217742894, 
    0.14242616229662805, 
    0.012942138843376912, 
    0.07456139236784518, 
    0.09080941944116647, 
    0.05795685142258012, 
    0.1614533957989387, 
    0.03425088348094346, 
    0
   ]
  ]
 }, 
 "vehicle_capacities": [
  15, 
  15, 
  15, 
  30, 
  30, 
  30, 
  30, 
  30, 
  30, 
  30, 
  30
 ]
}