{
 "vehicle_cost_per_km": [
  10, 
  15, 
  10, 
  5, 
  5, 
  5, 
  5, 
  5, 
  5, 
  5, 
  5
 ], 
 "runs": [
  {
   "avg_task_cost_vs_number_of_task": [
    1700, 
    2353, 
    2978, 
    2438.5, 
    2292.8, 
    2211.3333333333335, 
    2499.4285714285716, 
    2895.4999999999995, 
    2829.3333333333335, 
    2726.7999999999997, 
    2795.6363636363635, 
    2620.5, 
    2687.769230769231, 
    2961.0714285714284, 
    2941.9333333333334, 
    2830.8749999999995, 
    2780.235294117647, 
    2902.999999999999, 
    2925.7894736842104, 
    2954.0999999999995, 
    2886.380952380952, 
    2876.818181818181, 
    2808.1739130434785, 
    2849.3333333333335, 
    2973.68, 
    2914.615384615384, 
    2806.6666666666665, 
    2822.5714285714284, 
    2751.0344827586205, 
    2718.266666666667
   ], 
   "number_of_vehicles": 3
  }
 ], 
 "vehicle_starting_positions": [
  "Newcastle", 
  "Cardiff", 
  "Plymouth", 
  "Norwich", 
  "Manchester", 
  "London", 
  "Leeds", 
  "Sheffield", 
  "Birmingham", 
  "Liverpool", 
  "Portsmouth"
 ], 
 "task_distribution": {
  "distance_matrix": [
   [
    0, 
    345, 
    477.8, 
    348, 
    209.9, 
    233, 
    246.5, 
    205.2, 
    115, 
    244.6, 
    307.8
   ], 
   [
    345, 
    0, 
    592.8, 
    463, 
    205.7, 
    348, 
    98.5, 
    139.8, 
    230, 
    171, 
    422.8
   ], 
   [
    477.8, 
    592.8, 
    0, 
    359.8, 
    457.7, 
    244.8, 
    494.3, 
    453, 
    362.8, 
    492.4, 
    170
   ], 
   [
    348, 
    463, 
    359.8, 
    0, 
    327.9, 
    115, 
    364.5, 
    323.2, 
    233, 
    362.6, 
    189.8
   ], 
   [
    209.9, 
    205.7, 
    457.7, 
    327.9, 
    0, 
    212.9, 
    107.2, 
    148.5, 
    94.9, 
    34.7, 
    287.7
   ], 
   [
    233, 
    348, 
    244.8, 
    115, 
    212.9, 
    0, 
    249.5, 
    208.2, 
    118, 
    247.6, 
    74.8
   ], 
   [
    246.5, 
    98.5, 
    494.3, 
    364.5, 
    107.2, 
    249.5, 
    0, 
    41.3, 
    131.5, 
    72.5, 
    324.3
   ], 
   [
    205.2, 
    139.8, 
    453, 
    323.2, 
    148.5, 
    208.2, 
    41.3, 
    0, 
    90.2, 
    113.8, 
    283
   ], 
   [
    115, 
    230, 
    362.8, 
    233, 
    94.9, 
    118, 
    131.5, 
    90.2, 
    0, 
    129.6, 
    192.8
   ], 
   [
    244.6, 
    171, 
    492.4, 
    362.6, 
    34.7, 
    247.6, 
    72.5, 
    113.8, 
    129.6, 
    0, 
    322.4
   ], 
   [
    307.8, 
    422.8, 
    170, 
    189.8, 
    287.7, 
    74.8, 
    324.3, 
    283, 
    192.8, 
    322.4, 
    0
   ]
  ], 
  "weight_matrix": [
   [
    0, 
    3, 
    3, 
    3, 
    3, 
    3, 
    3, 
    3, 
    3, 
    3, 
    3
   ], 
   [
    3, 
    0, 
    3, 
    3, 
    3, 
    3, 
    3, 
    3, 
    3, 
    3, 
    3
   ], 
   [
    3, 
    3, 
    0, 
    3, 
    3, 
    3, 
    3, 
    3, 
    3, 
    3, 
    3
   ], 
   [
    3, 
    3, 
    3, 
    0, 
    3, 
    3, 
    3, 
    3, 
    3, 
    3, 
    3
   ], 
   [
    3, 
    3, 
    3, 
    3, 
    0, 
    3, 
    3, 
    3, 
    3, 
    3, 
    3
   ], 
   [
    3, 
    3, 
    3, 
    3, 
    3, 
    0, 
    3, 
    3, 
    3, 
    3, 
    3
   ], 
   [
    3, 
    3, 
    3, 
    3, 
    3, 
    3, 
    0, 
    3, 
    3, 
    3, 
    3
   ], 
   [
    3, 
    3, 
    3, 
    3, 
    3, 
    3, 
    3, 
    0, 
    3, 
    3, 
    3
   ], 
   [
    3, 
    3, 
    3, 
    3, 
    3, 
    3, 
    3, 
    3, 
    0, 
    3, 
    3
   ], 
   [
    3, 
    3, 
    3, 
    3, 
    3, 
    3, 
    3, 
    3, 
    3, 
    0, 
    3
   ], 
   [
    3, 
    3, 
    3, 
    3, 
    3, 
    3, 
    3, 
    3, 
    3, 
    3, 
    0
   ]
  ], 
  "city_names": [
   "Cardiff", 
   "Newcastle", 
   "Plymouth", 
   "Norwich", 
   "Manchester", 
   "London", 
   "Leeds", 
   "Sheffield", 
   "Birmingham", 
   "Liverpool", 
   "Portsmouth"
  ], 
  "reward_matrix": [
   [
    0, 
    44455, 
    20684, 
    43918, 
    68638, 
    64503, 
    62087, 
    69479, 
    85625, 
    62427, 
    51114
   ], 
   [
    44455, 
    0, 
    100, 
    23333, 
    69390, 
    43918, 
    88578, 
    81186, 
    65040, 
    75601, 
    30529
   ], 
   [
    20684, 
    100, 
    0, 
    41806, 
    24282, 
    62391, 
    17731, 
    25123, 
    41269, 
    18071, 
    75780
   ], 
   [
    43918, 
    23333, 
    41806, 
    0, 
    47516, 
    85625, 
    40965, 
    48357, 
    64503, 
    41305, 
    72236
   ], 
   [
    68638, 
    69390, 
    24282, 
    47516, 
    0, 
    68101, 
    87021, 
    79628, 
    89223, 
    99999, 
    54712
   ], 
   [
    64503, 
    43918, 
    62391, 
    85625, 
    68101, 
    0, 
    61550, 
    68942, 
    85088, 
    61890, 
    92821
   ], 
   [
    62087, 
    88578, 
    17731, 
    40965, 
    87021, 
    61550, 
    0, 
    98817, 
    82671, 
    93232, 
    48161
   ], 
   [
    69479, 
    81186, 
    25123, 
    48357, 
    79628, 
    68942, 
    98817, 
    0, 
    90064, 
    85840, 
    55553
   ], 
   [
    85625, 
    65040, 
    41269, 
    64503, 
    89223, 
    85088, 
    82671, 
    90064, 
    0, 
    83012, 
    71699
   ], 
   [
    62427, 
    75601, 
    18071, 
    41305, 
    99999, 
    61890, 
    93232, 
    85840, 
    83012, 
    0, 
    48501
   ], 
   [
    51114, 
    30529, 
    75780, 
    72236, 
    54712, 
    92821, 
    48161, 
    55553, 
    71699, 
    48501, 
    0
   ]
  ], 
  "probability_matrix": [
   [
    0, 
    0.033418811028049514, 
    0.014441612387047128, 
    0.11188738445958299, 
    0.033421131479290475, 
    0.09568156991974028, 
    0.034436232770183234, 
    0.12076117870838037, 
    0.14647506299998164, 
    0.18906625475021277, 
    0.2204107614975317
   ], 
   [
    0.08929211955746984, 
    0, 
    0.0475319549988675, 
    0.12455443735443694, 
    0.11693791561501288, 
    0.13293756274935753, 
    0.09438426056288539, 
    0.03802575742826934, 
    0.11228221833878413, 
    0.10915394176127616, 
    0.13489983163364047
   ], 
   [
    0.19006323539148479, 
    0.03935472714150699, 
    0, 
    0.08819411638094367, 
    0.1784172180480874, 
    0.0020255406370529, 
    0.08379674303793813, 
    0.03212703612791932, 
    0.19425875500135456, 
    0.01624684835552814, 
    0.17551577987818387
   ], 
   [
    0.14202542883420072, 
    0.13608567654706674, 
    0.10021920079047136, 
    0, 
    0.10361617625187851, 
    0.047615083094144056, 
    0.13128251493592058, 
    0.07078163592952637, 
    0.0662383893813792, 
    0.114923014294133, 
    0.08721287994127952
   ], 
   [
    0.13619837557531372, 
    0.12182249045052776, 
    0.010885123938971814, 
    0.06163569372712727, 
    0, 
    0.1295910289970347, 
    0.06205614327700891, 
    0.006531987553629909, 
    0.18811525334893558, 
    0.1093546594180153, 
    0.1738092437134351
   ], 
   [
    0.26962653244087303, 
    0.0801533662637949, 
    0.09369387811234414, 
    0.13199275826872145, 
    0.025807215890391196, 
    0, 
    0.18735949380867303, 
    0.04186705025078337, 
    0.012614028732430796, 
    0.051295932184688246, 
    0.10558974404729975
   ], 
   [
    0.07088763902576313, 
    0.0973276538224437, 
    0.03741246596298886, 
    0.157002289983239, 
    0.12668964545235015, 
    0.15738501542471112, 
    0, 
    0.0473777395341073, 
    0.1514154326844676, 
    0.10336706480655568, 
    0.05113505330337335
   ], 
   [
    0.18971024001620357, 
    0.10535042046305494, 
    0.07493042476908732, 
    0.12570336169951724, 
    0.15622687612640254, 
    0.05082308225816252, 
    0.10111827624856465, 
    0, 
    0.007275501392851934, 
    0.13046574572425784, 
    0.05839607130189745
   ], 
   [
    0.14042165170210705, 
    0.10988755930963347, 
    0.10487542466618721, 
    0.025773855227313916, 
    0.13667155876949838, 
    0.06651555302058947, 
    0.16152594363209885, 
    0.13669084665837372, 
    0, 
    0.03405020551823523, 
    0.08358740149596264
   ], 
   [
    0.06020255709189563, 
    0.1463074458098214, 
    0.023955225124578584, 
    0.05697775542496138, 
    0.13904896575996742, 
    0.01208532383786547, 
    0.14278047109851602, 
    0.162451046278295, 
    0.13176949018353654, 
    0, 
    0.12442171939056258
   ], 
   [
    0.015872182650569, 
    0.1590246872013634, 
    0.04889692617482541, 
    0.1028953233869557, 
    0.1509668808385964, 
    0.1639523963411171, 
    0.06480244632260247, 
    0.09821489930825741, 
    0.1584719102235396, 
    0.03690234755217359, 
    0
   ]
  ]
 }, 
 "vehicle_capacities": [
  5, 
  5, 
  5, 
  30, 
  30, 
  30, 
  30, 
  30, 
  30, 
  30, 
  30
 ]
}