{
 "vehicle_cost_per_km": [
  15, 
  10, 
  15, 
  5, 
  5, 
  5, 
  5, 
  5, 
  5, 
  5, 
  5
 ], 
 "runs": [
  {
   "avg_task_cost_vs_number_of_task": [
    6960, 
    3480, 
    5023.333333333333, 
    5426, 
    5732.8, 
    5091.666666666667, 
    5089.142857142857, 
    4748, 
    4676.444444444443, 
    4358.4, 
    4216.363636363636, 
    3865, 
    3828.769230769231, 
    3690, 
    3444, 
    3678.4999999999995, 
    3801.4117647058824, 
    3778.777777777778, 
    3655.5789473684213, 
    3514.1, 
    3346.7619047619046, 
    3305.363636363637, 
    3138.2608695652175, 
    3190.6666666666665, 
    3226.3200000000006, 
    3405.307692307691, 
    3389.185185185185, 
    3437.714285714286, 
    3286.7241379310344, 
    3332.9333333333334
   ], 
   "number_of_vehicles": 3
  }
 ], 
 "vehicle_starting_positions": [
  "Newcastle", 
  "Cardiff", 
  "Plymouth", 
  "Norwich", 
  "Manchester", 
  "London", 
  "Leeds", 
  "Sheffield", 
  "Birmingham", 
  "Liverpool", 
  "Portsmouth"
 ], 
 "task_distribution": {
  "distance_matrix": [
   [
    0, 
    345, 
    477.8, 
    348, 
    209.9, 
    233, 
    246.5, 
    205.2, 
    115, 
    244.6, 
    307.8
   ], 
   [
    345, 
    0, 
    592.8, 
    463, 
    205.7, 
    348, 
    98.5, 
    139.8, 
    230, 
    171, 
    422.8
   ], 
   [
    477.8, 
    592.8, 
    0, 
    359.8, 
    457.7, 
    244.8, 
    494.3, 
    453, 
    362.8, 
    492.4, 
    170
   ], 
   [
    348, 
    463, 
    359.8, 
    0, 
    327.9, 
    115, 
    364.5, 
    323.2, 
    233, 
    362.6, 
    189.8
   ], 
   [
    209.9, 
    205.7, 
    457.7, 
    327.9, 
    0, 
    212.9, 
    107.2, 
    148.5, 
    94.9, 
    34.7, 
    287.7
   ], 
   [
    233, 
    348, 
    244.8, 
    115, 
    212.9, 
    0, 
    249.5, 
    208.2, 
    118, 
    247.6, 
    74.8
   ], 
   [
    246.5, 
    98.5, 
    494.3, 
    364.5, 
    107.2, 
    249.5, 
    0, 
    41.3, 
    131.5, 
    72.5, 
    324.3
   ], 
   [
    205.2, 
    139.8, 
    453, 
    323.2, 
    148.5, 
    208.2, 
    41.3, 
    0, 
    90.2, 
    113.8, 
    283
   ], 
   [
    115, 
    230, 
    362.8, 
    233, 
    94.9, 
    118, 
    131.5, 
    90.2, 
    0, 
    129.6, 
    192.8
   ], 
   [
    244.6, 
    171, 
    492.4, 
    362.6, 
    34.7, 
    247.6, 
    72.5, 
    113.8, 
    129.6, 
    0, 
    322.4
   ], 
   [
    307.8, 
    422.8, 
    170, 
    189.8, 
    287.7, 
    74.8, 
    324.3, 
    283, 
    192.8, 
    322.4, 
    0
   ]
  ], 
  "weight_matrix": [
   [
    0, 
    3, 
    3, 
    3, 
    3, 
    3, 
    3, 
    3, 
    3, 
    3, 
    3
   ], 
   [
    3, 
    0, 
    3, 
    3, 
    3, 
    3, 
    3, 
    3, 
    3, 
    3, 
    3
   ], 
   [
    3, 
    3, 
    0, 
    3, 
    3, 
    3, 
    3, 
    3, 
    3, 
    3, 
    3
   ], 
   [
    3, 
    3, 
    3, 
    0, 
    3, 
    3, 
    3, 
    3, 
    3, 
    3, 
    3
   ], 
   [
    3, 
    3, 
    3, 
    3, 
    0, 
    3, 
    3, 
    3, 
    3, 
    3, 
    3
   ], 
   [
    3, 
    3, 
    3, 
    3, 
    3, 
    0, 
    3, 
    3, 
    3, 
    3, 
    3
   ], 
   [
    3, 
    3, 
    3, 
    3, 
    3, 
    3, 
    0, 
    3, 
    3, 
    3, 
    3
   ], 
   [
    3, 
    3, 
    3, 
    3, 
    3, 
    3, 
    3, 
    0, 
    3, 
    3, 
    3
   ], 
   [
    3, 
    3, 
    3, 
    3, 
    3, 
    3, 
    3, 
    3, 
    0, 
    3, 
    3
   ], 
   [
    3, 
    3, 
    3, 
    3, 
    3, 
    3, 
    3, 
    3, 
    3, 
    0, 
    3
   ], 
   [
    3, 
    3, 
    3, 
    3, 
    3, 
    3, 
    3, 
    3, 
    3, 
    3, 
    0
   ]
  ], 
  "city_names": [
   "Cardiff", 
   "Newcastle", 
   "Plymouth", 
   "Norwich", 
   "Manchester", 
   "London", 
   "Leeds", 
   "Sheffield", 
   "Birmingham", 
   "Liverpool", 
   "Portsmouth"
  ], 
  "reward_matrix": [
   [
    0, 
    44455, 
    20684, 
    43918, 
    68638, 
    64503, 
    62087, 
    69479, 
    85625, 
    62427, 
    51114
   ], 
   [
    44455, 
    0, 
    100, 
    23333, 
    69390, 
    43918, 
    88578, 
    81186, 
    65040, 
    75601, 
    30529
   ], 
   [
    20684, 
    100, 
    0, 
    41806, 
    24282, 
    62391, 
    17731, 
    25123, 
    41269, 
    18071, 
    75780
   ], 
   [
    43918, 
    23333, 
    41806, 
    0, 
    47516, 
    85625, 
    40965, 
    48357, 
    64503, 
    41305, 
    72236
   ], 
   [
    68638, 
    69390, 
    24282, 
    47516, 
    0, 
    68101, 
    87021, 
    79628, 
    89223, 
    99999, 
    54712
   ], 
   [
    64503, 
    43918, 
    62391, 
    85625, 
    68101, 
    0, 
    61550, 
    68942, 
    85088, 
    61890, 
    92821
   ], 
   [
    62087, 
    88578, 
    17731, 
    40965, 
    87021, 
    61550, 
    0, 
    98817, 
    82671, 
    93232, 
    48161
   ], 
   [
    69479, 
    81186, 
    25123, 
    48357, 
    79628, 
    68942, 
    98817, 
    0, 
    90064, 
    85840, 
    55553
   ], 
   [
    85625, 
    65040, 
    41269, 
    64503, 
    89223, 
    85088, 
    82671, 
    90064, 
    0, 
    83012, 
    71699
   ], 
   [
    62427, 
    75601, 
    18071, 
    41305, 
    99999, 
    61890, 
    93232, 
    85840, 
    83012, 
    0, 
    48501
   ], 
   [
    51114, 
    30529, 
    75780, 
    72236, 
    54712, 
    92821, 
    48161, 
    55553, 
    71699, 
    48501, 
    0
   ]
  ], 
  "probability_matrix": [
   [
    0, 
    0.12808254875850342, 
    0.13164329197807603, 
    0.12288468261775318, 
    0.031801201721518, 
    0.1430565379239025, 
    0.13918821802351738, 
    0.08614170778504407, 
    0.03481494736854887, 
    0.0805035251841216, 
    0.10188333863901494
   ], 
   [
    0.27512087032189714, 
    0, 
    0.0708572389420963, 
    0.06861263087444455, 
    0.16194089167272843, 
    0.06419385243097003, 
    0.005820757168468901, 
    0.046483678478358034, 
    0.05861566236004461, 
    0.11428406935078088, 
    0.1340703484002112
   ], 
   [
    0.027176670553177514, 
    0.08424997016460911, 
    0, 
    0.08951960270558443, 
    0.13058136843141277, 
    0.10177376461147628, 
    0.08448834220109856, 
    0.1195544540365243, 
    0.27304254857840954, 
    0.009927379571394593, 
    0.07968589914631295
   ], 
   [
    0.11661147014559385, 
    0.10202666486208575, 
    0.10833107070058257, 
    0, 
    0.1262470661052234, 
    0.1628488631854528, 
    0.16021754667772523, 
    0.10319688926416501, 
    0.020643819021235185, 
    0.006680188093433127, 
    0.0931964219445029
   ], 
   [
    0.0156794475361956, 
    0.09900402575419395, 
    0.009585721562664531, 
    0.11361630752532555, 
    0, 
    0.15895214018365847, 
    0.005616269264893273, 
    0.1607854775223464, 
    0.1421319280609619, 
    0.13351605663670837, 
    0.161112625953052
   ], 
   [
    0.13268407452643124, 
    0.0853174287220791, 
    0.10616919630953828, 
    0.0040173695067048385, 
    0.05344508446577641, 
    0, 
    0.10420111998129863, 
    0.16604068553418364, 
    0.15962981648121283, 
    0.059711292004227944, 
    0.12878393246854714
   ], 
   [
    0.0718617344317837, 
    0.11023515305962112, 
    0.04400757603097508, 
    0.041565861316112375, 
    0.14144399788342044, 
    0.10949564190925627, 
    0, 
    0.15018015581404867, 
    0.18062396793768284, 
    0.022936738650008653, 
    0.1276491729670907
   ], 
   [
    0.09985361888901075, 
    0.1095110840480753, 
    0.12406739985171295, 
    0.14047206690985214, 
    0.12039848050548224, 
    0.013482865635761204, 
    0.025021920562584066, 
    0, 
    0.13183275834271585, 
    0.12786443446830276, 
    0.10749537078650251
   ], 
   [
    0.026381765397497123, 
    0.10483983816111869, 
    0.06933627712885772, 
    0.10678735352423664, 
    0.14794295708053348, 
    0.13955907568396062, 
    0.043410937381571, 
    0.11465584482125989, 
    0, 
    0.11185370304772899, 
    0.135232247773236
   ], 
   [
    0.05264825858548521, 
    0.1242039980612115, 
    0.1559291844359258, 
    0.07128877451049795, 
    0.02798372044361555, 
    0.04170149331534111, 
    0.1361185897055583, 
    0.04352117466107765, 
    0.16205328688971396, 
    0, 
    0.1845515193915728
   ], 
   [
    0.08617687091108975, 
    0.08934698371295573, 
    0.12168703064734875, 
    0.08936292205771425, 
    0.07892535043526777, 
    0.09711353380493822, 
    0.12705855628088503, 
    0.13052371242084718, 
    0.07172217228277297, 
    0.10808286744618031, 
    0
   ]
  ]
 }, 
 "vehicle_capacities": [
  5, 
  5, 
  5, 
  30, 
  30, 
  30, 
  30, 
  30, 
  30, 
  30, 
  30
 ]
}