{
 "vehicle_cost_per_km": [
  5, 
  5, 
  5, 
  5, 
  5
 ], 
 "runs": [
  {
   "avg_task_cost_vs_number_of_task": [
    2389, 
    2528.5, 
    2074, 
    1992, 
    1593.6, 
    1896.6666666666663, 
    1975.428571428571, 
    1728.4999999999998, 
    1707.4444444444443, 
    1653.2, 
    1661.090909090909, 
    1667.6666666666667, 
    1657.7692307692307, 
    1607.142857142857, 
    1577.6666666666667, 
    1597.75, 
    1681.5882352941173, 
    1653.2222222222222, 
    1624.5263157894738, 
    1640.4499999999996, 
    1645.9047619047615, 
    1612.090909090909, 
    1608.3913043478258, 
    1638.4583333333333, 
    1572.9199999999996, 
    1606.5769230769229, 
    1606.0740740740741, 
    1621.9999999999995, 
    1650.0344827586205, 
    1595.0333333333328
   ], 
   "number_of_vehicles": 3
  }
 ], 
 "vehicle_starting_positions": [
  "Newcastle", 
  "Cardiff", 
  "Plymouth", 
  "Norwich", 
  "Manchester", 
  "London", 
  "Leeds", 
  "Sheffield", 
  "Birmingham", 
  "Liverpool", 
  "Portsmouth"
 ], 
 "task_distribution": {
  "distance_matrix": [
   [
    0, 
    345, 
    477.8, 
    348, 
    209.9, 
    233, 
    246.5, 
    205.2, 
    115, 
    244.6, 
    307.8
   ], 
   [
    345, 
    0, 
    592.8, 
    463, 
    205.7, 
    348, 
    98.5, 
    139.8, 
    230, 
    171, 
    422.8
   ], 
   [
    477.8, 
    592.8, 
    0, 
    359.8, 
    457.7, 
    244.8, 
    494.3, 
    453, 
    362.8, 
    492.4, 
    170
   ], 
   [
    348, 
    463, 
    359.8, 
    0, 
    327.9, 
    115, 
    364.5, 
    323.2, 
    233, 
    362.6, 
    189.8
   ], 
   [
    209.9, 
    205.7, 
    457.7, 
    327.9, 
    0, 
    212.9, 
    107.2, 
    148.5, 
    94.9, 
    34.7, 
    287.7
   ], 
   [
    233, 
    348, 
    244.8, 
    115, 
    212.9, 
    0, 
    249.5, 
    208.2, 
    118, 
    247.6, 
    74.8
   ], 
   [
    246.5, 
    98.5, 
    494.3, 
    364.5, 
    107.2, 
    249.5, 
    0, 
    41.3, 
    131.5, 
    72.5, 
    324.3
   ], 
   [
    205.2, 
    139.8, 
    453, 
    323.2, 
    148.5, 
    208.2, 
    41.3, 
    0, 
    90.2, 
    113.8, 
    283
   ], 
   [
    115, 
    230, 
    362.8, 
    233, 
    94.9, 
    118, 
    131.5, 
    90.2, 
    0, 
    129.6, 
    192.8
   ], 
   [
    244.6, 
    171, 
    492.4, 
    362.6, 
    34.7, 
    247.6, 
    72.5, 
    113.8, 
    129.6, 
    0, 
    322.4
   ], 
   [
    307.8, 
    422.8, 
    170, 
    189.8, 
    287.7, 
    74.8, 
    324.3, 
    283, 
    192.8, 
    322.4, 
    0
   ]
  ], 
  "weight_matrix": [
   [
    0, 
    3, 
    3, 
    3, 
    3, 
    3, 
    3, 
    3, 
    3, 
    3, 
    3
   ], 
   [
    3, 
    0, 
    3, 
    3, 
    3, 
    3, 
    3, 
    3, 
    3, 
    3, 
    3
   ], 
   [
    3, 
    3, 
    0, 
    3, 
    3, 
    3, 
    3, 
    3, 
    3, 
    3, 
    3
   ], 
   [
    3, 
    3, 
    3, 
    0, 
    3, 
    3, 
    3, 
    3, 
    3, 
    3, 
    3
   ], 
   [
    3, 
    3, 
    3, 
    3, 
    0, 
    3, 
    3, 
    3, 
    3, 
    3, 
    3
   ], 
   [
    3, 
    3, 
    3, 
    3, 
    3, 
    0, 
    3, 
    3, 
    3, 
    3, 
    3
   ], 
   [
    3, 
    3, 
    3, 
    3, 
    3, 
    3, 
    0, 
    3, 
    3, 
    3, 
    3
   ], 
   [
    3, 
    3, 
    3, 
    3, 
    3, 
    3, 
    3, 
    0, 
    3, 
    3, 
    3
   ], 
   [
    3, 
    3, 
    3, 
    3, 
    3, 
    3, 
    3, 
    3, 
    0, 
    3, 
    3
   ], 
   [
    3, 
    3, 
    3, 
    3, 
    3, 
    3, 
    3, 
    3, 
    3, 
    0, 
    3
   ], 
   [
    3, 
    3, 
    3, 
    3, 
    3, 
    3, 
    3, 
    3, 
    3, 
    3, 
    0
   ]
  ], 
  "city_names": [
   "Cardiff", 
   "Newcastle", 
   "Plymouth", 
   "Norwich", 
   "Manchester", 
   "London", 
   "Leeds", 
   "Sheffield", 
   "Birmingham", 
   "Liverpool", 
   "Portsmouth"
  ], 
  "reward_matrix": [
   [
    0, 
    44455, 
    20684, 
    43918, 
    68638, 
    64503, 
    62087, 
    69479, 
    85625, 
    62427, 
    51114
   ], 
   [
    44455, 
    0, 
    100, 
    23333, 
    69390, 
    43918, 
    88578, 
    81186, 
    65040, 
    75601, 
    30529
   ], 
   [
    20684, 
    100, 
    0, 
    41806, 
    24282, 
    62391, 
    17731, 
    25123, 
    41269, 
    18071, 
    75780
   ], 
   [
    43918, 
    23333, 
    41806, 
    0, 
    47516, 
    85625, 
    40965, 
    48357, 
    64503, 
    41305, 
    72236
   ], 
   [
    68638, 
    69390, 
    24282, 
    47516, 
    0, 
    68101, 
    87021, 
    79628, 
    89223, 
    99999, 
    54712
   ], 
   [
    64503, 
    43918, 
    62391, 
    85625, 
    68101, 
    0, 
    61550, 
    68942, 
    85088, 
    61890, 
    92821
   ], 
   [
    62087, 
    88578, 
    17731, 
    40965, 
    87021, 
    61550, 
    0, 
    98817, 
    82671, 
    93232, 
    48161
   ], 
   [
    69479, 
    81186, 
    25123, 
    48357, 
    79628, 
    68942, 
    98817, 
    0, 
    90064, 
    85840, 
    55553
   ], 
   [
    85625, 
    65040, 
    41269, 
    64503, 
    89223, 
    85088, 
    82671, 
    90064, 
    0, 
    83012, 
    71699
   ], 
   [
    62427, 
    75601, 
    18071, 
    41305, 
    99999, 
    61890, 
    93232, 
    85840, 
    83012, 
    0, 
    48501
   ], 
   [
    51114, 
    30529, 
    75780, 
    72236, 
    54712, 
    92821, 
    48161, 
    55553, 
    71699, 
    48501, 
    0
   ]
  ], 
  "probability_matrix": [
   [
    0, 
    0.01809117752545379, 
    0.08123259282429256, 
    0.06910642288365135, 
    0.05674777355539373, 
    0.10847123324473884, 
    0.09734493640216269, 
    0.15740251527101018, 
    0.1871502119228144, 
    0.20229553360060792, 
    0.02215760276987455
   ], 
   [
    0.010416681555206767, 
    0, 
    0.025226879507284816, 
    0.047392099346574866, 
    0.08885413388535637, 
    0.1929048182076233, 
    0.2037136382885428, 
    0.22096987517826486, 
    0.11515698458623097, 
    0.011612306684070274, 
    0.0837525827608451
   ], 
   [
    0.045959358090407604, 
    0.026971717747559784, 
    0, 
    0.21085091069228207, 
    0.16907288845115492, 
    0.025593466732574104, 
    0.09625088041493891, 
    0.16645893441812434, 
    0.06736093572669302, 
    0.0283635377939176, 
    0.16311736993234768
   ], 
   [
    0.08068901011192725, 
    0.05774975896244084, 
    0.04245165351084289, 
    0, 
    0.11030576877153483, 
    0.10750950749242887, 
    0.08744365346216104, 
    0.11433805957023649, 
    0.026991398563103747, 
    0.19753075872154904, 
    0.17499043083377505
   ], 
   [
    0.1652031166610598, 
    0.01609274003794921, 
    0.04798891403636944, 
    0.1566304722812814, 
    0, 
    0.03091172013493859, 
    0.18198997005500298, 
    0.019653943802285037, 
    0.06316807724643661, 
    0.19860806450919918, 
    0.11975298123547767
   ], 
   [
    0.04013736439092498, 
    0.21058654817481653, 
    0.010152978566387255, 
    0.1915982740721355, 
    0.014247937767131326, 
    0, 
    0.12718935046306412, 
    0.19119608022314186, 
    0.01880003343738956, 
    0.08707608541973645, 
    0.10901534748527236
   ], 
   [
    0.050009235342996936, 
    0.08156667036452997, 
    0.16150117307712222, 
    0.05175856884825042, 
    0.16328539510501577, 
    0.09693703926377323, 
    0, 
    0.18854380415105676, 
    0.0814628443615667, 
    0.04077075670071758, 
    0.08416451278497035
   ], 
   [
    0.09968915701649352, 
    0.11116934513908489, 
    0.08142314706375363, 
    0.09514489744564562, 
    0.05175094742229479, 
    0.15274938338067418, 
    0.003282902371381119, 
    0, 
    0.15213226420186113, 
    0.05720159859885873, 
    0.19545635735995245
   ], 
   [
    0.0975949535912327, 
    0.12315710250150548, 
    0.16882467914225444, 
    0.0927085367546967, 
    0.014072802312583349, 
    0.17763887682791332, 
    0.1181824796805446, 
    0.04446340658726881, 
    0, 
    0.1308207263456508, 
    0.03253643625634991
   ], 
   [
    0.07765432282473407, 
    0.07861781074391293, 
    0.13990383230100806, 
    0.1514809111297945, 
    0.19722651995643872, 
    0.08857934795439576, 
    0.05659479681188793, 
    0.03928277244389415, 
    0.05039744265565463, 
    0, 
    0.12026224317827941
   ], 
   [
    0.1935505383366698, 
    0.006584308484563274, 
    0.036623969338983535, 
    0.170946104146416, 
    0.08216048883216925, 
    0.07196860925840512, 
    0.13112553761211163, 
    0.08521856933309273, 
    0.1749232298993698, 
    0.04689864475821894, 
    0
   ]
  ]
 }, 
 "vehicle_capacities": [
  5, 
  5, 
  5, 
  30, 
  30, 
  30, 
  30, 
  30, 
  30, 
  30, 
  30
 ]
}