{
 "vehicle_cost_per_km": [
  10, 
  5, 
  10, 
  5, 
  5, 
  5, 
  5, 
  5, 
  5, 
  5, 
  5
 ], 
 "runs": [
  {
   "avg_task_cost_vs_number_of_task": [
    1150, 
    2315, 
    2727.6666666666665, 
    2628.25, 
    2421.6, 
    2416.1666666666665, 
    2549.5714285714284, 
    2440.8749999999995, 
    2296.111111111111, 
    2271.7, 
    2065.181818181818, 
    2084.75, 
    2082.615384615384, 
    2055.285714285714, 
    1994.933333333333, 
    1892.3124999999995, 
    1878.1764705882351, 
    1898.2777777777774, 
    1961.315789473684, 
    1908.3499999999997, 
    1845.238095238095, 
    1833.6818181818178, 
    1786.804347826087, 
    1761.2499999999998, 
    1752.0799999999995, 
    1744.1538461538455, 
    1689.4074074074076, 
    1720.9285714285713, 
    1714.2413793103447, 
    1690.1
   ], 
   "number_of_vehicles": 3
  }
 ], 
 "vehicle_starting_positions": [
  "Newcastle", 
  "Cardiff", 
  "Plymouth", 
  "Norwich", 
  "Manchester", 
  "London", 
  "Leeds", 
  "Sheffield", 
  "Birmingham", 
  "Liverpool", 
  "Portsmouth"
 ], 
 "task_distribution": {
  "distance_matrix": [
   [
    0, 
    345, 
    477.8, 
    348, 
    209.9, 
    233, 
    246.5, 
    205.2, 
    115, 
    244.6, 
    307.8
   ], 
   [
    345, 
    0, 
    592.8, 
    463, 
    205.7, 
    348, 
    98.5, 
    139.8, 
    230, 
    171, 
    422.8
   ], 
   [
    477.8, 
    592.8, 
    0, 
    359.8, 
    457.7, 
    244.8, 
    494.3, 
    453, 
    362.8, 
    492.4, 
    170
   ], 
   [
    348, 
    463, 
    359.8, 
    0, 
    327.9, 
    115, 
    364.5, 
    323.2, 
    233, 
    362.6, 
    189.8
   ], 
   [
    209.9, 
    205.7, 
    457.7, 
    327.9, 
    0, 
    212.9, 
    107.2, 
    148.5, 
    94.9, 
    34.7, 
    287.7
   ], 
   [
    233, 
    348, 
    244.8, 
    115, 
    212.9, 
    0, 
    249.5, 
    208.2, 
    118, 
    247.6, 
    74.8
   ], 
   [
    246.5, 
    98.5, 
    494.3, 
    364.5, 
    107.2, 
    249.5, 
    0, 
    41.3, 
    131.5, 
    72.5, 
    324.3
   ], 
   [
    205.2, 
    139.8, 
    453, 
    323.2, 
    148.5, 
    208.2, 
    41.3, 
    0, 
    90.2, 
    113.8, 
    283
   ], 
   [
    115, 
    230, 
    362.8, 
    233, 
    94.9, 
    118, 
    131.5, 
    90.2, 
    0, 
    129.6, 
    192.8
   ], 
   [
    244.6, 
    171, 
    492.4, 
    362.6, 
    34.7, 
    247.6, 
    72.5, 
    113.8, 
    129.6, 
    0, 
    322.4
   ], 
   [
    307.8, 
    422.8, 
    170, 
    189.8, 
    287.7, 
    74.8, 
    324.3, 
    283, 
    192.8, 
    322.4, 
    0
   ]
  ], 
  "weight_matrix": [
   [
    0, 
    3, 
    3, 
    3, 
    3, 
    3, 
    3, 
    3, 
    3, 
    3, 
    3
   ], 
   [
    3, 
    0, 
    3, 
    3, 
    3, 
    3, 
    3, 
    3, 
    3, 
    3, 
    3
   ], 
   [
    3, 
    3, 
    0, 
    3, 
    3, 
    3, 
    3, 
    3, 
    3, 
    3, 
    3
   ], 
   [
    3, 
    3, 
    3, 
    0, 
    3, 
    3, 
    3, 
    3, 
    3, 
    3, 
    3
   ], 
   [
    3, 
    3, 
    3, 
    3, 
    0, 
    3, 
    3, 
    3, 
    3, 
    3, 
    3
   ], 
   [
    3, 
    3, 
    3, 
    3, 
    3, 
    0, 
    3, 
    3, 
    3, 
    3, 
    3
   ], 
   [
    3, 
    3, 
    3, 
    3, 
    3, 
    3, 
    0, 
    3, 
    3, 
    3, 
    3
   ], 
   [
    3, 
    3, 
    3, 
    3, 
    3, 
    3, 
    3, 
    0, 
    3, 
    3, 
    3
   ], 
   [
    3, 
    3, 
    3, 
    3, 
    3, 
    3, 
    3, 
    3, 
    0, 
    3, 
    3
   ], 
   [
    3, 
    3, 
    3, 
    3, 
    3, 
    3, 
    3, 
    3, 
    3, 
    0, 
    3
   ], 
   [
    3, 
    3, 
    3, 
    3, 
    3, 
    3, 
    3, 
    3, 
    3, 
    3, 
    0
   ]
  ], 
  "city_names": [
   "Cardiff", 
   "Newcastle", 
   "Plymouth", 
   "Norwich", 
   "Manchester", 
   "London", 
   "Leeds", 
   "Sheffield", 
   "Birmingham", 
   "Liverpool", 
   "Portsmouth"
  ], 
  "reward_matrix": [
   [
    0, 
    44455, 
    20684, 
    43918, 
    68638, 
    64503, 
    62087, 
    69479, 
    85625, 
    62427, 
    51114
   ], 
   [
    44455, 
    0, 
    100, 
    23333, 
    69390, 
    43918, 
    88578, 
    81186, 
    65040, 
    75601, 
    30529
   ], 
   [
    20684, 
    100, 
    0, 
    41806, 
    24282, 
    62391, 
    17731, 
    25123, 
    41269, 
    18071, 
    75780
   ], 
   [
    43918, 
    23333, 
    41806, 
    0, 
    47516, 
    85625, 
    40965, 
    48357, 
    64503, 
    41305, 
    72236
   ], 
   [
    68638, 
    69390, 
    24282, 
    47516, 
    0, 
    68101, 
    87021, 
    79628, 
    89223, 
    99999, 
    54712
   ], 
   [
    64503, 
    43918, 
    62391, 
    85625, 
    68101, 
    0, 
    61550, 
    68942, 
    85088, 
    61890, 
    92821
   ], 
   [
    62087, 
    88578, 
    17731, 
    40965, 
    87021, 
    61550, 
    0, 
    98817, 
    82671, 
    93232, 
    48161
   ], 
   [
    69479, 
    81186, 
    25123, 
    48357, 
    79628, 
    68942, 
    98817, 
    0, 
    90064, 
    85840, 
    55553
   ], 
   [
    85625, 
    65040, 
    41269, 
    64503, 
    89223, 
    85088, 
    82671, 
    90064, 
    0, 
    83012, 
    71699
   ], 
   [
    62427, 
    75601, 
    18071, 
    41305, 
    99999, 
    61890, 
    93232, 
    85840, 
    83012, 
    0, 
    48501
   ], 
   [
    51114, 
    30529, 
    75780, 
    72236, 
    54712, 
    92821, 
    48161, 
    55553, 
    71699, 
    48501, 
    0
   ]
  ], 
  "probability_matrix": [
   [
    0, 
    0.09382138755291546, 
    0.06820433034822264, 
    0.040852808146326004, 
    0.20692621926851426, 
    0.13610481152924137, 
    0.01929816389383777, 
    0.04484492754214421, 
    0.04367206996107497, 
    0.07979943122447178, 
    0.26647585053325135
   ], 
   [
    0.09174494814837277, 
    0, 
    0.049004932799352766, 
    0.06853905521236718, 
    0.16746237588042617, 
    0.003151181704991541, 
    0.013673856524017567, 
    0.12003758962718586, 
    0.17459651815519814, 
    0.22427292021421433, 
    0.08751662173387374
   ], 
   [
    0.1134236682432648, 
    0.14990036334015985, 
    0, 
    0.2383265252007546, 
    0.012863832602969529, 
    0.14346034448443468, 
    0.019085996193969928, 
    0.08288943298718321, 
    0.13013904820092057, 
    0.06389535420849628, 
    0.046015434537846574
   ], 
   [
    0.1488253157125952, 
    0.07167696221926606, 
    0.13095232629479547, 
    0, 
    0.1514546446598576, 
    0.009062057354422578, 
    0.17707353494088632, 
    0.11794384666445831, 
    0.051141032988286386, 
    0.0647745964533989, 
    0.07709568271203311
   ], 
   [
    0.19831245399602462, 
    0.14741545072507314, 
    0.20730275930595984, 
    0.008670433860646946, 
    0, 
    0.024159599872493026, 
    0.14009179442645783, 
    0.05885411091875894, 
    0.11170633788218123, 
    0.0023035570331339274, 
    0.10118350197927041
   ], 
   [
    0.08353419773171075, 
    0.0165757772089899, 
    0.09230422071285208, 
    0.10442809396548464, 
    0.07187085283682619, 
    0, 
    0.12748950060539624, 
    0.004717623444642341, 
    0.04940127452194632, 
    0.225087591877434, 
    0.22459086709471765
   ], 
   [
    0.17314031429475057, 
    0.18006480970180658, 
    0.11984857645769177, 
    0.07728156819903417, 
    0.05461863125348598, 
    0.0709278440943612, 
    0, 
    0.021608576326000505, 
    0.10351878523848203, 
    0.1762895713898525, 
    0.022701323044534597
   ], 
   [
    0.16766549607871814, 
    0.16933184308587546, 
    0.07259224584556564, 
    0.05748672563232553, 
    0.10094271843515587, 
    0.09057087054183241, 
    0.002503819542618258, 
    0, 
    0.11030991957268742, 
    0.07981932377253241, 
    0.14877703749268875
   ], 
   [
    0.12251939321349008, 
    0.11497736345667033, 
    0.05592731067471536, 
    0.12337146753653558, 
    0.14306996165992444, 
    0.009597837724926693, 
    0.1464527306175404, 
    0.09452450809349809, 
    0, 
    0.15432380466125378, 
    0.03523562236144516
   ], 
   [
    0.02612534270219313, 
    0.03138000281430244, 
    0.2409733873653255, 
    0.11895053958138128, 
    0.174317371287549, 
    0.07978980533811905, 
    0.006305794048419939, 
    0.16462969651069947, 
    0.1448377413198033, 
    0, 
    0.012690319032207017
   ], 
   [
    0.13038274449589865, 
    0.11575173426182422, 
    0.12486838223996545, 
    0.11757476492758134, 
    0.06735770925716471, 
    0.056754304420425276, 
    0.032732128394067556, 
    0.12846522732742652, 
    0.09385770200725617, 
    0.1322553026683901, 
    0
   ]
  ]
 }, 
 "vehicle_capacities": [
  5, 
  5, 
  5, 
  30, 
  30, 
  30, 
  30, 
  30, 
  30, 
  30, 
  30
 ]
}