{
 "vehicle_cost_per_km": [
  5, 
  5, 
  5, 
  5, 
  5, 
  5, 
  5, 
  5, 
  5, 
  5, 
  5
 ], 
 "runs": [
  {
   "avg_task_cost_vs_number_of_task": [
    1503, 
    1629, 
    1223.6666666666667, 
    1050.25, 
    1149.8, 
    1274.4999999999998, 
    1345.142857142857, 
    1264.375, 
    1187.7777777777776, 
    1359.5, 
    1568.9090909090905, 
    1707.4999999999998, 
    1664.6153846153843, 
    1626.9999999999998, 
    1518.533333333333, 
    1497.3749999999998, 
    1550.6470588235293, 
    1553.1111111111109, 
    1471.3684210526314, 
    1512.7999999999997, 
    1440.7619047619044, 
    1428.909090909091, 
    1471.2608695652175, 
    1460.0416666666663, 
    1438.7599999999998, 
    1385.6923076923074, 
    1334.3703703703704, 
    1301.4642857142856, 
    1315.1034482758619, 
    1295.2333333333331
   ], 
   "number_of_vehicles": 3
  }
 ], 
 "vehicle_starting_positions": [
  "Newcastle", 
  "Cardiff", 
  "Plymouth", 
  "Norwich", 
  "Manchester", 
  "London", 
  "Leeds", 
  "Sheffield", 
  "Birmingham", 
  "Liverpool", 
  "Portsmouth"
 ], 
 "task_distribution": {
  "distance_matrix": [
   [
    0, 
    345, 
    477.8, 
    348, 
    209.9, 
    233, 
    246.5, 
    205.2, 
    115, 
    244.6, 
    307.8
   ], 
   [
    345, 
    0, 
    592.8, 
    463, 
    205.7, 
    348, 
    98.5, 
    139.8, 
    230, 
    171, 
    422.8
   ], 
   [
    477.8, 
    592.8, 
    0, 
    359.8, 
    457.7, 
    244.8, 
    494.3, 
    453, 
    362.8, 
    492.4, 
    170
   ], 
   [
    348, 
    463, 
    359.8, 
    0, 
    327.9, 
    115, 
    364.5, 
    323.2, 
    233, 
    362.6, 
    189.8
   ], 
   [
    209.9, 
    205.7, 
    457.7, 
    327.9, 
    0, 
    212.9, 
    107.2, 
    148.5, 
    94.9, 
    34.7, 
    287.7
   ], 
   [
    233, 
    348, 
    244.8, 
    115, 
    212.9, 
    0, 
    249.5, 
    208.2, 
    118, 
    247.6, 
    74.8
   ], 
   [
    246.5, 
    98.5, 
    494.3, 
    364.5, 
    107.2, 
    249.5, 
    0, 
    41.3, 
    131.5, 
    72.5, 
    324.3
   ], 
   [
    205.2, 
    139.8, 
    453, 
    323.2, 
    148.5, 
    208.2, 
    41.3, 
    0, 
    90.2, 
    113.8, 
    283
   ], 
   [
    115, 
    230, 
    362.8, 
    233, 
    94.9, 
    118, 
    131.5, 
    90.2, 
    0, 
    129.6, 
    192.8
   ], 
   [
    244.6, 
    171, 
    492.4, 
    362.6, 
    34.7, 
    247.6, 
    72.5, 
    113.8, 
    129.6, 
    0, 
    322.4
   ], 
   [
    307.8, 
    422.8, 
    170, 
    189.8, 
    287.7, 
    74.8, 
    324.3, 
    283, 
    192.8, 
    322.4, 
    0
   ]
  ], 
  "weight_matrix": [
   [
    0, 
    3, 
    3, 
    3, 
    3, 
    3, 
    3, 
    3, 
    3, 
    3, 
    3
   ], 
   [
    3, 
    0, 
    3, 
    3, 
    3, 
    3, 
    3, 
    3, 
    3, 
    3, 
    3
   ], 
   [
    3, 
    3, 
    0, 
    3, 
    3, 
    3, 
    3, 
    3, 
    3, 
    3, 
    3
   ], 
   [
    3, 
    3, 
    3, 
    0, 
    3, 
    3, 
    3, 
    3, 
    3, 
    3, 
    3
   ], 
   [
    3, 
    3, 
    3, 
    3, 
    0, 
    3, 
    3, 
    3, 
    3, 
    3, 
    3
   ], 
   [
    3, 
    3, 
    3, 
    3, 
    3, 
    0, 
    3, 
    3, 
    3, 
    3, 
    3
   ], 
   [
    3, 
    3, 
    3, 
    3, 
    3, 
    3, 
    0, 
    3, 
    3, 
    3, 
    3
   ], 
   [
    3, 
    3, 
    3, 
    3, 
    3, 
    3, 
    3, 
    0, 
    3, 
    3, 
    3
   ], 
   [
    3, 
    3, 
    3, 
    3, 
    3, 
    3, 
    3, 
    3, 
    0, 
    3, 
    3
   ], 
   [
    3, 
    3, 
    3, 
    3, 
    3, 
    3, 
    3, 
    3, 
    3, 
    0, 
    3
   ], 
   [
    3, 
    3, 
    3, 
    3, 
    3, 
    3, 
    3, 
    3, 
    3, 
    3, 
    0
   ]
  ], 
  "city_names": [
   "Cardiff", 
   "Newcastle", 
   "Plymouth", 
   "Norwich", 
   "Manchester", 
   "London", 
   "Leeds", 
   "Sheffield", 
   "Birmingham", 
   "Liverpool", 
   "Portsmouth"
  ], 
  "reward_matrix": [
   [
    0, 
    44455, 
    20684, 
    43918, 
    68638, 
    64503, 
    62087, 
    69479, 
    85625, 
    62427, 
    51114
   ], 
   [
    44455, 
    0, 
    100, 
    23333, 
    69390, 
    43918, 
    88578, 
    81186, 
    65040, 
    75601, 
    30529
   ], 
   [
    20684, 
    100, 
    0, 
    41806, 
    24282, 
    62391, 
    17731, 
    25123, 
    41269, 
    18071, 
    75780
   ], 
   [
    43918, 
    23333, 
    41806, 
    0, 
    47516, 
    85625, 
    40965, 
    48357, 
    64503, 
    41305, 
    72236
   ], 
   [
    68638, 
    69390, 
    24282, 
    47516, 
    0, 
    68101, 
    87021, 
    79628, 
    89223, 
    99999, 
    54712
   ], 
   [
    64503, 
    43918, 
    62391, 
    85625, 
    68101, 
    0, 
    61550, 
    68942, 
    85088, 
    61890, 
    92821
   ], 
   [
    62087, 
    88578, 
    17731, 
    40965, 
    87021, 
    61550, 
    0, 
    98817, 
    82671, 
    93232, 
    48161
   ], 
   [
    69479, 
    81186, 
    25123, 
    48357, 
    79628, 
    68942, 
    98817, 
    0, 
    90064, 
    85840, 
    55553
   ], 
   [
    85625, 
    65040, 
    41269, 
    64503, 
    89223, 
    85088, 
    82671, 
    90064, 
    0, 
    83012, 
    71699
   ], 
   [
    62427, 
    75601, 
    18071, 
    41305, 
    99999, 
    61890, 
    93232, 
    85840, 
    83012, 
    0, 
    48501
   ], 
   [
    51114, 
    30529, 
    75780, 
    72236, 
    54712, 
    92821, 
    48161, 
    55553, 
    71699, 
    48501, 
    0
   ]
  ], 
  "probability_matrix": [
   [
    0, 
    0.12989570518078458, 
    0.057361403553729894, 
    0.11747455150900044, 
    0.05788922312331499, 
    0.1401802086256784, 
    0.024957540016756485, 
    0.17683993791363475, 
    0.13960092084384573, 
    0.11142934183684698, 
    0.044371167396407764
   ], 
   [
    0.006240639476262284, 
    0, 
    0.10953700421797259, 
    0.14542579673179426, 
    0.21707187859397892, 
    0.015724457379570025, 
    0.08782747146382056, 
    0.2540141642341346, 
    0.029983948035208815, 
    0.08804468477578395, 
    0.046129955091474224
   ], 
   [
    0.09776054684347807, 
    0.110159558538956, 
    0, 
    0.03874880225712273, 
    0.027853014155525282, 
    0.132657363456013, 
    0.1301612107642117, 
    0.04484535520695693, 
    0.028284829670058128, 
    0.20496981853812168, 
    0.18455950056955645
   ], 
   [
    0.12551976717129246, 
    0.051919490556770934, 
    0.061659693920094585, 
    0, 
    0.04291714577721725, 
    0.0563439316446905, 
    0.007112032446900186, 
    0.23485212530296176, 
    0.09364817239509075, 
    0.10724497886675224, 
    0.21878266191822926
   ], 
   [
    0.15013301210117794, 
    0.12205906060593329, 
    0.08085003095778942, 
    0.05189705115897543, 
    0, 
    0.015706961665454593, 
    0.1755253036023584, 
    0.17677005823342135, 
    0.06414538730033167, 
    0.013465881030919825, 
    0.1494472533436381
   ], 
   [
    0.025730817890608104, 
    0.10391594084756206, 
    0.10480667052569415, 
    0.14307278334405282, 
    0.03926032696832676, 
    0, 
    0.08043909195040602, 
    0.09556863872404728, 
    0.10675144875469834, 
    0.1392053520856197, 
    0.16124892890898496
   ], 
   [
    0.12092347522181102, 
    0.041235640427583584, 
    0.1706990009201943, 
    0.1048987583162569, 
    0.08921455355721838, 
    0.14482266229238833, 
    0, 
    0.09093838777245118, 
    0.092408608186443, 
    0.13997549144984553, 
    0.004883421855807759
   ], 
   [
    0.09232968822843536, 
    0.03891487909373847, 
    0.06780934321589394, 
    0.19469509333500296, 
    0.029040643209364, 
    0.11577088154748351, 
    0.1346845889635409, 
    0, 
    0.0018548651413756187, 
    0.19021926872534423, 
    0.13468074853982104
   ], 
   [
    0.051102991187870206, 
    0.1748416334596624, 
    0.094068369928737, 
    0.06095092059572214, 
    0.02803370993082296, 
    0.09845876263240605, 
    0.05938514168388528, 
    0.0925674097611929, 
    0, 
    0.15436322304211228, 
    0.18622783777758878
   ], 
   [
    0.16971407638821803, 
    0.1677693593431403, 
    0.0074016722447183625, 
    0.08778266234515887, 
    0.006542114368953109, 
    0.1222413712079035, 
    0.23390903590833517, 
    0.07322222918190428, 
    0.06759112747021921, 
    0, 
    0.06382635154144896
   ], 
   [
    0.00632314547622342, 
    0.15425299539121595, 
    0.014482637086568337, 
    0.13357686717875805, 
    0.11860912951490633, 
    0.25122156992326466, 
    0.2005614235542528, 
    0.03651920886568684, 
    0.02921575206539302, 
    0.05523727094373071, 
    0
   ]
  ]
 }, 
 "vehicle_capacities": [
  5, 
  5, 
  5, 
  30, 
  30, 
  30, 
  30, 
  30, 
  30, 
  30, 
  30
 ]
}