{
 "vehicle_cost_per_km": [
  5, 
  15, 
  15, 
  5, 
  5, 
  5, 
  5, 
  5, 
  5, 
  5, 
  5
 ], 
 "runs": [
  {
   "avg_task_cost_vs_number_of_task": [
    1725, 
    1245.5, 
    1626.6666666666667, 
    2027.9999999999998, 
    1622.3999999999999, 
    1361.8333333333333, 
    1167.2857142857142, 
    1021.375, 
    947.1111111111111, 
    956.9, 
    902, 
    839.5833333333334, 
    910.9230769230769, 
    911.2857142857143, 
    909.6000000000003, 
    998.5624999999998, 
    955.4411764705883, 
    909.7777777777778, 
    899.8947368421053, 
    760.7, 
    825.0952380952381, 
    908.4545454545455, 
    955.2173913043479, 
    901.875, 
    937.56, 
    951.403846153846, 
    943.6666666666666, 
    854.7142857142859, 
    1041.2068965517242, 
    1008.1333333333333
   ], 
   "number_of_vehicles": 3
  }
 ], 
 "vehicle_starting_positions": [
  "Newcastle", 
  "Cardiff", 
  "Plymouth", 
  "Norwich", 
  "Manchester", 
  "London", 
  "Leeds", 
  "Sheffield", 
  "Birmingham", 
  "Liverpool", 
  "Portsmouth"
 ], 
 "task_distribution": {
  "distance_matrix": [
   [
    0, 
    345, 
    477.8, 
    348, 
    209.9, 
    233, 
    246.5, 
    205.2, 
    115, 
    244.6, 
    307.8
   ], 
   [
    345, 
    0, 
    592.8, 
    463, 
    205.7, 
    348, 
    98.5, 
    139.8, 
    230, 
    171, 
    422.8
   ], 
   [
    477.8, 
    592.8, 
    0, 
    359.8, 
    457.7, 
    244.8, 
    494.3, 
    453, 
    362.8, 
    492.4, 
    170
   ], 
   [
    348, 
    463, 
    359.8, 
    0, 
    327.9, 
    115, 
    364.5, 
    323.2, 
    233, 
    362.6, 
    189.8
   ], 
   [
    209.9, 
    205.7, 
    457.7, 
    327.9, 
    0, 
    212.9, 
    107.2, 
    148.5, 
    94.9, 
    34.7, 
    287.7
   ], 
   [
    233, 
    348, 
    244.8, 
    115, 
    212.9, 
    0, 
    249.5, 
    208.2, 
    118, 
    247.6, 
    74.8
   ], 
   [
    246.5, 
    98.5, 
    494.3, 
    364.5, 
    107.2, 
    249.5, 
    0, 
    41.3, 
    131.5, 
    72.5, 
    324.3
   ], 
   [
    205.2, 
    139.8, 
    453, 
    323.2, 
    148.5, 
    208.2, 
    41.3, 
    0, 
    90.2, 
    113.8, 
    283
   ], 
   [
    115, 
    230, 
    362.8, 
    233, 
    94.9, 
    118, 
    131.5, 
    90.2, 
    0, 
    129.6, 
    192.8
   ], 
   [
    244.6, 
    171, 
    492.4, 
    362.6, 
    34.7, 
    247.6, 
    72.5, 
    113.8, 
    129.6, 
    0, 
    322.4
   ], 
   [
    307.8, 
    422.8, 
    170, 
    189.8, 
    287.7, 
    74.8, 
    324.3, 
    283, 
    192.8, 
    322.4, 
    0
   ]
  ], 
  "weight_matrix": [
   [
    0, 
    3, 
    3, 
    3, 
    3, 
    3, 
    3, 
    3, 
    3, 
    3, 
    3
   ], 
   [
    3, 
    0, 
    3, 
    3, 
    3, 
    3, 
    3, 
    3, 
    3, 
    3, 
    3
   ], 
   [
    3, 
    3, 
    0, 
    3, 
    3, 
    3, 
    3, 
    3, 
    3, 
    3, 
    3
   ], 
   [
    3, 
    3, 
    3, 
    0, 
    3, 
    3, 
    3, 
    3, 
    3, 
    3, 
    3
   ], 
   [
    3, 
    3, 
    3, 
    3, 
    0, 
    3, 
    3, 
    3, 
    3, 
    3, 
    3
   ], 
   [
    3, 
    3, 
    3, 
    3, 
    3, 
    0, 
    3, 
    3, 
    3, 
    3, 
    3
   ], 
   [
    3, 
    3, 
    3, 
    3, 
    3, 
    3, 
    0, 
    3, 
    3, 
    3, 
    3
   ], 
   [
    3, 
    3, 
    3, 
    3, 
    3, 
    3, 
    3, 
    0, 
    3, 
    3, 
    3
   ], 
   [
    3, 
    3, 
    3, 
    3, 
    3, 
    3, 
    3, 
    3, 
    0, 
    3, 
    3
   ], 
   [
    3, 
    3, 
    3, 
    3, 
    3, 
    3, 
    3, 
    3, 
    3, 
    0, 
    3
   ], 
   [
    3, 
    3, 
    3, 
    3, 
    3, 
    3, 
    3, 
    3, 
    3, 
    3, 
    0
   ]
  ], 
  "city_names": [
   "Cardiff", 
   "Newcastle", 
   "Plymouth", 
   "Norwich", 
   "Manchester", 
   "London", 
   "Leeds", 
   "Sheffield", 
   "Birmingham", 
   "Liverpool", 
   "Portsmouth"
  ], 
  "reward_matrix": [
   [
    0, 
    44455, 
    20684, 
    43918, 
    68638, 
    64503, 
    62087, 
    69479, 
    85625, 
    62427, 
    51114
   ], 
   [
    44455, 
    0, 
    100, 
    23333, 
    69390, 
    43918, 
    88578, 
    81186, 
    65040, 
    75601, 
    30529
   ], 
   [
    20684, 
    100, 
    0, 
    41806, 
    24282, 
    62391, 
    17731, 
    25123, 
    41269, 
    18071, 
    75780
   ], 
   [
    43918, 
    23333, 
    41806, 
    0, 
    47516, 
    85625, 
    40965, 
    48357, 
    64503, 
    41305, 
    72236
   ], 
   [
    68638, 
    69390, 
    24282, 
    47516, 
    0, 
    68101, 
    87021, 
    79628, 
    89223, 
    99999, 
    54712
   ], 
   [
    64503, 
    43918, 
    62391, 
    85625, 
    68101, 
    0, 
    61550, 
    68942, 
    85088, 
    61890, 
    92821
   ], 
   [
    62087, 
    88578, 
    17731, 
    40965, 
    87021, 
    61550, 
    0, 
    98817, 
    82671, 
    93232, 
    48161
   ], 
   [
    69479, 
    81186, 
    25123, 
    48357, 
    79628, 
    68942, 
    98817, 
    0, 
    90064, 
    85840, 
    55553
   ], 
   [
    85625, 
    65040, 
    41269, 
    64503, 
    89223, 
    85088, 
    82671, 
    90064, 
    0, 
    83012, 
    71699
   ], 
   [
    62427, 
    75601, 
    18071, 
    41305, 
    99999, 
    61890, 
    93232, 
    85840, 
    83012, 
    0, 
    48501
   ], 
   [
    51114, 
    30529, 
    75780, 
    72236, 
    54712, 
    92821, 
    48161, 
    55553, 
    71699, 
    48501, 
    0
   ]
  ], 
  "probability_matrix": [
   [
    0, 
    0.1553289276452409, 
    0.15147170685674052, 
    0.181713601746911, 
    0.0024534232273521776, 
    0.17407621813314955, 
    0.06393184123179804, 
    0.10447315829105934, 
    0.03365199191995525, 
    0.10204573279976092, 
    0.03085339814803225
   ], 
   [
    0.17436591218207173, 
    0, 
    0.06252625969359381, 
    0.05191321662303134, 
    0.10102206060981377, 
    0.1268862244110063, 
    0.09608453685952009, 
    0.17461018644385404, 
    0.004598266364131794, 
    0.17682711095235568, 
    0.031166225860621333
   ], 
   [
    0.03349959995512623, 
    0.09187970536961367, 
    0, 
    0.002484244660275371, 
    0.14873073925678024, 
    0.168841675544491, 
    0.149722734783946, 
    0.11942436469332363, 
    0.008677893243829164, 
    0.12120316435674261, 
    0.15553587813587214
   ], 
   [
    0.10880478695345705, 
    0.07479583671659266, 
    0.07295956384032277, 
    0, 
    0.16122393462130655, 
    0.12563489845457185, 
    0.030067450794419068, 
    0.13188811723613633, 
    0.14284593254340636, 
    0.14659539901774093, 
    0.005184079822046552
   ], 
   [
    0.11899621912028174, 
    0.17216111684571528, 
    0.17303568854041257, 
    0.020853134642200892, 
    0, 
    0.08340502503569097, 
    0.12746054541731225, 
    0.010802232819542418, 
    0.10279277615415698, 
    0.030534780239170473, 
    0.15995848118551625
   ], 
   [
    0.14264042695472495, 
    0.176483938479779, 
    0.0583861981654829, 
    0.041293890745732094, 
    0.09810667599420723, 
    0, 
    0.19123915182280632, 
    0.02788337224006822, 
    0.0012934819327869325, 
    0.22680173340668747, 
    0.035871130257725
   ], 
   [
    0.08410843419027056, 
    0.156659428202606, 
    0.010757007745703257, 
    0.12359213492025199, 
    0.18527102493565303, 
    0.009014048710015455, 
    0, 
    0.13354071360910807, 
    0.10692054958468483, 
    0.02472016580877589, 
    0.16541649229293096
   ], 
   [
    0.07500041641781541, 
    0.09688537896918892, 
    0.1389879223893183, 
    0.10674125191418463, 
    0.029244382192781616, 
    0.05435112904041287, 
    0.1109318342849856, 
    0, 
    0.12230726840607829, 
    0.10893739283768428, 
    0.15661302354755008
   ], 
   [
    0.13036511812532814, 
    0.03733012694247139, 
    0.21070349967284002, 
    0.03432474219484439, 
    0.0025577452412338117, 
    0.15013393811925957, 
    0.06166520212317952, 
    0.17177566441103248, 
    0, 
    0.1447847965287712, 
    0.05635916664103955
   ], 
   [
    0.03190546629733725, 
    0.12229970048663388, 
    0.1651283145114489, 
    0.0312406160745589, 
    0.15789836843406155, 
    0.14404203976262, 
    0.10105549919889578, 
    0.020527270977788937, 
    0.1649233688673472, 
    0, 
    0.060979355389307356
   ], 
   [
    0.08268973453601598, 
    0.10151533015587264, 
    0.14397945424756847, 
    0.15175832614348583, 
    0.049053632896788976, 
    0.08851418480149897, 
    0.10450572672048047, 
    0.09028477065598846, 
    0.13405171031267626, 
    0.053647129529623805, 
    0
   ]
  ]
 }, 
 "vehicle_capacities": [
  15, 
  15, 
  15, 
  30, 
  30, 
  30, 
  30, 
  30, 
  30, 
  30, 
  30
 ]
}