{
 "vehicle_cost_per_km": [
  10, 
  5, 
  5, 
  5, 
  5, 
  5, 
  5, 
  5, 
  5, 
  5, 
  5
 ], 
 "runs": [
  {
   "avg_task_cost_vs_number_of_task": [
    1150, 
    1614, 
    1847.6666666666667, 
    1835.4999999999998, 
    1934.4, 
    1612, 
    1390.142857142857, 
    1216.375, 
    1089.333333333333, 
    1055.2, 
    950, 
    993.0833333333331, 
    972.9230769230767, 
    991.2142857142856, 
    919.2, 
    930.1874999999999, 
    919.8823529411765, 
    865.6111111111111, 
    858.9999999999998, 
    862.45, 
    930.1428571428571, 
    961.8181818181819, 
    892, 
    878.125, 
    907.08, 
    882.2692307692307, 
    883.3333333333334, 
    875.5714285714286, 
    878.8965517241379, 
    790.0333333333333
   ], 
   "number_of_vehicles": 3
  }
 ], 
 "vehicle_starting_positions": [
  "Newcastle", 
  "Cardiff", 
  "Plymouth", 
  "Norwich", 
  "Manchester", 
  "London", 
  "Leeds", 
  "Sheffield", 
  "Birmingham", 
  "Liverpool", 
  "Portsmouth"
 ], 
 "task_distribution": {
  "distance_matrix": [
   [
    0, 
    345, 
    477.8, 
    348, 
    209.9, 
    233, 
    246.5, 
    205.2, 
    115, 
    244.6, 
    307.8
   ], 
   [
    345, 
    0, 
    592.8, 
    463, 
    205.7, 
    348, 
    98.5, 
    139.8, 
    230, 
    171, 
    422.8
   ], 
   [
    477.8, 
    592.8, 
    0, 
    359.8, 
    457.7, 
    244.8, 
    494.3, 
    453, 
    362.8, 
    492.4, 
    170
   ], 
   [
    348, 
    463, 
    359.8, 
    0, 
    327.9, 
    115, 
    364.5, 
    323.2, 
    233, 
    362.6, 
    189.8
   ], 
   [
    209.9, 
    205.7, 
    457.7, 
    327.9, 
    0, 
    212.9, 
    107.2, 
    148.5, 
    94.9, 
    34.7, 
    287.7
   ], 
   [
    233, 
    348, 
    244.8, 
    115, 
    212.9, 
    0, 
    249.5, 
    208.2, 
    118, 
    247.6, 
    74.8
   ], 
   [
    246.5, 
    98.5, 
    494.3, 
    364.5, 
    107.2, 
    249.5, 
    0, 
    41.3, 
    131.5, 
    72.5, 
    324.3
   ], 
   [
    205.2, 
    139.8, 
    453, 
    323.2, 
    148.5, 
    208.2, 
    41.3, 
    0, 
    90.2, 
    113.8, 
    283
   ], 
   [
    115, 
    230, 
    362.8, 
    233, 
    94.9, 
    118, 
    131.5, 
    90.2, 
    0, 
    129.6, 
    192.8
   ], 
   [
    244.6, 
    171, 
    492.4, 
    362.6, 
    34.7, 
    247.6, 
    72.5, 
    113.8, 
    129.6, 
    0, 
    322.4
   ], 
   [
    307.8, 
    422.8, 
    170, 
    189.8, 
    287.7, 
    74.8, 
    324.3, 
    283, 
    192.8, 
    322.4, 
    0
   ]
  ], 
  "weight_matrix": [
   [
    0, 
    3, 
    3, 
    3, 
    3, 
    3, 
    3, 
    3, 
    3, 
    3, 
    3
   ], 
   [
    3, 
    0, 
    3, 
    3, 
    3, 
    3, 
    3, 
    3, 
    3, 
    3, 
    3
   ], 
   [
    3, 
    3, 
    0, 
    3, 
    3, 
    3, 
    3, 
    3, 
    3, 
    3, 
    3
   ], 
   [
    3, 
    3, 
    3, 
    0, 
    3, 
    3, 
    3, 
    3, 
    3, 
    3, 
    3
   ], 
   [
    3, 
    3, 
    3, 
    3, 
    0, 
    3, 
    3, 
    3, 
    3, 
    3, 
    3
   ], 
   [
    3, 
    3, 
    3, 
    3, 
    3, 
    0, 
    3, 
    3, 
    3, 
    3, 
    3
   ], 
   [
    3, 
    3, 
    3, 
    3, 
    3, 
    3, 
    0, 
    3, 
    3, 
    3, 
    3
   ], 
   [
    3, 
    3, 
    3, 
    3, 
    3, 
    3, 
    3, 
    0, 
    3, 
    3, 
    3
   ], 
   [
    3, 
    3, 
    3, 
    3, 
    3, 
    3, 
    3, 
    3, 
    0, 
    3, 
    3
   ], 
   [
    3, 
    3, 
    3, 
    3, 
    3, 
    3, 
    3, 
    3, 
    3, 
    0, 
    3
   ], 
   [
    3, 
    3, 
    3, 
    3, 
    3, 
    3, 
    3, 
    3, 
    3, 
    3, 
    0
   ]
  ], 
  "city_names": [
   "Cardiff", 
   "Newcastle", 
   "Plymouth", 
   "Norwich", 
   "Manchester", 
   "London", 
   "Leeds", 
   "Sheffield", 
   "Birmingham", 
   "Liverpool", 
   "Portsmouth"
  ], 
  "reward_matrix": [
   [
    0, 
    44455, 
    20684, 
    43918, 
    68638, 
    64503, 
    62087, 
    69479, 
    85625, 
    62427, 
    51114
   ], 
   [
    44455, 
    0, 
    100, 
    23333, 
    69390, 
    43918, 
    88578, 
    81186, 
    65040, 
    75601, 
    30529
   ], 
   [
    20684, 
    100, 
    0, 
    41806, 
    24282, 
    62391, 
    17731, 
    25123, 
    41269, 
    18071, 
    75780
   ], 
   [
    43918, 
    23333, 
    41806, 
    0, 
    47516, 
    85625, 
    40965, 
    48357, 
    64503, 
    41305, 
    72236
   ], 
   [
    68638, 
    69390, 
    24282, 
    47516, 
    0, 
    68101, 
    87021, 
    79628, 
    89223, 
    99999, 
    54712
   ], 
   [
    64503, 
    43918, 
    62391, 
    85625, 
    68101, 
    0, 
    61550, 
    68942, 
    85088, 
    61890, 
    92821
   ], 
   [
    62087, 
    88578, 
    17731, 
    40965, 
    87021, 
    61550, 
    0, 
    98817, 
    82671, 
    93232, 
    48161
   ], 
   [
    69479, 
    81186, 
    25123, 
    48357, 
    79628, 
    68942, 
    98817, 
    0, 
    90064, 
    85840, 
    55553
   ], 
   [
    85625, 
    65040, 
    41269, 
    64503, 
    89223, 
    85088, 
    82671, 
    90064, 
    0, 
    83012, 
    71699
   ], 
   [
    62427, 
    75601, 
    18071, 
    41305, 
    99999, 
    61890, 
    93232, 
    85840, 
    83012, 
    0, 
    48501
   ], 
   [
    51114, 
    30529, 
    75780, 
    72236, 
    54712, 
    92821, 
    48161, 
    55553, 
    71699, 
    48501, 
    0
   ]
  ], 
  "probability_matrix": [
   [
    0, 
    0.09932509155232692, 
    0.005658915471100644, 
    0.0973629195094057, 
    0.1710094425064946, 
    0.037545278870218225, 
    0.11277960466940448, 
    0.16121557676112994, 
    0.1646936044760612, 
    0.015064342818983317, 
    0.13534522336487512
   ], 
   [
    0.19916945219318782, 
    0, 
    0.05968026150012812, 
    0.07510819912280722, 
    0.2038348765557449, 
    0.03159059536473986, 
    0.06827361698475015, 
    0.061622735389088336, 
    0.1429038679494983, 
    0.106636966808078, 
    0.0511794281319772
   ], 
   [
    0.0064354359652862665, 
    0.15470856974754055, 
    0, 
    0.05908235413664508, 
    0.1821493904363294, 
    0.08739151489952127, 
    0.0669254502557248, 
    0.14200393503402634, 
    0.026172919559804327, 
    0.10604560243689451, 
    0.16908482752822734
   ], 
   [
    0.04258544183291872, 
    0.15886109036311616, 
    0.18844622504595432, 
    0, 
    0.04831866158728812, 
    0.13829892160663065, 
    0.14055514970029365, 
    0.1214420613834497, 
    0.004428266519858238, 
    0.13638304911386112, 
    0.02068113284662928
   ], 
   [
    0.1306644888172452, 
    0.15761800994628816, 
    0.1415312535886271, 
    0.017724444082674935, 
    0, 
    0.07527895201781766, 
    0.13489824272255097, 
    0.03370387808479398, 
    0.13366169020136698, 
    0.16061269038886453, 
    0.014306350149770403
   ], 
   [
    0.056768737542678666, 
    0.15537503410634834, 
    0.15658851906551052, 
    0.10572128885897195, 
    0.010936024343166003, 
    0, 
    0.07933756681056325, 
    0.10279565576863431, 
    0.144670417730129, 
    0.07045142240354539, 
    0.1173553333704525
   ], 
   [
    0.11994221983218006, 
    0.10395288825080941, 
    0.00034582786015215826, 
    0.050620422365531485, 
    0.15744522646755568, 
    0.08061433966740504, 
    0, 
    0.12384953769278462, 
    0.14278679588898777, 
    0.08959437504952036, 
    0.13084836692507343
   ], 
   [
    0.05001749803425824, 
    0.09128310210039968, 
    0.19313578884544955, 
    0.08982032458360617, 
    0.022967157645341307, 
    0.12291582379639167, 
    0.20434469758994112, 
    0, 
    0.03222273100217346, 
    0.04388332267469288, 
    0.149409553727746
   ], 
   [
    0.18016033201018428, 
    0.012529022708892635, 
    0.08390406324277214, 
    0.04984694711636623, 
    0.17196356061912893, 
    0.16343045624530625, 
    0.08475059376466985, 
    0.0882225215713355, 
    0, 
    0.14010408277234376, 
    0.025088419949000344
   ], 
   [
    0.09486482576799432, 
    0.13864640222041502, 
    0.11098012528216969, 
    0.12554292807007622, 
    0.11830826514404649, 
    0.08536324436655937, 
    0.10785576153410685, 
    0.018511275728545575, 
    0.09077581393231768, 
    0, 
    0.10915135795376874
   ], 
   [
    0.05971023015012966, 
    0.026052409402000393, 
    0.17256556906228535, 
    0.11868759700872954, 
    0.050718710111813246, 
    0.035292802709230214, 
    0.1506356793629142, 
    0.04759669041447677, 
    0.18071227163824488, 
    0.15802804014017577, 
    0
   ]
  ]
 }, 
 "vehicle_capacities": [
  10, 
  10, 
  10, 
  30, 
  30, 
  30, 
  30, 
  30, 
  30, 
  30, 
  30
 ]
}