{
 "vehicle_cost_per_km": [
  5, 
  5, 
  5, 
  5, 
  5
 ], 
 "runs": [
  {
   "avg_task_cost_vs_number_of_task": [
    2288.5, 
    1412.2500000000002, 
    1737.8333333333333, 
    1498.125, 
    1198.5, 
    1249.25, 
    1070.7857142857142, 
    958.6250000000001, 
    892.3888888888889, 
    803.15, 
    730.1363636363637, 
    669.2916666666667, 
    750.8076923076923, 
    697.1785714285714, 
    646.6666666666665, 
    623.0625, 
    637.4117647058823, 
    684.0833333333334, 
    684.578947368421, 
    625.725, 
    595.9285714285714, 
    648.5681818181819, 
    559.195652173913, 
    586.1666666666666, 
    570.48, 
    535.9615384615385, 
    564.1481481481482, 
    559.2857142857143, 
    563.5172413793102, 
    593.4666666666667
   ], 
   "number_of_vehicles": 3
  }
 ], 
 "vehicle_starting_positions": [
  "Newcastle", 
  "Cardiff", 
  "Plymouth", 
  "Norwich", 
  "Manchester", 
  "London", 
  "Leeds", 
  "Sheffield", 
  "Birmingham", 
  "Liverpool", 
  "Portsmouth"
 ], 
 "task_distribution": {
  "distance_matrix": [
   [
    0, 
    345, 
    477.8, 
    348, 
    209.9, 
    233, 
    246.5, 
    205.2, 
    115, 
    244.6, 
    307.8
   ], 
   [
    345, 
    0, 
    592.8, 
    463, 
    205.7, 
    348, 
    98.5, 
    139.8, 
    230, 
    171, 
    422.8
   ], 
   [
    477.8, 
    592.8, 
    0, 
    359.8, 
    457.7, 
    244.8, 
    494.3, 
    453, 
    362.8, 
    492.4, 
    170
   ], 
   [
    348, 
    463, 
    359.8, 
    0, 
    327.9, 
    115, 
    364.5, 
    323.2, 
    233, 
    362.6, 
    189.8
   ], 
   [
    209.9, 
    205.7, 
    457.7, 
    327.9, 
    0, 
    212.9, 
    107.2, 
    148.5, 
    94.9, 
    34.7, 
    287.7
   ], 
   [
    233, 
    348, 
    244.8, 
    115, 
    212.9, 
    0, 
    249.5, 
    208.2, 
    118, 
    247.6, 
    74.8
   ], 
   [
    246.5, 
    98.5, 
    494.3, 
    364.5, 
    107.2, 
    249.5, 
    0, 
    41.3, 
    131.5, 
    72.5, 
    324.3
   ], 
   [
    205.2, 
    139.8, 
    453, 
    323.2, 
    148.5, 
    208.2, 
    41.3, 
    0, 
    90.2, 
    113.8, 
    283
   ], 
   [
    115, 
    230, 
    362.8, 
    233, 
    94.9, 
    118, 
    131.5, 
    90.2, 
    0, 
    129.6, 
    192.8
   ], 
   [
    244.6, 
    171, 
    492.4, 
    362.6, 
    34.7, 
    247.6, 
    72.5, 
    113.8, 
    129.6, 
    0, 
    322.4
   ], 
   [
    307.8, 
    422.8, 
    170, 
    189.8, 
    287.7, 
    74.8, 
    324.3, 
    283, 
    192.8, 
    322.4, 
    0
   ]
  ], 
  "weight_matrix": [
   [
    0, 
    3, 
    3, 
    3, 
    3, 
    3, 
    3, 
    3, 
    3, 
    3, 
    3
   ], 
   [
    3, 
    0, 
    3, 
    3, 
    3, 
    3, 
    3, 
    3, 
    3, 
    3, 
    3
   ], 
   [
    3, 
    3, 
    0, 
    3, 
    3, 
    3, 
    3, 
    3, 
    3, 
    3, 
    3
   ], 
   [
    3, 
    3, 
    3, 
    0, 
    3, 
    3, 
    3, 
    3, 
    3, 
    3, 
    3
   ], 
   [
    3, 
    3, 
    3, 
    3, 
    0, 
    3, 
    3, 
    3, 
    3, 
    3, 
    3
   ], 
   [
    3, 
    3, 
    3, 
    3, 
    3, 
    0, 
    3, 
    3, 
    3, 
    3, 
    3
   ], 
   [
    3, 
    3, 
    3, 
    3, 
    3, 
    3, 
    0, 
    3, 
    3, 
    3, 
    3
   ], 
   [
    3, 
    3, 
    3, 
    3, 
    3, 
    3, 
    3, 
    0, 
    3, 
    3, 
    3
   ], 
   [
    3, 
    3, 
    3, 
    3, 
    3, 
    3, 
    3, 
    3, 
    0, 
    3, 
    3
   ], 
   [
    3, 
    3, 
    3, 
    3, 
    3, 
    3, 
    3, 
    3, 
    3, 
    0, 
    3
   ], 
   [
    3, 
    3, 
    3, 
    3, 
    3, 
    3, 
    3, 
    3, 
    3, 
    3, 
    0
   ]
  ], 
  "city_names": [
   "Cardiff", 
   "Newcastle", 
   "Plymouth", 
   "Norwich", 
   "Manchester", 
   "London", 
   "Leeds", 
   "Sheffield", 
   "Birmingham", 
   "Liverpool", 
   "Portsmouth"
  ], 
  "reward_matrix": [
   [
    0, 
    44455, 
    20684, 
    43918, 
    68638, 
    64503, 
    62087, 
    69479, 
    85625, 
    62427, 
    51114
   ], 
   [
    44455, 
    0, 
    100, 
    23333, 
    69390, 
    43918, 
    88578, 
    81186, 
    65040, 
    75601, 
    30529
   ], 
   [
    20684, 
    100, 
    0, 
    41806, 
    24282, 
    62391, 
    17731, 
    25123, 
    41269, 
    18071, 
    75780
   ], 
   [
    43918, 
    23333, 
    41806, 
    0, 
    47516, 
    85625, 
    40965, 
    48357, 
    64503, 
    41305, 
    72236
   ], 
   [
    68638, 
    69390, 
    24282, 
    47516, 
    0, 
    68101, 
    87021, 
    79628, 
    89223, 
    99999, 
    54712
   ], 
   [
    64503, 
    43918, 
    62391, 
    85625, 
    68101, 
    0, 
    61550, 
    68942, 
    85088, 
    61890, 
    92821
   ], 
   [
    62087, 
    88578, 
    17731, 
    40965, 
    87021, 
    61550, 
    0, 
    98817, 
    82671, 
    93232, 
    48161
   ], 
   [
    69479, 
    81186, 
    25123, 
    48357, 
    79628, 
    68942, 
    98817, 
    0, 
    90064, 
    85840, 
    55553
   ], 
   [
    85625, 
    65040, 
    41269, 
    64503, 
    89223, 
    85088, 
    82671, 
    90064, 
    0, 
    83012, 
    71699
   ], 
   [
    62427, 
    75601, 
    18071, 
    41305, 
    99999, 
    61890, 
    93232, 
    85840, 
    83012, 
    0, 
    48501
   ], 
   [
    51114, 
    30529, 
    75780, 
    72236, 
    54712, 
    92821, 
    48161, 
    55553, 
    71699, 
    48501, 
    0
   ]
  ], 
  "probability_matrix": [
   [
    0, 
    0.04240888360655557, 
    0.14687773440092117, 
    0.09445711947465492, 
    0.037698899640467576, 
    0.10965380822488371, 
    0.17764370900324247, 
    0.16326485894014303, 
    0.10232828924969513, 
    0.04844600290811583, 
    0.07722069455132069
   ], 
   [
    0.13922814615635307, 
    0, 
    0.12443026609724421, 
    0.0982120139888344, 
    0.09548378411059526, 
    0.020546019578837685, 
    0.2063678494982796, 
    0.001652399487011075, 
    0.18393213198046596, 
    0.10137160661295302, 
    0.02877578248942586
   ], 
   [
    0.15375687059260493, 
    0.1522945430596464, 
    0, 
    0.07759854633411672, 
    0.08301032778532594, 
    0.0005253030372460506, 
    0.100194395629552, 
    0.15958819910188743, 
    0.005202811478828108, 
    0.11620128638743622, 
    0.15162771659335633
   ], 
   [
    0.026481740444855004, 
    0.09915859887394783, 
    0.10096637369939387, 
    0, 
    0.03866274164681978, 
    0.12692794853169206, 
    0.09309319673001533, 
    0.12771454344600427, 
    0.1316314166538504, 
    0.10857065861537368, 
    0.14679278135804766
   ], 
   [
    0.10803430393280332, 
    0.10445679839684817, 
    0.13503076956155277, 
    0.04091508433614327, 
    0, 
    0.05584849565669745, 
    0.07897347645960771, 
    0.1663678005138297, 
    0.06884454355539081, 
    0.1387083798452017, 
    0.10282034774192514
   ], 
   [
    0.10391297067393827, 
    0.11713065297907696, 
    0.024119373396847568, 
    0.02472779642776105, 
    0.008852783087819853, 
    0, 
    0.17934528683781933, 
    0.1597027036174104, 
    0.14855852149974505, 
    0.13937896327439853, 
    0.094270948205183
   ], 
   [
    0.10542676884049298, 
    0.027296433557263265, 
    0.09948854665966234, 
    0.07600604748171824, 
    0.022544680343026417, 
    0.15377905551948332, 
    0, 
    0.19324186807520768, 
    0.19968061901903397, 
    0.08518122704950326, 
    0.03735475345460854
   ], 
   [
    0.07297174807895941, 
    0.05919943227499791, 
    0.06009770754444094, 
    0.12717767588113243, 
    0.17463644297538142, 
    0.12972507918937146, 
    0.10675767404868407, 
    0, 
    0.023704620989443193, 
    0.18143086843365028, 
    0.06429875058393877
   ], 
   [
    0.0899060775170472, 
    0.03625027391005016, 
    0.1993101803556706, 
    0.1044293518705328, 
    0.0035874895039501643, 
    0.1052564559700873, 
    0.12385421772522064, 
    0.14516462271708633, 
    0, 
    0.18372416969379587, 
    0.008517160736558956
   ], 
   [
    0.03949776879129647, 
    0.06036252156709488, 
    0.24644368085693677, 
    0.11591919140368918, 
    0.03886360865662655, 
    0.10508551836690606, 
    0.154928596849103, 
    0.03039788422915222, 
    0.16447464272473417, 
    0, 
    0.044026586554460664
   ], 
   [
    0.029098855929488236, 
    0.1540798315677615, 
    0.12683548192029426, 
    0.07597752999727164, 
    0.08370464731018909, 
    0.07239037502867737, 
    0.08539620101522566, 
    0.061593048976145814, 
    0.16657228080110997, 
    0.14435174745383647, 
    0
   ]
  ]
 }, 
 "vehicle_capacities": [
  15, 
  15, 
  15, 
  30, 
  30, 
  30, 
  30, 
  30, 
  30, 
  30, 
  30
 ]
}