{
 "vehicle_cost_per_km": [
  5, 
  15, 
  10, 
  5, 
  5, 
  5, 
  5, 
  5, 
  5, 
  5, 
  5
 ], 
 "runs": [
  {
   "avg_task_cost_vs_number_of_task": [
    4114, 
    2956.5, 
    2212.6666666666665, 
    2145.25, 
    1716.2, 
    1430.1666666666667, 
    1225.857142857143, 
    1072.625, 
    994.7777777777778, 
    928, 
    909, 
    790.5416666666666, 
    890.7692307692307, 
    796.0714285714287, 
    741.1333333333333, 
    768.6874999999999, 
    877.5294117647059, 
    772.5, 
    866.078947368421, 
    775.9499999999999, 
    840.5714285714286, 
    979.2272727272727, 
    915.4565217391303, 
    895.5833333333334, 
    892.4, 
    931.1153846153848, 
    894.7407407407409, 
    833.7142857142857, 
    816.3448275862069, 
    782.5
   ], 
   "number_of_vehicles": 3
  }
 ], 
 "vehicle_starting_positions": [
  "Newcastle", 
  "Cardiff", 
  "Plymouth", 
  "Norwich", 
  "Manchester", 
  "London", 
  "Leeds", 
  "Sheffield", 
  "Birmingham", 
  "Liverpool", 
  "Portsmouth"
 ], 
 "task_distribution": {
  "distance_matrix": [
   [
    0, 
    345, 
    477.8, 
    348, 
    209.9, 
    233, 
    246.5, 
    205.2, 
    115, 
    244.6, 
    307.8
   ], 
   [
    345, 
    0, 
    592.8, 
    463, 
    205.7, 
    348, 
    98.5, 
    139.8, 
    230, 
    171, 
    422.8
   ], 
   [
    477.8, 
    592.8, 
    0, 
    359.8, 
    457.7, 
    244.8, 
    494.3, 
    453, 
    362.8, 
    492.4, 
    170
   ], 
   [
    348, 
    463, 
    359.8, 
    0, 
    327.9, 
    115, 
    364.5, 
    323.2, 
    233, 
    362.6, 
    189.8
   ], 
   [
    209.9, 
    205.7, 
    457.7, 
    327.9, 
    0, 
    212.9, 
    107.2, 
    148.5, 
    94.9, 
    34.7, 
    287.7
   ], 
   [
    233, 
    348, 
    244.8, 
    115, 
    212.9, 
    0, 
    249.5, 
    208.2, 
    118, 
    247.6, 
    74.8
   ], 
   [
    246.5, 
    98.5, 
    494.3, 
    364.5, 
    107.2, 
    249.5, 
    0, 
    41.3, 
    131.5, 
    72.5, 
    324.3
   ], 
   [
    205.2, 
    139.8, 
    453, 
    323.2, 
    148.5, 
    208.2, 
    41.3, 
    0, 
    90.2, 
    113.8, 
    283
   ], 
   [
    115, 
    230, 
    362.8, 
    233, 
    94.9, 
    118, 
    131.5, 
    90.2, 
    0, 
    129.6, 
    192.8
   ], 
   [
    244.6, 
    171, 
    492.4, 
    362.6, 
    34.7, 
    247.6, 
    72.5, 
    113.8, 
    129.6, 
    0, 
    322.4
   ], 
   [
    307.8, 
    422.8, 
    170, 
    189.8, 
    287.7, 
    74.8, 
    324.3, 
    283, 
    192.8, 
    322.4, 
    0
   ]
  ], 
  "weight_matrix": [
   [
    0, 
    3, 
    3, 
    3, 
    3, 
    3, 
    3, 
    3, 
    3, 
    3, 
    3
   ], 
   [
    3, 
    0, 
    3, 
    3, 
    3, 
    3, 
    3, 
    3, 
    3, 
    3, 
    3
   ], 
   [
    3, 
    3, 
    0, 
    3, 
    3, 
    3, 
    3, 
    3, 
    3, 
    3, 
    3
   ], 
   [
    3, 
    3, 
    3, 
    0, 
    3, 
    3, 
    3, 
    3, 
    3, 
    3, 
    3
   ], 
   [
    3, 
    3, 
    3, 
    3, 
    0, 
    3, 
    3, 
    3, 
    3, 
    3, 
    3
   ], 
   [
    3, 
    3, 
    3, 
    3, 
    3, 
    0, 
    3, 
    3, 
    3, 
    3, 
    3
   ], 
   [
    3, 
    3, 
    3, 
    3, 
    3, 
    3, 
    0, 
    3, 
    3, 
    3, 
    3
   ], 
   [
    3, 
    3, 
    3, 
    3, 
    3, 
    3, 
    3, 
    0, 
    3, 
    3, 
    3
   ], 
   [
    3, 
    3, 
    3, 
    3, 
    3, 
    3, 
    3, 
    3, 
    0, 
    3, 
    3
   ], 
   [
    3, 
    3, 
    3, 
    3, 
    3, 
    3, 
    3, 
    3, 
    3, 
    0, 
    3
   ], 
   [
    3, 
    3, 
    3, 
    3, 
    3, 
    3, 
    3, 
    3, 
    3, 
    3, 
    0
   ]
  ], 
  "city_names": [
   "Cardiff", 
   "Newcastle", 
   "Plymouth", 
   "Norwich", 
   "Manchester", 
   "London", 
   "Leeds", 
   "Sheffield", 
   "Birmingham", 
   "Liverpool", 
   "Portsmouth"
  ], 
  "reward_matrix": [
   [
    0, 
    44455, 
    20684, 
    43918, 
    68638, 
    64503, 
    62087, 
    69479, 
    85625, 
    62427, 
    51114
   ], 
   [
    44455, 
    0, 
    100, 
    23333, 
    69390, 
    43918, 
    88578, 
    81186, 
    65040, 
    75601, 
    30529
   ], 
   [
    20684, 
    100, 
    0, 
    41806, 
    24282, 
    62391, 
    17731, 
    25123, 
    41269, 
    18071, 
    75780
   ], 
   [
    43918, 
    23333, 
    41806, 
    0, 
    47516, 
    85625, 
    40965, 
    48357, 
    64503, 
    41305, 
    72236
   ], 
   [
    68638, 
    69390, 
    24282, 
    47516, 
    0, 
    68101, 
    87021, 
    79628, 
    89223, 
    99999, 
    54712
   ], 
   [
    64503, 
    43918, 
    62391, 
    85625, 
    68101, 
    0, 
    61550, 
    68942, 
    85088, 
    61890, 
    92821
   ], 
   [
    62087, 
    88578, 
    17731, 
    40965, 
    87021, 
    61550, 
    0, 
    98817, 
    82671, 
    93232, 
    48161
   ], 
   [
    69479, 
    81186, 
    25123, 
    48357, 
    79628, 
    68942, 
    98817, 
    0, 
    90064, 
    85840, 
    55553
   ], 
   [
    85625, 
    65040, 
    41269, 
    64503, 
    89223, 
    85088, 
    82671, 
    90064, 
    0, 
    83012, 
    71699
   ], 
   [
    62427, 
    75601, 
    18071, 
    41305, 
    99999, 
    61890, 
    93232, 
    85840, 
    83012, 
    0, 
    48501
   ], 
   [
    51114, 
    30529, 
    75780, 
    72236, 
    54712, 
    92821, 
    48161, 
    55553, 
    71699, 
    48501, 
    0
   ]
  ], 
  "probability_matrix": [
   [
    0, 
    0.13464549741880763, 
    0.16739329567606887, 
    0.010620214247262645, 
    0.12286244102006966, 
    0.0005656329247587571, 
    0.0931591779741731, 
    0.2809189395178769, 
    0.0077376177851088395, 
    0.038518492527782514, 
    0.1435786909080912
   ], 
   [
    0.15070061922448333, 
    0, 
    0.1257729877062229, 
    0.052994522589130774, 
    0.08013351366637063, 
    0.1428581514781816, 
    0.16274593071095417, 
    0.004959985578637845, 
    0.08044814196278625, 
    0.0795499138289387, 
    0.11983623325429407
   ], 
   [
    0.10139785778260176, 
    0.16476324672333825, 
    0, 
    0.15715194312545813, 
    0.08006855136463897, 
    0.1039090241262971, 
    0.10373103630969767, 
    0.03793006909671111, 
    0.06940378201213258, 
    0.03624763132813432, 
    0.14539685813099007
   ], 
   [
    0.10558405569423279, 
    0.10866744795323822, 
    0.05529849146200353, 
    0, 
    0.1335314839186045, 
    0.12713204391992294, 
    0.0014183386820401528, 
    0.1427775901956339, 
    0.08323790991470702, 
    0.12247397580374343, 
    0.11987866245587361
   ], 
   [
    0.029288466562347137, 
    0.0006832946160113997, 
    0.006620510344816033, 
    0.002133078950564701, 
    0, 
    0.12222368936679585, 
    0.3070600855122131, 
    0.1894891073558707, 
    0.14750281129775092, 
    0.07775982963424496, 
    0.1172391263593853
   ], 
   [
    0.09124720335281403, 
    0.029002592990731088, 
    0.11528300535067657, 
    0.04089540628301055, 
    0.2011976537092311, 
    0, 
    0.08610331720140765, 
    0.09106672785048064, 
    0.21404883009844108, 
    0.0930966534260669, 
    0.03805860973714033
   ], 
   [
    0.057955332885367805, 
    0.028845368296742897, 
    0.0029708625513821425, 
    0.10484673831991652, 
    0.23402799213978676, 
    0.20490230078975052, 
    0, 
    0.009542760880022984, 
    0.07742127285505251, 
    0.09115471789774529, 
    0.18833265338423275
   ], 
   [
    0.1774843919099054, 
    0.004122705150855164, 
    0.042698732845308285, 
    0.011952354256840986, 
    0.15301290585050398, 
    0.062333129807735366, 
    0.11061811268393217, 
    0, 
    0.10405487966465743, 
    0.1692331697941204, 
    0.16448961803614068
   ], 
   [
    0.06608823242370052, 
    0.08169177931541943, 
    0.04852678568370658, 
    0.1722333029926369, 
    0.06843088156664838, 
    0.1736816768545957, 
    0.1227437731773376, 
    0.09845757076162398, 
    0, 
    0.15488967546657056, 
    0.013256321757760542
   ], 
   [
    0.08435619789398902, 
    0.0461833693084092, 
    0.10110299421921917, 
    0.012487253161551512, 
    0.11379090176915989, 
    0.12860177950274138, 
    0.147730682881901, 
    0.09620858313227824, 
    0.12306742187704613, 
    0, 
    0.14647081625370442
   ], 
   [
    0.03394193452000649, 
    0.1960287559664305, 
    0.16629423113205313, 
    0.23589484112268358, 
    0.0038579154128368784, 
    0.016948049905288334, 
    0.06781620467801194, 
    0.04448952804853527, 
    0.10448829360537482, 
    0.13024024560877906, 
    0
   ]
  ]
 }, 
 "vehicle_capacities": [
  15, 
  15, 
  15, 
  30, 
  30, 
  30, 
  30, 
  30, 
  30, 
  30, 
  30
 ]
}