{
 "vehicle_cost_per_km": [
  5, 
  15, 
  15, 
  5, 
  5, 
  5, 
  5, 
  5, 
  5, 
  5, 
  5
 ], 
 "runs": [
  {
   "avg_task_cost_vs_number_of_task": [
    1217.5, 
    2337, 
    2312.833333333333, 
    2029.6249999999998, 
    1882.8999999999996, 
    1569.083333333333, 
    1694.6428571428569, 
    1626.5624999999998, 
    1574.6666666666665, 
    1520.7, 
    1382.4545454545455, 
    1457.3333333333333, 
    1277.3076923076926, 
    1394.892857142857, 
    1423.4, 
    1427.25, 
    1427.9117647058827, 
    1385.0277777777783, 
    1347.763157894737, 
    1359.85, 
    1390.9285714285718, 
    1386.5909090909095, 
    1361.0434782608695, 
    1341.9166666666667, 
    1380.1200000000003, 
    1363.8846153846155, 
    1411.6296296296298, 
    1429.0357142857142, 
    1404.5172413793102, 
    1398.3666666666672
   ], 
   "number_of_vehicles": 3
  }
 ], 
 "vehicle_starting_positions": [
  "Newcastle", 
  "Cardiff", 
  "Plymouth", 
  "Norwich", 
  "Manchester", 
  "London", 
  "Leeds", 
  "Sheffield", 
  "Birmingham", 
  "Liverpool", 
  "Portsmouth"
 ], 
 "task_distribution": {
  "distance_matrix": [
   [
    0, 
    345, 
    477.8, 
    348, 
    209.9, 
    233, 
    246.5, 
    205.2, 
    115, 
    244.6, 
    307.8
   ], 
   [
    345, 
    0, 
    592.8, 
    463, 
    205.7, 
    348, 
    98.5, 
    139.8, 
    230, 
    171, 
    422.8
   ], 
   [
    477.8, 
    592.8, 
    0, 
    359.8, 
    457.7, 
    244.8, 
    494.3, 
    453, 
    362.8, 
    492.4, 
    170
   ], 
   [
    348, 
    463, 
    359.8, 
    0, 
    327.9, 
    115, 
    364.5, 
    323.2, 
    233, 
    362.6, 
    189.8
   ], 
   [
    209.9, 
    205.7, 
    457.7, 
    327.9, 
    0, 
    212.9, 
    107.2, 
    148.5, 
    94.9, 
    34.7, 
    287.7
   ], 
   [
    233, 
    348, 
    244.8, 
    115, 
    212.9, 
    0, 
    249.5, 
    208.2, 
    118, 
    247.6, 
    74.8
   ], 
   [
    246.5, 
    98.5, 
    494.3, 
    364.5, 
    107.2, 
    249.5, 
    0, 
    41.3, 
    131.5, 
    72.5, 
    324.3
   ], 
   [
    205.2, 
    139.8, 
    453, 
    323.2, 
    148.5, 
    208.2, 
    41.3, 
    0, 
    90.2, 
    113.8, 
    283
   ], 
   [
    115, 
    230, 
    362.8, 
    233, 
    94.9, 
    118, 
    131.5, 
    90.2, 
    0, 
    129.6, 
    192.8
   ], 
   [
    244.6, 
    171, 
    492.4, 
    362.6, 
    34.7, 
    247.6, 
    72.5, 
    113.8, 
    129.6, 
    0, 
    322.4
   ], 
   [
    307.8, 
    422.8, 
    170, 
    189.8, 
    287.7, 
    74.8, 
    324.3, 
    283, 
    192.8, 
    322.4, 
    0
   ]
  ], 
  "weight_matrix": [
   [
    0, 
    3, 
    3, 
    3, 
    3, 
    3, 
    3, 
    3, 
    3, 
    3, 
    3
   ], 
   [
    3, 
    0, 
    3, 
    3, 
    3, 
    3, 
    3, 
    3, 
    3, 
    3, 
    3
   ], 
   [
    3, 
    3, 
    0, 
    3, 
    3, 
    3, 
    3, 
    3, 
    3, 
    3, 
    3
   ], 
   [
    3, 
    3, 
    3, 
    0, 
    3, 
    3, 
    3, 
    3, 
    3, 
    3, 
    3
   ], 
   [
    3, 
    3, 
    3, 
    3, 
    0, 
    3, 
    3, 
    3, 
    3, 
    3, 
    3
   ], 
   [
    3, 
    3, 
    3, 
    3, 
    3, 
    0, 
    3, 
    3, 
    3, 
    3, 
    3
   ], 
   [
    3, 
    3, 
    3, 
    3, 
    3, 
    3, 
    0, 
    3, 
    3, 
    3, 
    3
   ], 
   [
    3, 
    3, 
    3, 
    3, 
    3, 
    3, 
    3, 
    0, 
    3, 
    3, 
    3
   ], 
   [
    3, 
    3, 
    3, 
    3, 
    3, 
    3, 
    3, 
    3, 
    0, 
    3, 
    3
   ], 
   [
    3, 
    3, 
    3, 
    3, 
    3, 
    3, 
    3, 
    3, 
    3, 
    0, 
    3
   ], 
   [
    3, 
    3, 
    3, 
    3, 
    3, 
    3, 
    3, 
    3, 
    3, 
    3, 
    0
   ]
  ], 
  "city_names": [
   "Cardiff", 
   "Newcastle", 
   "Plymouth", 
   "Norwich", 
   "Manchester", 
   "London", 
   "Leeds", 
   "Sheffield", 
   "Birmingham", 
   "Liverpool", 
   "Portsmouth"
  ], 
  "reward_matrix": [
   [
    0, 
    44455, 
    20684, 
    43918, 
    68638, 
    64503, 
    62087, 
    69479, 
    85625, 
    62427, 
    51114
   ], 
   [
    44455, 
    0, 
    100, 
    23333, 
    69390, 
    43918, 
    88578, 
    81186, 
    65040, 
    75601, 
    30529
   ], 
   [
    20684, 
    100, 
    0, 
    41806, 
    24282, 
    62391, 
    17731, 
    25123, 
    41269, 
    18071, 
    75780
   ], 
   [
    43918, 
    23333, 
    41806, 
    0, 
    47516, 
    85625, 
    40965, 
    48357, 
    64503, 
    41305, 
    72236
   ], 
   [
    68638, 
    69390, 
    24282, 
    47516, 
    0, 
    68101, 
    87021, 
    79628, 
    89223, 
    99999, 
    54712
   ], 
   [
    64503, 
    43918, 
    62391, 
    85625, 
    68101, 
    0, 
    61550, 
    68942, 
    85088, 
    61890, 
    92821
   ], 
   [
    62087, 
    88578, 
    17731, 
    40965, 
    87021, 
    61550, 
    0, 
    98817, 
    82671, 
    93232, 
    48161
   ], 
   [
    69479, 
    81186, 
    25123, 
    48357, 
    79628, 
    68942, 
    98817, 
    0, 
    90064, 
    85840, 
    55553
   ], 
   [
    85625, 
    65040, 
    41269, 
    64503, 
    89223, 
    85088, 
    82671, 
    90064, 
    0, 
    83012, 
    71699
   ], 
   [
    62427, 
    75601, 
    18071, 
    41305, 
    99999, 
    61890, 
    93232, 
    85840, 
    83012, 
    0, 
    48501
   ], 
   [
    51114, 
    30529, 
    75780, 
    72236, 
    54712, 
    92821, 
    48161, 
    55553, 
    71699, 
    48501, 
    0
   ]
  ], 
  "probability_matrix": [
   [
    0, 
    0.1652949354451246, 
    0.010009852127286268, 
    0.1453442401234556, 
    0.020048345545587674, 
    0.19113838041161244, 
    0.0985399096139837, 
    0.010385678003350345, 
    0.13934251409609555, 
    0.1778861010179708, 
    0.04201004361553298
   ], 
   [
    0.15622332293759025, 
    0, 
    0.013196979650195137, 
    0.13220483259184773, 
    0.1591878964150917, 
    0.06925132836379899, 
    0.06834900660871321, 
    0.11145127266387754, 
    0.08558165983648504, 
    0.04056154902344425, 
    0.16399215190895605
   ], 
   [
    0.17852311533288645, 
    0.027901411938758666, 
    0, 
    0.19849916679738067, 
    0.10267275528995841, 
    0.005875495622422593, 
    0.06779393188644967, 
    0.07545924552808184, 
    0.1674733687866904, 
    0.14708323968304673, 
    0.02871826913432458
   ], 
   [
    0.13632457617527075, 
    0.09924703906379577, 
    0.011771834818063634, 
    0, 
    0.1785781467188711, 
    0.07438750292070764, 
    0.04401047697537729, 
    0.05372913634748837, 
    0.14667038403405236, 
    0.1754761140295016, 
    0.07980478891687157
   ], 
   [
    0.07573595422833301, 
    0.04350535434743183, 
    0.1262692484391044, 
    0.09689925123843819, 
    0, 
    0.04568816872744036, 
    0.12520649425466487, 
    0.13663931727800838, 
    0.06369243569916334, 
    0.16450566962120797, 
    0.1218581061662077
   ], 
   [
    0.15969928217067167, 
    0.10352931432436381, 
    0.04128217018799113, 
    0.1534141902342758, 
    0.06122758282164206, 
    0, 
    0.13953047588985046, 
    0.015599681670851935, 
    0.1650482244643778, 
    0.11181901760352184, 
    0.04885006063245346
   ], 
   [
    0.19802904778892774, 
    0.17289923674822943, 
    0.11644126228017287, 
    0.038218778380250965, 
    0.18628398479596475, 
    0.11503700585541345, 
    0, 
    0.038992224976714084, 
    0.015017615323722021, 
    0.09727382483642245, 
    0.021807019014182326
   ], 
   [
    0.09861917686727842, 
    0.15905747802527798, 
    0.030469136030132436, 
    0.11319759784196504, 
    0.11319327703019148, 
    0.12202790228201797, 
    0.11749900615729071, 
    0, 
    0.006966545635624516, 
    0.18418702444349816, 
    0.05478285568672344
   ], 
   [
    0.018612682044910626, 
    0.07499070988245285, 
    0.06305250585119324, 
    0.20226950607691693, 
    0.00286346075664277, 
    0.19581221013898853, 
    0.04677300499833209, 
    0.06605356239018242, 
    0, 
    0.15615275797882064, 
    0.1734195998815601
   ], 
   [
    0.05487660396690705, 
    0.14575777248228897, 
    0.11256003504392173, 
    0.09527532144055788, 
    0.07226088146561394, 
    0.16169402353258022, 
    0.17433205785484848, 
    0.01060851948182154, 
    0.15851950863358039, 
    0, 
    0.014115276097879964
   ], 
   [
    0.1178961570045651, 
    0.03613897503909623, 
    0.057678259827583164, 
    0.16921169886370735, 
    0.09867778675962101, 
    0.1601543581490991, 
    0.05046644084857136, 
    0.14895583772282114, 
    0.13000892998475683, 
    0.030811555800178584, 
    0
   ]
  ]
 }, 
 "vehicle_capacities": [
  5, 
  5, 
  5, 
  30, 
  30, 
  30, 
  30, 
  30, 
  30, 
  30, 
  30
 ]
}