{
 "vehicle_cost_per_km": [
  5, 
  5, 
  5, 
  5, 
  5
 ], 
 "runs": [
  {
   "avg_task_cost_vs_number_of_task": [
    1202, 
    1463.5, 
    1359, 
    1601.75, 
    1907.2, 
    1739.6666666666667, 
    1598, 
    1449.875, 
    1309.111111111111, 
    1263.7, 
    1186.3636363636363, 
    1303.4999999999998, 
    1480, 
    1374.285714285714, 
    1480.2666666666664, 
    1547.1874999999998, 
    1667.8235294117644, 
    1615.4444444444441, 
    1552.1578947368416, 
    1532.0499999999997, 
    1556.8095238095234, 
    1685.7727272727266, 
    1686.3913043478256, 
    1713.208333333333, 
    1697.9999999999998, 
    1676.461538461538, 
    1726.8518518518513, 
    1722.071428571428, 
    1693.7931034482754, 
    1637.333333333333
   ], 
   "number_of_vehicles": 3
  }
 ], 
 "vehicle_starting_positions": [
  "Newcastle", 
  "Cardiff", 
  "Plymouth", 
  "Norwich", 
  "Manchester", 
  "London", 
  "Leeds", 
  "Sheffield", 
  "Birmingham", 
  "Liverpool", 
  "Portsmouth"
 ], 
 "task_distribution": {
  "distance_matrix": [
   [
    0, 
    345, 
    477.8, 
    348, 
    209.9, 
    233, 
    246.5, 
    205.2, 
    115, 
    244.6, 
    307.8
   ], 
   [
    345, 
    0, 
    592.8, 
    463, 
    205.7, 
    348, 
    98.5, 
    139.8, 
    230, 
    171, 
    422.8
   ], 
   [
    477.8, 
    592.8, 
    0, 
    359.8, 
    457.7, 
    244.8, 
    494.3, 
    453, 
    362.8, 
    492.4, 
    170
   ], 
   [
    348, 
    463, 
    359.8, 
    0, 
    327.9, 
    115, 
    364.5, 
    323.2, 
    233, 
    362.6, 
    189.8
   ], 
   [
    209.9, 
    205.7, 
    457.7, 
    327.9, 
    0, 
    212.9, 
    107.2, 
    148.5, 
    94.9, 
    34.7, 
    287.7
   ], 
   [
    233, 
    348, 
    244.8, 
    115, 
    212.9, 
    0, 
    249.5, 
    208.2, 
    118, 
    247.6, 
    74.8
   ], 
   [
    246.5, 
    98.5, 
    494.3, 
    364.5, 
    107.2, 
    249.5, 
    0, 
    41.3, 
    131.5, 
    72.5, 
    324.3
   ], 
   [
    205.2, 
    139.8, 
    453, 
    323.2, 
    148.5, 
    208.2, 
    41.3, 
    0, 
    90.2, 
    113.8, 
    283
   ], 
   [
    115, 
    230, 
    362.8, 
    233, 
    94.9, 
    118, 
    131.5, 
    90.2, 
    0, 
    129.6, 
    192.8
   ], 
   [
    244.6, 
    171, 
    492.4, 
    362.6, 
    34.7, 
    247.6, 
    72.5, 
    113.8, 
    129.6, 
    0, 
    322.4
   ], 
   [
    307.8, 
    422.8, 
    170, 
    189.8, 
    287.7, 
    74.8, 
    324.3, 
    283, 
    192.8, 
    322.4, 
    0
   ]
  ], 
  "weight_matrix": [
   [
    0, 
    3, 
    3, 
    3, 
    3, 
    3, 
    3, 
    3, 
    3, 
    3, 
    3
   ], 
   [
    3, 
    0, 
    3, 
    3, 
    3, 
    3, 
    3, 
    3, 
    3, 
    3, 
    3
   ], 
   [
    3, 
    3, 
    0, 
    3, 
    3, 
    3, 
    3, 
    3, 
    3, 
    3, 
    3
   ], 
   [
    3, 
    3, 
    3, 
    0, 
    3, 
    3, 
    3, 
    3, 
    3, 
    3, 
    3
   ], 
   [
    3, 
    3, 
    3, 
    3, 
    0, 
    3, 
    3, 
    3, 
    3, 
    3, 
    3
   ], 
   [
    3, 
    3, 
    3, 
    3, 
    3, 
    0, 
    3, 
    3, 
    3, 
    3, 
    3
   ], 
   [
    3, 
    3, 
    3, 
    3, 
    3, 
    3, 
    0, 
    3, 
    3, 
    3, 
    3
   ], 
   [
    3, 
    3, 
    3, 
    3, 
    3, 
    3, 
    3, 
    0, 
    3, 
    3, 
    3
   ], 
   [
    3, 
    3, 
    3, 
    3, 
    3, 
    3, 
    3, 
    3, 
    0, 
    3, 
    3
   ], 
   [
    3, 
    3, 
    3, 
    3, 
    3, 
    3, 
    3, 
    3, 
    3, 
    0, 
    3
   ], 
   [
    3, 
    3, 
    3, 
    3, 
    3, 
    3, 
    3, 
    3, 
    3, 
    3, 
    0
   ]
  ], 
  "city_names": [
   "Cardiff", 
   "Newcastle", 
   "Plymouth", 
   "Norwich", 
   "Manchester", 
   "London", 
   "Leeds", 
   "Sheffield", 
   "Birmingham", 
   "Liverpool", 
   "Portsmouth"
  ], 
  "reward_matrix": [
   [
    0, 
    44455, 
    20684, 
    43918, 
    68638, 
    64503, 
    62087, 
    69479, 
    85625, 
    62427, 
    51114
   ], 
   [
    44455, 
    0, 
    100, 
    23333, 
    69390, 
    43918, 
    88578, 
    81186, 
    65040, 
    75601, 
    30529
   ], 
   [
    20684, 
    100, 
    0, 
    41806, 
    24282, 
    62391, 
    17731, 
    25123, 
    41269, 
    18071, 
    75780
   ], 
   [
    43918, 
    23333, 
    41806, 
    0, 
    47516, 
    85625, 
    40965, 
    48357, 
    64503, 
    41305, 
    72236
   ], 
   [
    68638, 
    69390, 
    24282, 
    47516, 
    0, 
    68101, 
    87021, 
    79628, 
    89223, 
    99999, 
    54712
   ], 
   [
    64503, 
    43918, 
    62391, 
    85625, 
    68101, 
    0, 
    61550, 
    68942, 
    85088, 
    61890, 
    92821
   ], 
   [
    62087, 
    88578, 
    17731, 
    40965, 
    87021, 
    61550, 
    0, 
    98817, 
    82671, 
    93232, 
    48161
   ], 
   [
    69479, 
    81186, 
    25123, 
    48357, 
    79628, 
    68942, 
    98817, 
    0, 
    90064, 
    85840, 
    55553
   ], 
   [
    85625, 
    65040, 
    41269, 
    64503, 
    89223, 
    85088, 
    82671, 
    90064, 
    0, 
    83012, 
    71699
   ], 
   [
    62427, 
    75601, 
    18071, 
    41305, 
    99999, 
    61890, 
    93232, 
    85840, 
    83012, 
    0, 
    48501
   ], 
   [
    51114, 
    30529, 
    75780, 
    72236, 
    54712, 
    92821, 
    48161, 
    55553, 
    71699, 
    48501, 
    0
   ]
  ], 
  "probability_matrix": [
   [
    0, 
    0.16076904304209977, 
    0.004805754832879371, 
    0.15261924563428922, 
    0.06669892446284463, 
    0.12806855941319772, 
    0.09282603690168188, 
    0.07477569818766605, 
    0.03707249871311552, 
    0.10151890804434349, 
    0.18084533076788237
   ], 
   [
    0.08389333829887723, 
    0, 
    0.07112605460378207, 
    0.08668539667652282, 
    0.19140986201655005, 
    0.027347191500051615, 
    0.020159860089128064, 
    0.01951768706172312, 
    0.17911834327353712, 
    0.14022652360382806, 
    0.18051574287599972
   ], 
   [
    0.09234708585947131, 
    0.13447345410626763, 
    0, 
    0.10813193198798544, 
    0.13154092067894632, 
    0.1234604430863164, 
    0.009154657839242762, 
    0.031119299067298, 
    0.05436473646770791, 
    0.28933827142603946, 
    0.026069199480724583
   ], 
   [
    0.09556704044264153, 
    0.08024469738785223, 
    0.10370693509138244, 
    0, 
    0.12843684239587977, 
    0.14092027039592503, 
    0.05401350098142393, 
    0.19020984302721358, 
    0.10356758519839139, 
    0.03981211422822783, 
    0.06352117085106243
   ], 
   [
    0.09037068257933684, 
    0.06767487522160635, 
    0.04918154299910313, 
    0.06884884675799909, 
    0, 
    0.13016094690680513, 
    0.06057214465612501, 
    0.07770126262709937, 
    0.15433480730623772, 
    0.1923719866535987, 
    0.1087829042920887
   ], 
   [
    0.10192669409077511, 
    0.09054310993589672, 
    0.07168226258220188, 
    0.1449156040190672, 
    0.11690636376502603, 
    0, 
    0.17857463148347547, 
    0.12196340262751047, 
    0.05575983360368419, 
    0.051258477445255676, 
    0.06646962044710704
   ], 
   [
    0.11589447714878612, 
    0.18970069035746567, 
    0.05242868123096185, 
    0.024922869321200684, 
    0.10181337558724678, 
    0.15262942755939668, 
    0, 
    0.10460446895776625, 
    0.01757460646712486, 
    0.14219292534067293, 
    0.09823847802937817
   ], 
   [
    0.15340704608523853, 
    0.1690949838858782, 
    0.013781123095876164, 
    0.004540353810955977, 
    0.13494852991314907, 
    0.08098693507183294, 
    0.12625226590962363, 
    0, 
    0.12479994850579086, 
    0.06916448863334629, 
    0.12302432508830832
   ], 
   [
    0.16179254296281997, 
    0.05344840505067841, 
    0.030686671971655546, 
    0.012715129015242682, 
    0.14705084528471082, 
    0.09258715222304224, 
    0.1347756440763016, 
    0.018931618743759086, 
    0, 
    0.1955382252721347, 
    0.15247376539965488
   ], 
   [
    0.03959926754341171, 
    0.09842146082333306, 
    0.14615202054256862, 
    0.0280921396099721, 
    0.1642894854086165, 
    0.022190157816076125, 
    0.05303319726538191, 
    0.1954767313646711, 
    0.06110706439973671, 
    0, 
    0.19163847522623204
   ], 
   [
    0.015899551317114485, 
    0.12683338941009462, 
    0.05672797988982199, 
    0.07365402735125315, 
    0.1668351559749728, 
    0.03625048009427122, 
    0.1655140526630352, 
    0.1919348402814068, 
    0.1331632300028537, 
    0.033187293015176075, 
    0
   ]
  ]
 }, 
 "vehicle_capacities": [
  5, 
  5, 
  5, 
  30, 
  30, 
  30, 
  30, 
  30, 
  30, 
  30, 
  30
 ]
}