{
 "vehicle_cost_per_km": [
  5, 
  5, 
  5, 
  5, 
  5
 ], 
 "runs": [
  {
   "avg_task_cost_vs_number_of_task": [
    2379, 
    1764.5, 
    1176.3333333333333, 
    1169.75, 
    1006.3999999999999, 
    993.9166666666665, 
    1235.4285714285713, 
    1101.6875, 
    960.8888888888889, 
    935.2499999999998, 
    831.4545454545455, 
    867.2083333333334, 
    777.8846153846152, 
    668.0357142857143, 
    677.7666666666667, 
    721.84375, 
    598.0294117647059, 
    598.4166666666665, 
    547.7105263157895, 
    508.325, 
    500.6428571428572, 
    556.5681818181819, 
    509.32608695652175, 
    626.5208333333334, 
    606.1600000000002, 
    529.3269230769231, 
    474.14814814814815, 
    611.4285714285713, 
    411.0862068965517, 
    551.6166666666667
   ], 
   "number_of_vehicles": 2
  }, 
  {
   "avg_task_cost_vs_number_of_task": [
    1338, 
    1244, 
    979.6666666666666, 
    1022.25, 
    888.4, 
    955.1666666666666, 
    1157.857142857143, 
    1013.125, 
    908, 
    968.9, 
    900.0454545454545, 
    675.4166666666666, 
    696, 
    578.9285714285714, 
    788.5333333333331, 
    648.3125, 
    598.0294117647059, 
    564.8055555555555, 
    585.5, 
    611.625, 
    536.2619047619047, 
    545.7045454545455, 
    459.4347826086956, 
    490.04166666666674, 
    555.42, 
    467.0384615384616, 
    473.537037037037, 
    512.1964285714286, 
    476.7413793103449, 
    483.55
   ], 
   "number_of_vehicles": 3
  }, 
  {
   "avg_task_cost_vs_number_of_task": [
    1338, 
    1244, 
    979.6666666666666, 
    1022.25, 
    888.4, 
    955.1666666666666, 
    1259.0714285714287, 
    1077.875, 
    960.8888888888889, 
    968.9, 
    880.8181818181819, 
    864.7083333333334, 
    719.4230769230769, 
    578.9285714285714, 
    653.5333333333333, 
    642.4374999999999, 
    645.7941176470588, 
    578.2222222222222, 
    553.078947368421, 
    484.45, 
    602.9285714285714, 
    507.77272727272725, 
    496.2608695652173, 
    529.875, 
    453.9200000000001, 
    452.9423076923077, 
    523.7037037037036, 
    546.3392857142857, 
    492.5689655172414, 
    503.8
   ], 
   "number_of_vehicles": 4
  }, 
  {
   "avg_task_cost_vs_number_of_task": [
    1338, 
    1244, 
    979.6666666666666, 
    1022.25, 
    888.4, 
    955.1666666666666, 
    1157.857142857143, 
    1042.1875, 
    908, 
    869.5, 
    822.5454545454545, 
    715.0833333333334, 
    623.4615384615385, 
    792.75, 
    603.2, 
    635.40625, 
    569.9411764705883, 
    583.1666666666666, 
    549.8684210526316, 
    525.425, 
    595.1666666666666, 
    462.1136363636364, 
    511.93478260869557, 
    538.0833333333333, 
    544.0799999999999, 
    439, 
    447.72222222222223, 
    532.6250000000001, 
    446.2586206896552, 
    599.6499999999999
   ], 
   "number_of_vehicles": 5
  }
 ], 
 "vehicle_starting_positions": [
  "Leeds", 
  "Sheffield", 
  "London", 
  "Birmingham", 
  "Plymouth", 
  "Newcastle", 
  "Cardiff", 
  "Portsmouth", 
  "Liverpool", 
  "Manchester", 
  "Norwich"
 ], 
 "task_distribution": {
  "distance_matrix": [
   [
    0, 
    345, 
    477.8, 
    348, 
    209.9, 
    233, 
    246.5, 
    205.2, 
    115, 
    244.6, 
    307.8
   ], 
   [
    345, 
    0, 
    592.8, 
    463, 
    205.7, 
    348, 
    98.5, 
    139.8, 
    230, 
    171, 
    422.8
   ], 
   [
    477.8, 
    592.8, 
    0, 
    359.8, 
    457.7, 
    244.8, 
    494.3, 
    453, 
    362.8, 
    492.4, 
    170
   ], 
   [
    348, 
    463, 
    359.8, 
    0, 
    327.9, 
    115, 
    364.5, 
    323.2, 
    233, 
    362.6, 
    189.8
   ], 
   [
    209.9, 
    205.7, 
    457.7, 
    327.9, 
    0, 
    212.9, 
    107.2, 
    148.5, 
    94.9, 
    34.7, 
    287.7
   ], 
   [
    233, 
    348, 
    244.8, 
    115, 
    212.9, 
    0, 
    249.5, 
    208.2, 
    118, 
    247.6, 
    74.8
   ], 
   [
    246.5, 
    98.5, 
    494.3, 
    364.5, 
    107.2, 
    249.5, 
    0, 
    41.3, 
    131.5, 
    72.5, 
    324.3
   ], 
   [
    205.2, 
    139.8, 
    453, 
    323.2, 
    148.5, 
    208.2, 
    41.3, 
    0, 
    90.2, 
    113.8, 
    283
   ], 
   [
    115, 
    230, 
    362.8, 
    233, 
    94.9, 
    118, 
    131.5, 
    90.2, 
    0, 
    129.6, 
    192.8
   ], 
   [
    244.6, 
    171, 
    492.4, 
    362.6, 
    34.7, 
    247.6, 
    72.5, 
    113.8, 
    129.6, 
    0, 
    322.4
   ], 
   [
    307.8, 
    422.8, 
    170, 
    189.8, 
    287.7, 
    74.8, 
    324.3, 
    283, 
    192.8, 
    322.4, 
    0
   ]
  ], 
  "weight_matrix": [
   [
    0, 
    3, 
    3, 
    3, 
    3, 
    3, 
    3, 
    3, 
    3, 
    3, 
    3
   ], 
   [
    3, 
    0, 
    3, 
    3, 
    3, 
    3, 
    3, 
    3, 
    3, 
    3, 
    3
   ], 
   [
    3, 
    3, 
    0, 
    3, 
    3, 
    3, 
    3, 
    3, 
    3, 
    3, 
    3
   ], 
   [
    3, 
    3, 
    3, 
    0, 
    3, 
    3, 
    3, 
    3, 
    3, 
    3, 
    3
   ], 
   [
    3, 
    3, 
    3, 
    3, 
    0, 
    3, 
    3, 
    3, 
    3, 
    3, 
    3
   ], 
   [
    3, 
    3, 
    3, 
    3, 
    3, 
    0, 
    3, 
    3, 
    3, 
    3, 
    3
   ], 
   [
    3, 
    3, 
    3, 
    3, 
    3, 
    3, 
    0, 
    3, 
    3, 
    3, 
    3
   ], 
   [
    3, 
    3, 
    3, 
    3, 
    3, 
    3, 
    3, 
    0, 
    3, 
    3, 
    3
   ], 
   [
    3, 
    3, 
    3, 
    3, 
    3, 
    3, 
    3, 
    3, 
    0, 
    3, 
    3
   ], 
   [
    3, 
    3, 
    3, 
    3, 
    3, 
    3, 
    3, 
    3, 
    3, 
    0, 
    3
   ], 
   [
    3, 
    3, 
    3, 
    3, 
    3, 
    3, 
    3, 
    3, 
    3, 
    3, 
    0
   ]
  ], 
  "city_names": [
   "Cardiff", 
   "Newcastle", 
   "Plymouth", 
   "Norwich", 
   "Manchester", 
   "London", 
   "Leeds", 
   "Sheffield", 
   "Birmingham", 
   "Liverpool", 
   "Portsmouth"
  ], 
  "reward_matrix": [
   [
    0, 
    44455, 
    20684, 
    43918, 
    68638, 
    64503, 
    62087, 
    69479, 
    85625, 
    62427, 
    51114
   ], 
   [
    44455, 
    0, 
    100, 
    23333, 
    69390, 
    43918, 
    88578, 
    81186, 
    65040, 
    75601, 
    30529
   ], 
   [
    20684, 
    100, 
    0, 
    41806, 
    24282, 
    62391, 
    17731, 
    25123, 
    41269, 
    18071, 
    75780
   ], 
   [
    43918, 
    23333, 
    41806, 
    0, 
    47516, 
    85625, 
    40965, 
    48357, 
    64503, 
    41305, 
    72236
   ], 
   [
    68638, 
    69390, 
    24282, 
    47516, 
    0, 
    68101, 
    87021, 
    79628, 
    89223, 
    99999, 
    54712
   ], 
   [
    64503, 
    43918, 
    62391, 
    85625, 
    68101, 
    0, 
    61550, 
    68942, 
    85088, 
    61890, 
    92821
   ], 
   [
    62087, 
    88578, 
    17731, 
    40965, 
    87021, 
    61550, 
    0, 
    98817, 
    82671, 
    93232, 
    48161
   ], 
   [
    69479, 
    81186, 
    25123, 
    48357, 
    79628, 
    68942, 
    98817, 
    0, 
    90064, 
    85840, 
    55553
   ], 
   [
    85625, 
    65040, 
    41269, 
    64503, 
    89223, 
    85088, 
    82671, 
    90064, 
    0, 
    83012, 
    71699
   ], 
   [
    62427, 
    75601, 
    18071, 
    41305, 
    99999, 
    61890, 
    93232, 
    85840, 
    83012, 
    0, 
    48501
   ], 
   [
    51114, 
    30529, 
    75780, 
    72236, 
    54712, 
    92821, 
    48161, 
    55553, 
    71699, 
    48501, 
    0
   ]
  ], 
  "probability_matrix": [
   [
    0, 
    0.011928477985370372, 
    0.11626205464091019, 
    0.0751738118863336, 
    0.0740010393325107, 
    0.09853596914062963, 
    0.14673995504784929, 
    0.17044830531232227, 
    0.06737013926669619, 
    0.07963555683246742, 
    0.1599046905549103
   ], 
   [
    0.06742342784851046, 
    0, 
    0.10545452581419104, 
    0.06677922750341826, 
    0.14030537330575885, 
    0.14513574604223756, 
    0.13515763330603464, 
    0.08221517793509525, 
    0.1372743381382502, 
    0.016878008763867153, 
    0.10337654134263648
   ], 
   [
    0.12372348189955774, 
    0.002403464369508795, 
    0, 
    0.025493298331941527, 
    0.14140718071518538, 
    0.14704673903857163, 
    0.12199581009279796, 
    0.07437119203992605, 
    0.1426702670313197, 
    0.1082462842128771, 
    0.11264228226831424
   ], 
   [
    0.10756257802174782, 
    0.050449292483083365, 
    0.10957193036883366, 
    0, 
    0.054731191913238095, 
    0.15449643419633122, 
    0.15551415910234184, 
    0.14782019540114838, 
    0.15039602342294048, 
    0.05643740517865815, 
    0.01302078991167691
   ], 
   [
    0.1878016146095162, 
    0.07736900728832669, 
    0.03982375714499742, 
    0.07932351749090776, 
    0, 
    0.06364585742868634, 
    0.007990645419296758, 
    0.09323779711142566, 
    0.10779493163378921, 
    0.15749117654208425, 
    0.18552169533096968
   ], 
   [
    0.047391150472238026, 
    0.22886659246518032, 
    0.14460002977660907, 
    0.06190104882927563, 
    0.07057445422976627, 
    0, 
    0.07717222933626593, 
    0.02910737755184533, 
    0.10633126627026387, 
    0.22972180354774654, 
    0.004334047520809102
   ], 
   [
    0.19771406167477698, 
    0.05170041320412117, 
    0.1300809021399285, 
    0.005243139507048367, 
    0.16114018611224634, 
    0.12085551849154125, 
    0, 
    0.11692747319359263, 
    0.1926992948877762, 
    0.004545832420205892, 
    0.0190931783687628
   ], 
   [
    0.13260697348396275, 
    0.034329598865030744, 
    0.1963363584374975, 
    0.09003496613993574, 
    0.07489432687785949, 
    0.0992544807039696, 
    0.18163180300273513, 
    0, 
    0.10020985944988346, 
    0.08964062235883768, 
    0.0010610106802878955
   ], 
   [
    0.14975909357145026, 
    0.14968625710333755, 
    0.11908446845965978, 
    0.10157154107470567, 
    0.03137716366566384, 
    0.031276477685816984, 
    0.02857563194480413, 
    0.10801452445654947, 
    0, 
    0.11553334021083544, 
    0.16512150182717697
   ], 
   [
    0.04223502562141166, 
    0.15802352220137172, 
    0.07314917640045547, 
    0.10591333426269636, 
    0.015217726503838394, 
    0.08964399669874545, 
    0.16719182597885685, 
    0.07389536865367102, 
    0.16352942831547757, 
    0, 
    0.11120059536347547
   ], 
   [
    0.1702977846864788, 
    0.0788384594350995, 
    0.077961984979392, 
    0.054650487702498925, 
    0.08277922266356068, 
    0.11410229121270499, 
    0.22139968666353455, 
    0.09527606724952055, 
    0.08975380107425124, 
    0.014940214332958715, 
    0
   ]
  ]
 }, 
 "vehicle_capacities": [
  30, 
  30, 
  30, 
  30, 
  30
 ]
}