{
 "vehicle_cost_per_km": [
  5, 
  5, 
  5, 
  5, 
  5
 ], 
 "runs": [
  {
   "avg_task_cost_vs_number_of_task": [
    2467, 
    2902.5, 
    2961, 
    2220.75, 
    2157.6, 
    2252.1666666666665, 
    2227.8571428571427, 
    2062.125, 
    1871.5555555555557, 
    1779.3, 
    1649.090909090909, 
    1546.0833333333333, 
    1553.2307692307693, 
    1557.7142857142858, 
    1552.533333333333, 
    1511.8749999999995, 
    1559.9999999999993, 
    1473.3333333333326, 
    1518.4210526315783, 
    1538.8999999999994, 
    1496.523809523809, 
    1668.4545454545448, 
    1645.9130434782599, 
    1652.291666666666, 
    1671.3599999999994, 
    1607.0769230769222, 
    1547.7777777777771, 
    1515.6785714285709, 
    1623.0689655172407, 
    1608.2999999999993
   ], 
   "number_of_vehicles": 3
  }
 ], 
 "vehicle_starting_positions": [
  "Newcastle", 
  "Cardiff", 
  "Plymouth", 
  "Norwich", 
  "Manchester", 
  "London", 
  "Leeds", 
  "Sheffield", 
  "Birmingham", 
  "Liverpool", 
  "Portsmouth"
 ], 
 "task_distribution": {
  "distance_matrix": [
   [
    0, 
    345, 
    477.8, 
    348, 
    209.9, 
    233, 
    246.5, 
    205.2, 
    115, 
    244.6, 
    307.8
   ], 
   [
    345, 
    0, 
    592.8, 
    463, 
    205.7, 
    348, 
    98.5, 
    139.8, 
    230, 
    171, 
    422.8
   ], 
   [
    477.8, 
    592.8, 
    0, 
    359.8, 
    457.7, 
    244.8, 
    494.3, 
    453, 
    362.8, 
    492.4, 
    170
   ], 
   [
    348, 
    463, 
    359.8, 
    0, 
    327.9, 
    115, 
    364.5, 
    323.2, 
    233, 
    362.6, 
    189.8
   ], 
   [
    209.9, 
    205.7, 
    457.7, 
    327.9, 
    0, 
    212.9, 
    107.2, 
    148.5, 
    94.9, 
    34.7, 
    287.7
   ], 
   [
    233, 
    348, 
    244.8, 
    115, 
    212.9, 
    0, 
    249.5, 
    208.2, 
    118, 
    247.6, 
    74.8
   ], 
   [
    246.5, 
    98.5, 
    494.3, 
    364.5, 
    107.2, 
    249.5, 
    0, 
    41.3, 
    131.5, 
    72.5, 
    324.3
   ], 
   [
    205.2, 
    139.8, 
    453, 
    323.2, 
    148.5, 
    208.2, 
    41.3, 
    0, 
    90.2, 
    113.8, 
    283
   ], 
   [
    115, 
    230, 
    362.8, 
    233, 
    94.9, 
    118, 
    131.5, 
    90.2, 
    0, 
    129.6, 
    192.8
   ], 
   [
    244.6, 
    171, 
    492.4, 
    362.6, 
    34.7, 
    247.6, 
    72.5, 
    113.8, 
    129.6, 
    0, 
    322.4
   ], 
   [
    307.8, 
    422.8, 
    170, 
    189.8, 
    287.7, 
    74.8, 
    324.3, 
    283, 
    192.8, 
    322.4, 
    0
   ]
  ], 
  "weight_matrix": [
   [
    0, 
    3, 
    3, 
    3, 
    3, 
    3, 
    3, 
    3, 
    3, 
    3, 
    3
   ], 
   [
    3, 
    0, 
    3, 
    3, 
    3, 
    3, 
    3, 
    3, 
    3, 
    3, 
    3
   ], 
   [
    3, 
    3, 
    0, 
    3, 
    3, 
    3, 
    3, 
    3, 
    3, 
    3, 
    3
   ], 
   [
    3, 
    3, 
    3, 
    0, 
    3, 
    3, 
    3, 
    3, 
    3, 
    3, 
    3
   ], 
   [
    3, 
    3, 
    3, 
    3, 
    0, 
    3, 
    3, 
    3, 
    3, 
    3, 
    3
   ], 
   [
    3, 
    3, 
    3, 
    3, 
    3, 
    0, 
    3, 
    3, 
    3, 
    3, 
    3
   ], 
   [
    3, 
    3, 
    3, 
    3, 
    3, 
    3, 
    0, 
    3, 
    3, 
    3, 
    3
   ], 
   [
    3, 
    3, 
    3, 
    3, 
    3, 
    3, 
    3, 
    0, 
    3, 
    3, 
    3
   ], 
   [
    3, 
    3, 
    3, 
    3, 
    3, 
    3, 
    3, 
    3, 
    0, 
    3, 
    3
   ], 
   [
    3, 
    3, 
    3, 
    3, 
    3, 
    3, 
    3, 
    3, 
    3, 
    0, 
    3
   ], 
   [
    3, 
    3, 
    3, 
    3, 
    3, 
    3, 
    3, 
    3, 
    3, 
    3, 
    0
   ]
  ], 
  "city_names": [
   "Cardiff", 
   "Newcastle", 
   "Plymouth", 
   "Norwich", 
   "Manchester", 
   "London", 
   "Leeds", 
   "Sheffield", 
   "Birmingham", 
   "Liverpool", 
   "Portsmouth"
  ], 
  "reward_matrix": [
   [
    0, 
    44455, 
    20684, 
    43918, 
    68638, 
    64503, 
    62087, 
    69479, 
    85625, 
    62427, 
    51114
   ], 
   [
    44455, 
    0, 
    100, 
    23333, 
    69390, 
    43918, 
    88578, 
    81186, 
    65040, 
    75601, 
    30529
   ], 
   [
    20684, 
    100, 
    0, 
    41806, 
    24282, 
    62391, 
    17731, 
    25123, 
    41269, 
    18071, 
    75780
   ], 
   [
    43918, 
    23333, 
    41806, 
    0, 
    47516, 
    85625, 
    40965, 
    48357, 
    64503, 
    41305, 
    72236
   ], 
   [
    68638, 
    69390, 
    24282, 
    47516, 
    0, 
    68101, 
    87021, 
    79628, 
    89223, 
    99999, 
    54712
   ], 
   [
    64503, 
    43918, 
    62391, 
    85625, 
    68101, 
    0, 
    61550, 
    68942, 
    85088, 
    61890, 
    92821
   ], 
   [
    62087, 
    88578, 
    17731, 
    40965, 
    87021, 
    61550, 
    0, 
    98817, 
    82671, 
    93232, 
    48161
   ], 
   [
    69479, 
    81186, 
    25123, 
    48357, 
    79628, 
    68942, 
    98817, 
    0, 
    90064, 
    85840, 
    55553
   ], 
   [
    85625, 
    65040, 
    41269, 
    64503, 
    89223, 
    85088, 
    82671, 
    90064, 
    0, 
    83012, 
    71699
   ], 
   [
    62427, 
    75601, 
    18071, 
    41305, 
    99999, 
    61890, 
    93232, 
    85840, 
    83012, 
    0, 
    48501
   ], 
   [
    51114, 
    30529, 
    75780, 
    72236, 
    54712, 
    92821, 
    48161, 
    55553, 
    71699, 
    48501, 
    0
   ]
  ], 
  "probability_matrix": [
   [
    0, 
    0.21543566807050976, 
    0.0027137053640105733, 
    0.10783005240245433, 
    0.021970380940466033, 
    0.16370183253725323, 
    0.09759375937769255, 
    0.08581641433356285, 
    0.039596475920084175, 
    0.09936785146881379, 
    0.16597385958515268
   ], 
   [
    0.043498407066622585, 
    0, 
    0.11771553363514631, 
    0.21708395243233355, 
    0.11468629924906043, 
    0.014807953082077115, 
    0.12435843303030876, 
    0.20346319906324645, 
    0.015246765874240498, 
    0.1487376830051864, 
    0.0004017735617777893
   ], 
   [
    0.09315240299144156, 
    0.047777036597424986, 
    0, 
    0.018463070098201608, 
    0.16329073646273667, 
    0.11281098467282, 
    0.11715367223987841, 
    0.0730568943988849, 
    0.14526073417524463, 
    0.13664693644120826, 
    0.09238753192215904
   ], 
   [
    0.019660637939641214, 
    0.1228856801017286, 
    0.05092097137281478, 
    0, 
    0.039205649870468935, 
    0.06476642004783659, 
    0.2002376848975109, 
    0.21444709838925538, 
    0.027916964121581424, 
    0.10723438357070923, 
    0.1527245096884531
   ], 
   [
    0.16850654018307296, 
    0.003362961159956731, 
    0.08369072298193254, 
    0.11619067299081735, 
    0, 
    0.08443265582536959, 
    0.16896764621875085, 
    0.11126845000198293, 
    0.06241815608883499, 
    0.05183399371781083, 
    0.14932820083147122
   ], 
   [
    0.066592753641987, 
    0.13849399972285759, 
    0.09852444610453379, 
    0.13559068950468023, 
    0.14304554082412987, 
    0, 
    0.1170488835818557, 
    0.10954723627388299, 
    0.011531033362211262, 
    0.06816079546572765, 
    0.1114646215181339
   ], 
   [
    0.051479985943852245, 
    0.032772983455292955, 
    0.10030940971797606, 
    0.07126063171146901, 
    0.03516720752466227, 
    0.17947785914598968, 
    0, 
    0.0752366743203538, 
    0.15804411513632358, 
    0.1672934179196038, 
    0.12895771512447662
   ], 
   [
    0.09861580697612016, 
    0.09872741881554521, 
    0.07456217743531963, 
    0.04792105551467419, 
    0.03606772117237505, 
    0.07092223056863513, 
    0.16542072094879182, 
    0, 
    0.18008453791759232, 
    0.04855624374101494, 
    0.17912208690993156
   ], 
   [
    0.06478605937440543, 
    0.04509755035597359, 
    0.01927192457064133, 
    0.16842767394823777, 
    0.12213039537395318, 
    0.15274699651815807, 
    0.11348000056498798, 
    0.09778279412964441, 
    0, 
    0.14422043782392924, 
    0.07205616734006896
   ], 
   [
    0.1028490893259304, 
    0.022945705568611304, 
    0.05900297390838201, 
    0.09261527792481333, 
    0.10284471694488344, 
    0.1483994135436288, 
    0.015230945706817892, 
    0.1776261617205795, 
    0.12797308308210217, 
    0, 
    0.1505126322742512
   ], 
   [
    0.12408593325725685, 
    0.14606408117019684, 
    0.057169152370171006, 
    0.015118184646844984, 
    0.04156091123663295, 
    0.05197809103467765, 
    0.01686239472433042, 
    0.0626429830676697, 
    0.20225332119214018, 
    0.28226494730007934, 
    0
   ]
  ]
 }, 
 "vehicle_capacities": [
  5, 
  5, 
  5, 
  30, 
  30, 
  30, 
  30, 
  30, 
  30, 
  30, 
  30
 ]
}