{
 "vehicle_cost_per_km": [
  5, 
  5, 
  5, 
  5, 
  5
 ], 
 "runs": [
  {
   "avg_task_cost_vs_number_of_task": [
    2964, 
    1844.5, 
    1483, 
    1112.25, 
    1119.8, 
    955.8333333333334, 
    922.8571428571429, 
    1155.125, 
    1105.7777777777778, 
    1012.55, 
    1098.2727272727273, 
    1054.6666666666667, 
    1055.5, 
    1013.9999999999999, 
    894.2666666666665, 
    868.4375, 
    864.5882352941178, 
    818.5, 
    792.078947368421, 
    777.825, 
    720.1904761904764, 
    708.3181818181819, 
    795.5217391304348, 
    782.125, 
    718.84, 
    743.4423076923077, 
    799.7407407407408, 
    777.9642857142856, 
    741.8275862068965, 
    731.2
   ], 
   "number_of_vehicles": 3
  }
 ], 
 "vehicle_starting_positions": [
  "Newcastle", 
  "Cardiff", 
  "Plymouth", 
  "Norwich", 
  "Manchester", 
  "London", 
  "Leeds", 
  "Sheffield", 
  "Birmingham", 
  "Liverpool", 
  "Portsmouth"
 ], 
 "task_distribution": {
  "distance_matrix": [
   [
    0, 
    345, 
    477.8, 
    348, 
    209.9, 
    233, 
    246.5, 
    205.2, 
    115, 
    244.6, 
    307.8
   ], 
   [
    345, 
    0, 
    592.8, 
    463, 
    205.7, 
    348, 
    98.5, 
    139.8, 
    230, 
    171, 
    422.8
   ], 
   [
    477.8, 
    592.8, 
    0, 
    359.8, 
    457.7, 
    244.8, 
    494.3, 
    453, 
    362.8, 
    492.4, 
    170
   ], 
   [
    348, 
    463, 
    359.8, 
    0, 
    327.9, 
    115, 
    364.5, 
    323.2, 
    233, 
    362.6, 
    189.8
   ], 
   [
    209.9, 
    205.7, 
    457.7, 
    327.9, 
    0, 
    212.9, 
    107.2, 
    148.5, 
    94.9, 
    34.7, 
    287.7
   ], 
   [
    233, 
    348, 
    244.8, 
    115, 
    212.9, 
    0, 
    249.5, 
    208.2, 
    118, 
    247.6, 
    74.8
   ], 
   [
    246.5, 
    98.5, 
    494.3, 
    364.5, 
    107.2, 
    249.5, 
    0, 
    41.3, 
    131.5, 
    72.5, 
    324.3
   ], 
   [
    205.2, 
    139.8, 
    453, 
    323.2, 
    148.5, 
    208.2, 
    41.3, 
    0, 
    90.2, 
    113.8, 
    283
   ], 
   [
    115, 
    230, 
    362.8, 
    233, 
    94.9, 
    118, 
    131.5, 
    90.2, 
    0, 
    129.6, 
    192.8
   ], 
   [
    244.6, 
    171, 
    492.4, 
    362.6, 
    34.7, 
    247.6, 
    72.5, 
    113.8, 
    129.6, 
    0, 
    322.4
   ], 
   [
    307.8, 
    422.8, 
    170, 
    189.8, 
    287.7, 
    74.8, 
    324.3, 
    283, 
    192.8, 
    322.4, 
    0
   ]
  ], 
  "weight_matrix": [
   [
    0, 
    3, 
    3, 
    3, 
    3, 
    3, 
    3, 
    3, 
    3, 
    3, 
    3
   ], 
   [
    3, 
    0, 
    3, 
    3, 
    3, 
    3, 
    3, 
    3, 
    3, 
    3, 
    3
   ], 
   [
    3, 
    3, 
    0, 
    3, 
    3, 
    3, 
    3, 
    3, 
    3, 
    3, 
    3
   ], 
   [
    3, 
    3, 
    3, 
    0, 
    3, 
    3, 
    3, 
    3, 
    3, 
    3, 
    3
   ], 
   [
    3, 
    3, 
    3, 
    3, 
    0, 
    3, 
    3, 
    3, 
    3, 
    3, 
    3
   ], 
   [
    3, 
    3, 
    3, 
    3, 
    3, 
    0, 
    3, 
    3, 
    3, 
    3, 
    3
   ], 
   [
    3, 
    3, 
    3, 
    3, 
    3, 
    3, 
    0, 
    3, 
    3, 
    3, 
    3
   ], 
   [
    3, 
    3, 
    3, 
    3, 
    3, 
    3, 
    3, 
    0, 
    3, 
    3, 
    3
   ], 
   [
    3, 
    3, 
    3, 
    3, 
    3, 
    3, 
    3, 
    3, 
    0, 
    3, 
    3
   ], 
   [
    3, 
    3, 
    3, 
    3, 
    3, 
    3, 
    3, 
    3, 
    3, 
    0, 
    3
   ], 
   [
    3, 
    3, 
    3, 
    3, 
    3, 
    3, 
    3, 
    3, 
    3, 
    3, 
    0
   ]
  ], 
  "city_names": [
   "Cardiff", 
   "Newcastle", 
   "Plymouth", 
   "Norwich", 
   "Manchester", 
   "London", 
   "Leeds", 
   "Sheffield", 
   "Birmingham", 
   "Liverpool", 
   "Portsmouth"
  ], 
  "reward_matrix": [
   [
    0, 
    44455, 
    20684, 
    43918, 
    68638, 
    64503, 
    62087, 
    69479, 
    85625, 
    62427, 
    51114
   ], 
   [
    44455, 
    0, 
    100, 
    23333, 
    69390, 
    43918, 
    88578, 
    81186, 
    65040, 
    75601, 
    30529
   ], 
   [
    20684, 
    100, 
    0, 
    41806, 
    24282, 
    62391, 
    17731, 
    25123, 
    41269, 
    18071, 
    75780
   ], 
   [
    43918, 
    23333, 
    41806, 
    0, 
    47516, 
    85625, 
    40965, 
    48357, 
    64503, 
    41305, 
    72236
   ], 
   [
    68638, 
    69390, 
    24282, 
    47516, 
    0, 
    68101, 
    87021, 
    79628, 
    89223, 
    99999, 
    54712
   ], 
   [
    64503, 
    43918, 
    62391, 
    85625, 
    68101, 
    0, 
    61550, 
    68942, 
    85088, 
    61890, 
    92821
   ], 
   [
    62087, 
    88578, 
    17731, 
    40965, 
    87021, 
    61550, 
    0, 
    98817, 
    82671, 
    93232, 
    48161
   ], 
   [
    69479, 
    81186, 
    25123, 
    48357, 
    79628, 
    68942, 
    98817, 
    0, 
    90064, 
    85840, 
    55553
   ], 
   [
    85625, 
    65040, 
    41269, 
    64503, 
    89223, 
    85088, 
    82671, 
    90064, 
    0, 
    83012, 
    71699
   ], 
   [
    62427, 
    75601, 
    18071, 
    41305, 
    99999, 
    61890, 
    93232, 
    85840, 
    83012, 
    0, 
    48501
   ], 
   [
    51114, 
    30529, 
    75780, 
    72236, 
    54712, 
    92821, 
    48161, 
    55553, 
    71699, 
    48501, 
    0
   ]
  ], 
  "probability_matrix": [
   [
    0, 
    0.03808971680506585, 
    0.03441996806404997, 
    0.06566220961283274, 
    0.11574420963233104, 
    0.08324088543930279, 
    0.1101510815750261, 
    0.12496310030658214, 
    0.14459996330004127, 
    0.19068957757274357, 
    0.0924392876920245
   ], 
   [
    0.259269075429405, 
    0, 
    0.051935771668430025, 
    0.0036227727186427623, 
    0.2099188893234222, 
    0.10308996367431747, 
    0.12409820742360347, 
    0.13404744329877843, 
    0.028057403746636803, 
    0.045562457530574266, 
    0.04039801518618957
   ], 
   [
    0.12642172925814923, 
    0.061104911547750336, 
    0, 
    0.13631857233482803, 
    0.12236637466614257, 
    0.05865361816877036, 
    0.05403546251464613, 
    0.06959000012163638, 
    0.07045704506533247, 
    0.1964358192279881, 
    0.10461646709475622
   ], 
   [
    0.11104033364589665, 
    0.08616801483313812, 
    0.06470549401783382, 
    0, 
    0.1267696879951631, 
    0.12832566861971034, 
    0.12499598090328472, 
    0.01480908179666492, 
    0.08840367861812826, 
    0.1290062872485308, 
    0.12577577232164922
   ], 
   [
    0.09668580236786599, 
    0.1189677313011994, 
    0.07786132547713356, 
    0.12802808733114454, 
    0, 
    0.11399193065095278, 
    0.11584910193357, 
    0.11941304334368007, 
    0.08737284717340524, 
    0.09385477931207949, 
    0.04797535110896896
   ], 
   [
    0.14985496009459895, 
    0.12073408507756439, 
    0.13775296160373324, 
    0.14919025694282087, 
    0.13726527780166642, 
    0, 
    0.07522562528928434, 
    0.026355347599818574, 
    0.02092617546679898, 
    0.10850485892533651, 
    0.07419045119837799
   ], 
   [
    0.06599469559570621, 
    0.15982137994902995, 
    0.03653519298300793, 
    0.2314446898796932, 
    0.021671472611626087, 
    0.053580940028851796, 
    0, 
    0.12090557268351451, 
    0.0667594591689679, 
    0.1089263084906631, 
    0.13436028860893942
   ], 
   [
    0.15034376477510583, 
    0.07265204490953987, 
    0.0573694419174618, 
    0.08474887367069252, 
    0.1823112753005694, 
    0.04370683625985622, 
    0.13727397202869837, 
    0, 
    0.1871024463845509, 
    0.04572913182099348, 
    0.038762212932531605
   ], 
   [
    0.13990336471719206, 
    0.13871192806592228, 
    0.12462719287186398, 
    0.10753368568940333, 
    0.10304790618834657, 
    0.07127602831262166, 
    0.09563097069525095, 
    0.05646579881455583, 
    0, 
    0.07236567202885207, 
    0.09043745261599145
   ], 
   [
    0.15408834484952663, 
    0.12678345131679092, 
    0.06180835447159736, 
    0.01331566267217579, 
    0.019187622785024495, 
    0.13566173243022678, 
    0.07899366904489244, 
    0.15009818843775755, 
    0.14653791504082161, 
    0, 
    0.11352505895118646
   ], 
   [
    0.05929123435678792, 
    0.1553036354316009, 
    0.11201031471520155, 
    0.1882425643181702, 
    0.1945482785888859, 
    0.022825878754948396, 
    0.04899394547860552, 
    0.027613056933229484, 
    0.05673184138168722, 
    0.13443925004088278, 
    0
   ]
  ]
 }, 
 "vehicle_capacities": [
  10, 
  10, 
  10, 
  30, 
  30, 
  30, 
  30, 
  30, 
  30, 
  30, 
  30
 ]
}