{
 "vehicle_cost_per_km": [
  5, 
  15, 
  15, 
  5, 
  5, 
  5, 
  5, 
  5, 
  5, 
  5, 
  5
 ], 
 "runs": [
  {
   "avg_task_cost_vs_number_of_task": [
    2964, 
    2316, 
    1661.6666666666667, 
    1530.75, 
    1307.1999999999998, 
    1568.8333333333333, 
    1394.285714285714, 
    1337.8749999999995, 
    1425.7777777777776, 
    1760.9999999999995, 
    1600.9090909090905, 
    1594.3333333333333, 
    1678.2307692307693, 
    1539.7857142857142, 
    1720.9999999999998, 
    1697.5, 
    1655.5882352941173, 
    1620.611111111111, 
    1633.684210526316, 
    1734.55, 
    1643.1904761904761, 
    1544.1818181818182, 
    1555.9130434782612, 
    1727.25, 
    1643.2800000000002, 
    1630.8846153846155, 
    1682.740740740741, 
    1675.928571428571, 
    1685.2413793103444, 
    1602.533333333333
   ], 
   "number_of_vehicles": 3
  }
 ], 
 "vehicle_starting_positions": [
  "Newcastle", 
  "Cardiff", 
  "Plymouth", 
  "Norwich", 
  "Manchester", 
  "London", 
  "Leeds", 
  "Sheffield", 
  "Birmingham", 
  "Liverpool", 
  "Portsmouth"
 ], 
 "task_distribution": {
  "distance_matrix": [
   [
    0, 
    345, 
    477.8, 
    348, 
    209.9, 
    233, 
    246.5, 
    205.2, 
    115, 
    244.6, 
    307.8
   ], 
   [
    345, 
    0, 
    592.8, 
    463, 
    205.7, 
    348, 
    98.5, 
    139.8, 
    230, 
    171, 
    422.8
   ], 
   [
    477.8, 
    592.8, 
    0, 
    359.8, 
    457.7, 
    244.8, 
    494.3, 
    453, 
    362.8, 
    492.4, 
    170
   ], 
   [
    348, 
    463, 
    359.8, 
    0, 
    327.9, 
    115, 
    364.5, 
    323.2, 
    233, 
    362.6, 
    189.8
   ], 
   [
    209.9, 
    205.7, 
    457.7, 
    327.9, 
    0, 
    212.9, 
    107.2, 
    148.5, 
    94.9, 
    34.7, 
    287.7
   ], 
   [
    233, 
    348, 
    244.8, 
    115, 
    212.9, 
    0, 
    249.5, 
    208.2, 
    118, 
    247.6, 
    74.8
   ], 
   [
    246.5, 
    98.5, 
    494.3, 
    364.5, 
    107.2, 
    249.5, 
    0, 
    41.3, 
    131.5, 
    72.5, 
    324.3
   ], 
   [
    205.2, 
    139.8, 
    453, 
    323.2, 
    148.5, 
    208.2, 
    41.3, 
    0, 
    90.2, 
    113.8, 
    283
   ], 
   [
    115, 
    230, 
    362.8, 
    233, 
    94.9, 
    118, 
    131.5, 
    90.2, 
    0, 
    129.6, 
    192.8
   ], 
   [
    244.6, 
    171, 
    492.4, 
    362.6, 
    34.7, 
    247.6, 
    72.5, 
    113.8, 
    129.6, 
    0, 
    322.4
   ], 
   [
    307.8, 
    422.8, 
    170, 
    189.8, 
    287.7, 
    74.8, 
    324.3, 
    283, 
    192.8, 
    322.4, 
    0
   ]
  ], 
  "weight_matrix": [
   [
    0, 
    3, 
    3, 
    3, 
    3, 
    3, 
    3, 
    3, 
    3, 
    3, 
    3
   ], 
   [
    3, 
    0, 
    3, 
    3, 
    3, 
    3, 
    3, 
    3, 
    3, 
    3, 
    3
   ], 
   [
    3, 
    3, 
    0, 
    3, 
    3, 
    3, 
    3, 
    3, 
    3, 
    3, 
    3
   ], 
   [
    3, 
    3, 
    3, 
    0, 
    3, 
    3, 
    3, 
    3, 
    3, 
    3, 
    3
   ], 
   [
    3, 
    3, 
    3, 
    3, 
    0, 
    3, 
    3, 
    3, 
    3, 
    3, 
    3
   ], 
   [
    3, 
    3, 
    3, 
    3, 
    3, 
    0, 
    3, 
    3, 
    3, 
    3, 
    3
   ], 
   [
    3, 
    3, 
    3, 
    3, 
    3, 
    3, 
    0, 
    3, 
    3, 
    3, 
    3
   ], 
   [
    3, 
    3, 
    3, 
    3, 
    3, 
    3, 
    3, 
    0, 
    3, 
    3, 
    3
   ], 
   [
    3, 
    3, 
    3, 
    3, 
    3, 
    3, 
    3, 
    3, 
    0, 
    3, 
    3
   ], 
   [
    3, 
    3, 
    3, 
    3, 
    3, 
    3, 
    3, 
    3, 
    3, 
    0, 
    3
   ], 
   [
    3, 
    3, 
    3, 
    3, 
    3, 
    3, 
    3, 
    3, 
    3, 
    3, 
    0
   ]
  ], 
  "city_names": [
   "Cardiff", 
   "Newcastle", 
   "Plymouth", 
   "Norwich", 
   "Manchester", 
   "London", 
   "Leeds", 
   "Sheffield", 
   "Birmingham", 
   "Liverpool", 
   "Portsmouth"
  ], 
  "reward_matrix": [
   [
    0, 
    44455, 
    20684, 
    43918, 
    68638, 
    64503, 
    62087, 
    69479, 
    85625, 
    62427, 
    51114
   ], 
   [
    44455, 
    0, 
    100, 
    23333, 
    69390, 
    43918, 
    88578, 
    81186, 
    65040, 
    75601, 
    30529
   ], 
   [
    20684, 
    100, 
    0, 
    41806, 
    24282, 
    62391, 
    17731, 
    25123, 
    41269, 
    18071, 
    75780
   ], 
   [
    43918, 
    23333, 
    41806, 
    0, 
    47516, 
    85625, 
    40965, 
    48357, 
    64503, 
    41305, 
    72236
   ], 
   [
    68638, 
    69390, 
    24282, 
    47516, 
    0, 
    68101, 
    87021, 
    79628, 
    89223, 
    99999, 
    54712
   ], 
   [
    64503, 
    43918, 
    62391, 
    85625, 
    68101, 
    0, 
    61550, 
    68942, 
    85088, 
    61890, 
    92821
   ], 
   [
    62087, 
    88578, 
    17731, 
    40965, 
    87021, 
    61550, 
    0, 
    98817, 
    82671, 
    93232, 
    48161
   ], 
   [
    69479, 
    81186, 
    25123, 
    48357, 
    79628, 
    68942, 
    98817, 
    0, 
    90064, 
    85840, 
    55553
   ], 
   [
    85625, 
    65040, 
    41269, 
    64503, 
    89223, 
    85088, 
    82671, 
    90064, 
    0, 
    83012, 
    71699
   ], 
   [
    62427, 
    75601, 
    18071, 
    41305, 
    99999, 
    61890, 
    93232, 
    85840, 
    83012, 
    0, 
    48501
   ], 
   [
    51114, 
    30529, 
    75780, 
    72236, 
    54712, 
    92821, 
    48161, 
    55553, 
    71699, 
    48501, 
    0
   ]
  ], 
  "probability_matrix": [
   [
    0, 
    0.09407897575546227, 
    0.17131225117095994, 
    0.15713301092141596, 
    0.0670621073936086, 
    0.014693267032010699, 
    0.19119098179736704, 
    0.04355088323881902, 
    0.17264091940517048, 
    0.04767563139263792, 
    0.040661971892547936
   ], 
   [
    0.11826796671673978, 
    0, 
    0.043248190532644774, 
    0.14884960705197273, 
    0.1220031302251475, 
    0.19843709465535464, 
    0.04411334484903228, 
    0.15686381893638252, 
    0.04479156034430385, 
    0.07151265437603625, 
    0.051912632312385805
   ], 
   [
    0.13633607874860756, 
    0.02410074142361784, 
    0, 
    0.14930514260423078, 
    0.10329099377076001, 
    0.01898016715406197, 
    0.07211904996875915, 
    0.24362532913846885, 
    0.11216586457552291, 
    0.013722279164062897, 
    0.12635435345190804
   ], 
   [
    0.11438841362382896, 
    0.06697371933439762, 
    0.07441126200111016, 
    0, 
    0.13700015785127256, 
    0.0011410485709303902, 
    0.16773941005826104, 
    0.16955150040599545, 
    0.07655876456546049, 
    0.060524223753444045, 
    0.13171149983529937
   ], 
   [
    0.04762366700130162, 
    0.002781327558724799, 
    0.1851804198864289, 
    0.09575255840942488, 
    0, 
    0.1659951558778654, 
    0.1406472161629958, 
    0.14046601171828826, 
    0.0551483606842622, 
    0.12372269823843292, 
    0.042682584462275096
   ], 
   [
    0.012320936395138232, 
    0.14646061230751672, 
    0.002977053123668483, 
    0.2851869272556675, 
    0.01813026403793524, 
    0, 
    0.22773396528768378, 
    0.08344710355033949, 
    0.11464968231726146, 
    0.10431688642656863, 
    0.004776569298220272
   ], 
   [
    0.17326986189642754, 
    0.003683760669198498, 
    0.03706624068100546, 
    0.06405935997958495, 
    0.1287339030299453, 
    0.1730006122714665, 
    0, 
    0.061107145324638644, 
    0.12255859584076312, 
    0.2128534541447915, 
    0.023667066162178427
   ], 
   [
    0.0012660883514952646, 
    0.0654650524057964, 
    0.10368793426918237, 
    0.16172696700496053, 
    0.003369886915144464, 
    0.15052289687685244, 
    0.03043997143626798, 
    0, 
    0.09137318923947203, 
    0.191099187270746, 
    0.20104882623008252
   ], 
   [
    0.16345049779425605, 
    0.18864769999111453, 
    0.12961163573057546, 
    0.08783600297105401, 
    0.038178489657995654, 
    0.04653242506740766, 
    0.11064934176140057, 
    0.10060743300796007, 
    0, 
    0.019773883637731818, 
    0.11471259038050408
   ], 
   [
    0.14980868432212707, 
    0.050651964810430994, 
    0.16736302324892327, 
    0.13300894227181173, 
    0.1405427386106446, 
    0.07937681929420942, 
    0.0956671981091337, 
    0.04810769694536462, 
    0.12617236542056093, 
    0, 
    0.0093005669667936
   ], 
   [
    0.004230754887268696, 
    0.16529602877424887, 
    0.1663854322669701, 
    0.0785773279050227, 
    0.14755402188935252, 
    0.14263581135659742, 
    0.06239229621710485, 
    0.12984597105266898, 
    0.08303560242607733, 
    0.020046753224688584, 
    0
   ]
  ]
 }, 
 "vehicle_capacities": [
  5, 
  5, 
  5, 
  30, 
  30, 
  30, 
  30, 
  30, 
  30, 
  30, 
  30
 ]
}