{
 "vehicle_cost_per_km": [
  5, 
  5, 
  5, 
  5, 
  5
 ], 
 "runs": [
  {
   "avg_task_cost_vs_number_of_task": [
    2689, 
    1797.25, 
    1615.5, 
    1211.625, 
    981.1, 
    817.5833333333334, 
    700.7857142857143, 
    825.6875000000001, 
    716.2222222222222, 
    809, 
    842.9090909090909, 
    695.3333333333334, 
    711.3846153846154, 
    662.2857142857143, 
    666.4, 
    673.90625, 
    721.1764705882352, 
    598.2777777777778, 
    650.3421052631579, 
    629.15, 
    645.2857142857143, 
    625.8636363636364, 
    630.5652173913044, 
    680.1875000000001, 
    622.2, 
    566.0769230769231, 
    570.6666666666666, 
    584.6071428571429, 
    563.8620689655172, 
    545.8333333333334
   ], 
   "number_of_vehicles": 3
  }
 ], 
 "vehicle_starting_positions": [
  "Newcastle", 
  "Cardiff", 
  "Plymouth", 
  "Norwich", 
  "Manchester", 
  "London", 
  "Leeds", 
  "Sheffield", 
  "Birmingham", 
  "Liverpool", 
  "Portsmouth"
 ], 
 "task_distribution": {
  "distance_matrix": [
   [
    0, 
    345, 
    477.8, 
    348, 
    209.9, 
    233, 
    246.5, 
    205.2, 
    115, 
    244.6, 
    307.8
   ], 
   [
    345, 
    0, 
    592.8, 
    463, 
    205.7, 
    348, 
    98.5, 
    139.8, 
    230, 
    171, 
    422.8
   ], 
   [
    477.8, 
    592.8, 
    0, 
    359.8, 
    457.7, 
    244.8, 
    494.3, 
    453, 
    362.8, 
    492.4, 
    170
   ], 
   [
    348, 
    463, 
    359.8, 
    0, 
    327.9, 
    115, 
    364.5, 
    323.2, 
    233, 
    362.6, 
    189.8
   ], 
   [
    209.9, 
    205.7, 
    457.7, 
    327.9, 
    0, 
    212.9, 
    107.2, 
    148.5, 
    94.9, 
    34.7, 
    287.7
   ], 
   [
    233, 
    348, 
    244.8, 
    115, 
    212.9, 
    0, 
    249.5, 
    208.2, 
    118, 
    247.6, 
    74.8
   ], 
   [
    246.5, 
    98.5, 
    494.3, 
    364.5, 
    107.2, 
    249.5, 
    0, 
    41.3, 
    131.5, 
    72.5, 
    324.3
   ], 
   [
    205.2, 
    139.8, 
    453, 
    323.2, 
    148.5, 
    208.2, 
    41.3, 
    0, 
    90.2, 
    113.8, 
    283
   ], 
   [
    115, 
    230, 
    362.8, 
    233, 
    94.9, 
    118, 
    131.5, 
    90.2, 
    0, 
    129.6, 
    192.8
   ], 
   [
    244.6, 
    171, 
    492.4, 
    362.6, 
    34.7, 
    247.6, 
    72.5, 
    113.8, 
    129.6, 
    0, 
    322.4
   ], 
   [
    307.8, 
    422.8, 
    170, 
    189.8, 
    287.7, 
    74.8, 
    324.3, 
    283, 
    192.8, 
    322.4, 
    0
   ]
  ], 
  "weight_matrix": [
   [
    0, 
    3, 
    3, 
    3, 
    3, 
    3, 
    3, 
    3, 
    3, 
    3, 
    3
   ], 
   [
    3, 
    0, 
    3, 
    3, 
    3, 
    3, 
    3, 
    3, 
    3, 
    3, 
    3
   ], 
   [
    3, 
    3, 
    0, 
    3, 
    3, 
    3, 
    3, 
    3, 
    3, 
    3, 
    3
   ], 
   [
    3, 
    3, 
    3, 
    0, 
    3, 
    3, 
    3, 
    3, 
    3, 
    3, 
    3
   ], 
   [
    3, 
    3, 
    3, 
    3, 
    0, 
    3, 
    3, 
    3, 
    3, 
    3, 
    3
   ], 
   [
    3, 
    3, 
    3, 
    3, 
    3, 
    0, 
    3, 
    3, 
    3, 
    3, 
    3
   ], 
   [
    3, 
    3, 
    3, 
    3, 
    3, 
    3, 
    0, 
    3, 
    3, 
    3, 
    3
   ], 
   [
    3, 
    3, 
    3, 
    3, 
    3, 
    3, 
    3, 
    0, 
    3, 
    3, 
    3
   ], 
   [
    3, 
    3, 
    3, 
    3, 
    3, 
    3, 
    3, 
    3, 
    0, 
    3, 
    3
   ], 
   [
    3, 
    3, 
    3, 
    3, 
    3, 
    3, 
    3, 
    3, 
    3, 
    0, 
    3
   ], 
   [
    3, 
    3, 
    3, 
    3, 
    3, 
    3, 
    3, 
    3, 
    3, 
    3, 
    0
   ]
  ], 
  "city_names": [
   "Cardiff", 
   "Newcastle", 
   "Plymouth", 
   "Norwich", 
   "Manchester", 
   "London", 
   "Leeds", 
   "Sheffield", 
   "Birmingham", 
   "Liverpool", 
   "Portsmouth"
  ], 
  "reward_matrix": [
   [
    0, 
    44455, 
    20684, 
    43918, 
    68638, 
    64503, 
    62087, 
    69479, 
    85625, 
    62427, 
    51114
   ], 
   [
    44455, 
    0, 
    100, 
    23333, 
    69390, 
    43918, 
    88578, 
    81186, 
    65040, 
    75601, 
    30529
   ], 
   [
    20684, 
    100, 
    0, 
    41806, 
    24282, 
    62391, 
    17731, 
    25123, 
    41269, 
    18071, 
    75780
   ], 
   [
    43918, 
    23333, 
    41806, 
    0, 
    47516, 
    85625, 
    40965, 
    48357, 
    64503, 
    41305, 
    72236
   ], 
   [
    68638, 
    69390, 
    24282, 
    47516, 
    0, 
    68101, 
    87021, 
    79628, 
    89223, 
    99999, 
    54712
   ], 
   [
    64503, 
    43918, 
    62391, 
    85625, 
    68101, 
    0, 
    61550, 
    68942, 
    85088, 
    61890, 
    92821
   ], 
   [
    62087, 
    88578, 
    17731, 
    40965, 
    87021, 
    61550, 
    0, 
    98817, 
    82671, 
    93232, 
    48161
   ], 
   [
    69479, 
    81186, 
    25123, 
    48357, 
    79628, 
    68942, 
    98817, 
    0, 
    90064, 
    85840, 
    55553
   ], 
   [
    85625, 
    65040, 
    41269, 
    64503, 
    89223, 
    85088, 
    82671, 
    90064, 
    0, 
    83012, 
    71699
   ], 
   [
    62427, 
    75601, 
    18071, 
    41305, 
    99999, 
    61890, 
    93232, 
    85840, 
    83012, 
    0, 
    48501
   ], 
   [
    51114, 
    30529, 
    75780, 
    72236, 
    54712, 
    92821, 
    48161, 
    55553, 
    71699, 
    48501, 
    0
   ]
  ], 
  "probability_matrix": [
   [
    0, 
    0.14305910910160544, 
    0.08243791557499298, 
    0.1455995951843117, 
    0.11484283046319808, 
    0.007118112334370012, 
    0.1324013063389564, 
    0.18179392167729844, 
    0.12784986368464035, 
    0.03036022295602074, 
    0.034537122684605855
   ], 
   [
    0.1275730652615589, 
    0, 
    0.043575094755240365, 
    0.2017959714336987, 
    0.11533101439219962, 
    0.042502562608381964, 
    0.03363269238803693, 
    0.19280632365309278, 
    0.08493127167823872, 
    0.0417658648165429, 
    0.11608613901300932
   ], 
   [
    0.03999422692714977, 
    0.17726188238858676, 
    0, 
    0.09342992228912707, 
    0.017977312751271898, 
    0.1772541184880278, 
    0.24071202246925133, 
    0.010294304523831265, 
    0.015002295236841484, 
    0.1547533487044116, 
    0.07332056622150124
   ], 
   [
    0.12295400411661231, 
    0.015073880307526676, 
    0.17181322926992995, 
    0, 
    0.010775852031621545, 
    0.10110587547585079, 
    0.09445052088371007, 
    0.020117266199731875, 
    0.21003232426394358, 
    0.07687122228830388, 
    0.17680582516276933
   ], 
   [
    0.03876668210278501, 
    0.1657709739032117, 
    0.15273823382945537, 
    0.07157535156020498, 
    0, 
    0.05401413424173924, 
    0.11831984542323341, 
    0.08204081422717908, 
    0.1318726522922907, 
    0.028572541191507463, 
    0.15632877122839292
   ], 
   [
    0.03244544334179508, 
    0.13867084867272722, 
    0.1132333478794275, 
    0.07508795598209704, 
    0.13517525903165778, 
    0, 
    0.1503603665888404, 
    0.14012394781782622, 
    0.06992190717150532, 
    0.045084429697029575, 
    0.09989649381709377
   ], 
   [
    0.16422675355574107, 
    0.005535922921828096, 
    0.005552782826141264, 
    0.17290145777158836, 
    0.16883631060742346, 
    0.13327931045832003, 
    0, 
    0.015878995101831047, 
    0.12759400967731171, 
    0.10055414589096821, 
    0.10564031118884665
   ], 
   [
    0.234819966936771, 
    0.017796418894388582, 
    0.012280025696257944, 
    0.02496324399549795, 
    0.08602399180326649, 
    0.0883135917910486, 
    0.16441429811057262, 
    0, 
    0.21479236010581368, 
    0.15149070395081782, 
    0.005105398715565218
   ], 
   [
    0.016989515546671448, 
    0.0706524102015377, 
    0.11051610283292937, 
    0.13588746524318362, 
    0.11397678904255638, 
    0.1386235046577326, 
    0.13780215361812254, 
    0.12883777976951463, 
    0, 
    0.10617549259440026, 
    0.04053878649335126
   ], 
   [
    0.13839831474430295, 
    0.1732486604607165, 
    0.09315766334517035, 
    0.06771630543169474, 
    0.04501636295314062, 
    0.07220449947513681, 
    0.18781214432410004, 
    0.11545880079760842, 
    0.029761362591473984, 
    0, 
    0.07722588587665556
   ], 
   [
    0.019918469912512605, 
    0.10429621541376032, 
    0.019297256778012868, 
    0.10503924866624866, 
    0.20702963464783167, 
    0.036741970605724414, 
    0.07934381514462605, 
    0.24646735518728827, 
    0.15206432646664633, 
    0.029801707177348806, 
    0
   ]
  ]
 }, 
 "vehicle_capacities": [
  15, 
  15, 
  15, 
  30, 
  30, 
  30, 
  30, 
  30, 
  30, 
  30, 
  30
 ]
}