{
 "vehicle_cost_per_km": [
  5, 
  5, 
  5, 
  5, 
  5
 ], 
 "runs": [
  {
   "avg_task_cost_vs_number_of_task": [
    980, 
    2935, 
    1956.6666666666667, 
    2535, 
    2326, 
    2430.8333333333335, 
    2580.714285714286, 
    2591.875, 
    2303.8888888888887, 
    2102, 
    2114.5454545454545, 
    2116.25, 
    2038.4615384615386, 
    2071.785714285714, 
    2131.6666666666665, 
    1934.0625, 
    1984.7058823529412, 
    1887.5, 
    1756.842105263158, 
    2005.75, 
    2004.047619047619, 
    1862.2727272727273, 
    1753.0434782608695, 
    1874.7916666666667, 
    1900, 
    1747.5, 
    1708.148148148148, 
    1653.75, 
    1560.1724137931035, 
    1651.6666666666667
   ], 
   "number_of_vehicles": 3
  }
 ], 
 "vehicle_starting_positions": [
  "Brest", 
  "Paris", 
  "Marseille", 
  "Gen\u00e8ve", 
  "Monaco", 
  "Le Havre", 
  "Bordeaux", 
  "Lyon", 
  "Strasbourg"
 ], 
 "task_distribution": {
  "distance_matrix": [
   [
    0, 
    591, 
    1373, 
    1206, 
    1598, 
    787, 
    1175, 
    1057, 
    1078
   ], 
   [
    591, 
    0, 
    782, 
    615, 
    1007, 
    196, 
    584, 
    466, 
    487
   ], 
   [
    1373, 
    782, 
    0, 
    465, 
    225, 
    978, 
    646, 
    316, 
    854
   ], 
   [
    1206, 
    615, 
    465, 
    0, 
    521, 
    811, 
    737, 
    149, 
    389
   ], 
   [
    1598, 
    1007, 
    225, 
    521, 
    0, 
    1203, 
    871, 
    541, 
    910
   ], 
   [
    787, 
    196, 
    978, 
    811, 
    1203, 
    0, 
    780, 
    662, 
    683
   ], 
   [
    1175, 
    584, 
    646, 
    737, 
    871, 
    780, 
    0, 
    588, 
    1071
   ], 
   [
    1057, 
    466, 
    316, 
    149, 
    541, 
    662, 
    588, 
    0, 
    538
   ], 
   [
    1078, 
    487, 
    854, 
    389, 
    910, 
    683, 
    1071, 
    538, 
    0
   ]
  ], 
  "weight_matrix": [
   [
    0, 
    3, 
    3, 
    3, 
    3, 
    3, 
    3, 
    3, 
    3
   ], 
   [
    3, 
    0, 
    3, 
    3, 
    3, 
    3, 
    3, 
    3, 
    3
   ], 
   [
    3, 
    3, 
    0, 
    3, 
    3, 
    3, 
    3, 
    3, 
    3
   ], 
   [
    3, 
    3, 
    3, 
    0, 
    3, 
    3, 
    3, 
    3, 
    3
   ], 
   [
    3, 
    3, 
    3, 
    3, 
    0, 
    3, 
    3, 
    3, 
    3
   ], 
   [
    3, 
    3, 
    3, 
    3, 
    3, 
    0, 
    3, 
    3, 
    3
   ], 
   [
    3, 
    3, 
    3, 
    3, 
    3, 
    3, 
    0, 
    3, 
    3
   ], 
   [
    3, 
    3, 
    3, 
    3, 
    3, 
    3, 
    3, 
    0, 
    3
   ], 
   [
    3, 
    3, 
    3, 
    3, 
    3, 
    3, 
    3, 
    3, 
    0
   ]
  ], 
  "city_names": [
   "Brest", 
   "Paris", 
   "Marseille", 
   "Gen\u00e8ve", 
   "Monaco", 
   "Le Havre", 
   "Bordeaux", 
   "Lyon", 
   "Strasbourg"
  ], 
  "reward_matrix": [
   [
    0, 
    69526, 
    15612, 
    27125, 
    100, 
    56013, 
    29263, 
    37398, 
    35950
   ], 
   [
    69526, 
    0, 
    56357, 
    67871, 
    40845, 
    96758, 
    70008, 
    78143, 
    76696
   ], 
   [
    15612, 
    56357, 
    0, 
    78212, 
    94759, 
    42844, 
    65734, 
    88485, 
    51393
   ], 
   [
    27125, 
    67871, 
    78212, 
    0, 
    74352, 
    54358, 
    59460, 
    99999, 
    83452
   ], 
   [
    100, 
    40845, 
    94759, 
    74352, 
    0, 
    27332, 
    50221, 
    72973, 
    47533
   ], 
   [
    56013, 
    96758, 
    42844, 
    54358, 
    27332, 
    0, 
    56495, 
    64631, 
    63183
   ], 
   [
    29263, 
    70008, 
    65734, 
    59460, 
    50221, 
    56495, 
    0, 
    69732, 
    36433
   ], 
   [
    37398, 
    78143, 
    88485, 
    99999, 
    72973, 
    64631, 
    69732, 
    0, 
    73180
   ], 
   [
    35950, 
    76696, 
    51393, 
    83452, 
    47533, 
    63183, 
    36433, 
    73180, 
    0
   ]
  ], 
  "probability_matrix": [
   [
    0, 
    0.18021540458343238, 
    0.1386432860779172, 
    0.0750122360028717, 
    0.20192622536998803, 
    0.1388461752960184, 
    0.081508633778425, 
    0.06440799692909577, 
    0.11944004196225166
   ], 
   [
    0.08531416955182974, 
    0, 
    0.08776224554218315, 
    0.08878939833541816, 
    0.18931509399679508, 
    0.20556962146877122, 
    0.1366490126349241, 
    0.10721077909927346, 
    0.09938967937080508
   ], 
   [
    0.08729743590129513, 
    0.20159146015488077, 
    0, 
    0.029752770421595347, 
    0.2183375207188973, 
    0.24877930269977944, 
    0.03340800113465463, 
    0.020103933675937307, 
    0.16072957529296003
   ], 
   [
    0.11572877293504387, 
    0.02139684263473055, 
    0.08645401662185606, 
    0, 
    0.1727754718772403, 
    0.026482424114788496, 
    0.15505785035296918, 
    0.18378460920794956, 
    0.23832001225542188
   ], 
   [
    0.18915684203392313, 
    0.15684819008649273, 
    0.08372580282803574, 
    0.02918819827486667, 
    0, 
    0.1635768868784627, 
    0.1271917590076568, 
    0.06883075474336013, 
    0.18148156614720215
   ], 
   [
    0.15689599212171815, 
    0.11224314791714124, 
    0.10644639731965291, 
    0.05949670690857478, 
    0.17857127504255962, 
    0, 
    0.17183148425574465, 
    0.16197137238344111, 
    0.05254362405116754
   ], 
   [
    0.11535560060259922, 
    0.17867345573693338, 
    0.08906476819986843, 
    0.1932091134370648, 
    0.16634183229525976, 
    0.09078984531635727, 
    0, 
    0.13696880369954115, 
    0.029596580712376006
   ], 
   [
    0.28649288286633556, 
    0.01533540641635469, 
    0.04681032019016716, 
    0.08704790763182534, 
    0.14490753281394764, 
    0.2788869412774713, 
    0.13292871160347927, 
    0, 
    0.007590297200419058
   ], 
   [
    0.042939299266460146, 
    0.23086229391231655, 
    0.0653380987189634, 
    0.11735708718933692, 
    0.33321834645067505, 
    0.09549457113444064, 
    0.0346355530617829, 
    0.08015475026602438, 
    0
   ]
  ]
 }, 
 "vehicle_capacities": [
  15, 
  15, 
  15, 
  30, 
  30, 
  30, 
  30, 
  30, 
  30
 ]
}