{
 "vehicle_cost_per_km": [
  15, 
  10, 
  15, 
  5, 
  5, 
  5, 
  5, 
  5, 
  5
 ], 
 "runs": [
  {
   "avg_task_cost_vs_number_of_task": [
    4740, 
    15395, 
    14156.666666666666, 
    16161.25, 
    17741, 
    16175.833333333334, 
    14106.42857142857, 
    12833.125, 
    13320.555555555555, 
    14400.5, 
    13447.727272727272, 
    13958.75, 
    13532.692307692309, 
    12846.07142857143, 
    13118.333333333334, 
    13121.5625, 
    13040.882352941177, 
    13581.388888888889, 
    13343.947368421053, 
    12872.75, 
    12564.047619047618, 
    12082.727272727272, 
    12433.04347826087, 
    11968.75, 
    11745, 
    11919.615384615385, 
    11712.222222222223, 
    11283.75, 
    11619.827586206897, 
    11472.333333333334
   ], 
   "number_of_vehicles": 3
  }
 ], 
 "vehicle_starting_positions": [
  "Brest", 
  "Paris", 
  "Marseille", 
  "Gen\u00c3\u00a8ve", 
  "Monaco", 
  "Le Havre", 
  "Bordeaux", 
  "Lyon", 
  "Strasbourg"
 ], 
 "task_distribution": {
  "distance_matrix": [
   [
    0, 
    591, 
    1373, 
    1206, 
    1598, 
    787, 
    1175, 
    1057, 
    1078
   ], 
   [
    591, 
    0, 
    782, 
    615, 
    1007, 
    196, 
    584, 
    466, 
    487
   ], 
   [
    1373, 
    782, 
    0, 
    465, 
    225, 
    978, 
    646, 
    316, 
    854
   ], 
   [
    1206, 
    615, 
    465, 
    0, 
    521, 
    811, 
    737, 
    149, 
    389
   ], 
   [
    1598, 
    1007, 
    225, 
    521, 
    0, 
    1203, 
    871, 
    541, 
    910
   ], 
   [
    787, 
    196, 
    978, 
    811, 
    1203, 
    0, 
    780, 
    662, 
    683
   ], 
   [
    1175, 
    584, 
    646, 
    737, 
    871, 
    780, 
    0, 
    588, 
    1071
   ], 
   [
    1057, 
    466, 
    316, 
    149, 
    541, 
    662, 
    588, 
    0, 
    538
   ], 
   [
    1078, 
    487, 
    854, 
    389, 
    910, 
    683, 
    1071, 
    538, 
    0
   ]
  ], 
  "weight_matrix": [
   [
    0, 
    3, 
    3, 
    3, 
    3, 
    3, 
    3, 
    3, 
    3
   ], 
   [
    3, 
    0, 
    3, 
    3, 
    3, 
    3, 
    3, 
    3, 
    3
   ], 
   [
    3, 
    3, 
    0, 
    3, 
    3, 
    3, 
    3, 
    3, 
    3
   ], 
   [
    3, 
    3, 
    3, 
    0, 
    3, 
    3, 
    3, 
    3, 
    3
   ], 
   [
    3, 
    3, 
    3, 
    3, 
    0, 
    3, 
    3, 
    3, 
    3
   ], 
   [
    3, 
    3, 
    3, 
    3, 
    3, 
    0, 
    3, 
    3, 
    3
   ], 
   [
    3, 
    3, 
    3, 
    3, 
    3, 
    3, 
    0, 
    3, 
    3
   ], 
   [
    3, 
    3, 
    3, 
    3, 
    3, 
    3, 
    3, 
    0, 
    3
   ], 
   [
    3, 
    3, 
    3, 
    3, 
    3, 
    3, 
    3, 
    3, 
    0
   ]
  ], 
  "city_names": [
   "Brest", 
   "Paris", 
   "Marseille", 
   "Gen\u00c3\u00a8ve", 
   "Monaco", 
   "Le Havre", 
   "Bordeaux", 
   "Lyon", 
   "Strasbourg"
  ], 
  "reward_matrix": [
   [
    0, 
    69526, 
    15612, 
    27125, 
    100, 
    56013, 
    29263, 
    37398, 
    35950
   ], 
   [
    69526, 
    0, 
    56357, 
    67871, 
    40845, 
    96758, 
    70008, 
    78143, 
    76696
   ], 
   [
    15612, 
    56357, 
    0, 
    78212, 
    94759, 
    42844, 
    65734, 
    88485, 
    51393
   ], 
   [
    27125, 
    67871, 
    78212, 
    0, 
    74352, 
    54358, 
    59460, 
    99999, 
    83452
   ], 
   [
    100, 
    40845, 
    94759, 
    74352, 
    0, 
    27332, 
    50221, 
    72973, 
    47533
   ], 
   [
    56013, 
    96758, 
    42844, 
    54358, 
    27332, 
    0, 
    56495, 
    64631, 
    63183
   ], 
   [
    29263, 
    70008, 
    65734, 
    59460, 
    50221, 
    56495, 
    0, 
    69732, 
    36433
   ], 
   [
    37398, 
    78143, 
    88485, 
    99999, 
    72973, 
    64631, 
    69732, 
    0, 
    73180
   ], 
   [
    35950, 
    76696, 
    51393, 
    83452, 
    47533, 
    63183, 
    36433, 
    73180, 
    0
   ]
  ], 
  "probability_matrix": [
   [
    0, 
    0.22416075235960745, 
    0.015361471041713521, 
    0.1719861066296156, 
    0.026416525689425797, 
    0.2426843945285992, 
    0.01045653198613635, 
    0.27498870823929855, 
    0.03394550952560376
   ], 
   [
    0.0514422538545265, 
    0, 
    0.07708575841696737, 
    0.2286977601344565, 
    0.02247146356693257, 
    0.22605023918727157, 
    0.09263074137291884, 
    0.23096205811789516, 
    0.07065972534903144
   ], 
   [
    0.18591390439621774, 
    0.1712161909461347, 
    0, 
    0.05541348947324566, 
    0.05353834540804645, 
    0.1118047602126646, 
    0.0513293787817691, 
    0.20683225260332438, 
    0.1639516781785973
   ], 
   [
    0.16386163311541677, 
    0.25119658881020046, 
    0.08238053279561743, 
    0, 
    0.07348322133022617, 
    0.05979690267883438, 
    0.2313771432176113, 
    0.07941558246443996, 
    0.058488395587653605
   ], 
   [
    0.13651952746051027, 
    0.2404060009978052, 
    0.17004533770663957, 
    0.010031513098073404, 
    0, 
    0.23839603468362247, 
    0.07885864511149096, 
    0.03460279561700628, 
    0.09114014532485164
   ], 
   [
    0.09544831246708269, 
    0.04076567051963744, 
    0.10233067482814505, 
    0.10588156289809138, 
    0.16099415715856988, 
    0, 
    0.15356365204467068, 
    0.13514728669693743, 
    0.20586868338686554
   ], 
   [
    0.22714958612424602, 
    0.2173354842917286, 
    0.021972867436006908, 
    0.1711305096145883, 
    0.05392677384660618, 
    0.011679500150230636, 
    0, 
    0.06549148311540592, 
    0.23131379542118743
   ], 
   [
    0.09223206608758526, 
    0.014567428518106886, 
    0.041193966099776456, 
    0.15154110216585526, 
    0.19427933014889204, 
    0.19457366930065556, 
    0.11809714948171571, 
    0, 
    0.1935152881974129
   ], 
   [
    0.040200701342403895, 
    0.047391797854506576, 
    0.1653562059397846, 
    0.19491729125163715, 
    0.22770623769290146, 
    0.08092636972310455, 
    0.19305148444773662, 
    0.050449911747925305, 
    0
   ]
  ]
 }, 
 "vehicle_capacities": [
  5, 
  5, 
  5, 
  30, 
  30, 
  30, 
  30, 
  30, 
  30
 ]
}