{
 "vehicle_cost_per_km": [
  5, 
  5, 
  5, 
  5, 
  5
 ], 
 "runs": [
  {
   "avg_task_cost_vs_number_of_task": [
    4395, 
    5117.5, 
    4308.333333333333, 
    4980, 
    4575, 
    4075.8333333333335, 
    3493.5714285714284, 
    3163.125, 
    2717.222222222222, 
    2445.5, 
    2223.181818181818, 
    2037.9166666666667, 
    1881.1538461538462, 
    1966.4285714285713, 
    1835.3333333333333, 
    1750, 
    1438.5294117647059, 
    1358.611111111111, 
    1455.2631578947369, 
    1455.5, 
    1573.095238095238, 
    1382.0454545454545, 
    1202.1739130434783, 
    1452.5, 
    1381.6, 
    1409.423076923077, 
    1344.4444444444443, 
    1145.892857142857, 
    1334.1379310344828, 
    1373.8333333333333
   ], 
   "number_of_vehicles": 2
  }, 
  {
   "avg_task_cost_vs_number_of_task": [
    4395, 
    5117.5, 
    4308.333333333333, 
    4980, 
    4575, 
    4075.8333333333335, 
    3493.5714285714284, 
    3056.875, 
    2883.3333333333335, 
    2445.5, 
    2223.181818181818, 
    2294.1666666666665, 
    2117.6923076923076, 
    2058.9285714285716, 
    1835.3333333333333, 
    1750, 
    1757.6470588235295, 
    1838.3333333333333, 
    1455.2631578947369, 
    1719.75, 
    1590.952380952381, 
    1412.5, 
    1282.1739130434783, 
    1459.7916666666667, 
    1450.2, 
    1326.1538461538462, 
    1219.2592592592594, 
    1466.0714285714287, 
    1723.2758620689656, 
    1346.5
   ], 
   "number_of_vehicles": 3
  }, 
  {
   "avg_task_cost_vs_number_of_task": [
    4395, 
    5117.5, 
    4308.333333333333, 
    4328.75, 
    4054, 
    3641.6666666666665, 
    3121.4285714285716, 
    2731.25, 
    2642.777777777778, 
    2378.5, 
    2162.2727272727275, 
    1982.0833333333333, 
    1881.1538461538462, 
    1966.4285714285713, 
    1835.3333333333333, 
    1756.875, 
    1535, 
    1544.4444444444443, 
    1251.842105263158, 
    1376.5, 
    1462.6190476190477, 
    1364.7727272727273, 
    1304.5652173913043, 
    1553.9583333333333, 
    1246, 
    1301.3461538461538, 
    1284.4444444444443, 
    1526.7857142857142, 
    1147.5862068965516, 
    1351.5
   ], 
   "number_of_vehicles": 4
  }, 
  {
   "avg_task_cost_vs_number_of_task": [
    3415, 
    4627.5, 
    3981.6666666666665, 
    4083.75, 
    4054, 
    3641.6666666666665, 
    3121.4285714285716, 
    2731.25, 
    2642.777777777778, 
    2573, 
    2162.2727272727275, 
    1982.0833333333333, 
    2141.923076923077, 
    1863.9285714285713, 
    1585.6666666666667, 
    1486.5625, 
    1399.1176470588234, 
    1576.6666666666667, 
    1352.1052631578948, 
    1425.5, 
    1369.2857142857142, 
    1408.409090909091, 
    1540.8695652173913, 
    1466.4583333333333, 
    1321.2, 
    1440.576923076923, 
    1572.4074074074074, 
    1212.6785714285713, 
    1327.9310344827586, 
    1337.5
   ], 
   "number_of_vehicles": 5
  }
 ], 
 "vehicle_starting_positions": [
  "Paris", 
  "Gen\u00e8ve", 
  "Lyon", 
  "Monaco", 
  "Le Havre", 
  "Strasbourg", 
  "Brest", 
  "Marseille", 
  "Bordeaux"
 ], 
 "task_distribution": {
  "distance_matrix": [
   [
    0, 
    591, 
    1373, 
    1206, 
    1598, 
    787, 
    1175, 
    1057, 
    1078
   ], 
   [
    591, 
    0, 
    782, 
    615, 
    1007, 
    196, 
    584, 
    466, 
    487
   ], 
   [
    1373, 
    782, 
    0, 
    465, 
    225, 
    978, 
    646, 
    316, 
    854
   ], 
   [
    1206, 
    615, 
    465, 
    0, 
    521, 
    811, 
    737, 
    149, 
    389
   ], 
   [
    1598, 
    1007, 
    225, 
    521, 
    0, 
    1203, 
    871, 
    541, 
    910
   ], 
   [
    787, 
    196, 
    978, 
    811, 
    1203, 
    0, 
    780, 
    662, 
    683
   ], 
   [
    1175, 
    584, 
    646, 
    737, 
    871, 
    780, 
    0, 
    588, 
    1071
   ], 
   [
    1057, 
    466, 
    316, 
    149, 
    541, 
    662, 
    588, 
    0, 
    538
   ], 
   [
    1078, 
    487, 
    854, 
    389, 
    910, 
    683, 
    1071, 
    538, 
    0
   ]
  ], 
  "weight_matrix": [
   [
    0, 
    3, 
    3, 
    3, 
    3, 
    3, 
    3, 
    3, 
    3
   ], 
   [
    3, 
    0, 
    3, 
    3, 
    3, 
    3, 
    3, 
    3, 
    3
   ], 
   [
    3, 
    3, 
    0, 
    3, 
    3, 
    3, 
    3, 
    3, 
    3
   ], 
   [
    3, 
    3, 
    3, 
    0, 
    3, 
    3, 
    3, 
    3, 
    3
   ], 
   [
    3, 
    3, 
    3, 
    3, 
    0, 
    3, 
    3, 
    3, 
    3
   ], 
   [
    3, 
    3, 
    3, 
    3, 
    3, 
    0, 
    3, 
    3, 
    3
   ], 
   [
    3, 
    3, 
    3, 
    3, 
    3, 
    3, 
    0, 
    3, 
    3
   ], 
   [
    3, 
    3, 
    3, 
    3, 
    3, 
    3, 
    3, 
    0, 
    3
   ], 
   [
    3, 
    3, 
    3, 
    3, 
    3, 
    3, 
    3, 
    3, 
    0
   ]
  ], 
  "city_names": [
   "Brest", 
   "Paris", 
   "Marseille", 
   "Gen\u00e8ve", 
   "Monaco", 
   "Le Havre", 
   "Bordeaux", 
   "Lyon", 
   "Strasbourg"
  ], 
  "reward_matrix": [
   [
    0, 
    69526, 
    15612, 
    27125, 
    100, 
    56013, 
    29263, 
    37398, 
    35950
   ], 
   [
    69526, 
    0, 
    56357, 
    67871, 
    40845, 
    96758, 
    70008, 
    78143, 
    76696
   ], 
   [
    15612, 
    56357, 
    0, 
    78212, 
    94759, 
    42844, 
    65734, 
    88485, 
    51393
   ], 
   [
    27125, 
    67871, 
    78212, 
    0, 
    74352, 
    54358, 
    59460, 
    99999, 
    83452
   ], 
   [
    100, 
    40845, 
    94759, 
    74352, 
    0, 
    27332, 
    50221, 
    72973, 
    47533
   ], 
   [
    56013, 
    96758, 
    42844, 
    54358, 
    27332, 
    0, 
    56495, 
    64631, 
    63183
   ], 
   [
    29263, 
    70008, 
    65734, 
    59460, 
    50221, 
    56495, 
    0, 
    69732, 
    36433
   ], 
   [
    37398, 
    78143, 
    88485, 
    99999, 
    72973, 
    64631, 
    69732, 
    0, 
    73180
   ], 
   [
    35950, 
    76696, 
    51393, 
    83452, 
    47533, 
    63183, 
    36433, 
    73180, 
    0
   ]
  ], 
  "probability_matrix": [
   [
    0, 
    0.02623865685240468, 
    0.17981575068268277, 
    0.11375980661136825, 
    0.1703300352888492, 
    0.08839817923843897, 
    0.21843332611031252, 
    0.10718480014717653, 
    0.09583944506876713
   ], 
   [
    0.006641572062809999, 
    0, 
    0.21065101837772562, 
    0.0832628365230868, 
    0.18671547487833856, 
    0.019412744096361557, 
    0.0305599743158382, 
    0.3636394228386948, 
    0.09911695690714456
   ], 
   [
    0.1031135778195569, 
    0.06241841750703513, 
    0, 
    0.18906351435475133, 
    0.12294434954028136, 
    0.07632117336205933, 
    0.006265380356941291, 
    0.22804139123670947, 
    0.21183219582266516
   ], 
   [
    0.1320530263131277, 
    0.13240300782385092, 
    0.14789817141763992, 
    0, 
    0.08173726718753889, 
    0.19628265902438605, 
    0.0009530367865332725, 
    0.18558341294436212, 
    0.1230894185025612
   ], 
   [
    0.061276472950689935, 
    0.12937190592497605, 
    0.04172791637703401, 
    0.1751287778083884, 
    0, 
    0.15731798443790887, 
    0.19446991664955768, 
    0.12879375810057797, 
    0.11191326775086709
   ], 
   [
    0.2487398769072119, 
    0.13915365320774242, 
    0.0968571703196671, 
    0.06630595720178353, 
    0.08311783546943842, 
    0, 
    0.052509573036403634, 
    0.19257163898876445, 
    0.12074429486898879
   ], 
   [
    0.10050800242865379, 
    0.1880117330516669, 
    0.19691427564180805, 
    0.10090647847274471, 
    0.0060991926897639975, 
    0.09810305008042135, 
    0, 
    0.1371444420600807, 
    0.17231282557486055
   ], 
   [
    0.1718395155941644, 
    0.005706317650777646, 
    0.16263076020779407, 
    0.20505520833072974, 
    0.19284177298929386, 
    0.15637134250923257, 
    0.024171142457095184, 
    0, 
    0.08138394026091272
   ], 
   [
    0.24541414107778317, 
    0.029143845450425535, 
    0.17067407449955127, 
    0.2082548196341163, 
    0.10540911006382506, 
    0.06793623225214938, 
    0.04769960404446715, 
    0.1254681729776819, 
    0
   ]
  ]
 }, 
 "vehicle_capacities": [
  30, 
  30, 
  30, 
  30, 
  30
 ]
}