{
 "vehicle_cost_per_km": [
  10, 
  5, 
  5, 
  5, 
  5, 
  5, 
  5, 
  5, 
  5
 ], 
 "runs": [
  {
   "avg_task_cost_vs_number_of_task": [
    8985, 
    6407.5, 
    6101.666666666667, 
    4576.25, 
    3839, 
    3638.3333333333335, 
    3118.5714285714284, 
    2728.75, 
    2497.222222222222, 
    2455, 
    2476.3636363636365, 
    2340.4166666666665, 
    2210, 
    2280.3571428571427, 
    2012, 
    2253.4375, 
    2141.764705882353, 
    2114.1666666666665, 
    2029.2105263157894, 
    1998.5, 
    1997.3809523809523, 
    1962.0454545454545, 
    2001.0869565217392, 
    1728.125, 
    2055.8, 
    1825, 
    1784.0740740740741, 
    1854.4642857142858, 
    1901.551724137931, 
    1776.3333333333333
   ], 
   "number_of_vehicles": 3
  }
 ], 
 "vehicle_starting_positions": [
  "Brest", 
  "Paris", 
  "Marseille", 
  "Gen\u00c3\u00a8ve", 
  "Monaco", 
  "Le Havre", 
  "Bordeaux", 
  "Lyon", 
  "Strasbourg"
 ], 
 "task_distribution": {
  "distance_matrix": [
   [
    0, 
    591, 
    1373, 
    1206, 
    1598, 
    787, 
    1175, 
    1057, 
    1078
   ], 
   [
    591, 
    0, 
    782, 
    615, 
    1007, 
    196, 
    584, 
    466, 
    487
   ], 
   [
    1373, 
    782, 
    0, 
    465, 
    225, 
    978, 
    646, 
    316, 
    854
   ], 
   [
    1206, 
    615, 
    465, 
    0, 
    521, 
    811, 
    737, 
    149, 
    389
   ], 
   [
    1598, 
    1007, 
    225, 
    521, 
    0, 
    1203, 
    871, 
    541, 
    910
   ], 
   [
    787, 
    196, 
    978, 
    811, 
    1203, 
    0, 
    780, 
    662, 
    683
   ], 
   [
    1175, 
    584, 
    646, 
    737, 
    871, 
    780, 
    0, 
    588, 
    1071
   ], 
   [
    1057, 
    466, 
    316, 
    149, 
    541, 
    662, 
    588, 
    0, 
    538
   ], 
   [
    1078, 
    487, 
    854, 
    389, 
    910, 
    683, 
    1071, 
    538, 
    0
   ]
  ], 
  "weight_matrix": [
   [
    0, 
    3, 
    3, 
    3, 
    3, 
    3, 
    3, 
    3, 
    3
   ], 
   [
    3, 
    0, 
    3, 
    3, 
    3, 
    3, 
    3, 
    3, 
    3
   ], 
   [
    3, 
    3, 
    0, 
    3, 
    3, 
    3, 
    3, 
    3, 
    3
   ], 
   [
    3, 
    3, 
    3, 
    0, 
    3, 
    3, 
    3, 
    3, 
    3
   ], 
   [
    3, 
    3, 
    3, 
    3, 
    0, 
    3, 
    3, 
    3, 
    3
   ], 
   [
    3, 
    3, 
    3, 
    3, 
    3, 
    0, 
    3, 
    3, 
    3
   ], 
   [
    3, 
    3, 
    3, 
    3, 
    3, 
    3, 
    0, 
    3, 
    3
   ], 
   [
    3, 
    3, 
    3, 
    3, 
    3, 
    3, 
    3, 
    0, 
    3
   ], 
   [
    3, 
    3, 
    3, 
    3, 
    3, 
    3, 
    3, 
    3, 
    0
   ]
  ], 
  "city_names": [
   "Brest", 
   "Paris", 
   "Marseille", 
   "Gen\u00c3\u00a8ve", 
   "Monaco", 
   "Le Havre", 
   "Bordeaux", 
   "Lyon", 
   "Strasbourg"
  ], 
  "reward_matrix": [
   [
    0, 
    69526, 
    15612, 
    27125, 
    100, 
    56013, 
    29263, 
    37398, 
    35950
   ], 
   [
    69526, 
    0, 
    56357, 
    67871, 
    40845, 
    96758, 
    70008, 
    78143, 
    76696
   ], 
   [
    15612, 
    56357, 
    0, 
    78212, 
    94759, 
    42844, 
    65734, 
    88485, 
    51393
   ], 
   [
    27125, 
    67871, 
    78212, 
    0, 
    74352, 
    54358, 
    59460, 
    99999, 
    83452
   ], 
   [
    100, 
    40845, 
    94759, 
    74352, 
    0, 
    27332, 
    50221, 
    72973, 
    47533
   ], 
   [
    56013, 
    96758, 
    42844, 
    54358, 
    27332, 
    0, 
    56495, 
    64631, 
    63183
   ], 
   [
    29263, 
    70008, 
    65734, 
    59460, 
    50221, 
    56495, 
    0, 
    69732, 
    36433
   ], 
   [
    37398, 
    78143, 
    88485, 
    99999, 
    72973, 
    64631, 
    69732, 
    0, 
    73180
   ], 
   [
    35950, 
    76696, 
    51393, 
    83452, 
    47533, 
    63183, 
    36433, 
    73180, 
    0
   ]
  ], 
  "probability_matrix": [
   [
    0, 
    0.08301389540522117, 
    0.2236920969020554, 
    0.12189699142321603, 
    3.641562259526462e-05, 
    0.17140731629700767, 
    0.004194633417632615, 
    0.11827418921945883, 
    0.277484461712813
   ], 
   [
    0.1919087683877283, 
    0, 
    0.06954312724768859, 
    0.052543206018469665, 
    0.202583217897814, 
    0.13909992476277355, 
    0.17063200861866756, 
    0.05019649082527456, 
    0.12349325624158376
   ], 
   [
    0.10947344227991009, 
    0.24466741508717296, 
    0, 
    0.0854566618116764, 
    0.016323233918547102, 
    0.19842515549066445, 
    0.05448163819998504, 
    0.050851914413016654, 
    0.2403205387990273
   ], 
   [
    0.08980705098148611, 
    0.13200303121843657, 
    0.13309639220658268, 
    0, 
    0.09771326656901509, 
    0.09730121218251095, 
    0.1501682819103926, 
    0.1298623281903752, 
    0.17004843674120088
   ], 
   [
    0.07419727333378932, 
    0.2673568269287634, 
    0.10943595098895258, 
    0.18470289131710094, 
    0, 
    0.23391275853300517, 
    0.023434408775639123, 
    0.04219119341039056, 
    0.06476869671235892
   ], 
   [
    0.02930156126522844, 
    0.11323180761755781, 
    0.16671234025986575, 
    0.08795905190967673, 
    0.04873599701775304, 
    0, 
    0.17105299146449213, 
    0.20378599852435994, 
    0.17922025194106622
   ], 
   [
    0.1706307079827867, 
    0.07118187002016552, 
    0.03323379193923598, 
    0.1651968080033047, 
    0.10881872628714795, 
    0.11502490612620887, 
    0, 
    0.18798197053873417, 
    0.1479312191024163
   ], 
   [
    0.047722703580179215, 
    0.19389988454784582, 
    0.016825251789590732, 
    0.14575995425233015, 
    0.13955254555893126, 
    0.21652371630670758, 
    0.215127492192114, 
    0, 
    0.024588451772301165
   ], 
   [
    0.08167931510042296, 
    0.10241037327279316, 
    0.10896427735228904, 
    0.14390435167446208, 
    0.16331257227167384, 
    0.16914660689957495, 
    0.13147402959790674, 
    0.09910847383087724, 
    0
   ]
  ]
 }, 
 "vehicle_capacities": [
  15, 
  15, 
  15, 
  30, 
  30, 
  30, 
  30, 
  30, 
  30
 ]
}