{
 "vehicle_cost_per_km": [
  5, 
  5, 
  5, 
  5, 
  5
 ], 
 "runs": [
  {
   "avg_task_cost_vs_number_of_task": [
    4870, 
    5510, 
    4658.333333333333, 
    4843.75, 
    4173, 
    4690, 
    4977.857142857143, 
    4964.375, 
    5503.888888888889, 
    5198, 
    5256.363636363636, 
    4912.083333333333, 
    4685, 
    4840.714285714285, 
    5125, 
    4927.1875, 
    5100, 
    5070.277777777777, 
    5043.684210526316, 
    5035, 
    4795.238095238095, 
    4666.363636363636, 
    4932.173913043478, 
    4808.333333333333, 
    4694.4, 
    4554.615384615385, 
    4821.111111111111, 
    4702.142857142857, 
    4591.379310344828, 
    4501.833333333333
   ], 
   "number_of_vehicles": 3
  }
 ], 
 "vehicle_starting_positions": [
  "Brest", 
  "Paris", 
  "Marseille", 
  "Gen\u00e8ve", 
  "Monaco", 
  "Le Havre", 
  "Bordeaux", 
  "Lyon", 
  "Strasbourg"
 ], 
 "task_distribution": {
  "distance_matrix": [
   [
    0, 
    591, 
    1373, 
    1206, 
    1598, 
    787, 
    1175, 
    1057, 
    1078
   ], 
   [
    591, 
    0, 
    782, 
    615, 
    1007, 
    196, 
    584, 
    466, 
    487
   ], 
   [
    1373, 
    782, 
    0, 
    465, 
    225, 
    978, 
    646, 
    316, 
    854
   ], 
   [
    1206, 
    615, 
    465, 
    0, 
    521, 
    811, 
    737, 
    149, 
    389
   ], 
   [
    1598, 
    1007, 
    225, 
    521, 
    0, 
    1203, 
    871, 
    541, 
    910
   ], 
   [
    787, 
    196, 
    978, 
    811, 
    1203, 
    0, 
    780, 
    662, 
    683
   ], 
   [
    1175, 
    584, 
    646, 
    737, 
    871, 
    780, 
    0, 
    588, 
    1071
   ], 
   [
    1057, 
    466, 
    316, 
    149, 
    541, 
    662, 
    588, 
    0, 
    538
   ], 
   [
    1078, 
    487, 
    854, 
    389, 
    910, 
    683, 
    1071, 
    538, 
    0
   ]
  ], 
  "weight_matrix": [
   [
    0, 
    3, 
    3, 
    3, 
    3, 
    3, 
    3, 
    3, 
    3
   ], 
   [
    3, 
    0, 
    3, 
    3, 
    3, 
    3, 
    3, 
    3, 
    3
   ], 
   [
    3, 
    3, 
    0, 
    3, 
    3, 
    3, 
    3, 
    3, 
    3
   ], 
   [
    3, 
    3, 
    3, 
    0, 
    3, 
    3, 
    3, 
    3, 
    3
   ], 
   [
    3, 
    3, 
    3, 
    3, 
    0, 
    3, 
    3, 
    3, 
    3
   ], 
   [
    3, 
    3, 
    3, 
    3, 
    3, 
    0, 
    3, 
    3, 
    3
   ], 
   [
    3, 
    3, 
    3, 
    3, 
    3, 
    3, 
    0, 
    3, 
    3
   ], 
   [
    3, 
    3, 
    3, 
    3, 
    3, 
    3, 
    3, 
    0, 
    3
   ], 
   [
    3, 
    3, 
    3, 
    3, 
    3, 
    3, 
    3, 
    3, 
    0
   ]
  ], 
  "city_names": [
   "Brest", 
   "Paris", 
   "Marseille", 
   "Gen\u00e8ve", 
   "Monaco", 
   "Le Havre", 
   "Bordeaux", 
   "Lyon", 
   "Strasbourg"
  ], 
  "reward_matrix": [
   [
    0, 
    69526, 
    15612, 
    27125, 
    100, 
    56013, 
    29263, 
    37398, 
    35950
   ], 
   [
    69526, 
    0, 
    56357, 
    67871, 
    40845, 
    96758, 
    70008, 
    78143, 
    76696
   ], 
   [
    15612, 
    56357, 
    0, 
    78212, 
    94759, 
    42844, 
    65734, 
    88485, 
    51393
   ], 
   [
    27125, 
    67871, 
    78212, 
    0, 
    74352, 
    54358, 
    59460, 
    99999, 
    83452
   ], 
   [
    100, 
    40845, 
    94759, 
    74352, 
    0, 
    27332, 
    50221, 
    72973, 
    47533
   ], 
   [
    56013, 
    96758, 
    42844, 
    54358, 
    27332, 
    0, 
    56495, 
    64631, 
    63183
   ], 
   [
    29263, 
    70008, 
    65734, 
    59460, 
    50221, 
    56495, 
    0, 
    69732, 
    36433
   ], 
   [
    37398, 
    78143, 
    88485, 
    99999, 
    72973, 
    64631, 
    69732, 
    0, 
    73180
   ], 
   [
    35950, 
    76696, 
    51393, 
    83452, 
    47533, 
    63183, 
    36433, 
    73180, 
    0
   ]
  ], 
  "probability_matrix": [
   [
    0, 
    0.10982865418857901, 
    0.16878395144064934, 
    0.19015736493469532, 
    0.07941978023610295, 
    0.16783459447877225, 
    0.07200233351619025, 
    0.1041045943926419, 
    0.10786872681236896
   ], 
   [
    0.07976329017142256, 
    0, 
    0.13643019078281216, 
    0.1668616695356634, 
    0.15800134696492893, 
    0.23776533121072296, 
    0.03874719250335906, 
    0.012133354580438547, 
    0.17029762425065242
   ], 
   [
    0.20199042662209404, 
    0.08853269910432686, 
    0, 
    0.22014036790976393, 
    4.8114540501280825e-05, 
    0.00783023230961399, 
    0.075113134212672, 
    0.2244049577492024, 
    0.18194006755182549
   ], 
   [
    0.22740522085552536, 
    0.2777005639871498, 
    0.09864499048155022, 
    0, 
    0.022744988992082223, 
    0.006873095426112171, 
    0.04498179802217988, 
    0.2562588824955671, 
    0.06539045973983329
   ], 
   [
    0.0633172376197121, 
    0.20800429243233104, 
    0.07591013904972019, 
    0.17306827895426755, 
    0, 
    0.2058352235041227, 
    0.1001932711605387, 
    0.12938358499919206, 
    0.04428797228011564
   ], 
   [
    0.18113801661442766, 
    0.18790155877692813, 
    0.040637230903036656, 
    0.07675013005180296, 
    0.10959528320275898, 
    0, 
    0.17926966801867403, 
    0.14475085831663356, 
    0.07995725411573813
   ], 
   [
    0.04341389131997709, 
    0.036549518018330125, 
    0.18607728524273662, 
    0.21469943443948653, 
    0.29671911513401045, 
    0.15876072114642117, 
    0, 
    0.037719607431035175, 
    0.02606042726800287
   ], 
   [
    0.09043994113013193, 
    0.10800222993829522, 
    0.14235142013938384, 
    0.15167585779314263, 
    0.07387476372093124, 
    0.15568621270314262, 
    0.12465529850961994, 
    0, 
    0.15331427606535236
   ], 
   [
    0.25475968274730487, 
    0.28769851247314226, 
    0.08691670974963295, 
    0.2580088093382589, 
    0.01407199570825907, 
    0.024644006587348992, 
    0.015150745435099892, 
    0.058749537960953016, 
    0
   ]
  ]
 }, 
 "vehicle_capacities": [
  5, 
  5, 
  5, 
  30, 
  30, 
  30, 
  30, 
  30, 
  30
 ]
}