{
 "vehicle_cost_per_km": [
  5, 
  5, 
  5, 
  5, 
  5, 
  5, 
  5, 
  5, 
  5
 ], 
 "runs": [
  {
   "avg_task_cost_vs_number_of_task": [
    5035, 
    6512.5, 
    5326.666666666667, 
    4482.5, 
    4618, 
    4173.333333333333, 
    3857.1428571428573, 
    3375, 
    3240.5555555555557, 
    2716.5, 
    2546.3636363636365, 
    2496.6666666666665, 
    2504.6153846153848, 
    2370.714285714286, 
    2016.6666666666667, 
    2380.625, 
    2228.529411764706, 
    2214.722222222222, 
    2123.684210526316, 
    2149.25, 
    1888.8095238095239, 
    1862.9545454545455, 
    1810.4347826086957, 
    1761.4583333333333, 
    1801.2, 
    1953.4615384615386, 
    1814.0740740740741, 
    1742.5, 
    1855.6896551724137, 
    1792.1666666666667
   ], 
   "number_of_vehicles": 3
  }
 ], 
 "vehicle_starting_positions": [
  "Brest", 
  "Paris", 
  "Marseille", 
  "Gen\u00c3\u00a8ve", 
  "Monaco", 
  "Le Havre", 
  "Bordeaux", 
  "Lyon", 
  "Strasbourg"
 ], 
 "task_distribution": {
  "distance_matrix": [
   [
    0, 
    591, 
    1373, 
    1206, 
    1598, 
    787, 
    1175, 
    1057, 
    1078
   ], 
   [
    591, 
    0, 
    782, 
    615, 
    1007, 
    196, 
    584, 
    466, 
    487
   ], 
   [
    1373, 
    782, 
    0, 
    465, 
    225, 
    978, 
    646, 
    316, 
    854
   ], 
   [
    1206, 
    615, 
    465, 
    0, 
    521, 
    811, 
    737, 
    149, 
    389
   ], 
   [
    1598, 
    1007, 
    225, 
    521, 
    0, 
    1203, 
    871, 
    541, 
    910
   ], 
   [
    787, 
    196, 
    978, 
    811, 
    1203, 
    0, 
    780, 
    662, 
    683
   ], 
   [
    1175, 
    584, 
    646, 
    737, 
    871, 
    780, 
    0, 
    588, 
    1071
   ], 
   [
    1057, 
    466, 
    316, 
    149, 
    541, 
    662, 
    588, 
    0, 
    538
   ], 
   [
    1078, 
    487, 
    854, 
    389, 
    910, 
    683, 
    1071, 
    538, 
    0
   ]
  ], 
  "weight_matrix": [
   [
    0, 
    3, 
    3, 
    3, 
    3, 
    3, 
    3, 
    3, 
    3
   ], 
   [
    3, 
    0, 
    3, 
    3, 
    3, 
    3, 
    3, 
    3, 
    3
   ], 
   [
    3, 
    3, 
    0, 
    3, 
    3, 
    3, 
    3, 
    3, 
    3
   ], 
   [
    3, 
    3, 
    3, 
    0, 
    3, 
    3, 
    3, 
    3, 
    3
   ], 
   [
    3, 
    3, 
    3, 
    3, 
    0, 
    3, 
    3, 
    3, 
    3
   ], 
   [
    3, 
    3, 
    3, 
    3, 
    3, 
    0, 
    3, 
    3, 
    3
   ], 
   [
    3, 
    3, 
    3, 
    3, 
    3, 
    3, 
    0, 
    3, 
    3
   ], 
   [
    3, 
    3, 
    3, 
    3, 
    3, 
    3, 
    3, 
    0, 
    3
   ], 
   [
    3, 
    3, 
    3, 
    3, 
    3, 
    3, 
    3, 
    3, 
    0
   ]
  ], 
  "city_names": [
   "Brest", 
   "Paris", 
   "Marseille", 
   "Gen\u00c3\u00a8ve", 
   "Monaco", 
   "Le Havre", 
   "Bordeaux", 
   "Lyon", 
   "Strasbourg"
  ], 
  "reward_matrix": [
   [
    0, 
    69526, 
    15612, 
    27125, 
    100, 
    56013, 
    29263, 
    37398, 
    35950
   ], 
   [
    69526, 
    0, 
    56357, 
    67871, 
    40845, 
    96758, 
    70008, 
    78143, 
    76696
   ], 
   [
    15612, 
    56357, 
    0, 
    78212, 
    94759, 
    42844, 
    65734, 
    88485, 
    51393
   ], 
   [
    27125, 
    67871, 
    78212, 
    0, 
    74352, 
    54358, 
    59460, 
    99999, 
    83452
   ], 
   [
    100, 
    40845, 
    94759, 
    74352, 
    0, 
    27332, 
    50221, 
    72973, 
    47533
   ], 
   [
    56013, 
    96758, 
    42844, 
    54358, 
    27332, 
    0, 
    56495, 
    64631, 
    63183
   ], 
   [
    29263, 
    70008, 
    65734, 
    59460, 
    50221, 
    56495, 
    0, 
    69732, 
    36433
   ], 
   [
    37398, 
    78143, 
    88485, 
    99999, 
    72973, 
    64631, 
    69732, 
    0, 
    73180
   ], 
   [
    35950, 
    76696, 
    51393, 
    83452, 
    47533, 
    63183, 
    36433, 
    73180, 
    0
   ]
  ], 
  "probability_matrix": [
   [
    0, 
    0.08884344918870676, 
    0.024724833579542728, 
    0.17337647241591442, 
    0.24507467191552681, 
    0.08806059787943145, 
    0.00695196281369983, 
    0.26014119290941573, 
    0.11282681929776225
   ], 
   [
    0.16531247580548716, 
    0, 
    0.20964462614490403, 
    0.22426677765780545, 
    0.22169524781681352, 
    0.024370913926493775, 
    0.11080746544140838, 
    0.025592971743816244, 
    0.018309521463271406
   ], 
   [
    0.15954183169551606, 
    0.17951902484674115, 
    0, 
    0.14684908034550131, 
    0.0654877475293174, 
    0.14214923284281836, 
    0.18050186942580781, 
    0.07020034371058215, 
    0.055750869603715586
   ], 
   [
    0.06724218758391516, 
    0.07571352142107887, 
    0.12443235285692689, 
    0, 
    0.2036928082916967, 
    0.014100967896204755, 
    0.1605372494673292, 
    0.14195581107092106, 
    0.21232510141192754
   ], 
   [
    0.17401002264520124, 
    0.160611445824933, 
    0.053620808396959735, 
    0.06122441060442861, 
    0, 
    0.02900695596799977, 
    0.12895630594886592, 
    0.2093185108593327, 
    0.183251539752279
   ], 
   [
    0.09423074908888743, 
    0.09831685159285909, 
    0.02263553368857145, 
    0.1960551473670868, 
    0.11308383946659427, 
    0, 
    0.14227023078474121, 
    0.1683356358896992, 
    0.16507201212156067
   ], 
   [
    0.17225580773822408, 
    0.15190562526144072, 
    0.07175960078597814, 
    0.10528370676969259, 
    0.20754455667099198, 
    0.002918436845206777, 
    0, 
    0.17201176989613864, 
    0.11632049603232714
   ], 
   [
    0.19880401123472108, 
    0.010904933372826562, 
    0.07720670811620899, 
    0.12077431202703441, 
    0.23618000111978493, 
    0.15209638392465952, 
    0.10466361439886472, 
    0, 
    0.0993700358058998
   ], 
   [
    0.19052453276562215, 
    0.05375904466713219, 
    0.16345874957219203, 
    0.19612938153640244, 
    0.10466478800422443, 
    0.16920960740260524, 
    0.08593100409726379, 
    0.03632289195455788, 
    0
   ]
  ]
 }, 
 "vehicle_capacities": [
  15, 
  15, 
  15, 
  30, 
  30, 
  30, 
  30, 
  30, 
  30
 ]
}