{
 "vehicle_cost_per_km": [
  5, 
  5, 
  5, 
  5, 
  5
 ], 
 "runs": [
  {
   "avg_task_cost_vs_number_of_task": [
    5035, 
    6015, 
    4941.666666666667, 
    4266.25, 
    3413, 
    2844.1666666666665, 
    2437.8571428571427, 
    2133.125, 
    1896.111111111111, 
    1706.5, 
    1934.090909090909, 
    1617.9166666666667, 
    1727.6923076923076, 
    1604.2857142857142, 
    1620.3333333333333, 
    1384.6875, 
    1522.9411764705883, 
    1404.1666666666667, 
    1263.9473684210527, 
    1212, 
    1170.4761904761904, 
    1385.909090909091, 
    1416.5217391304348, 
    1470, 
    1490.8, 
    1487.6923076923076, 
    1461.111111111111, 
    1379.8214285714287, 
    1231.896551724138, 
    1418
   ], 
   "number_of_vehicles": 2
  }, 
  {
   "avg_task_cost_vs_number_of_task": [
    5035, 
    6015, 
    4941.666666666667, 
    4225, 
    3380, 
    3055.8333333333335, 
    2437.8571428571427, 
    2291.875, 
    2037.2222222222222, 
    1706.5, 
    1834.5454545454545, 
    1527.9166666666667, 
    1889.6153846153845, 
    1582.5, 
    1544.6666666666667, 
    1384.6875, 
    1303.235294117647, 
    1395, 
    1293.421052631579, 
    1350.25, 
    1226.1904761904761, 
    1485.2272727272727, 
    1568.4782608695652, 
    1488.75, 
    1563, 
    1401.7307692307693, 
    1392.2222222222222, 
    1286.0714285714287, 
    1361.896551724138, 
    1312.3333333333333
   ], 
   "number_of_vehicles": 3
  }, 
  {
   "avg_task_cost_vs_number_of_task": [
    5035, 
    6015, 
    4941.666666666667, 
    4225, 
    3380, 
    2844.1666666666665, 
    2437.8571428571427, 
    2291.875, 
    1896.111111111111, 
    1833.5, 
    1666.8181818181818, 
    1617.9166666666667, 
    1821.1538461538462, 
    1604.2857142857142, 
    1640.6666666666667, 
    1496.875, 
    1408.8235294117646, 
    1404.1666666666667, 
    1364.2105263157894, 
    1226, 
    1471.4285714285713, 
    1467.7272727272727, 
    1356.304347826087, 
    1394.375, 
    1352, 
    1255.7692307692307, 
    1237.4074074074074, 
    1221.0714285714287, 
    1138.6206896551723, 
    1138.3333333333333
   ], 
   "number_of_vehicles": 4
  }, 
  {
   "avg_task_cost_vs_number_of_task": [
    5035, 
    6015, 
    4660, 
    4225, 
    3380, 
    2844.1666666666665, 
    2437.8571428571427, 
    2133.125, 
    1896.111111111111, 
    1706.5, 
    1666.8181818181818, 
    1527.9166666666667, 
    1718.076923076923, 
    1595.357142857143, 
    1529.6666666666667, 
    1434.0625, 
    1322.0588235294117, 
    1331.388888888889, 
    1260.5263157894738, 
    1229, 
    1244.7619047619048, 
    1456.590909090909, 
    1295.8695652173913, 
    1273.5416666666667, 
    1458.4, 
    1330.3846153846155, 
    1191.6666666666667, 
    1217.857142857143, 
    1137.2413793103449, 
    1233.3333333333333
   ], 
   "number_of_vehicles": 5
  }
 ], 
 "vehicle_starting_positions": [
  "Monaco", 
  "Lyon", 
  "Bordeaux", 
  "Brest", 
  "Paris", 
  "Gen\u00e8ve", 
  "Marseille", 
  "Le Havre", 
  "Strasbourg"
 ], 
 "task_distribution": {
  "distance_matrix": [
   [
    0, 
    591, 
    1373, 
    1206, 
    1598, 
    787, 
    1175, 
    1057, 
    1078
   ], 
   [
    591, 
    0, 
    782, 
    615, 
    1007, 
    196, 
    584, 
    466, 
    487
   ], 
   [
    1373, 
    782, 
    0, 
    465, 
    225, 
    978, 
    646, 
    316, 
    854
   ], 
   [
    1206, 
    615, 
    465, 
    0, 
    521, 
    811, 
    737, 
    149, 
    389
   ], 
   [
    1598, 
    1007, 
    225, 
    521, 
    0, 
    1203, 
    871, 
    541, 
    910
   ], 
   [
    787, 
    196, 
    978, 
    811, 
    1203, 
    0, 
    780, 
    662, 
    683
   ], 
   [
    1175, 
    584, 
    646, 
    737, 
    871, 
    780, 
    0, 
    588, 
    1071
   ], 
   [
    1057, 
    466, 
    316, 
    149, 
    541, 
    662, 
    588, 
    0, 
    538
   ], 
   [
    1078, 
    487, 
    854, 
    389, 
    910, 
    683, 
    1071, 
    538, 
    0
   ]
  ], 
  "weight_matrix": [
   [
    0, 
    3, 
    3, 
    3, 
    3, 
    3, 
    3, 
    3, 
    3
   ], 
   [
    3, 
    0, 
    3, 
    3, 
    3, 
    3, 
    3, 
    3, 
    3
   ], 
   [
    3, 
    3, 
    0, 
    3, 
    3, 
    3, 
    3, 
    3, 
    3
   ], 
   [
    3, 
    3, 
    3, 
    0, 
    3, 
    3, 
    3, 
    3, 
    3
   ], 
   [
    3, 
    3, 
    3, 
    3, 
    0, 
    3, 
    3, 
    3, 
    3
   ], 
   [
    3, 
    3, 
    3, 
    3, 
    3, 
    0, 
    3, 
    3, 
    3
   ], 
   [
    3, 
    3, 
    3, 
    3, 
    3, 
    3, 
    0, 
    3, 
    3
   ], 
   [
    3, 
    3, 
    3, 
    3, 
    3, 
    3, 
    3, 
    0, 
    3
   ], 
   [
    3, 
    3, 
    3, 
    3, 
    3, 
    3, 
    3, 
    3, 
    0
   ]
  ], 
  "city_names": [
   "Brest", 
   "Paris", 
   "Marseille", 
   "Gen\u00e8ve", 
   "Monaco", 
   "Le Havre", 
   "Bordeaux", 
   "Lyon", 
   "Strasbourg"
  ], 
  "reward_matrix": [
   [
    0, 
    69526, 
    15612, 
    27125, 
    100, 
    56013, 
    29263, 
    37398, 
    35950
   ], 
   [
    69526, 
    0, 
    56357, 
    67871, 
    40845, 
    96758, 
    70008, 
    78143, 
    76696
   ], 
   [
    15612, 
    56357, 
    0, 
    78212, 
    94759, 
    42844, 
    65734, 
    88485, 
    51393
   ], 
   [
    27125, 
    67871, 
    78212, 
    0, 
    74352, 
    54358, 
    59460, 
    99999, 
    83452
   ], 
   [
    100, 
    40845, 
    94759, 
    74352, 
    0, 
    27332, 
    50221, 
    72973, 
    47533
   ], 
   [
    56013, 
    96758, 
    42844, 
    54358, 
    27332, 
    0, 
    56495, 
    64631, 
    63183
   ], 
   [
    29263, 
    70008, 
    65734, 
    59460, 
    50221, 
    56495, 
    0, 
    69732, 
    36433
   ], 
   [
    37398, 
    78143, 
    88485, 
    99999, 
    72973, 
    64631, 
    69732, 
    0, 
    73180
   ], 
   [
    35950, 
    76696, 
    51393, 
    83452, 
    47533, 
    63183, 
    36433, 
    73180, 
    0
   ]
  ], 
  "probability_matrix": [
   [
    0, 
    0.10821146430744051, 
    0.12970319508648964, 
    0.11849436201063092, 
    0.09415249958534011, 
    0.19710463713374843, 
    0.04802343752904278, 
    0.10800601542500515, 
    0.1963043889223023
   ], 
   [
    0.09027696294071093, 
    0, 
    0.10642002506279902, 
    0.003934163138498607, 
    0.1902392510373623, 
    0.3161010171497516, 
    0.11149934373842135, 
    0.1637712245582108, 
    0.017758012374245423
   ], 
   [
    0.20130067102326768, 
    0.06921669207856461, 
    0, 
    0.15132639171285495, 
    0.05991106440767827, 
    0.016393122033212856, 
    0.18308957793381028, 
    0.05719918460683333, 
    0.2615632962037781
   ], 
   [
    0.08614464581126909, 
    0.23326875184938942, 
    0.13359589588669682, 
    0, 
    0.19918463749100446, 
    0.12783912552436238, 
    0.14813714666624228, 
    0.06948162294752089, 
    0.002348173823514714
   ], 
   [
    0.14148815653728464, 
    0.09873271722341874, 
    0.12398253624754549, 
    0.11930305872094714, 
    0, 
    0.07803051337804001, 
    0.1841973793474964, 
    0.07843862637661957, 
    0.1758270121686481
   ], 
   [
    0.257915873945054, 
    0.014472120336020812, 
    0.23080242347203828, 
    0.15105252047392145, 
    0.0946249884967128, 
    0, 
    0.07806800611335095, 
    0.050675782812174386, 
    0.1223882843507273
   ], 
   [
    0.19173625819324805, 
    0.0399879802899876, 
    0.028708451283048376, 
    0.22328541334281599, 
    0.11259763810360693, 
    0.12984445306879244, 
    0, 
    0.022318067847851834, 
    0.2515217378706487
   ], 
   [
    0.038755755790485166, 
    0.02440832300019105, 
    0.11506626270316925, 
    0.04492091457542212, 
    0.20962838922175772, 
    0.22274679833806324, 
    0.13102672897071843, 
    0, 
    0.213446827400193
   ], 
   [
    0.02568596663982612, 
    0.2208906932347672, 
    0.23215392784642658, 
    0.093964651396564, 
    0.2715200662557481, 
    0.044969136834484696, 
    0.0868562415686123, 
    0.023959316223571035, 
    0
   ]
  ]
 }, 
 "vehicle_capacities": [
  30, 
  30, 
  30, 
  30, 
  30
 ]
}