{
 "vehicle_cost_per_km": [
  5, 
  5, 
  5, 
  5, 
  5
 ], 
 "runs": [
  {
   "avg_task_cost_vs_number_of_task": [
    5035, 
    4472.5, 
    4333.333333333333, 
    4103.75, 
    4259, 
    4700.833333333333, 
    5273.571428571428, 
    5100.625, 
    4867.222222222223, 
    4789, 
    5215, 
    5272.916666666667, 
    5402.307692307692, 
    5090.714285714285, 
    5005, 
    4977.5, 
    5104.705882352941, 
    5506.944444444444, 
    5271.8421052631575, 
    5193, 
    5202.380952380952, 
    5123.863636363636, 
    5087.173913043478, 
    5041.041666666667, 
    5073.4, 
    5152.884615384615, 
    4993.333333333333, 
    5094.285714285715, 
    4952.413793103448, 
    4862
   ], 
   "number_of_vehicles": 3
  }
 ], 
 "vehicle_starting_positions": [
  "Brest", 
  "Paris", 
  "Marseille", 
  "Gen\u00e8ve", 
  "Monaco", 
  "Le Havre", 
  "Bordeaux", 
  "Lyon", 
  "Strasbourg"
 ], 
 "task_distribution": {
  "distance_matrix": [
   [
    0, 
    591, 
    1373, 
    1206, 
    1598, 
    787, 
    1175, 
    1057, 
    1078
   ], 
   [
    591, 
    0, 
    782, 
    615, 
    1007, 
    196, 
    584, 
    466, 
    487
   ], 
   [
    1373, 
    782, 
    0, 
    465, 
    225, 
    978, 
    646, 
    316, 
    854
   ], 
   [
    1206, 
    615, 
    465, 
    0, 
    521, 
    811, 
    737, 
    149, 
    389
   ], 
   [
    1598, 
    1007, 
    225, 
    521, 
    0, 
    1203, 
    871, 
    541, 
    910
   ], 
   [
    787, 
    196, 
    978, 
    811, 
    1203, 
    0, 
    780, 
    662, 
    683
   ], 
   [
    1175, 
    584, 
    646, 
    737, 
    871, 
    780, 
    0, 
    588, 
    1071
   ], 
   [
    1057, 
    466, 
    316, 
    149, 
    541, 
    662, 
    588, 
    0, 
    538
   ], 
   [
    1078, 
    487, 
    854, 
    389, 
    910, 
    683, 
    1071, 
    538, 
    0
   ]
  ], 
  "weight_matrix": [
   [
    0, 
    3, 
    3, 
    3, 
    3, 
    3, 
    3, 
    3, 
    3
   ], 
   [
    3, 
    0, 
    3, 
    3, 
    3, 
    3, 
    3, 
    3, 
    3
   ], 
   [
    3, 
    3, 
    0, 
    3, 
    3, 
    3, 
    3, 
    3, 
    3
   ], 
   [
    3, 
    3, 
    3, 
    0, 
    3, 
    3, 
    3, 
    3, 
    3
   ], 
   [
    3, 
    3, 
    3, 
    3, 
    0, 
    3, 
    3, 
    3, 
    3
   ], 
   [
    3, 
    3, 
    3, 
    3, 
    3, 
    0, 
    3, 
    3, 
    3
   ], 
   [
    3, 
    3, 
    3, 
    3, 
    3, 
    3, 
    0, 
    3, 
    3
   ], 
   [
    3, 
    3, 
    3, 
    3, 
    3, 
    3, 
    3, 
    0, 
    3
   ], 
   [
    3, 
    3, 
    3, 
    3, 
    3, 
    3, 
    3, 
    3, 
    0
   ]
  ], 
  "city_names": [
   "Brest", 
   "Paris", 
   "Marseille", 
   "Gen\u00e8ve", 
   "Monaco", 
   "Le Havre", 
   "Bordeaux", 
   "Lyon", 
   "Strasbourg"
  ], 
  "reward_matrix": [
   [
    0, 
    69526, 
    15612, 
    27125, 
    100, 
    56013, 
    29263, 
    37398, 
    35950
   ], 
   [
    69526, 
    0, 
    56357, 
    67871, 
    40845, 
    96758, 
    70008, 
    78143, 
    76696
   ], 
   [
    15612, 
    56357, 
    0, 
    78212, 
    94759, 
    42844, 
    65734, 
    88485, 
    51393
   ], 
   [
    27125, 
    67871, 
    78212, 
    0, 
    74352, 
    54358, 
    59460, 
    99999, 
    83452
   ], 
   [
    100, 
    40845, 
    94759, 
    74352, 
    0, 
    27332, 
    50221, 
    72973, 
    47533
   ], 
   [
    56013, 
    96758, 
    42844, 
    54358, 
    27332, 
    0, 
    56495, 
    64631, 
    63183
   ], 
   [
    29263, 
    70008, 
    65734, 
    59460, 
    50221, 
    56495, 
    0, 
    69732, 
    36433
   ], 
   [
    37398, 
    78143, 
    88485, 
    99999, 
    72973, 
    64631, 
    69732, 
    0, 
    73180
   ], 
   [
    35950, 
    76696, 
    51393, 
    83452, 
    47533, 
    63183, 
    36433, 
    73180, 
    0
   ]
  ], 
  "probability_matrix": [
   [
    0, 
    0.021079968101273085, 
    0.14755212235942067, 
    0.2705130789052031, 
    0.037231560123523307, 
    0.32433715943642716, 
    0.0067768673614347665, 
    0.12234077711051837, 
    0.0701684666021995
   ], 
   [
    0.2603576179534182, 
    0, 
    0.07191642370439269, 
    0.16107726211720158, 
    0.06984429011295099, 
    0.29665822305604334, 
    0.0227178990637315, 
    0.0798126393287516, 
    0.03761564466351017
   ], 
   [
    0.1648826590732349, 
    0.17894929850602523, 
    0, 
    0.11164047160637439, 
    0.041379588580500865, 
    0.1041766779782812, 
    0.19425556179582773, 
    0.16239204473089905, 
    0.04232369772885665
   ], 
   [
    0.11249558448086615, 
    0.0050540246025288366, 
    0.14787136807335127, 
    0, 
    0.22366263142471415, 
    0.10648026349439851, 
    0.15562402043828463, 
    0.08159877120912938, 
    0.16721333627672724
   ], 
   [
    0.1629995772644407, 
    0.11591769459708137, 
    0.110688716501701, 
    0.0997327641326964, 
    0, 
    0.16872458465714651, 
    0.12693783897321864, 
    0.1205784361589093, 
    0.09442038771480585
   ], 
   [
    0.05794179473274492, 
    0.012543521694044876, 
    0.20679005190351482, 
    0.2189950380503298, 
    0.08898408163276857, 
    0, 
    0.08324884856032848, 
    0.11834849175385566, 
    0.21314817167241296
   ], 
   [
    0.14646844350755855, 
    0.1961221493447329, 
    0.03355241035099755, 
    0.16679060385103148, 
    0.12188901566413413, 
    0.07136282152858467, 
    0, 
    0.10907114250356524, 
    0.15474341324939553
   ], 
   [
    0.08264411949863502, 
    0.14559458941674508, 
    0.0033697091412204544, 
    0.11930363991330117, 
    0.0990073492460847, 
    0.3007708017778465, 
    0.04398900299291598, 
    0, 
    0.20532078801325127
   ], 
   [
    0.2219721750059727, 
    0.06331899519992094, 
    0.20940188119631886, 
    0.04498641668005025, 
    0.0016302599774416485, 
    0.07596940128107561, 
    0.18243343445233842, 
    0.20028743620688166, 
    0
   ]
  ]
 }, 
 "vehicle_capacities": [
  5, 
  5, 
  5, 
  30, 
  30, 
  30, 
  30, 
  30, 
  30
 ]
}