{
 "vehicle_cost_per_km": [
  5, 
  15, 
  15, 
  5, 
  5, 
  5, 
  5, 
  5, 
  5
 ], 
 "runs": [
  {
   "avg_task_cost_vs_number_of_task": [
    9940, 
    7487.5, 
    4991.666666666667, 
    4421.25, 
    3537, 
    2947.5, 
    3076.4285714285716, 
    2586.25, 
    2298.8888888888887, 
    2501.5, 
    2248.181818181818, 
    2141.6666666666665, 
    2075, 
    2387.5, 
    2536, 
    2046.875, 
    2046.1764705882354, 
    2244.1666666666665, 
    2534.4736842105262, 
    2097.25, 
    2328.809523809524, 
    2609.7727272727275, 
    2062.1739130434785, 
    2137.9166666666665, 
    2433.6, 
    2232.8846153846152, 
    2244.6296296296296, 
    2415.3571428571427, 
    2442.0689655172414, 
    2396.1666666666665
   ], 
   "number_of_vehicles": 3
  }
 ], 
 "vehicle_starting_positions": [
  "Brest", 
  "Paris", 
  "Marseille", 
  "Gen\u00c3\u00a8ve", 
  "Monaco", 
  "Le Havre", 
  "Bordeaux", 
  "Lyon", 
  "Strasbourg"
 ], 
 "task_distribution": {
  "distance_matrix": [
   [
    0, 
    591, 
    1373, 
    1206, 
    1598, 
    787, 
    1175, 
    1057, 
    1078
   ], 
   [
    591, 
    0, 
    782, 
    615, 
    1007, 
    196, 
    584, 
    466, 
    487
   ], 
   [
    1373, 
    782, 
    0, 
    465, 
    225, 
    978, 
    646, 
    316, 
    854
   ], 
   [
    1206, 
    615, 
    465, 
    0, 
    521, 
    811, 
    737, 
    149, 
    389
   ], 
   [
    1598, 
    1007, 
    225, 
    521, 
    0, 
    1203, 
    871, 
    541, 
    910
   ], 
   [
    787, 
    196, 
    978, 
    811, 
    1203, 
    0, 
    780, 
    662, 
    683
   ], 
   [
    1175, 
    584, 
    646, 
    737, 
    871, 
    780, 
    0, 
    588, 
    1071
   ], 
   [
    1057, 
    466, 
    316, 
    149, 
    541, 
    662, 
    588, 
    0, 
    538
   ], 
   [
    1078, 
    487, 
    854, 
    389, 
    910, 
    683, 
    1071, 
    538, 
    0
   ]
  ], 
  "weight_matrix": [
   [
    0, 
    3, 
    3, 
    3, 
    3, 
    3, 
    3, 
    3, 
    3
   ], 
   [
    3, 
    0, 
    3, 
    3, 
    3, 
    3, 
    3, 
    3, 
    3
   ], 
   [
    3, 
    3, 
    0, 
    3, 
    3, 
    3, 
    3, 
    3, 
    3
   ], 
   [
    3, 
    3, 
    3, 
    0, 
    3, 
    3, 
    3, 
    3, 
    3
   ], 
   [
    3, 
    3, 
    3, 
    3, 
    0, 
    3, 
    3, 
    3, 
    3
   ], 
   [
    3, 
    3, 
    3, 
    3, 
    3, 
    0, 
    3, 
    3, 
    3
   ], 
   [
    3, 
    3, 
    3, 
    3, 
    3, 
    3, 
    0, 
    3, 
    3
   ], 
   [
    3, 
    3, 
    3, 
    3, 
    3, 
    3, 
    3, 
    0, 
    3
   ], 
   [
    3, 
    3, 
    3, 
    3, 
    3, 
    3, 
    3, 
    3, 
    0
   ]
  ], 
  "city_names": [
   "Brest", 
   "Paris", 
   "Marseille", 
   "Gen\u00c3\u00a8ve", 
   "Monaco", 
   "Le Havre", 
   "Bordeaux", 
   "Lyon", 
   "Strasbourg"
  ], 
  "reward_matrix": [
   [
    0, 
    69526, 
    15612, 
    27125, 
    100, 
    56013, 
    29263, 
    37398, 
    35950
   ], 
   [
    69526, 
    0, 
    56357, 
    67871, 
    40845, 
    96758, 
    70008, 
    78143, 
    76696
   ], 
   [
    15612, 
    56357, 
    0, 
    78212, 
    94759, 
    42844, 
    65734, 
    88485, 
    51393
   ], 
   [
    27125, 
    67871, 
    78212, 
    0, 
    74352, 
    54358, 
    59460, 
    99999, 
    83452
   ], 
   [
    100, 
    40845, 
    94759, 
    74352, 
    0, 
    27332, 
    50221, 
    72973, 
    47533
   ], 
   [
    56013, 
    96758, 
    42844, 
    54358, 
    27332, 
    0, 
    56495, 
    64631, 
    63183
   ], 
   [
    29263, 
    70008, 
    65734, 
    59460, 
    50221, 
    56495, 
    0, 
    69732, 
    36433
   ], 
   [
    37398, 
    78143, 
    88485, 
    99999, 
    72973, 
    64631, 
    69732, 
    0, 
    73180
   ], 
   [
    35950, 
    76696, 
    51393, 
    83452, 
    47533, 
    63183, 
    36433, 
    73180, 
    0
   ]
  ], 
  "probability_matrix": [
   [
    0, 
    0.11316059324996681, 
    0.027063816608980964, 
    0.15458326936283567, 
    0.055562855480221496, 
    0.04582569151825877, 
    0.31668618064453447, 
    0.14086713633822728, 
    0.1462504567969744
   ], 
   [
    0.1361270244852973, 
    0, 
    0.26172622782613153, 
    0.16283543555355393, 
    0.24334603633084803, 
    0.14703921350325366, 
    0.008551990248364035, 
    0.014871233502392153, 
    0.025502838550159404
   ], 
   [
    0.22889714817917486, 
    0.09734527660394682, 
    0, 
    0.19806866663013242, 
    0.15959641461883758, 
    0.16479408009232493, 
    0.05339698645967421, 
    0.019903197491013536, 
    0.07799822992489545
   ], 
   [
    0.2116885017120625, 
    0.056377722800414976, 
    0.20211631751931353, 
    0, 
    0.11472633139423852, 
    0.06217914876208488, 
    0.18020006848723633, 
    0.005334662148675385, 
    0.167377247175974
   ], 
   [
    0.15783563991912616, 
    0.12846851496292186, 
    0.06708767327053748, 
    0.061428397781802056, 
    0, 
    0.1724675330829114, 
    0.17021954667915062, 
    0.1210675037412647, 
    0.1214251905622859
   ], 
   [
    0.06896194735506259, 
    0.2020355333867826, 
    0.11138772581743185, 
    0.22109987652525404, 
    0.06098870093571154, 
    0, 
    0.2408325718624324, 
    0.024114049752411517, 
    0.07057959436491351
   ], 
   [
    0.0250994497844191, 
    0.34944126598076053, 
    0.07345781887346507, 
    0.10684123234219729, 
    0.031067450303927272, 
    0.0018905054017820415, 
    0, 
    0.11714751050886678, 
    0.2950547668045819
   ], 
   [
    0.024273947895720814, 
    0.19390150673021606, 
    0.09058302124207653, 
    0.05391266187928635, 
    0.19885654541856082, 
    0.22452137651588958, 
    0.20234683487678506, 
    0, 
    0.011604105441464809
   ], 
   [
    0.03988315062887192, 
    0.23658549698983122, 
    0.023988219670099217, 
    0.19725736683250003, 
    0.17139521821880416, 
    0.05166333063083305, 
    0.046338176494433246, 
    0.23288904053462708, 
    0
   ]
  ]
 }, 
 "vehicle_capacities": [
  15, 
  15, 
  15, 
  30, 
  30, 
  30, 
  30, 
  30, 
  30
 ]
}