{
 "vehicle_cost_per_km": [
  5, 
  5, 
  5, 
  5, 
  5
 ], 
 "runs": [
  {
   "avg_task_cost_vs_number_of_task": [
    11315, 
    6447.5, 
    4733.333333333333, 
    4131.25, 
    4343, 
    3619.1666666666665, 
    3327.8571428571427, 
    2890, 
    2568.8888888888887, 
    2441, 
    2295.909090909091, 
    2034.1666666666667, 
    2055.3846153846152, 
    1906.4285714285713, 
    1781.3333333333333, 
    1618.75, 
    1752.9411764705883, 
    1572.7777777777778, 
    1607.3684210526317, 
    1415.5, 
    1388.3333333333333, 
    1325.2272727272727, 
    1336.304347826087, 
    1287.2916666666667, 
    1347.6, 
    1163.4615384615386, 
    1230.7407407407406, 
    1159.8214285714287, 
    1191.2068965517242, 
    1316.3333333333333
   ], 
   "number_of_vehicles": 2
  }, 
  {
   "avg_task_cost_vs_number_of_task": [
    11315, 
    6447.5, 
    4733.333333333333, 
    4131.25, 
    4343, 
    3619.1666666666665, 
    3102.1428571428573, 
    2890, 
    2568.8888888888887, 
    2599, 
    2204.090909090909, 
    2020.4166666666667, 
    2125.769230769231, 
    1908.5714285714287, 
    1781.3333333333333, 
    1645.3125, 
    1665.2941176470588, 
    1655.5555555555557, 
    1690, 
    1490, 
    1552.3809523809523, 
    1527.2727272727273, 
    1315.2173913043478, 
    1226.4583333333333, 
    1192, 
    1189.6153846153845, 
    1103.7037037037037, 
    1216.7857142857142, 
    1300.344827586207, 
    1086
   ], 
   "number_of_vehicles": 3
  }, 
  {
   "avg_task_cost_vs_number_of_task": [
    11315, 
    6447.5, 
    4733.333333333333, 
    4131.25, 
    4343, 
    3619.1666666666665, 
    3262.8571428571427, 
    2890, 
    2693.8888888888887, 
    2441, 
    2219.090909090909, 
    2020.4166666666667, 
    2127.3076923076924, 
    1973.9285714285713, 
    1856.3333333333333, 
    1670, 
    1705.2941176470588, 
    1680.5555555555557, 
    1534.4736842105262, 
    1504.25, 
    1529.7619047619048, 
    1464.5454545454545, 
    1331.304347826087, 
    1342.5, 
    1470.6, 
    1268.076923076923, 
    1321.4814814814815, 
    1255.892857142857, 
    1394.1379310344828, 
    1246.6666666666667
   ], 
   "number_of_vehicles": 4
  }, 
  {
   "avg_task_cost_vs_number_of_task": [
    11315, 
    6447.5, 
    4733.333333333333, 
    4131.25, 
    4343, 
    3619.1666666666665, 
    3327.8571428571427, 
    3030.625, 
    2927.777777777778, 
    2441, 
    2204.090909090909, 
    2020.4166666666667, 
    2055.3846153846152, 
    2021.4285714285713, 
    1842.3333333333333, 
    1727.1875, 
    1705.2941176470588, 
    1635.2777777777778, 
    1617.3684210526317, 
    1610, 
    1440.4761904761904, 
    1426.1363636363637, 
    1497.1739130434783, 
    1445.625, 
    1229.4, 
    1177.6923076923076, 
    1090.1851851851852, 
    1160.357142857143, 
    1308.9655172413793, 
    1408.6666666666667
   ], 
   "number_of_vehicles": 5
  }
 ], 
 "vehicle_starting_positions": [
  "Marseille", 
  "Lyon", 
  "Monaco", 
  "Gen\u00e8ve", 
  "Bordeaux", 
  "Paris", 
  "Brest", 
  "Le Havre", 
  "Strasbourg"
 ], 
 "task_distribution": {
  "distance_matrix": [
   [
    0, 
    591, 
    1373, 
    1206, 
    1598, 
    787, 
    1175, 
    1057, 
    1078
   ], 
   [
    591, 
    0, 
    782, 
    615, 
    1007, 
    196, 
    584, 
    466, 
    487
   ], 
   [
    1373, 
    782, 
    0, 
    465, 
    225, 
    978, 
    646, 
    316, 
    854
   ], 
   [
    1206, 
    615, 
    465, 
    0, 
    521, 
    811, 
    737, 
    149, 
    389
   ], 
   [
    1598, 
    1007, 
    225, 
    521, 
    0, 
    1203, 
    871, 
    541, 
    910
   ], 
   [
    787, 
    196, 
    978, 
    811, 
    1203, 
    0, 
    780, 
    662, 
    683
   ], 
   [
    1175, 
    584, 
    646, 
    737, 
    871, 
    780, 
    0, 
    588, 
    1071
   ], 
   [
    1057, 
    466, 
    316, 
    149, 
    541, 
    662, 
    588, 
    0, 
    538
   ], 
   [
    1078, 
    487, 
    854, 
    389, 
    910, 
    683, 
    1071, 
    538, 
    0
   ]
  ], 
  "weight_matrix": [
   [
    0, 
    3, 
    3, 
    3, 
    3, 
    3, 
    3, 
    3, 
    3
   ], 
   [
    3, 
    0, 
    3, 
    3, 
    3, 
    3, 
    3, 
    3, 
    3
   ], 
   [
    3, 
    3, 
    0, 
    3, 
    3, 
    3, 
    3, 
    3, 
    3
   ], 
   [
    3, 
    3, 
    3, 
    0, 
    3, 
    3, 
    3, 
    3, 
    3
   ], 
   [
    3, 
    3, 
    3, 
    3, 
    0, 
    3, 
    3, 
    3, 
    3
   ], 
   [
    3, 
    3, 
    3, 
    3, 
    3, 
    0, 
    3, 
    3, 
    3
   ], 
   [
    3, 
    3, 
    3, 
    3, 
    3, 
    3, 
    0, 
    3, 
    3
   ], 
   [
    3, 
    3, 
    3, 
    3, 
    3, 
    3, 
    3, 
    0, 
    3
   ], 
   [
    3, 
    3, 
    3, 
    3, 
    3, 
    3, 
    3, 
    3, 
    0
   ]
  ], 
  "city_names": [
   "Brest", 
   "Paris", 
   "Marseille", 
   "Gen\u00e8ve", 
   "Monaco", 
   "Le Havre", 
   "Bordeaux", 
   "Lyon", 
   "Strasbourg"
  ], 
  "reward_matrix": [
   [
    0, 
    69526, 
    15612, 
    27125, 
    100, 
    56013, 
    29263, 
    37398, 
    35950
   ], 
   [
    69526, 
    0, 
    56357, 
    67871, 
    40845, 
    96758, 
    70008, 
    78143, 
    76696
   ], 
   [
    15612, 
    56357, 
    0, 
    78212, 
    94759, 
    42844, 
    65734, 
    88485, 
    51393
   ], 
   [
    27125, 
    67871, 
    78212, 
    0, 
    74352, 
    54358, 
    59460, 
    99999, 
    83452
   ], 
   [
    100, 
    40845, 
    94759, 
    74352, 
    0, 
    27332, 
    50221, 
    72973, 
    47533
   ], 
   [
    56013, 
    96758, 
    42844, 
    54358, 
    27332, 
    0, 
    56495, 
    64631, 
    63183
   ], 
   [
    29263, 
    70008, 
    65734, 
    59460, 
    50221, 
    56495, 
    0, 
    69732, 
    36433
   ], 
   [
    37398, 
    78143, 
    88485, 
    99999, 
    72973, 
    64631, 
    69732, 
    0, 
    73180
   ], 
   [
    35950, 
    76696, 
    51393, 
    83452, 
    47533, 
    63183, 
    36433, 
    73180, 
    0
   ]
  ], 
  "probability_matrix": [
   [
    0, 
    0.18868871846703728, 
    0.028216641835864545, 
    0.16799321175209517, 
    0.06279424282380765, 
    0.16416010933293906, 
    0.06061431328930308, 
    0.17621121259851455, 
    0.1513215499004387
   ], 
   [
    0.0036881553546190336, 
    0, 
    0.07822260933200126, 
    0.10202457430585743, 
    0.02732652756667611, 
    0.259508083451714, 
    0.1513749432580628, 
    0.3153695337139281, 
    0.06248557301714119
   ], 
   [
    0.12162841372776041, 
    0.1985917876431597, 
    0, 
    0.1440509720902931, 
    0.02385100645371706, 
    0.0616237848829681, 
    0.05037827817836291, 
    0.18125100426866061, 
    0.21862475275507812
   ], 
   [
    0.12968718043095848, 
    0.13922357394600804, 
    0.08495081808883337, 
    0, 
    0.12411411361311203, 
    0.1465926284159198, 
    0.1569593944439838, 
    0.11220560296963498, 
    0.10626668809154943
   ], 
   [
    0.010077002891707683, 
    0.059348648711317065, 
    0.3503812503840864, 
    0.05403511408669561, 
    0, 
    0.1632252995726828, 
    0.1836442676153267, 
    0.16351642931738047, 
    0.015771987420803286
   ], 
   [
    0.18672458120065025, 
    0.11287926517196602, 
    0.13670205221437132, 
    0.19098330971234398, 
    0.12422339295190193, 
    0, 
    0.18575978370995547, 
    0.01633429153576107, 
    0.04639332350304975
   ], 
   [
    0.12615419748019074, 
    0.0023970542329096334, 
    0.03604996034826579, 
    0.2674071232552852, 
    0.04612344014663578, 
    0.16981713215061067, 
    0, 
    0.14687784839220303, 
    0.20517324399389902
   ], 
   [
    0.1324009924509097, 
    0.15283700781961182, 
    0.0832065273062294, 
    0.15117609053640674, 
    0.001256161413077038, 
    0.123353119261607, 
    0.19996823240399553, 
    0, 
    0.15580186880816288
   ], 
   [
    0.015557443609583398, 
    0.12549164282484349, 
    0.09593037114846127, 
    0.174155814210924, 
    0.16882718002833902, 
    0.09592743356895951, 
    0.1537339047570907, 
    0.17037620985179858, 
    0
   ]
  ]
 }, 
 "vehicle_capacities": [
  30, 
  30, 
  30, 
  30, 
  30
 ]
}