{
 "vehicle_cost_per_km": [
  5, 
  5, 
  5, 
  5, 
  5, 
  5, 
  5, 
  5, 
  5
 ], 
 "runs": [
  {
   "avg_task_cost_vs_number_of_task": [
    5035, 
    7070, 
    4713.333333333333, 
    3977.5, 
    3574, 
    2978.3333333333335, 
    2897.8571428571427, 
    2640, 
    2346.6666666666665, 
    2455.5, 
    2158.181818181818, 
    2157.5, 
    2263.4615384615386, 
    2402.1428571428573, 
    2256, 
    1930.3125, 
    2164.4117647058824, 
    2078.0555555555557, 
    2260.2631578947367, 
    2323.75, 
    2091.6666666666665, 
    2128.181818181818, 
    2136.9565217391305, 
    2055.625, 
    2120.6, 
    2089.6153846153848, 
    2064.074074074074, 
    2203.214285714286, 
    2020.6896551724137, 
    2130.1666666666665
   ], 
   "number_of_vehicles": 3
  }
 ], 
 "vehicle_starting_positions": [
  "Brest", 
  "Paris", 
  "Marseille", 
  "Gen\u00c3\u00a8ve", 
  "Monaco", 
  "Le Havre", 
  "Bordeaux", 
  "Lyon", 
  "Strasbourg"
 ], 
 "task_distribution": {
  "distance_matrix": [
   [
    0, 
    591, 
    1373, 
    1206, 
    1598, 
    787, 
    1175, 
    1057, 
    1078
   ], 
   [
    591, 
    0, 
    782, 
    615, 
    1007, 
    196, 
    584, 
    466, 
    487
   ], 
   [
    1373, 
    782, 
    0, 
    465, 
    225, 
    978, 
    646, 
    316, 
    854
   ], 
   [
    1206, 
    615, 
    465, 
    0, 
    521, 
    811, 
    737, 
    149, 
    389
   ], 
   [
    1598, 
    1007, 
    225, 
    521, 
    0, 
    1203, 
    871, 
    541, 
    910
   ], 
   [
    787, 
    196, 
    978, 
    811, 
    1203, 
    0, 
    780, 
    662, 
    683
   ], 
   [
    1175, 
    584, 
    646, 
    737, 
    871, 
    780, 
    0, 
    588, 
    1071
   ], 
   [
    1057, 
    466, 
    316, 
    149, 
    541, 
    662, 
    588, 
    0, 
    538
   ], 
   [
    1078, 
    487, 
    854, 
    389, 
    910, 
    683, 
    1071, 
    538, 
    0
   ]
  ], 
  "weight_matrix": [
   [
    0, 
    3, 
    3, 
    3, 
    3, 
    3, 
    3, 
    3, 
    3
   ], 
   [
    3, 
    0, 
    3, 
    3, 
    3, 
    3, 
    3, 
    3, 
    3
   ], 
   [
    3, 
    3, 
    0, 
    3, 
    3, 
    3, 
    3, 
    3, 
    3
   ], 
   [
    3, 
    3, 
    3, 
    0, 
    3, 
    3, 
    3, 
    3, 
    3
   ], 
   [
    3, 
    3, 
    3, 
    3, 
    0, 
    3, 
    3, 
    3, 
    3
   ], 
   [
    3, 
    3, 
    3, 
    3, 
    3, 
    0, 
    3, 
    3, 
    3
   ], 
   [
    3, 
    3, 
    3, 
    3, 
    3, 
    3, 
    0, 
    3, 
    3
   ], 
   [
    3, 
    3, 
    3, 
    3, 
    3, 
    3, 
    3, 
    0, 
    3
   ], 
   [
    3, 
    3, 
    3, 
    3, 
    3, 
    3, 
    3, 
    3, 
    0
   ]
  ], 
  "city_names": [
   "Brest", 
   "Paris", 
   "Marseille", 
   "Gen\u00c3\u00a8ve", 
   "Monaco", 
   "Le Havre", 
   "Bordeaux", 
   "Lyon", 
   "Strasbourg"
  ], 
  "reward_matrix": [
   [
    0, 
    69526, 
    15612, 
    27125, 
    100, 
    56013, 
    29263, 
    37398, 
    35950
   ], 
   [
    69526, 
    0, 
    56357, 
    67871, 
    40845, 
    96758, 
    70008, 
    78143, 
    76696
   ], 
   [
    15612, 
    56357, 
    0, 
    78212, 
    94759, 
    42844, 
    65734, 
    88485, 
    51393
   ], 
   [
    27125, 
    67871, 
    78212, 
    0, 
    74352, 
    54358, 
    59460, 
    99999, 
    83452
   ], 
   [
    100, 
    40845, 
    94759, 
    74352, 
    0, 
    27332, 
    50221, 
    72973, 
    47533
   ], 
   [
    56013, 
    96758, 
    42844, 
    54358, 
    27332, 
    0, 
    56495, 
    64631, 
    63183
   ], 
   [
    29263, 
    70008, 
    65734, 
    59460, 
    50221, 
    56495, 
    0, 
    69732, 
    36433
   ], 
   [
    37398, 
    78143, 
    88485, 
    99999, 
    72973, 
    64631, 
    69732, 
    0, 
    73180
   ], 
   [
    35950, 
    76696, 
    51393, 
    83452, 
    47533, 
    63183, 
    36433, 
    73180, 
    0
   ]
  ], 
  "probability_matrix": [
   [
    0, 
    0.06578619872699595, 
    0.04149683790219565, 
    0.08933963713499798, 
    0.08084953536153108, 
    0.2560115209840733, 
    0.2143032367910285, 
    0.019850417367426872, 
    0.23236261573175063
   ], 
   [
    0.012628337468743483, 
    0, 
    0.1560848205329217, 
    0.24617718153806792, 
    0.11219451368011575, 
    0.03197900449409083, 
    0.22038181755136474, 
    0.15252520193235397, 
    0.06802912280234162
   ], 
   [
    0.00866536182740546, 
    0.18114444433022023, 
    0, 
    0.1552343443995099, 
    0.25201583127636323, 
    0.12089456527041928, 
    0.2020079301843306, 
    0.016523152876829723, 
    0.06351436983492167
   ], 
   [
    0.14709595510832119, 
    0.13328313598507047, 
    0.1441446418343924, 
    0, 
    0.12861961929456886, 
    0.14138098375958305, 
    0.13776154267230764, 
    0.059427274577653684, 
    0.10828684676810253
   ], 
   [
    0.176629355418985, 
    0.05625192568546107, 
    0.10241632520985507, 
    0.1218024125717207, 
    0, 
    0.05255844946520875, 
    0.17866129295382488, 
    0.13764179810404012, 
    0.1740384405909045
   ], 
   [
    0.1592235257798845, 
    0.1679353718349421, 
    0.14053017924833522, 
    0.08744959351429514, 
    0.143207668786972, 
    0, 
    0.1382371791722714, 
    0.14025540976191905, 
    0.02316107190138047
   ], 
   [
    0.19846279124541788, 
    0.15549179320571005, 
    0.033455075814373396, 
    0.18513834274932353, 
    0.31976394017276033, 
    0.026766985673619844, 
    0, 
    0.07939266568528022, 
    0.0015284054535145916
   ], 
   [
    0.1385530619094639, 
    0.0992851609112109, 
    0.14217513102574164, 
    0.1218128043437992, 
    0.22391217899323906, 
    0.22388581040895397, 
    0.002339323682191001, 
    0, 
    0.0480365287254005
   ], 
   [
    0.03417792206040574, 
    0.11554566269428003, 
    0.003009022503805029, 
    0.053653326385866035, 
    0.1843910404115782, 
    0.24978400786735006, 
    0.22681417275449797, 
    0.1326248453222171, 
    0
   ]
  ]
 }, 
 "vehicle_capacities": [
  10, 
  10, 
  10, 
  30, 
  30, 
  30, 
  30, 
  30, 
  30
 ]
}