{
 "vehicle_cost_per_km": [
  5, 
  5, 
  5, 
  5, 
  5, 
  5, 
  5, 
  5, 
  5
 ], 
 "runs": [
  {
   "avg_task_cost_vs_number_of_task": [
    8355, 
    4177.5, 
    3535, 
    3910, 
    4296, 
    4480, 
    5044.285714285715, 
    5222.5, 
    4811.111111111111, 
    4715.5, 
    4729.545454545455, 
    4508.333333333333, 
    4361.538461538462, 
    4460, 
    4791.333333333333, 
    4783.125, 
    5309.411764705882, 
    5086.111111111111, 
    5230, 
    4968.5, 
    4802.857142857143, 
    4613.863636363636, 
    4413.260869565217, 
    4229.375, 
    4541.4, 
    4629.423076923077, 
    4903.518518518518, 
    4945.535714285715, 
    5075.3448275862065, 
    4980.833333333333
   ], 
   "number_of_vehicles": 3
  }
 ], 
 "vehicle_starting_positions": [
  "Brest", 
  "Paris", 
  "Marseille", 
  "Gen\u00c3\u00a8ve", 
  "Monaco", 
  "Le Havre", 
  "Bordeaux", 
  "Lyon", 
  "Strasbourg"
 ], 
 "task_distribution": {
  "distance_matrix": [
   [
    0, 
    591, 
    1373, 
    1206, 
    1598, 
    787, 
    1175, 
    1057, 
    1078
   ], 
   [
    591, 
    0, 
    782, 
    615, 
    1007, 
    196, 
    584, 
    466, 
    487
   ], 
   [
    1373, 
    782, 
    0, 
    465, 
    225, 
    978, 
    646, 
    316, 
    854
   ], 
   [
    1206, 
    615, 
    465, 
    0, 
    521, 
    811, 
    737, 
    149, 
    389
   ], 
   [
    1598, 
    1007, 
    225, 
    521, 
    0, 
    1203, 
    871, 
    541, 
    910
   ], 
   [
    787, 
    196, 
    978, 
    811, 
    1203, 
    0, 
    780, 
    662, 
    683
   ], 
   [
    1175, 
    584, 
    646, 
    737, 
    871, 
    780, 
    0, 
    588, 
    1071
   ], 
   [
    1057, 
    466, 
    316, 
    149, 
    541, 
    662, 
    588, 
    0, 
    538
   ], 
   [
    1078, 
    487, 
    854, 
    389, 
    910, 
    683, 
    1071, 
    538, 
    0
   ]
  ], 
  "weight_matrix": [
   [
    0, 
    3, 
    3, 
    3, 
    3, 
    3, 
    3, 
    3, 
    3
   ], 
   [
    3, 
    0, 
    3, 
    3, 
    3, 
    3, 
    3, 
    3, 
    3
   ], 
   [
    3, 
    3, 
    0, 
    3, 
    3, 
    3, 
    3, 
    3, 
    3
   ], 
   [
    3, 
    3, 
    3, 
    0, 
    3, 
    3, 
    3, 
    3, 
    3
   ], 
   [
    3, 
    3, 
    3, 
    3, 
    0, 
    3, 
    3, 
    3, 
    3
   ], 
   [
    3, 
    3, 
    3, 
    3, 
    3, 
    0, 
    3, 
    3, 
    3
   ], 
   [
    3, 
    3, 
    3, 
    3, 
    3, 
    3, 
    0, 
    3, 
    3
   ], 
   [
    3, 
    3, 
    3, 
    3, 
    3, 
    3, 
    3, 
    0, 
    3
   ], 
   [
    3, 
    3, 
    3, 
    3, 
    3, 
    3, 
    3, 
    3, 
    0
   ]
  ], 
  "city_names": [
   "Brest", 
   "Paris", 
   "Marseille", 
   "Gen\u00c3\u00a8ve", 
   "Monaco", 
   "Le Havre", 
   "Bordeaux", 
   "Lyon", 
   "Strasbourg"
  ], 
  "reward_matrix": [
   [
    0, 
    69526, 
    15612, 
    27125, 
    100, 
    56013, 
    29263, 
    37398, 
    35950
   ], 
   [
    69526, 
    0, 
    56357, 
    67871, 
    40845, 
    96758, 
    70008, 
    78143, 
    76696
   ], 
   [
    15612, 
    56357, 
    0, 
    78212, 
    94759, 
    42844, 
    65734, 
    88485, 
    51393
   ], 
   [
    27125, 
    67871, 
    78212, 
    0, 
    74352, 
    54358, 
    59460, 
    99999, 
    83452
   ], 
   [
    100, 
    40845, 
    94759, 
    74352, 
    0, 
    27332, 
    50221, 
    72973, 
    47533
   ], 
   [
    56013, 
    96758, 
    42844, 
    54358, 
    27332, 
    0, 
    56495, 
    64631, 
    63183
   ], 
   [
    29263, 
    70008, 
    65734, 
    59460, 
    50221, 
    56495, 
    0, 
    69732, 
    36433
   ], 
   [
    37398, 
    78143, 
    88485, 
    99999, 
    72973, 
    64631, 
    69732, 
    0, 
    73180
   ], 
   [
    35950, 
    76696, 
    51393, 
    83452, 
    47533, 
    63183, 
    36433, 
    73180, 
    0
   ]
  ], 
  "probability_matrix": [
   [
    0, 
    0.25910158086075424, 
    0.2494684898437999, 
    0.20960204324165785, 
    0.08478811743398366, 
    0.15835303318137436, 
    0.026443847311329597, 
    0.006455802270610138, 
    0.0057870858564903005
   ], 
   [
    0.16825033168341932, 
    0, 
    0.16323427249731307, 
    0.040154137370886106, 
    0.18866118911822577, 
    0.10204135601363762, 
    0.06911889713396525, 
    0.17906246443959212, 
    0.08947735174296076
   ], 
   [
    0.051828875139764696, 
    0.1600132332329127, 
    0, 
    0.15789142903584605, 
    0.10068538301285447, 
    0.11328645835231184, 
    0.13542728276471477, 
    0.15429640565686442, 
    0.12657093280473114
   ], 
   [
    0.09602724311307667, 
    0.1568974520779004, 
    0.03797909162480006, 
    0, 
    0.01862784014245339, 
    0.06198724390490556, 
    0.2357130785594428, 
    0.2566266157937501, 
    0.13614143478367094
   ], 
   [
    0.06630034877357895, 
    0.12794422889098697, 
    0.16492057478470157, 
    0.13946111338483563, 
    0, 
    0.00977004602445645, 
    0.21150380409716094, 
    0.1680392458479821, 
    0.11206063819629743
   ], 
   [
    0.1569131800000298, 
    0.1560776226499844, 
    0.1047763257976438, 
    0.1515005114180311, 
    0.1734059912151393, 
    0, 
    0.09017558615314593, 
    0.06441182047151055, 
    0.10273896229451514
   ], 
   [
    0.10433522243229902, 
    0.1854245169106021, 
    0.11608786454025728, 
    0.19640141173560996, 
    0.1339436977578746, 
    0.023005095445062695, 
    0, 
    0.05177197695109339, 
    0.18903021422720084
   ], 
   [
    0.02249938095579447, 
    0.0828690216088811, 
    0.19333147240972443, 
    0.24751267344680108, 
    0.10839060978563976, 
    0.18362465406041584, 
    0.037443611566752605, 
    0, 
    0.12432857616599081
   ], 
   [
    0.11203835688211485, 
    0.17351134945283042, 
    0.1269213084993505, 
    0.12852594305254827, 
    0.03264760595212356, 
    0.14650314129362485, 
    0.20385980601077167, 
    0.07599248885663591, 
    0
   ]
  ]
 }, 
 "vehicle_capacities": [
  5, 
  5, 
  5, 
  30, 
  30, 
  30, 
  30, 
  30, 
  30
 ]
}