{
 "vehicle_cost_per_km": [
  5, 
  15, 
  10, 
  5, 
  5, 
  5, 
  5, 
  5, 
  5
 ], 
 "runs": [
  {
   "avg_task_cost_vs_number_of_task": [
    15980, 
    11925, 
    8603.333333333334, 
    6452.5, 
    6094, 
    6965, 
    7408.571428571428, 
    6727.5, 
    6636.666666666667, 
    6460, 
    6030.909090909091, 
    5765.833333333333, 
    5754.2307692307695, 
    5343.214285714285, 
    5384.333333333333, 
    5263.4375, 
    5519.117647058823, 
    5321.111111111111, 
    5411.315789473684, 
    5436.25, 
    5349.523809523809, 
    5106.363636363636, 
    4967.608695652174, 
    5094.166666666667, 
    5053.2, 
    4780, 
    5096.851851851852, 
    4951.964285714285, 
    5019.310344827586, 
    5258.666666666667
   ], 
   "number_of_vehicles": 3
  }
 ], 
 "vehicle_starting_positions": [
  "Brest", 
  "Paris", 
  "Marseille", 
  "Gen\u00c3\u00a8ve", 
  "Monaco", 
  "Le Havre", 
  "Bordeaux", 
  "Lyon", 
  "Strasbourg"
 ], 
 "task_distribution": {
  "distance_matrix": [
   [
    0, 
    591, 
    1373, 
    1206, 
    1598, 
    787, 
    1175, 
    1057, 
    1078
   ], 
   [
    591, 
    0, 
    782, 
    615, 
    1007, 
    196, 
    584, 
    466, 
    487
   ], 
   [
    1373, 
    782, 
    0, 
    465, 
    225, 
    978, 
    646, 
    316, 
    854
   ], 
   [
    1206, 
    615, 
    465, 
    0, 
    521, 
    811, 
    737, 
    149, 
    389
   ], 
   [
    1598, 
    1007, 
    225, 
    521, 
    0, 
    1203, 
    871, 
    541, 
    910
   ], 
   [
    787, 
    196, 
    978, 
    811, 
    1203, 
    0, 
    780, 
    662, 
    683
   ], 
   [
    1175, 
    584, 
    646, 
    737, 
    871, 
    780, 
    0, 
    588, 
    1071
   ], 
   [
    1057, 
    466, 
    316, 
    149, 
    541, 
    662, 
    588, 
    0, 
    538
   ], 
   [
    1078, 
    487, 
    854, 
    389, 
    910, 
    683, 
    1071, 
    538, 
    0
   ]
  ], 
  "weight_matrix": [
   [
    0, 
    3, 
    3, 
    3, 
    3, 
    3, 
    3, 
    3, 
    3
   ], 
   [
    3, 
    0, 
    3, 
    3, 
    3, 
    3, 
    3, 
    3, 
    3
   ], 
   [
    3, 
    3, 
    0, 
    3, 
    3, 
    3, 
    3, 
    3, 
    3
   ], 
   [
    3, 
    3, 
    3, 
    0, 
    3, 
    3, 
    3, 
    3, 
    3
   ], 
   [
    3, 
    3, 
    3, 
    3, 
    0, 
    3, 
    3, 
    3, 
    3
   ], 
   [
    3, 
    3, 
    3, 
    3, 
    3, 
    0, 
    3, 
    3, 
    3
   ], 
   [
    3, 
    3, 
    3, 
    3, 
    3, 
    3, 
    0, 
    3, 
    3
   ], 
   [
    3, 
    3, 
    3, 
    3, 
    3, 
    3, 
    3, 
    0, 
    3
   ], 
   [
    3, 
    3, 
    3, 
    3, 
    3, 
    3, 
    3, 
    3, 
    0
   ]
  ], 
  "city_names": [
   "Brest", 
   "Paris", 
   "Marseille", 
   "Gen\u00c3\u00a8ve", 
   "Monaco", 
   "Le Havre", 
   "Bordeaux", 
   "Lyon", 
   "Strasbourg"
  ], 
  "reward_matrix": [
   [
    0, 
    69526, 
    15612, 
    27125, 
    100, 
    56013, 
    29263, 
    37398, 
    35950
   ], 
   [
    69526, 
    0, 
    56357, 
    67871, 
    40845, 
    96758, 
    70008, 
    78143, 
    76696
   ], 
   [
    15612, 
    56357, 
    0, 
    78212, 
    94759, 
    42844, 
    65734, 
    88485, 
    51393
   ], 
   [
    27125, 
    67871, 
    78212, 
    0, 
    74352, 
    54358, 
    59460, 
    99999, 
    83452
   ], 
   [
    100, 
    40845, 
    94759, 
    74352, 
    0, 
    27332, 
    50221, 
    72973, 
    47533
   ], 
   [
    56013, 
    96758, 
    42844, 
    54358, 
    27332, 
    0, 
    56495, 
    64631, 
    63183
   ], 
   [
    29263, 
    70008, 
    65734, 
    59460, 
    50221, 
    56495, 
    0, 
    69732, 
    36433
   ], 
   [
    37398, 
    78143, 
    88485, 
    99999, 
    72973, 
    64631, 
    69732, 
    0, 
    73180
   ], 
   [
    35950, 
    76696, 
    51393, 
    83452, 
    47533, 
    63183, 
    36433, 
    73180, 
    0
   ]
  ], 
  "probability_matrix": [
   [
    0, 
    0.007639299881237901, 
    0.019970826743093587, 
    0.1778769528809778, 
    0.025274653173361028, 
    0.2965760518842105, 
    0.06405125772918635, 
    0.2617568758756501, 
    0.14685408183228277
   ], 
   [
    0.2796353278880337, 
    0, 
    0.06718655186111679, 
    0.03837734974567862, 
    0.05020211906053298, 
    0.10431974494184652, 
    0.0005965733627770502, 
    0.15630484008861767, 
    0.3033774930513968
   ], 
   [
    0.04850854901587975, 
    0.21916452882674162, 
    0, 
    0.16032963414395468, 
    0.11619739722202702, 
    0.10337685136497413, 
    0.0809616952123609, 
    0.20099299820576041, 
    0.0704683460083015
   ], 
   [
    0.18039607827485168, 
    0.08308888088310877, 
    0.12487443772884452, 
    0, 
    0.2543125325680295, 
    0.05771068668646134, 
    0.05813645204027453, 
    0.17944093721579657, 
    0.06203999460263306
   ], 
   [
    0.26669272868738103, 
    0.08956903494423461, 
    0.005071514335354204, 
    0.22360902932309934, 
    0, 
    0.2634808319786496, 
    0.02325332910841036, 
    0.040205183185619345, 
    0.0881183484372514
   ], 
   [
    0.13100564795063116, 
    0.16789077584683107, 
    0.20631395391478105, 
    0.05654276818684842, 
    0.13097463691012404, 
    0, 
    0.011599733395825942, 
    0.07600529949373569, 
    0.21966718430122253
   ], 
   [
    0.18133019482715598, 
    0.19750580531642783, 
    0.20382391064506136, 
    0.07235597226664062, 
    0.04283398775526814, 
    0.10091366674851171, 
    0, 
    0.20111656155894653, 
    0.00011990088198773823
   ], 
   [
    0.09407414374566475, 
    0.2101157624974254, 
    0.12067398613067251, 
    0.15584208317966428, 
    0.16087742948607542, 
    0.04969401526368928, 
    0.17009421217518852, 
    0, 
    0.038628367521620015
   ], 
   [
    0.07807667394352162, 
    0.10456478076223728, 
    0.0755861384750991, 
    0.18213592514562105, 
    0.16790676234421237, 
    0.17555331212539962, 
    0.07332371786213762, 
    0.14285268934177145, 
    0
   ]
  ]
 }, 
 "vehicle_capacities": [
  5, 
  5, 
  5, 
  30, 
  30, 
  30, 
  30, 
  30, 
  30
 ]
}