{
 "vehicle_cost_per_km": [
  10, 
  10, 
  5, 
  5, 
  5, 
  5, 
  5, 
  5, 
  5
 ], 
 "runs": [
  {
   "avg_task_cost_vs_number_of_task": [
    8585, 
    5265, 
    4285, 
    4021.25, 
    4680, 
    3900, 
    3771.4285714285716, 
    3518.125, 
    3138.3333333333335, 
    2875, 
    2613.6363636363635, 
    2395.8333333333335, 
    2193.846153846154, 
    2372.5, 
    2202.3333333333335, 
    2116.5625, 
    2108.235294117647, 
    2140.277777777778, 
    2215, 
    2224.5, 
    2120.4761904761904, 
    1962.2727272727273, 
    2096.9565217391305, 
    2356.25, 
    2297, 
    2343.846153846154, 
    2159.6296296296296, 
    2199.285714285714, 
    2123.9655172413795, 
    2396.1666666666665
   ], 
   "number_of_vehicles": 3
  }
 ], 
 "vehicle_starting_positions": [
  "Brest", 
  "Paris", 
  "Marseille", 
  "Gen\u00c3\u00a8ve", 
  "Monaco", 
  "Le Havre", 
  "Bordeaux", 
  "Lyon", 
  "Strasbourg"
 ], 
 "task_distribution": {
  "distance_matrix": [
   [
    0, 
    591, 
    1373, 
    1206, 
    1598, 
    787, 
    1175, 
    1057, 
    1078
   ], 
   [
    591, 
    0, 
    782, 
    615, 
    1007, 
    196, 
    584, 
    466, 
    487
   ], 
   [
    1373, 
    782, 
    0, 
    465, 
    225, 
    978, 
    646, 
    316, 
    854
   ], 
   [
    1206, 
    615, 
    465, 
    0, 
    521, 
    811, 
    737, 
    149, 
    389
   ], 
   [
    1598, 
    1007, 
    225, 
    521, 
    0, 
    1203, 
    871, 
    541, 
    910
   ], 
   [
    787, 
    196, 
    978, 
    811, 
    1203, 
    0, 
    780, 
    662, 
    683
   ], 
   [
    1175, 
    584, 
    646, 
    737, 
    871, 
    780, 
    0, 
    588, 
    1071
   ], 
   [
    1057, 
    466, 
    316, 
    149, 
    541, 
    662, 
    588, 
    0, 
    538
   ], 
   [
    1078, 
    487, 
    854, 
    389, 
    910, 
    683, 
    1071, 
    538, 
    0
   ]
  ], 
  "weight_matrix": [
   [
    0, 
    3, 
    3, 
    3, 
    3, 
    3, 
    3, 
    3, 
    3
   ], 
   [
    3, 
    0, 
    3, 
    3, 
    3, 
    3, 
    3, 
    3, 
    3
   ], 
   [
    3, 
    3, 
    0, 
    3, 
    3, 
    3, 
    3, 
    3, 
    3
   ], 
   [
    3, 
    3, 
    3, 
    0, 
    3, 
    3, 
    3, 
    3, 
    3
   ], 
   [
    3, 
    3, 
    3, 
    3, 
    0, 
    3, 
    3, 
    3, 
    3
   ], 
   [
    3, 
    3, 
    3, 
    3, 
    3, 
    0, 
    3, 
    3, 
    3
   ], 
   [
    3, 
    3, 
    3, 
    3, 
    3, 
    3, 
    0, 
    3, 
    3
   ], 
   [
    3, 
    3, 
    3, 
    3, 
    3, 
    3, 
    3, 
    0, 
    3
   ], 
   [
    3, 
    3, 
    3, 
    3, 
    3, 
    3, 
    3, 
    3, 
    0
   ]
  ], 
  "city_names": [
   "Brest", 
   "Paris", 
   "Marseille", 
   "Gen\u00c3\u00a8ve", 
   "Monaco", 
   "Le Havre", 
   "Bordeaux", 
   "Lyon", 
   "Strasbourg"
  ], 
  "reward_matrix": [
   [
    0, 
    69526, 
    15612, 
    27125, 
    100, 
    56013, 
    29263, 
    37398, 
    35950
   ], 
   [
    69526, 
    0, 
    56357, 
    67871, 
    40845, 
    96758, 
    70008, 
    78143, 
    76696
   ], 
   [
    15612, 
    56357, 
    0, 
    78212, 
    94759, 
    42844, 
    65734, 
    88485, 
    51393
   ], 
   [
    27125, 
    67871, 
    78212, 
    0, 
    74352, 
    54358, 
    59460, 
    99999, 
    83452
   ], 
   [
    100, 
    40845, 
    94759, 
    74352, 
    0, 
    27332, 
    50221, 
    72973, 
    47533
   ], 
   [
    56013, 
    96758, 
    42844, 
    54358, 
    27332, 
    0, 
    56495, 
    64631, 
    63183
   ], 
   [
    29263, 
    70008, 
    65734, 
    59460, 
    50221, 
    56495, 
    0, 
    69732, 
    36433
   ], 
   [
    37398, 
    78143, 
    88485, 
    99999, 
    72973, 
    64631, 
    69732, 
    0, 
    73180
   ], 
   [
    35950, 
    76696, 
    51393, 
    83452, 
    47533, 
    63183, 
    36433, 
    73180, 
    0
   ]
  ], 
  "probability_matrix": [
   [
    0, 
    0.23876268426554392, 
    0.05716746608198468, 
    0.21664037895862717, 
    0.13025703576491846, 
    0.043911871743151885, 
    0.21866438364120616, 
    0.05438483113685262, 
    0.04021134840771507
   ], 
   [
    0.002711336108384354, 
    0, 
    0.25533525398051093, 
    0.20607489661992015, 
    0.07471538023395727, 
    0.08435110360331408, 
    0.004486003004210748, 
    0.1195731360750633, 
    0.2527528903746389
   ], 
   [
    0.0014936221209577547, 
    0.09580782058753887, 
    0, 
    0.07573634337430875, 
    0.15032076241676046, 
    0.1888593660249255, 
    0.19322275266637667, 
    0.17080563714480632, 
    0.12375369566432583
   ], 
   [
    0.24832366839428652, 
    0.03853893313628853, 
    0.12535533418188588, 
    0, 
    0.18579849797764178, 
    0.18214862462253675, 
    0.13601809351816696, 
    0.016280467765015186, 
    0.06753638040417824
   ], 
   [
    0.16888130896273762, 
    0.20279102751201628, 
    0.1358970245472999, 
    0.1281007862170704, 
    0, 
    0.07046603992898591, 
    0.013185179155730763, 
    0.13057549052490022, 
    0.15010314315125897
   ], 
   [
    0.15255367250834062, 
    0.08704140032100849, 
    0.1273292909188345, 
    0.165480143231569, 
    0.17651430052116376, 
    0, 
    0.09237411604959979, 
    0.04276834934186363, 
    0.15593872710762036
   ], 
   [
    0.0018647220319339222, 
    0.06439454031712694, 
    0.10054373304968445, 
    0.05347184946181042, 
    0.24552995235937863, 
    0.1896875379211633, 
    0, 
    0.22785092448691413, 
    0.11665674037198821
   ], 
   [
    0.18600000628406943, 
    0.12193958986107746, 
    0.19254321125785046, 
    0.04515692913141476, 
    0.04472039627092365, 
    0.13375494164918603, 
    0.2137841206915156, 
    0, 
    0.06210080485396251
   ], 
   [
    0.060053805926061944, 
    0.1449318963561585, 
    0.18113898060274805, 
    0.11500014770341893, 
    0.08830317317750049, 
    0.12604090235968882, 
    0.17554188854853395, 
    0.10898920532588914, 
    0
   ]
  ]
 }, 
 "vehicle_capacities": [
  15, 
  15, 
  15, 
  30, 
  30, 
  30, 
  30, 
  30, 
  30
 ]
}