{
 "vehicle_cost_per_km": [
  5, 
  5, 
  5, 
  5, 
  5
 ], 
 "runs": [
  {
   "avg_task_cost_vs_number_of_task": [
    3160, 
    4275, 
    2850, 
    3115, 
    2942, 
    2559.1666666666665, 
    2260, 
    2551.25, 
    2433.3333333333335, 
    2386, 
    2169.090909090909, 
    2178.75, 
    1976.923076923077, 
    1983.5714285714287, 
    2081.6666666666665, 
    1817.1875, 
    1797.9411764705883, 
    1733.0555555555557, 
    1798.9473684210527, 
    1723.75, 
    1783.8095238095239, 
    1611.590909090909, 
    1702.1739130434783, 
    1628.125, 
    1710, 
    1666.1538461538462, 
    1530.7407407407406, 
    1648.392857142857, 
    1631.3793103448277, 
    1604.6666666666667
   ], 
   "number_of_vehicles": 3
  }
 ], 
 "vehicle_starting_positions": [
  "Brest", 
  "Paris", 
  "Marseille", 
  "Gen\u00e8ve", 
  "Monaco", 
  "Le Havre", 
  "Bordeaux", 
  "Lyon", 
  "Strasbourg"
 ], 
 "task_distribution": {
  "distance_matrix": [
   [
    0, 
    591, 
    1373, 
    1206, 
    1598, 
    787, 
    1175, 
    1057, 
    1078
   ], 
   [
    591, 
    0, 
    782, 
    615, 
    1007, 
    196, 
    584, 
    466, 
    487
   ], 
   [
    1373, 
    782, 
    0, 
    465, 
    225, 
    978, 
    646, 
    316, 
    854
   ], 
   [
    1206, 
    615, 
    465, 
    0, 
    521, 
    811, 
    737, 
    149, 
    389
   ], 
   [
    1598, 
    1007, 
    225, 
    521, 
    0, 
    1203, 
    871, 
    541, 
    910
   ], 
   [
    787, 
    196, 
    978, 
    811, 
    1203, 
    0, 
    780, 
    662, 
    683
   ], 
   [
    1175, 
    584, 
    646, 
    737, 
    871, 
    780, 
    0, 
    588, 
    1071
   ], 
   [
    1057, 
    466, 
    316, 
    149, 
    541, 
    662, 
    588, 
    0, 
    538
   ], 
   [
    1078, 
    487, 
    854, 
    389, 
    910, 
    683, 
    1071, 
    538, 
    0
   ]
  ], 
  "weight_matrix": [
   [
    0, 
    3, 
    3, 
    3, 
    3, 
    3, 
    3, 
    3, 
    3
   ], 
   [
    3, 
    0, 
    3, 
    3, 
    3, 
    3, 
    3, 
    3, 
    3
   ], 
   [
    3, 
    3, 
    0, 
    3, 
    3, 
    3, 
    3, 
    3, 
    3
   ], 
   [
    3, 
    3, 
    3, 
    0, 
    3, 
    3, 
    3, 
    3, 
    3
   ], 
   [
    3, 
    3, 
    3, 
    3, 
    0, 
    3, 
    3, 
    3, 
    3
   ], 
   [
    3, 
    3, 
    3, 
    3, 
    3, 
    0, 
    3, 
    3, 
    3
   ], 
   [
    3, 
    3, 
    3, 
    3, 
    3, 
    3, 
    0, 
    3, 
    3
   ], 
   [
    3, 
    3, 
    3, 
    3, 
    3, 
    3, 
    3, 
    0, 
    3
   ], 
   [
    3, 
    3, 
    3, 
    3, 
    3, 
    3, 
    3, 
    3, 
    0
   ]
  ], 
  "city_names": [
   "Brest", 
   "Paris", 
   "Marseille", 
   "Gen\u00e8ve", 
   "Monaco", 
   "Le Havre", 
   "Bordeaux", 
   "Lyon", 
   "Strasbourg"
  ], 
  "reward_matrix": [
   [
    0, 
    69526, 
    15612, 
    27125, 
    100, 
    56013, 
    29263, 
    37398, 
    35950
   ], 
   [
    69526, 
    0, 
    56357, 
    67871, 
    40845, 
    96758, 
    70008, 
    78143, 
    76696
   ], 
   [
    15612, 
    56357, 
    0, 
    78212, 
    94759, 
    42844, 
    65734, 
    88485, 
    51393
   ], 
   [
    27125, 
    67871, 
    78212, 
    0, 
    74352, 
    54358, 
    59460, 
    99999, 
    83452
   ], 
   [
    100, 
    40845, 
    94759, 
    74352, 
    0, 
    27332, 
    50221, 
    72973, 
    47533
   ], 
   [
    56013, 
    96758, 
    42844, 
    54358, 
    27332, 
    0, 
    56495, 
    64631, 
    63183
   ], 
   [
    29263, 
    70008, 
    65734, 
    59460, 
    50221, 
    56495, 
    0, 
    69732, 
    36433
   ], 
   [
    37398, 
    78143, 
    88485, 
    99999, 
    72973, 
    64631, 
    69732, 
    0, 
    73180
   ], 
   [
    35950, 
    76696, 
    51393, 
    83452, 
    47533, 
    63183, 
    36433, 
    73180, 
    0
   ]
  ], 
  "probability_matrix": [
   [
    0, 
    0.10315176120744188, 
    0.2008887820051906, 
    0.09549199652205631, 
    0.24292032798580457, 
    0.09887866781353503, 
    0.06727126202290223, 
    0.07365262974390498, 
    0.11774457269916436
   ], 
   [
    0.14207274841880596, 
    0, 
    0.21711379339103629, 
    0.23362446051560748, 
    0.185536544582382, 
    0.11657964747522935, 
    0.002408174777472458, 
    0.0715907980768627, 
    0.031073832762603764
   ], 
   [
    0.025288076938382274, 
    0.20338262228879972, 
    0, 
    0.09240969890579406, 
    0.08215094740008504, 
    0.0916804656508465, 
    0.16186778121078382, 
    0.21834936199199598, 
    0.12487104561331266
   ], 
   [
    0.13162350117538654, 
    0.12030948545344036, 
    0.07085510038367614, 
    0, 
    0.18948966333012196, 
    0.19311687033535307, 
    0.20203685731053192, 
    0.07849571839535033, 
    0.014072803616139776
   ], 
   [
    0.12719731915125895, 
    0.16310232661044083, 
    0.0656595690916839, 
    0.11072161915216074, 
    0, 
    0.20132959593585717, 
    0.09442508178783672, 
    0.19943041679355009, 
    0.038134071477211574
   ], 
   [
    0.06718052566536223, 
    0.07572926800519178, 
    0.17984289498128334, 
    0.1362036875861532, 
    0.10278036934606567, 
    0, 
    0.14553986229482865, 
    0.16467022016404853, 
    0.12805317195706656
   ], 
   [
    0.15385504967076943, 
    0.05706482326095072, 
    0.16211171481187323, 
    0.22576524108068693, 
    0.1935343331675035, 
    0.005850781967329888, 
    0, 
    0.1618341944828003, 
    0.03998386155808597
   ], 
   [
    0.09299230884462666, 
    0.0658664966225188, 
    0.18786852488228406, 
    0.20877990430030977, 
    0.13316690884088875, 
    0.155040047173083, 
    0.011139052516711963, 
    0, 
    0.1451467568195771
   ], 
   [
    0.09979589513360577, 
    0.11648983523434561, 
    0.26473243532640445, 
    0.12774002152080396, 
    0.0884906020989296, 
    0.2594533088573171, 
    0.027803339456709195, 
    0.015494562371884289, 
    0
   ]
  ]
 }, 
 "vehicle_capacities": [
  15, 
  15, 
  15, 
  30, 
  30, 
  30, 
  30, 
  30, 
  30
 ]
}