{
 "vehicle_cost_per_km": [
  5, 
  5, 
  5, 
  5, 
  5
 ], 
 "runs": [
  {
   "avg_task_cost_vs_number_of_task": [
    1960, 
    3675, 
    4738.333333333333, 
    4283.75, 
    4073, 
    3454.1666666666665, 
    3122.1428571428573, 
    3301.25, 
    2915.5555555555557, 
    2988.5, 
    2813.6363636363635, 
    2564.5833333333335, 
    2395.3846153846152, 
    2391.785714285714, 
    2380.6666666666665, 
    2290.9375, 
    2221.470588235294, 
    2256.3888888888887, 
    2207.3684210526317, 
    2135.25, 
    2116.4285714285716, 
    2020.2272727272727, 
    2283.0434782608695, 
    2233.75, 
    2144.2, 
    2132.5, 
    2109.6296296296296, 
    2023.0357142857142, 
    2068.6206896551726, 
    2078.1666666666665
   ], 
   "number_of_vehicles": 3
  }
 ], 
 "vehicle_starting_positions": [
  "Brest", 
  "Paris", 
  "Marseille", 
  "Gen\u00e8ve", 
  "Monaco", 
  "Le Havre", 
  "Bordeaux", 
  "Lyon", 
  "Strasbourg"
 ], 
 "task_distribution": {
  "distance_matrix": [
   [
    0, 
    591, 
    1373, 
    1206, 
    1598, 
    787, 
    1175, 
    1057, 
    1078
   ], 
   [
    591, 
    0, 
    782, 
    615, 
    1007, 
    196, 
    584, 
    466, 
    487
   ], 
   [
    1373, 
    782, 
    0, 
    465, 
    225, 
    978, 
    646, 
    316, 
    854
   ], 
   [
    1206, 
    615, 
    465, 
    0, 
    521, 
    811, 
    737, 
    149, 
    389
   ], 
   [
    1598, 
    1007, 
    225, 
    521, 
    0, 
    1203, 
    871, 
    541, 
    910
   ], 
   [
    787, 
    196, 
    978, 
    811, 
    1203, 
    0, 
    780, 
    662, 
    683
   ], 
   [
    1175, 
    584, 
    646, 
    737, 
    871, 
    780, 
    0, 
    588, 
    1071
   ], 
   [
    1057, 
    466, 
    316, 
    149, 
    541, 
    662, 
    588, 
    0, 
    538
   ], 
   [
    1078, 
    487, 
    854, 
    389, 
    910, 
    683, 
    1071, 
    538, 
    0
   ]
  ], 
  "weight_matrix": [
   [
    0, 
    3, 
    3, 
    3, 
    3, 
    3, 
    3, 
    3, 
    3
   ], 
   [
    3, 
    0, 
    3, 
    3, 
    3, 
    3, 
    3, 
    3, 
    3
   ], 
   [
    3, 
    3, 
    0, 
    3, 
    3, 
    3, 
    3, 
    3, 
    3
   ], 
   [
    3, 
    3, 
    3, 
    0, 
    3, 
    3, 
    3, 
    3, 
    3
   ], 
   [
    3, 
    3, 
    3, 
    3, 
    0, 
    3, 
    3, 
    3, 
    3
   ], 
   [
    3, 
    3, 
    3, 
    3, 
    3, 
    0, 
    3, 
    3, 
    3
   ], 
   [
    3, 
    3, 
    3, 
    3, 
    3, 
    3, 
    0, 
    3, 
    3
   ], 
   [
    3, 
    3, 
    3, 
    3, 
    3, 
    3, 
    3, 
    0, 
    3
   ], 
   [
    3, 
    3, 
    3, 
    3, 
    3, 
    3, 
    3, 
    3, 
    0
   ]
  ], 
  "city_names": [
   "Brest", 
   "Paris", 
   "Marseille", 
   "Gen\u00e8ve", 
   "Monaco", 
   "Le Havre", 
   "Bordeaux", 
   "Lyon", 
   "Strasbourg"
  ], 
  "reward_matrix": [
   [
    0, 
    69526, 
    15612, 
    27125, 
    100, 
    56013, 
    29263, 
    37398, 
    35950
   ], 
   [
    69526, 
    0, 
    56357, 
    67871, 
    40845, 
    96758, 
    70008, 
    78143, 
    76696
   ], 
   [
    15612, 
    56357, 
    0, 
    78212, 
    94759, 
    42844, 
    65734, 
    88485, 
    51393
   ], 
   [
    27125, 
    67871, 
    78212, 
    0, 
    74352, 
    54358, 
    59460, 
    99999, 
    83452
   ], 
   [
    100, 
    40845, 
    94759, 
    74352, 
    0, 
    27332, 
    50221, 
    72973, 
    47533
   ], 
   [
    56013, 
    96758, 
    42844, 
    54358, 
    27332, 
    0, 
    56495, 
    64631, 
    63183
   ], 
   [
    29263, 
    70008, 
    65734, 
    59460, 
    50221, 
    56495, 
    0, 
    69732, 
    36433
   ], 
   [
    37398, 
    78143, 
    88485, 
    99999, 
    72973, 
    64631, 
    69732, 
    0, 
    73180
   ], 
   [
    35950, 
    76696, 
    51393, 
    83452, 
    47533, 
    63183, 
    36433, 
    73180, 
    0
   ]
  ], 
  "probability_matrix": [
   [
    0, 
    0.17179632338729586, 
    0.1371611429858093, 
    0.18470396980699932, 
    0.13389412065991846, 
    0.047651315893714755, 
    0.17837185565058955, 
    0.076690346698191, 
    0.06973092491748192
   ], 
   [
    0.15122709328442047, 
    0, 
    0.15888070396228313, 
    0.021379375002309665, 
    0.18586591702689778, 
    0.19890238119578335, 
    0.1682001031625012, 
    0.03285437199558734, 
    0.08269005437021712
   ], 
   [
    0.20700692754953698, 
    0.21574683945920842, 
    0, 
    0.15547283549955093, 
    0.04826985625313321, 
    0.05596043860926423, 
    0.20007942152183728, 
    0.03062069287379112, 
    0.08684298823367785
   ], 
   [
    0.035818406750194584, 
    0.19728374572204813, 
    0.23139917240332708, 
    0, 
    0.08615301911062488, 
    0.12766829710503944, 
    0.2398724649834004, 
    0.025740998311482688, 
    0.05606389561388259
   ], 
   [
    0.11722117253500547, 
    0.09629124528970533, 
    0.15498625300174917, 
    0.19712520565964653, 
    0, 
    0.06546413157745448, 
    0.025440839753453664, 
    0.2191758925567683, 
    0.12429525962621704
   ], 
   [
    0.22310355625249426, 
    0.19459328531586845, 
    0.182611355219429, 
    0.1874446721882418, 
    0.047047209493994095, 
    0, 
    0.11817455262516573, 
    0.046010986466270526, 
    0.0010143824385363143
   ], 
   [
    0.20264558489441356, 
    0.08952122227808638, 
    0.21653460802466565, 
    0.1589354876966228, 
    0.1627817425608106, 
    0.0005850641001604667, 
    0, 
    0.0220235279325685, 
    0.14697276251267208
   ], 
   [
    0.2175726097814538, 
    0.053123366805938696, 
    0.1141278716567908, 
    0.0929416461927896, 
    0.20145425806269285, 
    0.0366381575433502, 
    0.22274098300357478, 
    0, 
    0.06140110695340932
   ], 
   [
    0.00048133546472844426, 
    0.15127971889546007, 
    0.16504283175356882, 
    0.2194691073051943, 
    0.039886218325543565, 
    0.08304516499424691, 
    0.2286798359540304, 
    0.11211578730722742, 
    0
   ]
  ]
 }, 
 "vehicle_capacities": [
  10, 
  10, 
  10, 
  30, 
  30, 
  30, 
  30, 
  30, 
  30
 ]
}