{
 "vehicle_cost_per_km": [
  5, 
  5, 
  5, 
  5, 
  5
 ], 
 "runs": [
  {
   "avg_task_cost_vs_number_of_task": [
    5860, 
    2930, 
    3056.6666666666665, 
    2370, 
    1896, 
    2478.3333333333335, 
    2734.285714285714, 
    2392.5, 
    2282.777777777778, 
    2054.5, 
    1867.7272727272727, 
    1782.5, 
    1645.3846153846155, 
    2352.8571428571427, 
    1928.3333333333333, 
    1728.4375, 
    1626.764705882353, 
    1790, 
    1875.2631578947369, 
    1829.5, 
    1700, 
    1798.8636363636363, 
    1833.4782608695652, 
    1744.1666666666667, 
    1849.2, 
    1756.7307692307693, 
    1621.4814814814815, 
    1700.7142857142858, 
    1646.7241379310344, 
    1690.1666666666667
   ], 
   "number_of_vehicles": 3
  }
 ], 
 "vehicle_starting_positions": [
  "Brest", 
  "Paris", 
  "Marseille", 
  "Gen\u00e8ve", 
  "Monaco", 
  "Le Havre", 
  "Bordeaux", 
  "Lyon", 
  "Strasbourg"
 ], 
 "task_distribution": {
  "distance_matrix": [
   [
    0, 
    591, 
    1373, 
    1206, 
    1598, 
    787, 
    1175, 
    1057, 
    1078
   ], 
   [
    591, 
    0, 
    782, 
    615, 
    1007, 
    196, 
    584, 
    466, 
    487
   ], 
   [
    1373, 
    782, 
    0, 
    465, 
    225, 
    978, 
    646, 
    316, 
    854
   ], 
   [
    1206, 
    615, 
    465, 
    0, 
    521, 
    811, 
    737, 
    149, 
    389
   ], 
   [
    1598, 
    1007, 
    225, 
    521, 
    0, 
    1203, 
    871, 
    541, 
    910
   ], 
   [
    787, 
    196, 
    978, 
    811, 
    1203, 
    0, 
    780, 
    662, 
    683
   ], 
   [
    1175, 
    584, 
    646, 
    737, 
    871, 
    780, 
    0, 
    588, 
    1071
   ], 
   [
    1057, 
    466, 
    316, 
    149, 
    541, 
    662, 
    588, 
    0, 
    538
   ], 
   [
    1078, 
    487, 
    854, 
    389, 
    910, 
    683, 
    1071, 
    538, 
    0
   ]
  ], 
  "weight_matrix": [
   [
    0, 
    3, 
    3, 
    3, 
    3, 
    3, 
    3, 
    3, 
    3
   ], 
   [
    3, 
    0, 
    3, 
    3, 
    3, 
    3, 
    3, 
    3, 
    3
   ], 
   [
    3, 
    3, 
    0, 
    3, 
    3, 
    3, 
    3, 
    3, 
    3
   ], 
   [
    3, 
    3, 
    3, 
    0, 
    3, 
    3, 
    3, 
    3, 
    3
   ], 
   [
    3, 
    3, 
    3, 
    3, 
    0, 
    3, 
    3, 
    3, 
    3
   ], 
   [
    3, 
    3, 
    3, 
    3, 
    3, 
    0, 
    3, 
    3, 
    3
   ], 
   [
    3, 
    3, 
    3, 
    3, 
    3, 
    3, 
    0, 
    3, 
    3
   ], 
   [
    3, 
    3, 
    3, 
    3, 
    3, 
    3, 
    3, 
    0, 
    3
   ], 
   [
    3, 
    3, 
    3, 
    3, 
    3, 
    3, 
    3, 
    3, 
    0
   ]
  ], 
  "city_names": [
   "Brest", 
   "Paris", 
   "Marseille", 
   "Gen\u00e8ve", 
   "Monaco", 
   "Le Havre", 
   "Bordeaux", 
   "Lyon", 
   "Strasbourg"
  ], 
  "reward_matrix": [
   [
    0, 
    69526, 
    15612, 
    27125, 
    100, 
    56013, 
    29263, 
    37398, 
    35950
   ], 
   [
    69526, 
    0, 
    56357, 
    67871, 
    40845, 
    96758, 
    70008, 
    78143, 
    76696
   ], 
   [
    15612, 
    56357, 
    0, 
    78212, 
    94759, 
    42844, 
    65734, 
    88485, 
    51393
   ], 
   [
    27125, 
    67871, 
    78212, 
    0, 
    74352, 
    54358, 
    59460, 
    99999, 
    83452
   ], 
   [
    100, 
    40845, 
    94759, 
    74352, 
    0, 
    27332, 
    50221, 
    72973, 
    47533
   ], 
   [
    56013, 
    96758, 
    42844, 
    54358, 
    27332, 
    0, 
    56495, 
    64631, 
    63183
   ], 
   [
    29263, 
    70008, 
    65734, 
    59460, 
    50221, 
    56495, 
    0, 
    69732, 
    36433
   ], 
   [
    37398, 
    78143, 
    88485, 
    99999, 
    72973, 
    64631, 
    69732, 
    0, 
    73180
   ], 
   [
    35950, 
    76696, 
    51393, 
    83452, 
    47533, 
    63183, 
    36433, 
    73180, 
    0
   ]
  ], 
  "probability_matrix": [
   [
    0, 
    0.045721395863570755, 
    0.12050738573744996, 
    0.07228579663600722, 
    0.13620083783055284, 
    0.06648635642637778, 
    0.2810237947775715, 
    0.06904840366577264, 
    0.2087260290626974
   ], 
   [
    0.26626292516474337, 
    0, 
    0.09126504817842107, 
    0.09283959062143346, 
    0.0824106135563959, 
    0.2395588969669645, 
    0.07697594727922281, 
    0.08370910143076483, 
    0.06697787680205425
   ], 
   [
    0.06355816001835175, 
    0.1188063681871522, 
    0, 
    0.2045954208338014, 
    0.19052564834680913, 
    0.14657383358423373, 
    0.1419788736339016, 
    0.12079600607845783, 
    0.013165689317292206
   ], 
   [
    0.10811726826781294, 
    0.05924812624944044, 
    0.016998317809234085, 
    0, 
    0.1831230155793808, 
    0.054707591531440336, 
    0.20547015242404557, 
    0.33909061908527705, 
    0.033244909053368826
   ], 
   [
    0.1109511143242636, 
    0.022937447022253914, 
    0.15581191382633988, 
    0.20573457767283732, 
    0, 
    0.15882083883788298, 
    0.026458992769719688, 
    0.2708718619872739, 
    0.048413253559428826
   ], 
   [
    0.012830887645145256, 
    0.15552722902106847, 
    0.1922090795754586, 
    0.12011813878196007, 
    0.23112324873796797, 
    0, 
    0.1541784009417563, 
    0.03301292842711588, 
    0.10100008686952744
   ], 
   [
    0.18320148856810042, 
    0.10387479761221012, 
    0.18350096961828632, 
    0.1616798680907475, 
    0.0440160809007345, 
    0.10773478554341613, 
    0, 
    0.13906072846259743, 
    0.07693128120390763
   ], 
   [
    0.020845266947885965, 
    0.08305317629352585, 
    0.18008048109459818, 
    0.03760194658755398, 
    0.15225615169967285, 
    0.17995091980509756, 
    0.12004985070844311, 
    0, 
    0.22616220686322258
   ], 
   [
    0.031500993157388406, 
    0.23268248637534716, 
    0.11912730731055883, 
    0.2348821344910995, 
    0.12818434938356882, 
    0.1466021986196062, 
    0.08768091171654953, 
    0.01933961894588156, 
    0
   ]
  ]
 }, 
 "vehicle_capacities": [
  15, 
  15, 
  15, 
  30, 
  30, 
  30, 
  30, 
  30, 
  30
 ]
}