{
 "vehicle_cost_per_km": [
  5, 
  5, 
  5, 
  5, 
  5
 ], 
 "runs": [
  {
   "avg_task_cost_vs_number_of_task": [
    6605, 
    4780, 
    3513.3333333333335, 
    3007.5, 
    4271, 
    4823.333333333333, 
    4937.857142857143, 
    5380, 
    5436.666666666667, 
    5089, 
    5072.727272727273, 
    4650, 
    4528.846153846154, 
    4285.714285714285, 
    4030.3333333333335, 
    4101.5625, 
    4091.764705882353, 
    3973.3333333333335, 
    3764.2105263157896, 
    3746, 
    3813.809523809524, 
    3913.8636363636365, 
    3821.7391304347825, 
    3662.5, 
    3653.8, 
    3781.923076923077, 
    3641.8518518518517, 
    3731.4285714285716, 
    3602.7586206896553, 
    3662.5
   ], 
   "number_of_vehicles": 3
  }
 ], 
 "vehicle_starting_positions": [
  "Brest", 
  "Paris", 
  "Marseille", 
  "Gen\u00e8ve", 
  "Monaco", 
  "Le Havre", 
  "Bordeaux", 
  "Lyon", 
  "Strasbourg"
 ], 
 "task_distribution": {
  "distance_matrix": [
   [
    0, 
    591, 
    1373, 
    1206, 
    1598, 
    787, 
    1175, 
    1057, 
    1078
   ], 
   [
    591, 
    0, 
    782, 
    615, 
    1007, 
    196, 
    584, 
    466, 
    487
   ], 
   [
    1373, 
    782, 
    0, 
    465, 
    225, 
    978, 
    646, 
    316, 
    854
   ], 
   [
    1206, 
    615, 
    465, 
    0, 
    521, 
    811, 
    737, 
    149, 
    389
   ], 
   [
    1598, 
    1007, 
    225, 
    521, 
    0, 
    1203, 
    871, 
    541, 
    910
   ], 
   [
    787, 
    196, 
    978, 
    811, 
    1203, 
    0, 
    780, 
    662, 
    683
   ], 
   [
    1175, 
    584, 
    646, 
    737, 
    871, 
    780, 
    0, 
    588, 
    1071
   ], 
   [
    1057, 
    466, 
    316, 
    149, 
    541, 
    662, 
    588, 
    0, 
    538
   ], 
   [
    1078, 
    487, 
    854, 
    389, 
    910, 
    683, 
    1071, 
    538, 
    0
   ]
  ], 
  "weight_matrix": [
   [
    0, 
    3, 
    3, 
    3, 
    3, 
    3, 
    3, 
    3, 
    3
   ], 
   [
    3, 
    0, 
    3, 
    3, 
    3, 
    3, 
    3, 
    3, 
    3
   ], 
   [
    3, 
    3, 
    0, 
    3, 
    3, 
    3, 
    3, 
    3, 
    3
   ], 
   [
    3, 
    3, 
    3, 
    0, 
    3, 
    3, 
    3, 
    3, 
    3
   ], 
   [
    3, 
    3, 
    3, 
    3, 
    0, 
    3, 
    3, 
    3, 
    3
   ], 
   [
    3, 
    3, 
    3, 
    3, 
    3, 
    0, 
    3, 
    3, 
    3
   ], 
   [
    3, 
    3, 
    3, 
    3, 
    3, 
    3, 
    0, 
    3, 
    3
   ], 
   [
    3, 
    3, 
    3, 
    3, 
    3, 
    3, 
    3, 
    0, 
    3
   ], 
   [
    3, 
    3, 
    3, 
    3, 
    3, 
    3, 
    3, 
    3, 
    0
   ]
  ], 
  "city_names": [
   "Brest", 
   "Paris", 
   "Marseille", 
   "Gen\u00e8ve", 
   "Monaco", 
   "Le Havre", 
   "Bordeaux", 
   "Lyon", 
   "Strasbourg"
  ], 
  "reward_matrix": [
   [
    0, 
    69526, 
    15612, 
    27125, 
    100, 
    56013, 
    29263, 
    37398, 
    35950
   ], 
   [
    69526, 
    0, 
    56357, 
    67871, 
    40845, 
    96758, 
    70008, 
    78143, 
    76696
   ], 
   [
    15612, 
    56357, 
    0, 
    78212, 
    94759, 
    42844, 
    65734, 
    88485, 
    51393
   ], 
   [
    27125, 
    67871, 
    78212, 
    0, 
    74352, 
    54358, 
    59460, 
    99999, 
    83452
   ], 
   [
    100, 
    40845, 
    94759, 
    74352, 
    0, 
    27332, 
    50221, 
    72973, 
    47533
   ], 
   [
    56013, 
    96758, 
    42844, 
    54358, 
    27332, 
    0, 
    56495, 
    64631, 
    63183
   ], 
   [
    29263, 
    70008, 
    65734, 
    59460, 
    50221, 
    56495, 
    0, 
    69732, 
    36433
   ], 
   [
    37398, 
    78143, 
    88485, 
    99999, 
    72973, 
    64631, 
    69732, 
    0, 
    73180
   ], 
   [
    35950, 
    76696, 
    51393, 
    83452, 
    47533, 
    63183, 
    36433, 
    73180, 
    0
   ]
  ], 
  "probability_matrix": [
   [
    0, 
    0.06078197977742231, 
    0.189656708143339, 
    0.29858282632586625, 
    0.008543373137807637, 
    0.04839526544150085, 
    0.10174224272202294, 
    0.12508991986462653, 
    0.1672076845874145
   ], 
   [
    0.047878559873338965, 
    0, 
    0.1680104373353719, 
    0.15707261691400884, 
    0.21195028690886175, 
    0.15884527144581043, 
    0.04904177067885139, 
    0.13623453448949857, 
    0.07096652235425832
   ], 
   [
    0.04359025556661754, 
    0.15163385397340126, 
    0, 
    0.0983932077756972, 
    0.1341818942492624, 
    0.059541774385811805, 
    0.190638139885779, 
    0.13006373371542623, 
    0.19195714044800466
   ], 
   [
    0.1509368890552955, 
    0.051828803885484116, 
    0.178698263518197, 
    0, 
    0.11103236631729918, 
    0.06070108655888831, 
    0.10406267268085766, 
    0.116307111203177, 
    0.22643280678080102
   ], 
   [
    0.1322260584535144, 
    0.028805611755745884, 
    0.23642390286687393, 
    0.05993865417831209, 
    0, 
    0.18527367001240735, 
    0.117015524763145, 
    0.12381602591266756, 
    0.1165005520573337
   ], 
   [
    0.20844638638295432, 
    0.21999781379052097, 
    0.030497758839543955, 
    0.20158594043895114, 
    0.1359896581476349, 
    0, 
    0.10531738234669484, 
    0.03618707273683123, 
    0.0619779873168688
   ], 
   [
    0.16617442445221756, 
    0.15289132418797757, 
    0.06308530121723598, 
    0.1951531889563299, 
    0.21032284113540345, 
    0.08037704540102743, 
    0, 
    0.06980211470252651, 
    0.062193759947281435
   ], 
   [
    0.05591577466361131, 
    0.11917358107111378, 
    0.2007142279641826, 
    0.0765193982175899, 
    0.17601525359685857, 
    0.07539223962291508, 
    0.1944155733754643, 
    0, 
    0.10185395148826429
   ], 
   [
    0.09416307738964294, 
    0.15521941122413552, 
    0.13568933553482157, 
    0.06841747639712543, 
    0.018938633478922228, 
    0.27139693901731565, 
    0.11193165298236779, 
    0.1442434739756689, 
    0
   ]
  ]
 }, 
 "vehicle_capacities": [
  5, 
  5, 
  5, 
  30, 
  30, 
  30, 
  30, 
  30, 
  30
 ]
}