{
 "vehicle_cost_per_km": [
  5, 
  5, 
  10, 
  5, 
  5, 
  5, 
  5, 
  5, 
  5
 ], 
 "runs": [
  {
   "avg_task_cost_vs_number_of_task": [
    5035, 
    4545, 
    4660, 
    4445, 
    4045, 
    4295, 
    4325.714285714285, 
    4490.625, 
    4645, 
    4329.5, 
    4400, 
    4296.666666666667, 
    4581.923076923077, 
    4402.857142857143, 
    4598, 
    4680, 
    4556.764705882353, 
    4922.777777777777, 
    4766.8421052631575, 
    4732.25, 
    4693.571428571428, 
    4547.954545454545, 
    4350.217391304348, 
    4480.833333333333, 
    4301.6, 
    4452.5, 
    4383.333333333333, 
    4289.642857142857, 
    4264.6551724137935, 
    4301
   ], 
   "number_of_vehicles": 3
  }
 ], 
 "vehicle_starting_positions": [
  "Brest", 
  "Paris", 
  "Marseille", 
  "Gen\u00c3\u00a8ve", 
  "Monaco", 
  "Le Havre", 
  "Bordeaux", 
  "Lyon", 
  "Strasbourg"
 ], 
 "task_distribution": {
  "distance_matrix": [
   [
    0, 
    591, 
    1373, 
    1206, 
    1598, 
    787, 
    1175, 
    1057, 
    1078
   ], 
   [
    591, 
    0, 
    782, 
    615, 
    1007, 
    196, 
    584, 
    466, 
    487
   ], 
   [
    1373, 
    782, 
    0, 
    465, 
    225, 
    978, 
    646, 
    316, 
    854
   ], 
   [
    1206, 
    615, 
    465, 
    0, 
    521, 
    811, 
    737, 
    149, 
    389
   ], 
   [
    1598, 
    1007, 
    225, 
    521, 
    0, 
    1203, 
    871, 
    541, 
    910
   ], 
   [
    787, 
    196, 
    978, 
    811, 
    1203, 
    0, 
    780, 
    662, 
    683
   ], 
   [
    1175, 
    584, 
    646, 
    737, 
    871, 
    780, 
    0, 
    588, 
    1071
   ], 
   [
    1057, 
    466, 
    316, 
    149, 
    541, 
    662, 
    588, 
    0, 
    538
   ], 
   [
    1078, 
    487, 
    854, 
    389, 
    910, 
    683, 
    1071, 
    538, 
    0
   ]
  ], 
  "weight_matrix": [
   [
    0, 
    3, 
    3, 
    3, 
    3, 
    3, 
    3, 
    3, 
    3
   ], 
   [
    3, 
    0, 
    3, 
    3, 
    3, 
    3, 
    3, 
    3, 
    3
   ], 
   [
    3, 
    3, 
    0, 
    3, 
    3, 
    3, 
    3, 
    3, 
    3
   ], 
   [
    3, 
    3, 
    3, 
    0, 
    3, 
    3, 
    3, 
    3, 
    3
   ], 
   [
    3, 
    3, 
    3, 
    3, 
    0, 
    3, 
    3, 
    3, 
    3
   ], 
   [
    3, 
    3, 
    3, 
    3, 
    3, 
    0, 
    3, 
    3, 
    3
   ], 
   [
    3, 
    3, 
    3, 
    3, 
    3, 
    3, 
    0, 
    3, 
    3
   ], 
   [
    3, 
    3, 
    3, 
    3, 
    3, 
    3, 
    3, 
    0, 
    3
   ], 
   [
    3, 
    3, 
    3, 
    3, 
    3, 
    3, 
    3, 
    3, 
    0
   ]
  ], 
  "city_names": [
   "Brest", 
   "Paris", 
   "Marseille", 
   "Gen\u00c3\u00a8ve", 
   "Monaco", 
   "Le Havre", 
   "Bordeaux", 
   "Lyon", 
   "Strasbourg"
  ], 
  "reward_matrix": [
   [
    0, 
    69526, 
    15612, 
    27125, 
    100, 
    56013, 
    29263, 
    37398, 
    35950
   ], 
   [
    69526, 
    0, 
    56357, 
    67871, 
    40845, 
    96758, 
    70008, 
    78143, 
    76696
   ], 
   [
    15612, 
    56357, 
    0, 
    78212, 
    94759, 
    42844, 
    65734, 
    88485, 
    51393
   ], 
   [
    27125, 
    67871, 
    78212, 
    0, 
    74352, 
    54358, 
    59460, 
    99999, 
    83452
   ], 
   [
    100, 
    40845, 
    94759, 
    74352, 
    0, 
    27332, 
    50221, 
    72973, 
    47533
   ], 
   [
    56013, 
    96758, 
    42844, 
    54358, 
    27332, 
    0, 
    56495, 
    64631, 
    63183
   ], 
   [
    29263, 
    70008, 
    65734, 
    59460, 
    50221, 
    56495, 
    0, 
    69732, 
    36433
   ], 
   [
    37398, 
    78143, 
    88485, 
    99999, 
    72973, 
    64631, 
    69732, 
    0, 
    73180
   ], 
   [
    35950, 
    76696, 
    51393, 
    83452, 
    47533, 
    63183, 
    36433, 
    73180, 
    0
   ]
  ], 
  "probability_matrix": [
   [
    0, 
    0.0791997707298586, 
    0.22916952293872012, 
    0.19320819294541208, 
    0.08519617596884742, 
    0.16132691749425854, 
    0.023233066984564683, 
    0.030474055807105056, 
    0.19819229713123354
   ], 
   [
    0.06565696747606752, 
    0, 
    0.33979704365353, 
    0.09647864347889558, 
    0.17630382864611385, 
    0.023006554966425397, 
    0.003776177040507814, 
    0.2525120181839586, 
    0.04246876655450149
   ], 
   [
    0.06966029582436283, 
    0.15759448539286486, 
    0, 
    0.1468599221057147, 
    0.1188185385095228, 
    0.14813365117093255, 
    0.11218157532417951, 
    0.046799878743198235, 
    0.19995165292922457
   ], 
   [
    0.21459914869332825, 
    0.025415714025360144, 
    0.21362344248314163, 
    0, 
    0.01709889499204727, 
    0.14565863543991625, 
    0.004649395564945369, 
    0.17798541187705846, 
    0.20096935692420256
   ], 
   [
    0.2145791184686282, 
    0.06048219873624055, 
    0.10197305839630637, 
    0.15125114167474027, 
    0, 
    0.024310475399653853, 
    0.15029216611652677, 
    0.1589609575753232, 
    0.13815088363258093
   ], 
   [
    0.049150884821344366, 
    0.20624711367405985, 
    0.14667043655203216, 
    0.15285260985013574, 
    0.046322021384009836, 
    0, 
    0.11749875756697503, 
    0.11407387031062076, 
    0.16718430584082225
   ], 
   [
    0.17197261995546967, 
    0.03504111387012751, 
    0.08198648830942261, 
    0.11379918674182665, 
    0.17604103166891827, 
    0.12377876212520521, 
    0, 
    0.14774464761373882, 
    0.14963614971529113
   ], 
   [
    0.18861631708912316, 
    0.06721088125067194, 
    0.0659400813109804, 
    0.14228753289119708, 
    0.1194471621895423, 
    0.09472825593069399, 
    0.172203321003062, 
    0, 
    0.14956644833472918
   ], 
   [
    0.14555753504634525, 
    0.15901383760489263, 
    0.10541107799790989, 
    0.11933265613243042, 
    0.08255698987108158, 
    0.20272313347699875, 
    0.06953229383065002, 
    0.11587247603969134, 
    0
   ]
  ]
 }, 
 "vehicle_capacities": [
  5, 
  5, 
  5, 
  30, 
  30, 
  30, 
  30, 
  30, 
  30
 ]
}