{
 "vehicle_cost_per_km": [
  5, 
  5, 
  5, 
  5, 
  5
 ], 
 "runs": [
  {
   "avg_task_cost_vs_number_of_task": [
    6820, 
    4282.5, 
    2855, 
    3887.5, 
    3217, 
    3665.8333333333335, 
    3142.1428571428573, 
    3033.125, 
    2696.1111111111113, 
    2426.5, 
    2205.909090909091, 
    2022.0833333333333, 
    1866.5384615384614, 
    1733.2142857142858, 
    1617.6666666666667, 
    1516.5625, 
    1427.3529411764705, 
    1348.0555555555557, 
    1458.6842105263158, 
    1287.75, 
    1599.5238095238096, 
    1717.7272727272727, 
    1805.6521739130435, 
    1427.5, 
    1528.6, 
    1396.923076923077, 
    1586.851851851852, 
    1304.2857142857142, 
    1416.3793103448277, 
    1738.5
   ], 
   "number_of_vehicles": 2
  }, 
  {
   "avg_task_cost_vs_number_of_task": [
    5860, 
    2930, 
    2855, 
    3628.75, 
    3217, 
    3665.8333333333335, 
    3142.1428571428573, 
    3033.125, 
    2696.1111111111113, 
    2426.5, 
    2205.909090909091, 
    2022.0833333333333, 
    1866.5384615384614, 
    1733.2142857142858, 
    1617.6666666666667, 
    1632.8125, 
    1715.2941176470588, 
    1348.0555555555557, 
    1581.578947368421, 
    1287.75, 
    1719.047619047619, 
    1555.2272727272727, 
    1496.7391304347825, 
    1499.1666666666667, 
    1402.6, 
    1702.3076923076924, 
    1352.5925925925926, 
    1506.4285714285713, 
    1430.6896551724137, 
    1502.5
   ], 
   "number_of_vehicles": 3
  }, 
  {
   "avg_task_cost_vs_number_of_task": [
    5840, 
    2930, 
    2855, 
    3628.75, 
    3217, 
    3665.8333333333335, 
    3142.1428571428573, 
    3033.125, 
    2696.1111111111113, 
    2495, 
    2205.909090909091, 
    2022.0833333333333, 
    1866.5384615384614, 
    1733.2142857142858, 
    1617.6666666666667, 
    1516.5625, 
    1427.3529411764705, 
    1426.6666666666667, 
    1355.5263157894738, 
    1287.75, 
    1536.904761904762, 
    1426.3636363636363, 
    1868.2608695652175, 
    1345.2083333333333, 
    1431, 
    1396.5384615384614, 
    1601.4814814814815, 
    1633.392857142857, 
    1832.2413793103449, 
    1511
   ], 
   "number_of_vehicles": 4
  }, 
  {
   "avg_task_cost_vs_number_of_task": [
    5840, 
    2930, 
    2855, 
    3887.5, 
    3217, 
    3665.8333333333335, 
    3142.1428571428573, 
    3033.125, 
    2772.222222222222, 
    2426.5, 
    2205.909090909091, 
    2022.0833333333333, 
    2079.230769230769, 
    1733.2142857142858, 
    1617.6666666666667, 
    1586.875, 
    1713.235294117647, 
    1557.2222222222222, 
    1543.157894736842, 
    1457.75, 
    1439.5238095238096, 
    1472.0454545454545, 
    1725.8695652173913, 
    1552.2916666666667, 
    1688.6, 
    1447.1153846153845, 
    1442.4074074074074, 
    1522.142857142857, 
    1623.9655172413793, 
    1536.8333333333333
   ], 
   "number_of_vehicles": 5
  }
 ], 
 "vehicle_starting_positions": [
  "Monaco", 
  "Le Havre", 
  "Lyon", 
  "Paris", 
  "Marseille", 
  "Gen\u00e8ve", 
  "Strasbourg", 
  "Bordeaux", 
  "Brest"
 ], 
 "task_distribution": {
  "distance_matrix": [
   [
    0, 
    591, 
    1373, 
    1206, 
    1598, 
    787, 
    1175, 
    1057, 
    1078
   ], 
   [
    591, 
    0, 
    782, 
    615, 
    1007, 
    196, 
    584, 
    466, 
    487
   ], 
   [
    1373, 
    782, 
    0, 
    465, 
    225, 
    978, 
    646, 
    316, 
    854
   ], 
   [
    1206, 
    615, 
    465, 
    0, 
    521, 
    811, 
    737, 
    149, 
    389
   ], 
   [
    1598, 
    1007, 
    225, 
    521, 
    0, 
    1203, 
    871, 
    541, 
    910
   ], 
   [
    787, 
    196, 
    978, 
    811, 
    1203, 
    0, 
    780, 
    662, 
    683
   ], 
   [
    1175, 
    584, 
    646, 
    737, 
    871, 
    780, 
    0, 
    588, 
    1071
   ], 
   [
    1057, 
    466, 
    316, 
    149, 
    541, 
    662, 
    588, 
    0, 
    538
   ], 
   [
    1078, 
    487, 
    854, 
    389, 
    910, 
    683, 
    1071, 
    538, 
    0
   ]
  ], 
  "weight_matrix": [
   [
    0, 
    3, 
    3, 
    3, 
    3, 
    3, 
    3, 
    3, 
    3
   ], 
   [
    3, 
    0, 
    3, 
    3, 
    3, 
    3, 
    3, 
    3, 
    3
   ], 
   [
    3, 
    3, 
    0, 
    3, 
    3, 
    3, 
    3, 
    3, 
    3
   ], 
   [
    3, 
    3, 
    3, 
    0, 
    3, 
    3, 
    3, 
    3, 
    3
   ], 
   [
    3, 
    3, 
    3, 
    3, 
    0, 
    3, 
    3, 
    3, 
    3
   ], 
   [
    3, 
    3, 
    3, 
    3, 
    3, 
    0, 
    3, 
    3, 
    3
   ], 
   [
    3, 
    3, 
    3, 
    3, 
    3, 
    3, 
    0, 
    3, 
    3
   ], 
   [
    3, 
    3, 
    3, 
    3, 
    3, 
    3, 
    3, 
    0, 
    3
   ], 
   [
    3, 
    3, 
    3, 
    3, 
    3, 
    3, 
    3, 
    3, 
    0
   ]
  ], 
  "city_names": [
   "Brest", 
   "Paris", 
   "Marseille", 
   "Gen\u00e8ve", 
   "Monaco", 
   "Le Havre", 
   "Bordeaux", 
   "Lyon", 
   "Strasbourg"
  ], 
  "reward_matrix": [
   [
    0, 
    69526, 
    15612, 
    27125, 
    100, 
    56013, 
    29263, 
    37398, 
    35950
   ], 
   [
    69526, 
    0, 
    56357, 
    67871, 
    40845, 
    96758, 
    70008, 
    78143, 
    76696
   ], 
   [
    15612, 
    56357, 
    0, 
    78212, 
    94759, 
    42844, 
    65734, 
    88485, 
    51393
   ], 
   [
    27125, 
    67871, 
    78212, 
    0, 
    74352, 
    54358, 
    59460, 
    99999, 
    83452
   ], 
   [
    100, 
    40845, 
    94759, 
    74352, 
    0, 
    27332, 
    50221, 
    72973, 
    47533
   ], 
   [
    56013, 
    96758, 
    42844, 
    54358, 
    27332, 
    0, 
    56495, 
    64631, 
    63183
   ], 
   [
    29263, 
    70008, 
    65734, 
    59460, 
    50221, 
    56495, 
    0, 
    69732, 
    36433
   ], 
   [
    37398, 
    78143, 
    88485, 
    99999, 
    72973, 
    64631, 
    69732, 
    0, 
    73180
   ], 
   [
    35950, 
    76696, 
    51393, 
    83452, 
    47533, 
    63183, 
    36433, 
    73180, 
    0
   ]
  ], 
  "probability_matrix": [
   [
    0, 
    0.2099331747576718, 
    0.1716665375506674, 
    0.16665522836735097, 
    0.026518418995467176, 
    0.20286375892713127, 
    0.003481546026804838, 
    0.039668813438583396, 
    0.17921252193632306
   ], 
   [
    0.11338436462716929, 
    0, 
    0.18255392582292404, 
    0.15539689693015915, 
    0.16860095467405292, 
    0.15237190123401506, 
    0.12765410024694998, 
    0.03969973301193444, 
    0.060338123452795156
   ], 
   [
    0.17996047810664303, 
    0.05234738401017129, 
    0, 
    0.2546173526074395, 
    0.19937405051936352, 
    0.13127812006233586, 
    0.022595142750947088, 
    0.04556115830652614, 
    0.11426631363657357
   ], 
   [
    0.12464904810720569, 
    0.11945987438662702, 
    0.1522467209426835, 
    0, 
    0.1942540037608381, 
    0.061813316094465116, 
    0.14437850553201909, 
    0.03600678729406752, 
    0.16719174388209398
   ], 
   [
    0.0017050537857105496, 
    0.22015509949648365, 
    0.06507887408908242, 
    0.17956656055171114, 
    0, 
    0.2395104404350978, 
    0.004825242913268658, 
    0.20483918557613062, 
    0.08431954315251508
   ], 
   [
    0.13901743616111226, 
    0.1926202093272489, 
    0.029233381773513596, 
    0.048031621116228, 
    0.18912688965370858, 
    0, 
    0.05259296040300811, 
    0.2088331597902402, 
    0.1405443417749403
   ], 
   [
    0.0831181943466003, 
    0.19635060742019644, 
    0.13983864186013079, 
    0.12979482069037615, 
    0.1609856929708073, 
    0.09897505087499638, 
    0, 
    0.06640242984624642, 
    0.12453456199064632
   ], 
   [
    0.2817843960456586, 
    0.2775605672906986, 
    0.029454767377539857, 
    0.007407486588013956, 
    0.09122668106144134, 
    0.05313997744156294, 
    0.24051411268284106, 
    0, 
    0.018912011512243816
   ], 
   [
    0.13995215400179434, 
    0.1373449339745438, 
    0.08954293411516169, 
    0.1311608218573103, 
    0.12539672916880576, 
    0.06624214835070995, 
    0.14694823337885926, 
    0.16341204515281485, 
    0
   ]
  ]
 }, 
 "vehicle_capacities": [
  30, 
  30, 
  30, 
  30, 
  30
 ]
}