{
 "vehicle_cost_per_km": [
  10, 
  10, 
  5, 
  5, 
  5, 
  5, 
  5, 
  5, 
  5
 ], 
 "runs": [
  {
   "avg_task_cost_vs_number_of_task": [
    6460, 
    4810, 
    4850, 
    3637.5, 
    3688, 
    3726.6666666666665, 
    3645.714285714286, 
    3946.25, 
    4457.222222222223, 
    4798, 
    4855.909090909091, 
    5102.916666666667, 
    5441.923076923077, 
    5561.071428571428, 
    5430.333333333333, 
    5475.3125, 
    5305.294117647059, 
    5082.222222222223, 
    4933.1578947368425, 
    4686.5, 
    4788.571428571428, 
    4697.954545454545, 
    4743.478260869565, 
    4653.541666666667, 
    4898.6, 
    5075.961538461538, 
    5060.185185185185, 
    5085.714285714285, 
    4939.482758620689, 
    4985
   ], 
   "number_of_vehicles": 3
  }
 ], 
 "vehicle_starting_positions": [
  "Brest", 
  "Paris", 
  "Marseille", 
  "Gen\u00c3\u00a8ve", 
  "Monaco", 
  "Le Havre", 
  "Bordeaux", 
  "Lyon", 
  "Strasbourg"
 ], 
 "task_distribution": {
  "distance_matrix": [
   [
    0, 
    591, 
    1373, 
    1206, 
    1598, 
    787, 
    1175, 
    1057, 
    1078
   ], 
   [
    591, 
    0, 
    782, 
    615, 
    1007, 
    196, 
    584, 
    466, 
    487
   ], 
   [
    1373, 
    782, 
    0, 
    465, 
    225, 
    978, 
    646, 
    316, 
    854
   ], 
   [
    1206, 
    615, 
    465, 
    0, 
    521, 
    811, 
    737, 
    149, 
    389
   ], 
   [
    1598, 
    1007, 
    225, 
    521, 
    0, 
    1203, 
    871, 
    541, 
    910
   ], 
   [
    787, 
    196, 
    978, 
    811, 
    1203, 
    0, 
    780, 
    662, 
    683
   ], 
   [
    1175, 
    584, 
    646, 
    737, 
    871, 
    780, 
    0, 
    588, 
    1071
   ], 
   [
    1057, 
    466, 
    316, 
    149, 
    541, 
    662, 
    588, 
    0, 
    538
   ], 
   [
    1078, 
    487, 
    854, 
    389, 
    910, 
    683, 
    1071, 
    538, 
    0
   ]
  ], 
  "weight_matrix": [
   [
    0, 
    3, 
    3, 
    3, 
    3, 
    3, 
    3, 
    3, 
    3
   ], 
   [
    3, 
    0, 
    3, 
    3, 
    3, 
    3, 
    3, 
    3, 
    3
   ], 
   [
    3, 
    3, 
    0, 
    3, 
    3, 
    3, 
    3, 
    3, 
    3
   ], 
   [
    3, 
    3, 
    3, 
    0, 
    3, 
    3, 
    3, 
    3, 
    3
   ], 
   [
    3, 
    3, 
    3, 
    3, 
    0, 
    3, 
    3, 
    3, 
    3
   ], 
   [
    3, 
    3, 
    3, 
    3, 
    3, 
    0, 
    3, 
    3, 
    3
   ], 
   [
    3, 
    3, 
    3, 
    3, 
    3, 
    3, 
    0, 
    3, 
    3
   ], 
   [
    3, 
    3, 
    3, 
    3, 
    3, 
    3, 
    3, 
    0, 
    3
   ], 
   [
    3, 
    3, 
    3, 
    3, 
    3, 
    3, 
    3, 
    3, 
    0
   ]
  ], 
  "city_names": [
   "Brest", 
   "Paris", 
   "Marseille", 
   "Gen\u00c3\u00a8ve", 
   "Monaco", 
   "Le Havre", 
   "Bordeaux", 
   "Lyon", 
   "Strasbourg"
  ], 
  "reward_matrix": [
   [
    0, 
    69526, 
    15612, 
    27125, 
    100, 
    56013, 
    29263, 
    37398, 
    35950
   ], 
   [
    69526, 
    0, 
    56357, 
    67871, 
    40845, 
    96758, 
    70008, 
    78143, 
    76696
   ], 
   [
    15612, 
    56357, 
    0, 
    78212, 
    94759, 
    42844, 
    65734, 
    88485, 
    51393
   ], 
   [
    27125, 
    67871, 
    78212, 
    0, 
    74352, 
    54358, 
    59460, 
    99999, 
    83452
   ], 
   [
    100, 
    40845, 
    94759, 
    74352, 
    0, 
    27332, 
    50221, 
    72973, 
    47533
   ], 
   [
    56013, 
    96758, 
    42844, 
    54358, 
    27332, 
    0, 
    56495, 
    64631, 
    63183
   ], 
   [
    29263, 
    70008, 
    65734, 
    59460, 
    50221, 
    56495, 
    0, 
    69732, 
    36433
   ], 
   [
    37398, 
    78143, 
    88485, 
    99999, 
    72973, 
    64631, 
    69732, 
    0, 
    73180
   ], 
   [
    35950, 
    76696, 
    51393, 
    83452, 
    47533, 
    63183, 
    36433, 
    73180, 
    0
   ]
  ], 
  "probability_matrix": [
   [
    0, 
    0.09095340579048537, 
    0.1614150456351767, 
    0.1558637299558389, 
    0.0728038134483395, 
    0.15578036894771136, 
    0.1223129716484054, 
    0.10869771960141435, 
    0.1321729449726285
   ], 
   [
    0.023010131769246985, 
    0, 
    0.1872745171023519, 
    0.14009792085871606, 
    0.053652644052198474, 
    0.17607847669177823, 
    0.20561437774349786, 
    0.05268027188223605, 
    0.16159165989997437
   ], 
   [
    0.017422488787456246, 
    0.10359936576080327, 
    0, 
    0.0813469238218783, 
    0.2966420012570225, 
    0.020009554262719685, 
    0.1065375489792808, 
    0.14860871630164185, 
    0.2258334008291974
   ], 
   [
    0.0493653201710298, 
    0.1889359819603697, 
    0.07301650562849935, 
    0, 
    0.12725932313691665, 
    0.15030648067367816, 
    0.1427764583103079, 
    0.1535540555506227, 
    0.1147858745685757
   ], 
   [
    0.21047286960892203, 
    0.19725552126970022, 
    0.007823442526326115, 
    0.14001896187212923, 
    0, 
    0.22652304672879825, 
    0.014588145369487177, 
    0.1474434236039212, 
    0.05587458902071591
   ], 
   [
    0.16734716113231812, 
    0.11622676655763725, 
    0.15781786536422973, 
    0.13399275590393978, 
    0.0987183820048677, 
    0, 
    0.06533878920803228, 
    0.1837917235589325, 
    0.07676655627004271
   ], 
   [
    0.08855552397044429, 
    0.06278694752141031, 
    0.18142379939063694, 
    0.15698595904828985, 
    0.1820058044169863, 
    0.09174110722418989, 
    0, 
    0.06015170832890464, 
    0.17634915009913785
   ], 
   [
    0.07862575363491578, 
    0.1615913777491723, 
    0.199322282447837, 
    0.04563768909210595, 
    0.16495234641417464, 
    0.14920695426144398, 
    0.19572817352620928, 
    0, 
    0.00493542287414115
   ], 
   [
    0.08085845694424343, 
    0.11356824088284331, 
    0.026940301203680708, 
    0.1968116195827583, 
    0.21833396656862933, 
    0.19936076066727465, 
    0.015968354843047164, 
    0.14815829930752306, 
    0
   ]
  ]
 }, 
 "vehicle_capacities": [
  5, 
  5, 
  5, 
  30, 
  30, 
  30, 
  30, 
  30, 
  30
 ]
}