{
 "vehicle_cost_per_km": [
  5, 
  15, 
  15, 
  5, 
  5, 
  5, 
  5, 
  5, 
  5
 ], 
 "runs": [
  {
   "avg_task_cost_vs_number_of_task": [
    8595, 
    6627.5, 
    5595, 
    7697.5, 
    6548, 
    7144.166666666667, 
    6627.857142857143, 
    5799.375, 
    5722.222222222223, 
    5378.5, 
    5140, 
    4929.166666666667, 
    4770, 
    5023.571428571428, 
    4911.666666666667, 
    5261.875, 
    5096.764705882353, 
    5716.111111111111, 
    5295.526315789473, 
    5296.75, 
    5084.047619047619, 
    5054.772727272727, 
    5045.434782608696, 
    4627.083333333333, 
    5110.6, 
    4946.538461538462, 
    5089.444444444444, 
    5242.142857142857, 
    5119.827586206897, 
    5383
   ], 
   "number_of_vehicles": 3
  }
 ], 
 "vehicle_starting_positions": [
  "Brest", 
  "Paris", 
  "Marseille", 
  "Gen\u00c3\u00a8ve", 
  "Monaco", 
  "Le Havre", 
  "Bordeaux", 
  "Lyon", 
  "Strasbourg"
 ], 
 "task_distribution": {
  "distance_matrix": [
   [
    0, 
    591, 
    1373, 
    1206, 
    1598, 
    787, 
    1175, 
    1057, 
    1078
   ], 
   [
    591, 
    0, 
    782, 
    615, 
    1007, 
    196, 
    584, 
    466, 
    487
   ], 
   [
    1373, 
    782, 
    0, 
    465, 
    225, 
    978, 
    646, 
    316, 
    854
   ], 
   [
    1206, 
    615, 
    465, 
    0, 
    521, 
    811, 
    737, 
    149, 
    389
   ], 
   [
    1598, 
    1007, 
    225, 
    521, 
    0, 
    1203, 
    871, 
    541, 
    910
   ], 
   [
    787, 
    196, 
    978, 
    811, 
    1203, 
    0, 
    780, 
    662, 
    683
   ], 
   [
    1175, 
    584, 
    646, 
    737, 
    871, 
    780, 
    0, 
    588, 
    1071
   ], 
   [
    1057, 
    466, 
    316, 
    149, 
    541, 
    662, 
    588, 
    0, 
    538
   ], 
   [
    1078, 
    487, 
    854, 
    389, 
    910, 
    683, 
    1071, 
    538, 
    0
   ]
  ], 
  "weight_matrix": [
   [
    0, 
    3, 
    3, 
    3, 
    3, 
    3, 
    3, 
    3, 
    3
   ], 
   [
    3, 
    0, 
    3, 
    3, 
    3, 
    3, 
    3, 
    3, 
    3
   ], 
   [
    3, 
    3, 
    0, 
    3, 
    3, 
    3, 
    3, 
    3, 
    3
   ], 
   [
    3, 
    3, 
    3, 
    0, 
    3, 
    3, 
    3, 
    3, 
    3
   ], 
   [
    3, 
    3, 
    3, 
    3, 
    0, 
    3, 
    3, 
    3, 
    3
   ], 
   [
    3, 
    3, 
    3, 
    3, 
    3, 
    0, 
    3, 
    3, 
    3
   ], 
   [
    3, 
    3, 
    3, 
    3, 
    3, 
    3, 
    0, 
    3, 
    3
   ], 
   [
    3, 
    3, 
    3, 
    3, 
    3, 
    3, 
    3, 
    0, 
    3
   ], 
   [
    3, 
    3, 
    3, 
    3, 
    3, 
    3, 
    3, 
    3, 
    0
   ]
  ], 
  "city_names": [
   "Brest", 
   "Paris", 
   "Marseille", 
   "Gen\u00c3\u00a8ve", 
   "Monaco", 
   "Le Havre", 
   "Bordeaux", 
   "Lyon", 
   "Strasbourg"
  ], 
  "reward_matrix": [
   [
    0, 
    69526, 
    15612, 
    27125, 
    100, 
    56013, 
    29263, 
    37398, 
    35950
   ], 
   [
    69526, 
    0, 
    56357, 
    67871, 
    40845, 
    96758, 
    70008, 
    78143, 
    76696
   ], 
   [
    15612, 
    56357, 
    0, 
    78212, 
    94759, 
    42844, 
    65734, 
    88485, 
    51393
   ], 
   [
    27125, 
    67871, 
    78212, 
    0, 
    74352, 
    54358, 
    59460, 
    99999, 
    83452
   ], 
   [
    100, 
    40845, 
    94759, 
    74352, 
    0, 
    27332, 
    50221, 
    72973, 
    47533
   ], 
   [
    56013, 
    96758, 
    42844, 
    54358, 
    27332, 
    0, 
    56495, 
    64631, 
    63183
   ], 
   [
    29263, 
    70008, 
    65734, 
    59460, 
    50221, 
    56495, 
    0, 
    69732, 
    36433
   ], 
   [
    37398, 
    78143, 
    88485, 
    99999, 
    72973, 
    64631, 
    69732, 
    0, 
    73180
   ], 
   [
    35950, 
    76696, 
    51393, 
    83452, 
    47533, 
    63183, 
    36433, 
    73180, 
    0
   ]
  ], 
  "probability_matrix": [
   [
    0, 
    0.0068797279441826405, 
    0.008852187049851086, 
    0.14093614373648916, 
    0.03663060249851177, 
    0.14069724311004841, 
    0.24528768608662285, 
    0.2540498203839286, 
    0.16666658919036548
   ], 
   [
    0.29065021143431385, 
    0, 
    0.034414116468097194, 
    0.05658468313505002, 
    0.023596889604134037, 
    0.05404947276724152, 
    0.27609269113390317, 
    0.1639580874144499, 
    0.10065384804281038
   ], 
   [
    0.07924896766911438, 
    0.2706680642713044, 
    0, 
    0.18113183573608102, 
    0.04563814412361273, 
    0.04342993398001412, 
    0.059526362548365706, 
    0.2274328268233294, 
    0.09292386484817848
   ], 
   [
    0.12712432808202287, 
    0.04682157290526835, 
    0.08648017471160002, 
    0, 
    0.04116045297611716, 
    0.20795968318649738, 
    0.17860352958975606, 
    0.02663186527780136, 
    0.28521839327093684
   ], 
   [
    0.08995680046656836, 
    0.09207021232613997, 
    0.1887405176753675, 
    0.04347169526311833, 
    0, 
    0.11067208294974186, 
    0.15449598405058326, 
    0.15944972603628194, 
    0.1611429812321986
   ], 
   [
    0.2355188576280751, 
    0.0171418989620484, 
    0.1861872498589412, 
    0.03025846148660033, 
    0.15867032126337732, 
    0, 
    0.041567307215912494, 
    0.1560770792734545, 
    0.17457882431159077
   ], 
   [
    0.12144007408555595, 
    0.1389134106560759, 
    0.1486445227857403, 
    0.1067258628169123, 
    0.16299283320969585, 
    0.027916234133463738, 
    0, 
    0.13773752024265798, 
    0.15562954206989807
   ], 
   [
    0.07076475808966631, 
    0.11837105475046078, 
    0.07179877294559443, 
    0.06455137538545751, 
    0.2084589449693009, 
    0.18917966333505631, 
    0.04206987096725572, 
    0, 
    0.23480555955720805
   ], 
   [
    0.1088015187127467, 
    0.24760730795252336, 
    0.25805220355780645, 
    0.047133551121840186, 
    0.01486495187059966, 
    0.0029901211845774914, 
    0.22229742963807833, 
    0.09825291596182799, 
    0
   ]
  ]
 }, 
 "vehicle_capacities": [
  5, 
  5, 
  5, 
  30, 
  30, 
  30, 
  30, 
  30, 
  30
 ]
}