{
 "vehicle_cost_per_km": [
  5, 
  5, 
  5, 
  5, 
  5
 ], 
 "runs": [
  {
   "avg_task_cost_vs_number_of_task": [
    1125, 
    1865, 
    3040, 
    3695, 
    3125, 
    3238.3333333333335, 
    2834.285714285714, 
    2480, 
    2420.5555555555557, 
    2178.5, 
    1980.4545454545455, 
    2172.0833333333335, 
    1973.8461538461538, 
    1971.0714285714287, 
    1795, 
    1682.8125, 
    1583.8235294117646, 
    1620.8333333333333, 
    1417.1052631578948, 
    1614.75, 
    1541.4285714285713, 
    1549.090909090909, 
    1642.391304347826, 
    1392.0833333333333, 
    1501.2, 
    1371.5384615384614, 
    1373.148148148148, 
    1273.5714285714287, 
    1608.9655172413793, 
    1322.5
   ], 
   "number_of_vehicles": 3
  }
 ], 
 "vehicle_starting_positions": [
  "Brest", 
  "Paris", 
  "Marseille", 
  "Gen\u00e8ve", 
  "Monaco", 
  "Le Havre", 
  "Bordeaux", 
  "Lyon", 
  "Strasbourg"
 ], 
 "task_distribution": {
  "distance_matrix": [
   [
    0, 
    591, 
    1373, 
    1206, 
    1598, 
    787, 
    1175, 
    1057, 
    1078
   ], 
   [
    591, 
    0, 
    782, 
    615, 
    1007, 
    196, 
    584, 
    466, 
    487
   ], 
   [
    1373, 
    782, 
    0, 
    465, 
    225, 
    978, 
    646, 
    316, 
    854
   ], 
   [
    1206, 
    615, 
    465, 
    0, 
    521, 
    811, 
    737, 
    149, 
    389
   ], 
   [
    1598, 
    1007, 
    225, 
    521, 
    0, 
    1203, 
    871, 
    541, 
    910
   ], 
   [
    787, 
    196, 
    978, 
    811, 
    1203, 
    0, 
    780, 
    662, 
    683
   ], 
   [
    1175, 
    584, 
    646, 
    737, 
    871, 
    780, 
    0, 
    588, 
    1071
   ], 
   [
    1057, 
    466, 
    316, 
    149, 
    541, 
    662, 
    588, 
    0, 
    538
   ], 
   [
    1078, 
    487, 
    854, 
    389, 
    910, 
    683, 
    1071, 
    538, 
    0
   ]
  ], 
  "weight_matrix": [
   [
    0, 
    3, 
    3, 
    3, 
    3, 
    3, 
    3, 
    3, 
    3
   ], 
   [
    3, 
    0, 
    3, 
    3, 
    3, 
    3, 
    3, 
    3, 
    3
   ], 
   [
    3, 
    3, 
    0, 
    3, 
    3, 
    3, 
    3, 
    3, 
    3
   ], 
   [
    3, 
    3, 
    3, 
    0, 
    3, 
    3, 
    3, 
    3, 
    3
   ], 
   [
    3, 
    3, 
    3, 
    3, 
    0, 
    3, 
    3, 
    3, 
    3
   ], 
   [
    3, 
    3, 
    3, 
    3, 
    3, 
    0, 
    3, 
    3, 
    3
   ], 
   [
    3, 
    3, 
    3, 
    3, 
    3, 
    3, 
    0, 
    3, 
    3
   ], 
   [
    3, 
    3, 
    3, 
    3, 
    3, 
    3, 
    3, 
    0, 
    3
   ], 
   [
    3, 
    3, 
    3, 
    3, 
    3, 
    3, 
    3, 
    3, 
    0
   ]
  ], 
  "city_names": [
   "Brest", 
   "Paris", 
   "Marseille", 
   "Gen\u00e8ve", 
   "Monaco", 
   "Le Havre", 
   "Bordeaux", 
   "Lyon", 
   "Strasbourg"
  ], 
  "reward_matrix": [
   [
    0, 
    69526, 
    15612, 
    27125, 
    100, 
    56013, 
    29263, 
    37398, 
    35950
   ], 
   [
    69526, 
    0, 
    56357, 
    67871, 
    40845, 
    96758, 
    70008, 
    78143, 
    76696
   ], 
   [
    15612, 
    56357, 
    0, 
    78212, 
    94759, 
    42844, 
    65734, 
    88485, 
    51393
   ], 
   [
    27125, 
    67871, 
    78212, 
    0, 
    74352, 
    54358, 
    59460, 
    99999, 
    83452
   ], 
   [
    100, 
    40845, 
    94759, 
    74352, 
    0, 
    27332, 
    50221, 
    72973, 
    47533
   ], 
   [
    56013, 
    96758, 
    42844, 
    54358, 
    27332, 
    0, 
    56495, 
    64631, 
    63183
   ], 
   [
    29263, 
    70008, 
    65734, 
    59460, 
    50221, 
    56495, 
    0, 
    69732, 
    36433
   ], 
   [
    37398, 
    78143, 
    88485, 
    99999, 
    72973, 
    64631, 
    69732, 
    0, 
    73180
   ], 
   [
    35950, 
    76696, 
    51393, 
    83452, 
    47533, 
    63183, 
    36433, 
    73180, 
    0
   ]
  ], 
  "probability_matrix": [
   [
    0, 
    0.19832148011639042, 
    0.19708105744550897, 
    0.053050420624020704, 
    0.1601847808527411, 
    0.01925719206239421, 
    0.12757296804510287, 
    0.1749300069521832, 
    0.06960209390165849
   ], 
   [
    0.19923387047144145, 
    0, 
    0.024882298823990387, 
    0.19528483844876415, 
    0.06919648439935257, 
    0.1869950219873229, 
    0.11526036977295485, 
    0.015567536145058175, 
    0.19357957995111544
   ], 
   [
    0.08385467561355005, 
    0.10977515669677743, 
    0, 
    0.18247072888489446, 
    0.14520689491838923, 
    0.1659836732349556, 
    0.01167866219068106, 
    0.13610180111659662, 
    0.16492840734415537
   ], 
   [
    0.1892176273439221, 
    0.21678199080495608, 
    0.10786547447619947, 
    0, 
    0.03720837038880038, 
    0.11533637526784865, 
    0.06726413824501615, 
    0.1878679365674028, 
    0.07845808690585437
   ], 
   [
    0.05699540412645342, 
    0.07460972955735547, 
    0.1897478392973797, 
    0.17211785373749572, 
    0, 
    0.19041846596427078, 
    0.10210862746903701, 
    0.09662414537428053, 
    0.11737793447372731
   ], 
   [
    0.1375971559371244, 
    0.06518941850321198, 
    0.1830798963040056, 
    0.2139065395917047, 
    0.11081990799204457, 
    0, 
    0.14434588750661112, 
    0.039285311237527404, 
    0.10577588292777038
   ], 
   [
    0.06677590850174493, 
    0.17801710051060327, 
    0.12039211425802153, 
    0.18512817095354878, 
    0.10669217097245479, 
    0.1592954556076937, 
    0, 
    0.09732379246899611, 
    0.08637528672693685
   ], 
   [
    0.05479833263808291, 
    0.026304628593718273, 
    0.21394409587317878, 
    0.23036894615815118, 
    0.14509573437015136, 
    0.07278483634928645, 
    0.22392130402972604, 
    0, 
    0.03278212198770513
   ], 
   [
    0.09803107168853985, 
    0.15280043911272018, 
    0.1294176281263152, 
    0.13724674371418039, 
    0.12947395979171372, 
    0.11398335462163453, 
    0.112492931677119, 
    0.12655387126777717, 
    0
   ]
  ]
 }, 
 "vehicle_capacities": [
  15, 
  15, 
  15, 
  30, 
  30, 
  30, 
  30, 
  30, 
  30
 ]
}