{
 "vehicle_cost_per_km": [
  5, 
  5, 
  5, 
  5, 
  5
 ], 
 "runs": [
  {
   "avg_task_cost_vs_number_of_task": [
    2330, 
    3080, 
    3156.6666666666665, 
    3066.25, 
    3044, 
    2985.8333333333335, 
    2559.285714285714, 
    2513.75, 
    2249.4444444444443, 
    2108, 
    2535, 
    2364.5833333333335, 
    2240, 
    2026.7857142857142, 
    1997, 
    1966.875, 
    2116.470588235294, 
    1932.2222222222222, 
    2072.8947368421054, 
    2054, 
    1956.1904761904761, 
    1947.7272727272727, 
    1971.9565217391305, 
    1934.375, 
    2104.4, 
    1982.6923076923076, 
    2079.6296296296296, 
    2048.75, 
    2108.103448275862, 
    2115.6666666666665
   ], 
   "number_of_vehicles": 3
  }
 ], 
 "vehicle_starting_positions": [
  "Brest", 
  "Paris", 
  "Marseille", 
  "Gen\u00e8ve", 
  "Monaco", 
  "Le Havre", 
  "Bordeaux", 
  "Lyon", 
  "Strasbourg"
 ], 
 "task_distribution": {
  "distance_matrix": [
   [
    0, 
    591, 
    1373, 
    1206, 
    1598, 
    787, 
    1175, 
    1057, 
    1078
   ], 
   [
    591, 
    0, 
    782, 
    615, 
    1007, 
    196, 
    584, 
    466, 
    487
   ], 
   [
    1373, 
    782, 
    0, 
    465, 
    225, 
    978, 
    646, 
    316, 
    854
   ], 
   [
    1206, 
    615, 
    465, 
    0, 
    521, 
    811, 
    737, 
    149, 
    389
   ], 
   [
    1598, 
    1007, 
    225, 
    521, 
    0, 
    1203, 
    871, 
    541, 
    910
   ], 
   [
    787, 
    196, 
    978, 
    811, 
    1203, 
    0, 
    780, 
    662, 
    683
   ], 
   [
    1175, 
    584, 
    646, 
    737, 
    871, 
    780, 
    0, 
    588, 
    1071
   ], 
   [
    1057, 
    466, 
    316, 
    149, 
    541, 
    662, 
    588, 
    0, 
    538
   ], 
   [
    1078, 
    487, 
    854, 
    389, 
    910, 
    683, 
    1071, 
    538, 
    0
   ]
  ], 
  "weight_matrix": [
   [
    0, 
    3, 
    3, 
    3, 
    3, 
    3, 
    3, 
    3, 
    3
   ], 
   [
    3, 
    0, 
    3, 
    3, 
    3, 
    3, 
    3, 
    3, 
    3
   ], 
   [
    3, 
    3, 
    0, 
    3, 
    3, 
    3, 
    3, 
    3, 
    3
   ], 
   [
    3, 
    3, 
    3, 
    0, 
    3, 
    3, 
    3, 
    3, 
    3
   ], 
   [
    3, 
    3, 
    3, 
    3, 
    0, 
    3, 
    3, 
    3, 
    3
   ], 
   [
    3, 
    3, 
    3, 
    3, 
    3, 
    0, 
    3, 
    3, 
    3
   ], 
   [
    3, 
    3, 
    3, 
    3, 
    3, 
    3, 
    0, 
    3, 
    3
   ], 
   [
    3, 
    3, 
    3, 
    3, 
    3, 
    3, 
    3, 
    0, 
    3
   ], 
   [
    3, 
    3, 
    3, 
    3, 
    3, 
    3, 
    3, 
    3, 
    0
   ]
  ], 
  "city_names": [
   "Brest", 
   "Paris", 
   "Marseille", 
   "Gen\u00e8ve", 
   "Monaco", 
   "Le Havre", 
   "Bordeaux", 
   "Lyon", 
   "Strasbourg"
  ], 
  "reward_matrix": [
   [
    0, 
    69526, 
    15612, 
    27125, 
    100, 
    56013, 
    29263, 
    37398, 
    35950
   ], 
   [
    69526, 
    0, 
    56357, 
    67871, 
    40845, 
    96758, 
    70008, 
    78143, 
    76696
   ], 
   [
    15612, 
    56357, 
    0, 
    78212, 
    94759, 
    42844, 
    65734, 
    88485, 
    51393
   ], 
   [
    27125, 
    67871, 
    78212, 
    0, 
    74352, 
    54358, 
    59460, 
    99999, 
    83452
   ], 
   [
    100, 
    40845, 
    94759, 
    74352, 
    0, 
    27332, 
    50221, 
    72973, 
    47533
   ], 
   [
    56013, 
    96758, 
    42844, 
    54358, 
    27332, 
    0, 
    56495, 
    64631, 
    63183
   ], 
   [
    29263, 
    70008, 
    65734, 
    59460, 
    50221, 
    56495, 
    0, 
    69732, 
    36433
   ], 
   [
    37398, 
    78143, 
    88485, 
    99999, 
    72973, 
    64631, 
    69732, 
    0, 
    73180
   ], 
   [
    35950, 
    76696, 
    51393, 
    83452, 
    47533, 
    63183, 
    36433, 
    73180, 
    0
   ]
  ], 
  "probability_matrix": [
   [
    0, 
    0.09271398639768082, 
    0.0246569988322737, 
    0.08189812510956797, 
    0.2410331499550163, 
    0.19089656825066084, 
    0.06089262269303585, 
    0.09469866380430252, 
    0.21320988495746196
   ], 
   [
    0.114563556112359, 
    0, 
    0.14318136917124089, 
    0.18020196762432095, 
    0.11507377405360526, 
    0.19550343477296603, 
    0.11342145199966217, 
    0.12221118103065587, 
    0.01584326523518981
   ], 
   [
    0.04399106584476786, 
    0.18989590565568798, 
    0, 
    0.07394485751671855, 
    0.14189673986331414, 
    0.1370599017414073, 
    0.064321861222612, 
    0.11191899404998717, 
    0.23697067410550512
   ], 
   [
    0.14833023040239215, 
    0.02383886741834374, 
    0.04909255330910391, 
    0, 
    0.17090506434885405, 
    0.15781676893368832, 
    0.13357539263918153, 
    0.11986910846868949, 
    0.1965720144797468
   ], 
   [
    0.05289342692401074, 
    0.10301791084311136, 
    0.17459797817159634, 
    0.1498763904198856, 
    0, 
    0.15541232909330555, 
    0.15457525678362166, 
    0.04145928320242166, 
    0.16816742456204714
   ], 
   [
    0.13730632646619387, 
    0.169633136493773, 
    0.15881296710588128, 
    0.11791283377955537, 
    0.10778256670713636, 
    0, 
    0.11136606843238339, 
    0.026583161168222194, 
    0.17060293984685446
   ], 
   [
    0.037459337503051394, 
    0.13617907707423688, 
    0.021008432870267088, 
    0.26189575609173477, 
    0.07289424712468039, 
    0.1053059737052824, 
    0, 
    0.16248376156076935, 
    0.20277341406997776
   ], 
   [
    0.17243834271005867, 
    0.07045207065805925, 
    0.10153315600505523, 
    0.009850211908179644, 
    0.05820725972460229, 
    0.19331630569342842, 
    0.1585046239397741, 
    0, 
    0.2356980293608424
   ], 
   [
    0.01335575550852799, 
    0.12830529598654433, 
    0.07901585890400652, 
    0.11839491477571089, 
    0.18771732102480906, 
    0.1121623589829254, 
    0.18331368486173613, 
    0.17773480995573962, 
    0
   ]
  ]
 }, 
 "vehicle_capacities": [
  10, 
  10, 
  10, 
  30, 
  30, 
  30, 
  30, 
  30, 
  30
 ]
}