{
 "vehicle_cost_per_km": [
  15, 
  5, 
  15, 
  5, 
  5, 
  5, 
  5, 
  5, 
  5
 ], 
 "runs": [
  {
   "avg_task_cost_vs_number_of_task": [
    4915, 
    6452.5, 
    4951.666666666667, 
    4793.75, 
    3842, 
    3688.3333333333335, 
    3161.4285714285716, 
    2766.25, 
    2840.5555555555557, 
    2768, 
    2542.7272727272725, 
    2250, 
    2503.846153846154, 
    2485.714285714286, 
    2276.6666666666665, 
    2252.8125, 
    2529.1176470588234, 
    2517.222222222222, 
    2920, 
    2825, 
    2282.3809523809523, 
    2580.681818181818, 
    2445.8695652173915, 
    2634.1666666666665, 
    2616.6, 
    2781.153846153846, 
    2515.185185185185, 
    2665.1785714285716, 
    2915.862068965517, 
    2865.8333333333335
   ], 
   "number_of_vehicles": 3
  }
 ], 
 "vehicle_starting_positions": [
  "Brest", 
  "Paris", 
  "Marseille", 
  "Gen\u00c3\u00a8ve", 
  "Monaco", 
  "Le Havre", 
  "Bordeaux", 
  "Lyon", 
  "Strasbourg"
 ], 
 "task_distribution": {
  "distance_matrix": [
   [
    0, 
    591, 
    1373, 
    1206, 
    1598, 
    787, 
    1175, 
    1057, 
    1078
   ], 
   [
    591, 
    0, 
    782, 
    615, 
    1007, 
    196, 
    584, 
    466, 
    487
   ], 
   [
    1373, 
    782, 
    0, 
    465, 
    225, 
    978, 
    646, 
    316, 
    854
   ], 
   [
    1206, 
    615, 
    465, 
    0, 
    521, 
    811, 
    737, 
    149, 
    389
   ], 
   [
    1598, 
    1007, 
    225, 
    521, 
    0, 
    1203, 
    871, 
    541, 
    910
   ], 
   [
    787, 
    196, 
    978, 
    811, 
    1203, 
    0, 
    780, 
    662, 
    683
   ], 
   [
    1175, 
    584, 
    646, 
    737, 
    871, 
    780, 
    0, 
    588, 
    1071
   ], 
   [
    1057, 
    466, 
    316, 
    149, 
    541, 
    662, 
    588, 
    0, 
    538
   ], 
   [
    1078, 
    487, 
    854, 
    389, 
    910, 
    683, 
    1071, 
    538, 
    0
   ]
  ], 
  "weight_matrix": [
   [
    0, 
    3, 
    3, 
    3, 
    3, 
    3, 
    3, 
    3, 
    3
   ], 
   [
    3, 
    0, 
    3, 
    3, 
    3, 
    3, 
    3, 
    3, 
    3
   ], 
   [
    3, 
    3, 
    0, 
    3, 
    3, 
    3, 
    3, 
    3, 
    3
   ], 
   [
    3, 
    3, 
    3, 
    0, 
    3, 
    3, 
    3, 
    3, 
    3
   ], 
   [
    3, 
    3, 
    3, 
    3, 
    0, 
    3, 
    3, 
    3, 
    3
   ], 
   [
    3, 
    3, 
    3, 
    3, 
    3, 
    0, 
    3, 
    3, 
    3
   ], 
   [
    3, 
    3, 
    3, 
    3, 
    3, 
    3, 
    0, 
    3, 
    3
   ], 
   [
    3, 
    3, 
    3, 
    3, 
    3, 
    3, 
    3, 
    0, 
    3
   ], 
   [
    3, 
    3, 
    3, 
    3, 
    3, 
    3, 
    3, 
    3, 
    0
   ]
  ], 
  "city_names": [
   "Brest", 
   "Paris", 
   "Marseille", 
   "Gen\u00c3\u00a8ve", 
   "Monaco", 
   "Le Havre", 
   "Bordeaux", 
   "Lyon", 
   "Strasbourg"
  ], 
  "reward_matrix": [
   [
    0, 
    69526, 
    15612, 
    27125, 
    100, 
    56013, 
    29263, 
    37398, 
    35950
   ], 
   [
    69526, 
    0, 
    56357, 
    67871, 
    40845, 
    96758, 
    70008, 
    78143, 
    76696
   ], 
   [
    15612, 
    56357, 
    0, 
    78212, 
    94759, 
    42844, 
    65734, 
    88485, 
    51393
   ], 
   [
    27125, 
    67871, 
    78212, 
    0, 
    74352, 
    54358, 
    59460, 
    99999, 
    83452
   ], 
   [
    100, 
    40845, 
    94759, 
    74352, 
    0, 
    27332, 
    50221, 
    72973, 
    47533
   ], 
   [
    56013, 
    96758, 
    42844, 
    54358, 
    27332, 
    0, 
    56495, 
    64631, 
    63183
   ], 
   [
    29263, 
    70008, 
    65734, 
    59460, 
    50221, 
    56495, 
    0, 
    69732, 
    36433
   ], 
   [
    37398, 
    78143, 
    88485, 
    99999, 
    72973, 
    64631, 
    69732, 
    0, 
    73180
   ], 
   [
    35950, 
    76696, 
    51393, 
    83452, 
    47533, 
    63183, 
    36433, 
    73180, 
    0
   ]
  ], 
  "probability_matrix": [
   [
    0, 
    0.12745620904466806, 
    0.046065800788117214, 
    0.2107339795229958, 
    0.08973757011197768, 
    0.12240379884110965, 
    0.16098974781122694, 
    0.18383025801803468, 
    0.05878263586186993
   ], 
   [
    0.18596554961633854, 
    0, 
    0.2813279742914199, 
    0.017846278452119797, 
    0.02346483809199406, 
    0.025908862217004832, 
    0.2439254078361101, 
    0.011819289034206886, 
    0.2097418004608059
   ], 
   [
    0.045774466725394015, 
    0.08568593170247432, 
    0, 
    0.20240564517333376, 
    0.2815019025251101, 
    0.04658615139424819, 
    0.002972114893470882, 
    0.07515713660625893, 
    0.25991665097970995
   ], 
   [
    0.11951687299414823, 
    0.010980343553323599, 
    0.14314520068194508, 
    0, 
    0.12470322674038956, 
    0.14311344882491137, 
    0.18905896990405768, 
    0.05075439830962069, 
    0.21872753899160366
   ], 
   [
    0.17264720342039827, 
    0.08605245700149661, 
    0.05517190010167085, 
    0.1719631303150991, 
    0, 
    0.22266620361749495, 
    0.04523624655241816, 
    0.04668090305272916, 
    0.19958195593869296
   ], 
   [
    0.14812362980960223, 
    0.22070011421422334, 
    0.00012931638908779454, 
    0.09520344046659804, 
    0.184089384124972, 
    0, 
    0.05681390782980523, 
    0.03132575423433265, 
    0.2636144529313787
   ], 
   [
    0.11609889331599758, 
    0.18681635635903154, 
    0.031455436422754675, 
    0.10017237481790014, 
    0.18789350471114344, 
    0.18506039215193923, 
    0, 
    0.012350278041307112, 
    0.1801527641799263
   ], 
   [
    0.09927227768643053, 
    0.12948002403380338, 
    0.055859399090178015, 
    0.28131269097170275, 
    0.029933338198828312, 
    0.18684352404793023, 
    0.05527283867422747, 
    0, 
    0.16202590729689942
   ], 
   [
    0.036754215843744456, 
    0.16018470431236126, 
    0.19597619313462625, 
    0.1259281026488244, 
    0.23498487024674, 
    0.021930773435599144, 
    0.18697432494347727, 
    0.03726681543462736, 
    0
   ]
  ]
 }, 
 "vehicle_capacities": [
  15, 
  15, 
  15, 
  30, 
  30, 
  30, 
  30, 
  30, 
  30
 ]
}