{
 "vehicle_cost_per_km": [
  5, 
  15, 
  15, 
  5, 
  5, 
  5, 
  5, 
  5, 
  5
 ], 
 "runs": [
  {
   "avg_task_cost_vs_number_of_task": [
    8805, 
    7275, 
    5596.666666666667, 
    4197.5, 
    3358, 
    3247.5, 
    2783.5714285714284, 
    2541.25, 
    2258.8888888888887, 
    2405.5, 
    2205.909090909091, 
    2477.9166666666665, 
    2297.6923076923076, 
    2199.6428571428573, 
    2296.6666666666665, 
    2322.5, 
    2356.470588235294, 
    2411.1111111111113, 
    2305.5263157894738, 
    2344, 
    2284.7619047619046, 
    2485.681818181818, 
    2356.7391304347825, 
    2338.3333333333335, 
    2488.2, 
    2384.230769230769, 
    2519.4444444444443, 
    2571.25, 
    2316.0344827586205, 
    2314
   ], 
   "number_of_vehicles": 3
  }
 ], 
 "vehicle_starting_positions": [
  "Brest", 
  "Paris", 
  "Marseille", 
  "Gen\u00c3\u00a8ve", 
  "Monaco", 
  "Le Havre", 
  "Bordeaux", 
  "Lyon", 
  "Strasbourg"
 ], 
 "task_distribution": {
  "distance_matrix": [
   [
    0, 
    591, 
    1373, 
    1206, 
    1598, 
    787, 
    1175, 
    1057, 
    1078
   ], 
   [
    591, 
    0, 
    782, 
    615, 
    1007, 
    196, 
    584, 
    466, 
    487
   ], 
   [
    1373, 
    782, 
    0, 
    465, 
    225, 
    978, 
    646, 
    316, 
    854
   ], 
   [
    1206, 
    615, 
    465, 
    0, 
    521, 
    811, 
    737, 
    149, 
    389
   ], 
   [
    1598, 
    1007, 
    225, 
    521, 
    0, 
    1203, 
    871, 
    541, 
    910
   ], 
   [
    787, 
    196, 
    978, 
    811, 
    1203, 
    0, 
    780, 
    662, 
    683
   ], 
   [
    1175, 
    584, 
    646, 
    737, 
    871, 
    780, 
    0, 
    588, 
    1071
   ], 
   [
    1057, 
    466, 
    316, 
    149, 
    541, 
    662, 
    588, 
    0, 
    538
   ], 
   [
    1078, 
    487, 
    854, 
    389, 
    910, 
    683, 
    1071, 
    538, 
    0
   ]
  ], 
  "weight_matrix": [
   [
    0, 
    3, 
    3, 
    3, 
    3, 
    3, 
    3, 
    3, 
    3
   ], 
   [
    3, 
    0, 
    3, 
    3, 
    3, 
    3, 
    3, 
    3, 
    3
   ], 
   [
    3, 
    3, 
    0, 
    3, 
    3, 
    3, 
    3, 
    3, 
    3
   ], 
   [
    3, 
    3, 
    3, 
    0, 
    3, 
    3, 
    3, 
    3, 
    3
   ], 
   [
    3, 
    3, 
    3, 
    3, 
    0, 
    3, 
    3, 
    3, 
    3
   ], 
   [
    3, 
    3, 
    3, 
    3, 
    3, 
    0, 
    3, 
    3, 
    3
   ], 
   [
    3, 
    3, 
    3, 
    3, 
    3, 
    3, 
    0, 
    3, 
    3
   ], 
   [
    3, 
    3, 
    3, 
    3, 
    3, 
    3, 
    3, 
    0, 
    3
   ], 
   [
    3, 
    3, 
    3, 
    3, 
    3, 
    3, 
    3, 
    3, 
    0
   ]
  ], 
  "city_names": [
   "Brest", 
   "Paris", 
   "Marseille", 
   "Gen\u00c3\u00a8ve", 
   "Monaco", 
   "Le Havre", 
   "Bordeaux", 
   "Lyon", 
   "Strasbourg"
  ], 
  "reward_matrix": [
   [
    0, 
    69526, 
    15612, 
    27125, 
    100, 
    56013, 
    29263, 
    37398, 
    35950
   ], 
   [
    69526, 
    0, 
    56357, 
    67871, 
    40845, 
    96758, 
    70008, 
    78143, 
    76696
   ], 
   [
    15612, 
    56357, 
    0, 
    78212, 
    94759, 
    42844, 
    65734, 
    88485, 
    51393
   ], 
   [
    27125, 
    67871, 
    78212, 
    0, 
    74352, 
    54358, 
    59460, 
    99999, 
    83452
   ], 
   [
    100, 
    40845, 
    94759, 
    74352, 
    0, 
    27332, 
    50221, 
    72973, 
    47533
   ], 
   [
    56013, 
    96758, 
    42844, 
    54358, 
    27332, 
    0, 
    56495, 
    64631, 
    63183
   ], 
   [
    29263, 
    70008, 
    65734, 
    59460, 
    50221, 
    56495, 
    0, 
    69732, 
    36433
   ], 
   [
    37398, 
    78143, 
    88485, 
    99999, 
    72973, 
    64631, 
    69732, 
    0, 
    73180
   ], 
   [
    35950, 
    76696, 
    51393, 
    83452, 
    47533, 
    63183, 
    36433, 
    73180, 
    0
   ]
  ], 
  "probability_matrix": [
   [
    0, 
    0.1582418922570691, 
    0.07553302078102161, 
    0.11434911900461205, 
    0.16439991203875873, 
    0.06023647758727342, 
    0.11608825587081036, 
    0.18021761226166494, 
    0.13093371019878974
   ], 
   [
    0.11622560628097196, 
    0, 
    0.25891043953147813, 
    0.043740303603214674, 
    0.011962796085235046, 
    0.24370212176489345, 
    0.05198241853286964, 
    0.26748345075107505, 
    0.005992863450262074
   ], 
   [
    0.145309176677985, 
    0.06282262398048717, 
    0, 
    0.1527921352851847, 
    0.29188042593723296, 
    0.09307128419673501, 
    0.10024599885194069, 
    0.023654186504502142, 
    0.1302241685659322
   ], 
   [
    0.07330452255340072, 
    0.004227349373296232, 
    0.27004147005480167, 
    0, 
    0.011595834680241687, 
    0.20382433436604253, 
    0.2449149339944915, 
    0.020224963928394298, 
    0.17186659104933139
   ], 
   [
    0.06803315581447959, 
    0.20892922728005475, 
    0.22529630921392665, 
    0.03831333111886329, 
    0, 
    0.04398296613749286, 
    0.1411525818675067, 
    0.1612008110066202, 
    0.11309161756105596
   ], 
   [
    0.05423803930945772, 
    0.033361055914403207, 
    0.05323004083070065, 
    0.15313451165901706, 
    0.19054298396644512, 
    0, 
    0.05938679709043414, 
    0.2263740023696567, 
    0.22973256885988536
   ], 
   [
    0.0439750299116602, 
    0.14873574097792802, 
    0.1583516741875094, 
    0.062249340485049355, 
    0.112140282749075, 
    0.21602492186670655, 
    0, 
    0.18482889334194047, 
    0.07369411648013091
   ], 
   [
    0.16427237944499573, 
    0.05428291140520683, 
    0.2163355401298725, 
    0.21125020431327662, 
    0.0170730193929924, 
    0.17881494786847796, 
    0.00482257696486727, 
    0, 
    0.15314842048031072
   ], 
   [
    0.0792510249126844, 
    0.17709406492794916, 
    0.10562872312048807, 
    0.0576713331284242, 
    0.19493123833722162, 
    0.13277320660249942, 
    0.10027523021002631, 
    0.1523751787607068, 
    0
   ]
  ]
 }, 
 "vehicle_capacities": [
  15, 
  15, 
  15, 
  30, 
  30, 
  30, 
  30, 
  30, 
  30
 ]
}