{
 "vehicle_cost_per_km": [
  5, 
  5, 
  5, 
  5, 
  5
 ], 
 "runs": [
  {
   "avg_task_cost_vs_number_of_task": [
    5675, 
    3260, 
    3971.6666666666665, 
    3497.5, 
    3190, 
    2658.3333333333335, 
    3122.8571428571427, 
    2732.5, 
    2508.8888888888887, 
    2258, 
    2012.7272727272727, 
    2083.75, 
    1796.1538461538462, 
    1673.2142857142858, 
    1939.3333333333333, 
    1604.0625, 
    1509.7058823529412, 
    1705.8333333333333, 
    1350.7894736842106, 
    1405, 
    1444.047619047619, 
    1505, 
    1469.1304347826087, 
    1407.9166666666667, 
    1422, 
    1553.2692307692307, 
    1541.851851851852, 
    1549.4642857142858, 
    1270.6896551724137, 
    1438.6666666666667
   ], 
   "number_of_vehicles": 2
  }, 
  {
   "avg_task_cost_vs_number_of_task": [
    4550, 
    2697.5, 
    3971.6666666666665, 
    3216.25, 
    3190, 
    2470.8333333333335, 
    3122.8571428571427, 
    2822.5, 
    2303.8888888888887, 
    2416, 
    2052.7272727272725, 
    2038.75, 
    1887.6923076923076, 
    1892.5, 
    1816.3333333333333, 
    1604.0625, 
    1762.3529411764705, 
    1513.611111111111, 
    1663.9473684210527, 
    1283.25, 
    1635.2380952380952, 
    1598.6363636363637, 
    1503.0434782608695, 
    1532.7083333333333, 
    1737.2, 
    1521.3461538461538, 
    1505.9259259259259, 
    1538.5714285714287, 
    1621.0344827586207, 
    1542.3333333333333
   ], 
   "number_of_vehicles": 3
  }, 
  {
   "avg_task_cost_vs_number_of_task": [
    4550, 
    2697.5, 
    3521.6666666666665, 
    3216.25, 
    2672, 
    2226.6666666666665, 
    2752.8571428571427, 
    2408.75, 
    2141.1111111111113, 
    1927, 
    1751.8181818181818, 
    2050, 
    1669.6153846153845, 
    1667.857142857143, 
    1628.6666666666667, 
    1702.8125, 
    1849.4117647058824, 
    1562.7777777777778, 
    1627.8947368421052, 
    1363.75, 
    1326.904761904762, 
    1508.409090909091, 
    1570.2173913043478, 
    1464.1666666666667, 
    1463.2, 
    1464.0384615384614, 
    1495.5555555555557, 
    1436.25, 
    1442.0689655172414, 
    1460.8333333333333
   ], 
   "number_of_vehicles": 4
  }, 
  {
   "avg_task_cost_vs_number_of_task": [
    4550, 
    2697.5, 
    3521.6666666666665, 
    3005, 
    2672, 
    2226.6666666666665, 
    2752.8571428571427, 
    2408.75, 
    2141.1111111111113, 
    1927, 
    1751.8181818181818, 
    1852.0833333333333, 
    1669.6153846153845, 
    1610.7142857142858, 
    1531.6666666666667, 
    1651.5625, 
    1792.0588235294117, 
    1439.1666666666667, 
    1512.3684210526317, 
    1362.25, 
    1598.3333333333333, 
    1518.6363636363637, 
    1452.608695652174, 
    1600.4166666666667, 
    1664.4, 
    1511.1538461538462, 
    1476.2962962962963, 
    1505.7142857142858, 
    1465.8620689655172, 
    1383.1666666666667
   ], 
   "number_of_vehicles": 5
  }
 ], 
 "vehicle_starting_positions": [
  "Marseille", 
  "Lyon", 
  "Monaco", 
  "Le Havre", 
  "Strasbourg", 
  "Paris", 
  "Gen\u00e8ve", 
  "Bordeaux", 
  "Brest"
 ], 
 "task_distribution": {
  "distance_matrix": [
   [
    0, 
    591, 
    1373, 
    1206, 
    1598, 
    787, 
    1175, 
    1057, 
    1078
   ], 
   [
    591, 
    0, 
    782, 
    615, 
    1007, 
    196, 
    584, 
    466, 
    487
   ], 
   [
    1373, 
    782, 
    0, 
    465, 
    225, 
    978, 
    646, 
    316, 
    854
   ], 
   [
    1206, 
    615, 
    465, 
    0, 
    521, 
    811, 
    737, 
    149, 
    389
   ], 
   [
    1598, 
    1007, 
    225, 
    521, 
    0, 
    1203, 
    871, 
    541, 
    910
   ], 
   [
    787, 
    196, 
    978, 
    811, 
    1203, 
    0, 
    780, 
    662, 
    683
   ], 
   [
    1175, 
    584, 
    646, 
    737, 
    871, 
    780, 
    0, 
    588, 
    1071
   ], 
   [
    1057, 
    466, 
    316, 
    149, 
    541, 
    662, 
    588, 
    0, 
    538
   ], 
   [
    1078, 
    487, 
    854, 
    389, 
    910, 
    683, 
    1071, 
    538, 
    0
   ]
  ], 
  "weight_matrix": [
   [
    0, 
    3, 
    3, 
    3, 
    3, 
    3, 
    3, 
    3, 
    3
   ], 
   [
    3, 
    0, 
    3, 
    3, 
    3, 
    3, 
    3, 
    3, 
    3
   ], 
   [
    3, 
    3, 
    0, 
    3, 
    3, 
    3, 
    3, 
    3, 
    3
   ], 
   [
    3, 
    3, 
    3, 
    0, 
    3, 
    3, 
    3, 
    3, 
    3
   ], 
   [
    3, 
    3, 
    3, 
    3, 
    0, 
    3, 
    3, 
    3, 
    3
   ], 
   [
    3, 
    3, 
    3, 
    3, 
    3, 
    0, 
    3, 
    3, 
    3
   ], 
   [
    3, 
    3, 
    3, 
    3, 
    3, 
    3, 
    0, 
    3, 
    3
   ], 
   [
    3, 
    3, 
    3, 
    3, 
    3, 
    3, 
    3, 
    0, 
    3
   ], 
   [
    3, 
    3, 
    3, 
    3, 
    3, 
    3, 
    3, 
    3, 
    0
   ]
  ], 
  "city_names": [
   "Brest", 
   "Paris", 
   "Marseille", 
   "Gen\u00e8ve", 
   "Monaco", 
   "Le Havre", 
   "Bordeaux", 
   "Lyon", 
   "Strasbourg"
  ], 
  "reward_matrix": [
   [
    0, 
    69526, 
    15612, 
    27125, 
    100, 
    56013, 
    29263, 
    37398, 
    35950
   ], 
   [
    69526, 
    0, 
    56357, 
    67871, 
    40845, 
    96758, 
    70008, 
    78143, 
    76696
   ], 
   [
    15612, 
    56357, 
    0, 
    78212, 
    94759, 
    42844, 
    65734, 
    88485, 
    51393
   ], 
   [
    27125, 
    67871, 
    78212, 
    0, 
    74352, 
    54358, 
    59460, 
    99999, 
    83452
   ], 
   [
    100, 
    40845, 
    94759, 
    74352, 
    0, 
    27332, 
    50221, 
    72973, 
    47533
   ], 
   [
    56013, 
    96758, 
    42844, 
    54358, 
    27332, 
    0, 
    56495, 
    64631, 
    63183
   ], 
   [
    29263, 
    70008, 
    65734, 
    59460, 
    50221, 
    56495, 
    0, 
    69732, 
    36433
   ], 
   [
    37398, 
    78143, 
    88485, 
    99999, 
    72973, 
    64631, 
    69732, 
    0, 
    73180
   ], 
   [
    35950, 
    76696, 
    51393, 
    83452, 
    47533, 
    63183, 
    36433, 
    73180, 
    0
   ]
  ], 
  "probability_matrix": [
   [
    0, 
    0.14746483718674067, 
    0.08931599764200508, 
    0.10100609879730338, 
    0.13566866775594894, 
    0.21823910804519014, 
    0.1567550565713723, 
    0.08398611162291238, 
    0.06756412237852712
   ], 
   [
    0.04977750229692519, 
    0, 
    0.3092013999990444, 
    0.01904811936323255, 
    0.27521363405619165, 
    0.08112293215909773, 
    0.05259251066096332, 
    0.13111171378513345, 
    0.08193218767941178
   ], 
   [
    0.11448669415591642, 
    0.20695112464537824, 
    0, 
    0.2180548767690688, 
    0.005397805782258911, 
    0.15011393915447052, 
    0.01903978116476217, 
    0.04936621214203292, 
    0.23658956618611215
   ], 
   [
    0.16799829019645526, 
    0.15359241192628026, 
    0.08675168153590206, 
    0, 
    0.1983338264777361, 
    0.034806671682414574, 
    0.14187841003213808, 
    0.038827662231576895, 
    0.17781104591749666
   ], 
   [
    0.057778381370951364, 
    0.12972432418031088, 
    0.1518625270372207, 
    0.13245229937853814, 
    0, 
    0.15254076463079588, 
    0.165569972606952, 
    0.12336215181221029, 
    0.08670957898302083
   ], 
   [
    0.1163083935763438, 
    0.1564993012625599, 
    0.13065139934705955, 
    0.17157136367453277, 
    0.008224034095048023, 
    0, 
    0.15539257731528375, 
    0.08022649716160546, 
    0.1811264335675668
   ], 
   [
    0.1623065639883551, 
    0.017633310846910274, 
    0.1537002310933505, 
    0.09880710709451959, 
    0.11333253880794254, 
    0.18756909567416627, 
    0, 
    0.16211834253211396, 
    0.1045328099626419
   ], 
   [
    0.07551538787564487, 
    0.14117843958319998, 
    0.20774400390795367, 
    0.05968128546378932, 
    0.12759277253427587, 
    0.1837430819697169, 
    0.018022869210404142, 
    0, 
    0.18652215945501538
   ], 
   [
    0.0009637846789683004, 
    0.17307618304515018, 
    0.11524017683891498, 
    0.14290899584434405, 
    0.15494675392354504, 
    0.1638855256538273, 
    0.13068273279321854, 
    0.11829584722203157, 
    0
   ]
  ]
 }, 
 "vehicle_capacities": [
  30, 
  30, 
  30, 
  30, 
  30
 ]
}