{
 "vehicle_cost_per_km": [
  5, 
  15, 
  10, 
  5, 
  5, 
  5, 
  5, 
  5, 
  5
 ], 
 "runs": [
  {
   "avg_task_cost_vs_number_of_task": [
    4650, 
    6320, 
    5766.666666666667, 
    6352.5, 
    5380, 
    5071.666666666667, 
    5012.857142857143, 
    4561.875, 
    4262.777777777777, 
    4743.5, 
    4430.909090909091, 
    4495.833333333333, 
    4150, 
    4510, 
    4569.666666666667, 
    4284.0625, 
    4039.1176470588234, 
    4073.6111111111113, 
    3859.2105263157896, 
    3854.75, 
    3992.8571428571427, 
    4137.272727272727, 
    3751.521739130435, 
    4096.041666666667, 
    3888, 
    4224.423076923077, 
    4150.925925925926, 
    4138.928571428572, 
    4302.586206896552, 
    4257.333333333333
   ], 
   "number_of_vehicles": 3
  }
 ], 
 "vehicle_starting_positions": [
  "Brest", 
  "Paris", 
  "Marseille", 
  "Gen\u00c3\u00a8ve", 
  "Monaco", 
  "Le Havre", 
  "Bordeaux", 
  "Lyon", 
  "Strasbourg"
 ], 
 "task_distribution": {
  "distance_matrix": [
   [
    0, 
    591, 
    1373, 
    1206, 
    1598, 
    787, 
    1175, 
    1057, 
    1078
   ], 
   [
    591, 
    0, 
    782, 
    615, 
    1007, 
    196, 
    584, 
    466, 
    487
   ], 
   [
    1373, 
    782, 
    0, 
    465, 
    225, 
    978, 
    646, 
    316, 
    854
   ], 
   [
    1206, 
    615, 
    465, 
    0, 
    521, 
    811, 
    737, 
    149, 
    389
   ], 
   [
    1598, 
    1007, 
    225, 
    521, 
    0, 
    1203, 
    871, 
    541, 
    910
   ], 
   [
    787, 
    196, 
    978, 
    811, 
    1203, 
    0, 
    780, 
    662, 
    683
   ], 
   [
    1175, 
    584, 
    646, 
    737, 
    871, 
    780, 
    0, 
    588, 
    1071
   ], 
   [
    1057, 
    466, 
    316, 
    149, 
    541, 
    662, 
    588, 
    0, 
    538
   ], 
   [
    1078, 
    487, 
    854, 
    389, 
    910, 
    683, 
    1071, 
    538, 
    0
   ]
  ], 
  "weight_matrix": [
   [
    0, 
    3, 
    3, 
    3, 
    3, 
    3, 
    3, 
    3, 
    3
   ], 
   [
    3, 
    0, 
    3, 
    3, 
    3, 
    3, 
    3, 
    3, 
    3
   ], 
   [
    3, 
    3, 
    0, 
    3, 
    3, 
    3, 
    3, 
    3, 
    3
   ], 
   [
    3, 
    3, 
    3, 
    0, 
    3, 
    3, 
    3, 
    3, 
    3
   ], 
   [
    3, 
    3, 
    3, 
    3, 
    0, 
    3, 
    3, 
    3, 
    3
   ], 
   [
    3, 
    3, 
    3, 
    3, 
    3, 
    0, 
    3, 
    3, 
    3
   ], 
   [
    3, 
    3, 
    3, 
    3, 
    3, 
    3, 
    0, 
    3, 
    3
   ], 
   [
    3, 
    3, 
    3, 
    3, 
    3, 
    3, 
    3, 
    0, 
    3
   ], 
   [
    3, 
    3, 
    3, 
    3, 
    3, 
    3, 
    3, 
    3, 
    0
   ]
  ], 
  "city_names": [
   "Brest", 
   "Paris", 
   "Marseille", 
   "Gen\u00c3\u00a8ve", 
   "Monaco", 
   "Le Havre", 
   "Bordeaux", 
   "Lyon", 
   "Strasbourg"
  ], 
  "reward_matrix": [
   [
    0, 
    69526, 
    15612, 
    27125, 
    100, 
    56013, 
    29263, 
    37398, 
    35950
   ], 
   [
    69526, 
    0, 
    56357, 
    67871, 
    40845, 
    96758, 
    70008, 
    78143, 
    76696
   ], 
   [
    15612, 
    56357, 
    0, 
    78212, 
    94759, 
    42844, 
    65734, 
    88485, 
    51393
   ], 
   [
    27125, 
    67871, 
    78212, 
    0, 
    74352, 
    54358, 
    59460, 
    99999, 
    83452
   ], 
   [
    100, 
    40845, 
    94759, 
    74352, 
    0, 
    27332, 
    50221, 
    72973, 
    47533
   ], 
   [
    56013, 
    96758, 
    42844, 
    54358, 
    27332, 
    0, 
    56495, 
    64631, 
    63183
   ], 
   [
    29263, 
    70008, 
    65734, 
    59460, 
    50221, 
    56495, 
    0, 
    69732, 
    36433
   ], 
   [
    37398, 
    78143, 
    88485, 
    99999, 
    72973, 
    64631, 
    69732, 
    0, 
    73180
   ], 
   [
    35950, 
    76696, 
    51393, 
    83452, 
    47533, 
    63183, 
    36433, 
    73180, 
    0
   ]
  ], 
  "probability_matrix": [
   [
    0, 
    0.18002082784549767, 
    0.1816160671932845, 
    0.07753057722513956, 
    0.13463873227425138, 
    0.03973834814780819, 
    0.08500698083929892, 
    0.1385169751443599, 
    0.16293149133035978
   ], 
   [
    0.0642155373982538, 
    0, 
    0.20999205852187844, 
    0.14887914364380503, 
    0.12893503077964305, 
    0.07559941828567089, 
    0.08978514388998886, 
    0.2148976539453685, 
    0.0676960135353915
   ], 
   [
    0.15462802342456378, 
    0.13849751279655836, 
    0, 
    0.1521539167345091, 
    0.14518337869347017, 
    0.16239082899459628, 
    0.15335356438044478, 
    0.08352643045377332, 
    0.010266344522084197
   ], 
   [
    0.14382415500223303, 
    0.08931533009246767, 
    0.16495401232146734, 
    0, 
    0.13406432005756508, 
    0.05328074332029883, 
    0.1281822207103679, 
    0.12557464702274704, 
    0.16080457147285313
   ], 
   [
    0.03498252338213335, 
    0.020868181555630902, 
    0.09891243412206721, 
    0.2485290039291051, 
    0, 
    0.20509854516815984, 
    0.11339701838274355, 
    0.03599625642184064, 
    0.2422160370383193
   ], 
   [
    0.2160679354666265, 
    0.06962734077444303, 
    0.07266720273661072, 
    0.13901419859278652, 
    0.01095171011846635, 
    0, 
    0.17719199870608382, 
    0.06325055938149542, 
    0.2512290542234878
   ], 
   [
    0.14860967282612572, 
    0.23620097721466315, 
    0.22959361451734173, 
    0.19605178581721494, 
    0.10397344674845327, 
    0.006440450467211136, 
    0, 
    0.021650379177207246, 
    0.057479673231783
   ], 
   [
    0.11355214090704588, 
    0.014229231330596665, 
    0.17031620650813353, 
    0.09262430413932796, 
    0.12627298710423654, 
    0.14796405033834514, 
    0.15761263238827666, 
    0, 
    0.17742844728403753
   ], 
   [
    0.12456035099233502, 
    0.1400104465743507, 
    0.06261535171271314, 
    0.22876331977319964, 
    0.17694529031449016, 
    0.08290165844983116, 
    0.15798598331961144, 
    0.02621759886346851, 
    0
   ]
  ]
 }, 
 "vehicle_capacities": [
  5, 
  5, 
  5, 
  30, 
  30, 
  30, 
  30, 
  30, 
  30
 ]
}