{
 "vehicle_cost_per_km": [
  10, 
  15, 
  10, 
  5, 
  5, 
  5, 
  5, 
  5, 
  5
 ], 
 "runs": [
  {
   "avg_task_cost_vs_number_of_task": [
    10780, 
    5390, 
    4890, 
    4230, 
    5006, 
    5040, 
    4320, 
    3780, 
    4144.444444444444, 
    3761, 
    3419.090909090909, 
    3134.1666666666665, 
    3194.6153846153848, 
    3385, 
    3159.3333333333335, 
    3311.25, 
    2787.6470588235293, 
    3204.1666666666665, 
    3397.8947368421054, 
    2960.5, 
    3427.1428571428573, 
    3333.181818181818, 
    3044.782608695652, 
    3319.1666666666665, 
    3397.6, 
    3565, 
    3087.777777777778, 
    3013.5714285714284, 
    3425.5172413793102, 
    3521
   ], 
   "number_of_vehicles": 3
  }
 ], 
 "vehicle_starting_positions": [
  "Brest", 
  "Paris", 
  "Marseille", 
  "Gen\u00c3\u00a8ve", 
  "Monaco", 
  "Le Havre", 
  "Bordeaux", 
  "Lyon", 
  "Strasbourg"
 ], 
 "task_distribution": {
  "distance_matrix": [
   [
    0, 
    591, 
    1373, 
    1206, 
    1598, 
    787, 
    1175, 
    1057, 
    1078
   ], 
   [
    591, 
    0, 
    782, 
    615, 
    1007, 
    196, 
    584, 
    466, 
    487
   ], 
   [
    1373, 
    782, 
    0, 
    465, 
    225, 
    978, 
    646, 
    316, 
    854
   ], 
   [
    1206, 
    615, 
    465, 
    0, 
    521, 
    811, 
    737, 
    149, 
    389
   ], 
   [
    1598, 
    1007, 
    225, 
    521, 
    0, 
    1203, 
    871, 
    541, 
    910
   ], 
   [
    787, 
    196, 
    978, 
    811, 
    1203, 
    0, 
    780, 
    662, 
    683
   ], 
   [
    1175, 
    584, 
    646, 
    737, 
    871, 
    780, 
    0, 
    588, 
    1071
   ], 
   [
    1057, 
    466, 
    316, 
    149, 
    541, 
    662, 
    588, 
    0, 
    538
   ], 
   [
    1078, 
    487, 
    854, 
    389, 
    910, 
    683, 
    1071, 
    538, 
    0
   ]
  ], 
  "weight_matrix": [
   [
    0, 
    3, 
    3, 
    3, 
    3, 
    3, 
    3, 
    3, 
    3
   ], 
   [
    3, 
    0, 
    3, 
    3, 
    3, 
    3, 
    3, 
    3, 
    3
   ], 
   [
    3, 
    3, 
    0, 
    3, 
    3, 
    3, 
    3, 
    3, 
    3
   ], 
   [
    3, 
    3, 
    3, 
    0, 
    3, 
    3, 
    3, 
    3, 
    3
   ], 
   [
    3, 
    3, 
    3, 
    3, 
    0, 
    3, 
    3, 
    3, 
    3
   ], 
   [
    3, 
    3, 
    3, 
    3, 
    3, 
    0, 
    3, 
    3, 
    3
   ], 
   [
    3, 
    3, 
    3, 
    3, 
    3, 
    3, 
    0, 
    3, 
    3
   ], 
   [
    3, 
    3, 
    3, 
    3, 
    3, 
    3, 
    3, 
    0, 
    3
   ], 
   [
    3, 
    3, 
    3, 
    3, 
    3, 
    3, 
    3, 
    3, 
    0
   ]
  ], 
  "city_names": [
   "Brest", 
   "Paris", 
   "Marseille", 
   "Gen\u00c3\u00a8ve", 
   "Monaco", 
   "Le Havre", 
   "Bordeaux", 
   "Lyon", 
   "Strasbourg"
  ], 
  "reward_matrix": [
   [
    0, 
    69526, 
    15612, 
    27125, 
    100, 
    56013, 
    29263, 
    37398, 
    35950
   ], 
   [
    69526, 
    0, 
    56357, 
    67871, 
    40845, 
    96758, 
    70008, 
    78143, 
    76696
   ], 
   [
    15612, 
    56357, 
    0, 
    78212, 
    94759, 
    42844, 
    65734, 
    88485, 
    51393
   ], 
   [
    27125, 
    67871, 
    78212, 
    0, 
    74352, 
    54358, 
    59460, 
    99999, 
    83452
   ], 
   [
    100, 
    40845, 
    94759, 
    74352, 
    0, 
    27332, 
    50221, 
    72973, 
    47533
   ], 
   [
    56013, 
    96758, 
    42844, 
    54358, 
    27332, 
    0, 
    56495, 
    64631, 
    63183
   ], 
   [
    29263, 
    70008, 
    65734, 
    59460, 
    50221, 
    56495, 
    0, 
    69732, 
    36433
   ], 
   [
    37398, 
    78143, 
    88485, 
    99999, 
    72973, 
    64631, 
    69732, 
    0, 
    73180
   ], 
   [
    35950, 
    76696, 
    51393, 
    83452, 
    47533, 
    63183, 
    36433, 
    73180, 
    0
   ]
  ], 
  "probability_matrix": [
   [
    0, 
    0.22545851241589174, 
    0.07097263432088403, 
    0.18104938371890475, 
    0.2067394183929059, 
    0.0020450587572503186, 
    0.05093276391223868, 
    0.09292922141811068, 
    0.169873007063814
   ], 
   [
    0.021496627651591788, 
    0, 
    0.09921741775369848, 
    0.18471278134318125, 
    0.1811442504258267, 
    0.06641324853003001, 
    0.04271752328723952, 
    0.14379464173460588, 
    0.2605035092738264
   ], 
   [
    0.1648415150021161, 
    0.10093070196802305, 
    0, 
    0.04311432452306426, 
    0.18855691513372, 
    0.12244223442652463, 
    0.24486807628438198, 
    0.12902654394601829, 
    0.0062196887161515575
   ], 
   [
    0.1062077739788977, 
    0.20636435591639538, 
    0.10892784325327065, 
    0, 
    0.027836937856458004, 
    0.16913207414747838, 
    0.2200630992635008, 
    0.0015901730607746141, 
    0.15987774252322465
   ], 
   [
    0.10249726873861745, 
    0.15448493383454046, 
    0.08214938058419408, 
    0.16351080201371537, 
    0, 
    0.1655152510010015, 
    0.16355408887841352, 
    0.1478127224522043, 
    0.02047555249731327
   ], 
   [
    0.1367150974557711, 
    0.014796951885788388, 
    0.13329228398655585, 
    0.14695864259705116, 
    0.0588036056675698, 
    0, 
    0.10917548502531338, 
    0.17290693936058718, 
    0.2273509940213633
   ], 
   [
    0.0628420406011314, 
    0.17433128260053596, 
    0.04705817223701783, 
    0.12254122594462363, 
    0.09116753097083591, 
    0.2709911713300603, 
    0, 
    0.15903756005949365, 
    0.07203101625630134
   ], 
   [
    0.10435729931605615, 
    0.1736916714753011, 
    0.05946328596638365, 
    0.09477071786742179, 
    0.22491889630982967, 
    0.11947157206773348, 
    0.20318839645201722, 
    0, 
    0.020138160545256967
   ], 
   [
    0.03412591436613207, 
    0.17736766766941675, 
    0.08973412688923867, 
    0.054157442199858796, 
    0.2036187293259392, 
    0.29677270420037866, 
    0.07637835619511199, 
    0.06784505915392403, 
    0
   ]
  ]
 }, 
 "vehicle_capacities": [
  15, 
  15, 
  15, 
  30, 
  30, 
  30, 
  30, 
  30, 
  30
 ]
}