{
 "vehicle_cost_per_km": [
  10, 
  10, 
  5, 
  5, 
  5, 
  5, 
  5, 
  5, 
  5
 ], 
 "runs": [
  {
   "avg_task_cost_vs_number_of_task": [
    3910, 
    3120, 
    3665, 
    3100, 
    3537, 
    3315, 
    2962.1428571428573, 
    2591.875, 
    2658.8888888888887, 
    2574.5, 
    2429.090909090909, 
    2827.9166666666665, 
    2518.4615384615386, 
    2624.285714285714, 
    2805, 
    2659.6875, 
    2450.294117647059, 
    2713.3333333333335, 
    3052.8947368421054, 
    2973.75, 
    2788.809523809524, 
    3066.3636363636365, 
    3038.2608695652175, 
    2703.5416666666665, 
    2663.8, 
    2722.5, 
    2716.296296296296, 
    2785.535714285714, 
    2823.9655172413795, 
    2907.5
   ], 
   "number_of_vehicles": 3
  }
 ], 
 "vehicle_starting_positions": [
  "Brest", 
  "Paris", 
  "Marseille", 
  "Gen\u00c3\u00a8ve", 
  "Monaco", 
  "Le Havre", 
  "Bordeaux", 
  "Lyon", 
  "Strasbourg"
 ], 
 "task_distribution": {
  "distance_matrix": [
   [
    0, 
    591, 
    1373, 
    1206, 
    1598, 
    787, 
    1175, 
    1057, 
    1078
   ], 
   [
    591, 
    0, 
    782, 
    615, 
    1007, 
    196, 
    584, 
    466, 
    487
   ], 
   [
    1373, 
    782, 
    0, 
    465, 
    225, 
    978, 
    646, 
    316, 
    854
   ], 
   [
    1206, 
    615, 
    465, 
    0, 
    521, 
    811, 
    737, 
    149, 
    389
   ], 
   [
    1598, 
    1007, 
    225, 
    521, 
    0, 
    1203, 
    871, 
    541, 
    910
   ], 
   [
    787, 
    196, 
    978, 
    811, 
    1203, 
    0, 
    780, 
    662, 
    683
   ], 
   [
    1175, 
    584, 
    646, 
    737, 
    871, 
    780, 
    0, 
    588, 
    1071
   ], 
   [
    1057, 
    466, 
    316, 
    149, 
    541, 
    662, 
    588, 
    0, 
    538
   ], 
   [
    1078, 
    487, 
    854, 
    389, 
    910, 
    683, 
    1071, 
    538, 
    0
   ]
  ], 
  "weight_matrix": [
   [
    0, 
    3, 
    3, 
    3, 
    3, 
    3, 
    3, 
    3, 
    3
   ], 
   [
    3, 
    0, 
    3, 
    3, 
    3, 
    3, 
    3, 
    3, 
    3
   ], 
   [
    3, 
    3, 
    0, 
    3, 
    3, 
    3, 
    3, 
    3, 
    3
   ], 
   [
    3, 
    3, 
    3, 
    0, 
    3, 
    3, 
    3, 
    3, 
    3
   ], 
   [
    3, 
    3, 
    3, 
    3, 
    0, 
    3, 
    3, 
    3, 
    3
   ], 
   [
    3, 
    3, 
    3, 
    3, 
    3, 
    0, 
    3, 
    3, 
    3
   ], 
   [
    3, 
    3, 
    3, 
    3, 
    3, 
    3, 
    0, 
    3, 
    3
   ], 
   [
    3, 
    3, 
    3, 
    3, 
    3, 
    3, 
    3, 
    0, 
    3
   ], 
   [
    3, 
    3, 
    3, 
    3, 
    3, 
    3, 
    3, 
    3, 
    0
   ]
  ], 
  "city_names": [
   "Brest", 
   "Paris", 
   "Marseille", 
   "Gen\u00c3\u00a8ve", 
   "Monaco", 
   "Le Havre", 
   "Bordeaux", 
   "Lyon", 
   "Strasbourg"
  ], 
  "reward_matrix": [
   [
    0, 
    69526, 
    15612, 
    27125, 
    100, 
    56013, 
    29263, 
    37398, 
    35950
   ], 
   [
    69526, 
    0, 
    56357, 
    67871, 
    40845, 
    96758, 
    70008, 
    78143, 
    76696
   ], 
   [
    15612, 
    56357, 
    0, 
    78212, 
    94759, 
    42844, 
    65734, 
    88485, 
    51393
   ], 
   [
    27125, 
    67871, 
    78212, 
    0, 
    74352, 
    54358, 
    59460, 
    99999, 
    83452
   ], 
   [
    100, 
    40845, 
    94759, 
    74352, 
    0, 
    27332, 
    50221, 
    72973, 
    47533
   ], 
   [
    56013, 
    96758, 
    42844, 
    54358, 
    27332, 
    0, 
    56495, 
    64631, 
    63183
   ], 
   [
    29263, 
    70008, 
    65734, 
    59460, 
    50221, 
    56495, 
    0, 
    69732, 
    36433
   ], 
   [
    37398, 
    78143, 
    88485, 
    99999, 
    72973, 
    64631, 
    69732, 
    0, 
    73180
   ], 
   [
    35950, 
    76696, 
    51393, 
    83452, 
    47533, 
    63183, 
    36433, 
    73180, 
    0
   ]
  ], 
  "probability_matrix": [
   [
    0, 
    0.1530310233734711, 
    0.10522379041867705, 
    0.007801346788073746, 
    0.21930592924715664, 
    0.12007624145234841, 
    0.21486903298046156, 
    0.16556392051742405, 
    0.01412871522238739
   ], 
   [
    0.20997220661124527, 
    0, 
    0.08520287558584244, 
    0.047204422989983334, 
    0.006068653819061816, 
    0.20814035031672354, 
    0.04437014352081189, 
    0.24984336951549366, 
    0.14919797764083806
   ], 
   [
    0.13790139048986064, 
    0.17653585606941694, 
    0, 
    0.0004109967701988492, 
    0.16215980764893428, 
    0.11763268658650256, 
    0.12571911663037158, 
    0.06482798702985038, 
    0.21481215877486473
   ], 
   [
    0.15608476348553807, 
    0.1633755691372463, 
    0.0008828054790836975, 
    0, 
    0.08154073760284769, 
    0.16037529204345166, 
    0.14771371518609128, 
    0.1435962041230516, 
    0.1464309129426897
   ], 
   [
    0.009860819197205346, 
    0.08017127058102672, 
    0.29348185663248266, 
    0.14985223878513385, 
    0, 
    0.16065589103401198, 
    0.12082635349544305, 
    0.010197377039031407, 
    0.17495419323566508
   ], 
   [
    0.20170435110028304, 
    0.03437581930408869, 
    0.0704838999311246, 
    0.13045909519538523, 
    0.09994902179923054, 
    0, 
    0.21097849264568977, 
    0.0662422393770425, 
    0.1858070806471555
   ], 
   [
    0.15114286787779982, 
    0.08225052971867208, 
    0.07246789837982699, 
    0.10989087520611832, 
    0.2120197309439408, 
    0.10902307544742507, 
    0, 
    0.10239953692599928, 
    0.16080548550021745
   ], 
   [
    0.19533226481404833, 
    0.16744731697235699, 
    0.07071795594296643, 
    0.07142203404792472, 
    0.06192457255428439, 
    0.11792306406754541, 
    0.18320748154618924, 
    0, 
    0.1320253100546845
   ], 
   [
    0.2052302276593334, 
    0.15727352090312083, 
    0.00411971567696376, 
    0.1455500565505294, 
    0.09547011555523519, 
    0.14567799271889176, 
    0.24612124028712015, 
    0.0005571306488055708, 
    0
   ]
  ]
 }, 
 "vehicle_capacities": [
  10, 
  10, 
  10, 
  30, 
  30, 
  30, 
  30, 
  30, 
  30
 ]
}