{
 "vehicle_cost_per_km": [
  5, 
  5, 
  5, 
  5, 
  5
 ], 
 "runs": [
  {
   "avg_task_cost_vs_number_of_task": [
    7140, 
    6512.5, 
    4341.666666666667, 
    3986.25, 
    3706, 
    3500, 
    3435, 
    3116.875, 
    2948.8888888888887, 
    2654, 
    2412.7272727272725, 
    2427.9166666666665, 
    2140.769230769231, 
    1987.857142857143, 
    1855.3333333333333, 
    1848.125, 
    1772.9411764705883, 
    1864.4444444444443, 
    1805.5263157894738, 
    1800.25, 
    1726.904761904762, 
    1648.409090909091, 
    1632.391304347826, 
    1835.625, 
    1950.6, 
    1879.423076923077, 
    1814.8148148148148, 
    1776.607142857143, 
    1782.4137931034484, 
    1527.8333333333333
   ], 
   "number_of_vehicles": 3
  }
 ], 
 "vehicle_starting_positions": [
  "Brest", 
  "Paris", 
  "Marseille", 
  "Gen\u00e8ve", 
  "Monaco", 
  "Le Havre", 
  "Bordeaux", 
  "Lyon", 
  "Strasbourg"
 ], 
 "task_distribution": {
  "distance_matrix": [
   [
    0, 
    591, 
    1373, 
    1206, 
    1598, 
    787, 
    1175, 
    1057, 
    1078
   ], 
   [
    591, 
    0, 
    782, 
    615, 
    1007, 
    196, 
    584, 
    466, 
    487
   ], 
   [
    1373, 
    782, 
    0, 
    465, 
    225, 
    978, 
    646, 
    316, 
    854
   ], 
   [
    1206, 
    615, 
    465, 
    0, 
    521, 
    811, 
    737, 
    149, 
    389
   ], 
   [
    1598, 
    1007, 
    225, 
    521, 
    0, 
    1203, 
    871, 
    541, 
    910
   ], 
   [
    787, 
    196, 
    978, 
    811, 
    1203, 
    0, 
    780, 
    662, 
    683
   ], 
   [
    1175, 
    584, 
    646, 
    737, 
    871, 
    780, 
    0, 
    588, 
    1071
   ], 
   [
    1057, 
    466, 
    316, 
    149, 
    541, 
    662, 
    588, 
    0, 
    538
   ], 
   [
    1078, 
    487, 
    854, 
    389, 
    910, 
    683, 
    1071, 
    538, 
    0
   ]
  ], 
  "weight_matrix": [
   [
    0, 
    3, 
    3, 
    3, 
    3, 
    3, 
    3, 
    3, 
    3
   ], 
   [
    3, 
    0, 
    3, 
    3, 
    3, 
    3, 
    3, 
    3, 
    3
   ], 
   [
    3, 
    3, 
    0, 
    3, 
    3, 
    3, 
    3, 
    3, 
    3
   ], 
   [
    3, 
    3, 
    3, 
    0, 
    3, 
    3, 
    3, 
    3, 
    3
   ], 
   [
    3, 
    3, 
    3, 
    3, 
    0, 
    3, 
    3, 
    3, 
    3
   ], 
   [
    3, 
    3, 
    3, 
    3, 
    3, 
    0, 
    3, 
    3, 
    3
   ], 
   [
    3, 
    3, 
    3, 
    3, 
    3, 
    3, 
    0, 
    3, 
    3
   ], 
   [
    3, 
    3, 
    3, 
    3, 
    3, 
    3, 
    3, 
    0, 
    3
   ], 
   [
    3, 
    3, 
    3, 
    3, 
    3, 
    3, 
    3, 
    3, 
    0
   ]
  ], 
  "city_names": [
   "Brest", 
   "Paris", 
   "Marseille", 
   "Gen\u00e8ve", 
   "Monaco", 
   "Le Havre", 
   "Bordeaux", 
   "Lyon", 
   "Strasbourg"
  ], 
  "reward_matrix": [
   [
    0, 
    69526, 
    15612, 
    27125, 
    100, 
    56013, 
    29263, 
    37398, 
    35950
   ], 
   [
    69526, 
    0, 
    56357, 
    67871, 
    40845, 
    96758, 
    70008, 
    78143, 
    76696
   ], 
   [
    15612, 
    56357, 
    0, 
    78212, 
    94759, 
    42844, 
    65734, 
    88485, 
    51393
   ], 
   [
    27125, 
    67871, 
    78212, 
    0, 
    74352, 
    54358, 
    59460, 
    99999, 
    83452
   ], 
   [
    100, 
    40845, 
    94759, 
    74352, 
    0, 
    27332, 
    50221, 
    72973, 
    47533
   ], 
   [
    56013, 
    96758, 
    42844, 
    54358, 
    27332, 
    0, 
    56495, 
    64631, 
    63183
   ], 
   [
    29263, 
    70008, 
    65734, 
    59460, 
    50221, 
    56495, 
    0, 
    69732, 
    36433
   ], 
   [
    37398, 
    78143, 
    88485, 
    99999, 
    72973, 
    64631, 
    69732, 
    0, 
    73180
   ], 
   [
    35950, 
    76696, 
    51393, 
    83452, 
    47533, 
    63183, 
    36433, 
    73180, 
    0
   ]
  ], 
  "probability_matrix": [
   [
    0, 
    0.19624070052142156, 
    0.1541583888973814, 
    0.1779792564728525, 
    0.1434933707792234, 
    0.21419141600403538, 
    0.06227485281566036, 
    0.01660353433256712, 
    0.03505848017685825
   ], 
   [
    0.2519053657521687, 
    0, 
    0.1018935135948384, 
    0.2765063502453738, 
    0.004278188581158255, 
    0.0628046247760236, 
    0.03720475185163829, 
    0.10616583169301867, 
    0.15924137350578021
   ], 
   [
    0.12264086169477709, 
    0.16646823159940416, 
    0, 
    0.21601081107527928, 
    0.0010393115176369617, 
    0.20251228384777398, 
    0.12996841038341125, 
    0.06310245314161449, 
    0.09825763674010286
   ], 
   [
    0.031388830056339856, 
    0.22415163426394402, 
    0.03622173891632938, 
    0, 
    0.142141482190919, 
    0.1285866806294204, 
    0.013744295407380156, 
    0.3102729614033443, 
    0.11349237713232285
   ], 
   [
    0.11705738009126739, 
    0.02561720650887437, 
    0.15981625584445952, 
    0.15733391313659423, 
    0, 
    0.1436953910551688, 
    0.11460657270734034, 
    0.2212230407965415, 
    0.06065023985975386
   ], 
   [
    0.3209780845231534, 
    0.0019434268280827574, 
    0.14339198592025118, 
    0.08347841573318186, 
    0.289340254210172, 
    0, 
    0.013923948770331197, 
    0.03997442338235179, 
    0.10696946063247571
   ], 
   [
    0.10465597490434508, 
    0.19112473296020976, 
    0.19780580577169685, 
    0.08211949585696662, 
    0.046124315544861245, 
    0.17361756534440764, 
    0, 
    0.0533153810633379, 
    0.15123672855417505
   ], 
   [
    0.13677297672547933, 
    0.05573376467337686, 
    0.07201279164548315, 
    0.15258974388685975, 
    0.07206880094902747, 
    0.09586525254093352, 
    0.3053014733686222, 
    0, 
    0.10965519621021766
   ], 
   [
    0.24046330804412072, 
    0.10362454708543078, 
    0.09635474250006998, 
    0.2140178931544044, 
    0.002195821535440347, 
    0.04228551789196118, 
    0.03361676897979726, 
    0.2674414008087753, 
    0
   ]
  ]
 }, 
 "vehicle_capacities": [
  15, 
  15, 
  15, 
  30, 
  30, 
  30, 
  30, 
  30, 
  30
 ]
}