{
 "vehicle_cost_per_km": [
  5, 
  15, 
  10, 
  5, 
  5, 
  5, 
  5, 
  5, 
  5
 ], 
 "runs": [
  {
   "avg_task_cost_vs_number_of_task": [
    8595, 
    5695, 
    4973.333333333333, 
    4843.75, 
    4662, 
    4100, 
    3514.285714285714, 
    3409.375, 
    3093.8888888888887, 
    2787.5, 
    2670, 
    2322.9166666666665, 
    2358.076923076923, 
    2528.5714285714284, 
    2544.6666666666665, 
    2336.5625, 
    2066.764705882353, 
    2293.8888888888887, 
    2153.684210526316, 
    2075.25, 
    2274.7619047619046, 
    2275.4545454545455, 
    2525.6521739130435, 
    2179.7916666666665, 
    2235.6, 
    2366.5384615384614, 
    2242.222222222222, 
    2209.1071428571427, 
    2333.448275862069, 
    2314.5
   ], 
   "number_of_vehicles": 3
  }
 ], 
 "vehicle_starting_positions": [
  "Brest", 
  "Paris", 
  "Marseille", 
  "Gen\u00c3\u00a8ve", 
  "Monaco", 
  "Le Havre", 
  "Bordeaux", 
  "Lyon", 
  "Strasbourg"
 ], 
 "task_distribution": {
  "distance_matrix": [
   [
    0, 
    591, 
    1373, 
    1206, 
    1598, 
    787, 
    1175, 
    1057, 
    1078
   ], 
   [
    591, 
    0, 
    782, 
    615, 
    1007, 
    196, 
    584, 
    466, 
    487
   ], 
   [
    1373, 
    782, 
    0, 
    465, 
    225, 
    978, 
    646, 
    316, 
    854
   ], 
   [
    1206, 
    615, 
    465, 
    0, 
    521, 
    811, 
    737, 
    149, 
    389
   ], 
   [
    1598, 
    1007, 
    225, 
    521, 
    0, 
    1203, 
    871, 
    541, 
    910
   ], 
   [
    787, 
    196, 
    978, 
    811, 
    1203, 
    0, 
    780, 
    662, 
    683
   ], 
   [
    1175, 
    584, 
    646, 
    737, 
    871, 
    780, 
    0, 
    588, 
    1071
   ], 
   [
    1057, 
    466, 
    316, 
    149, 
    541, 
    662, 
    588, 
    0, 
    538
   ], 
   [
    1078, 
    487, 
    854, 
    389, 
    910, 
    683, 
    1071, 
    538, 
    0
   ]
  ], 
  "weight_matrix": [
   [
    0, 
    3, 
    3, 
    3, 
    3, 
    3, 
    3, 
    3, 
    3
   ], 
   [
    3, 
    0, 
    3, 
    3, 
    3, 
    3, 
    3, 
    3, 
    3
   ], 
   [
    3, 
    3, 
    0, 
    3, 
    3, 
    3, 
    3, 
    3, 
    3
   ], 
   [
    3, 
    3, 
    3, 
    0, 
    3, 
    3, 
    3, 
    3, 
    3
   ], 
   [
    3, 
    3, 
    3, 
    3, 
    0, 
    3, 
    3, 
    3, 
    3
   ], 
   [
    3, 
    3, 
    3, 
    3, 
    3, 
    0, 
    3, 
    3, 
    3
   ], 
   [
    3, 
    3, 
    3, 
    3, 
    3, 
    3, 
    0, 
    3, 
    3
   ], 
   [
    3, 
    3, 
    3, 
    3, 
    3, 
    3, 
    3, 
    0, 
    3
   ], 
   [
    3, 
    3, 
    3, 
    3, 
    3, 
    3, 
    3, 
    3, 
    0
   ]
  ], 
  "city_names": [
   "Brest", 
   "Paris", 
   "Marseille", 
   "Gen\u00c3\u00a8ve", 
   "Monaco", 
   "Le Havre", 
   "Bordeaux", 
   "Lyon", 
   "Strasbourg"
  ], 
  "reward_matrix": [
   [
    0, 
    69526, 
    15612, 
    27125, 
    100, 
    56013, 
    29263, 
    37398, 
    35950
   ], 
   [
    69526, 
    0, 
    56357, 
    67871, 
    40845, 
    96758, 
    70008, 
    78143, 
    76696
   ], 
   [
    15612, 
    56357, 
    0, 
    78212, 
    94759, 
    42844, 
    65734, 
    88485, 
    51393
   ], 
   [
    27125, 
    67871, 
    78212, 
    0, 
    74352, 
    54358, 
    59460, 
    99999, 
    83452
   ], 
   [
    100, 
    40845, 
    94759, 
    74352, 
    0, 
    27332, 
    50221, 
    72973, 
    47533
   ], 
   [
    56013, 
    96758, 
    42844, 
    54358, 
    27332, 
    0, 
    56495, 
    64631, 
    63183
   ], 
   [
    29263, 
    70008, 
    65734, 
    59460, 
    50221, 
    56495, 
    0, 
    69732, 
    36433
   ], 
   [
    37398, 
    78143, 
    88485, 
    99999, 
    72973, 
    64631, 
    69732, 
    0, 
    73180
   ], 
   [
    35950, 
    76696, 
    51393, 
    83452, 
    47533, 
    63183, 
    36433, 
    73180, 
    0
   ]
  ], 
  "probability_matrix": [
   [
    0, 
    0.07405579359459873, 
    0.1878082688105246, 
    0.0748112749073964, 
    0.005390750473553632, 
    0.1478553179689642, 
    0.13548141696705598, 
    0.1546916517534268, 
    0.21990552552447962
   ], 
   [
    0.08859711871356091, 
    0, 
    0.14286304488170712, 
    0.08145792882775332, 
    0.08596042181768042, 
    0.1587756887204636, 
    0.11340540152366432, 
    0.15437258005013546, 
    0.17456781546503505
   ], 
   [
    0.16619977051803572, 
    0.050831880939592025, 
    0, 
    0.025404752684137933, 
    0.3076829904977558, 
    0.0009161476851531127, 
    0.14828968500627598, 
    0.01787936911743257, 
    0.2827954035516169
   ], 
   [
    0.08881315565187692, 
    0.05409967015005431, 
    0.12088887690473055, 
    0, 
    0.15629076815453546, 
    0.16340768794404809, 
    0.16388505107479165, 
    0.058639272952263774, 
    0.19397551716769915
   ], 
   [
    0.13989825871577488, 
    0.09633884804520643, 
    0.013731418871875872, 
    0.05431388691387424, 
    0, 
    0.070831909413161, 
    0.18274406186851555, 
    0.21954006399957696, 
    0.22260155217201505
   ], 
   [
    0.14572494962672192, 
    0.15076725590096063, 
    0.17166178378715127, 
    0.21990771650690857, 
    0.10747825196448728, 
    0, 
    0.14148772294312187, 
    0.008744751853353591, 
    0.05422756741729479
   ], 
   [
    0.015561847445011457, 
    0.029783481461882824, 
    0.1424639236231672, 
    0.09097883264519412, 
    0.2955192871641623, 
    0.17440325759943848, 
    0, 
    0.14556505769902142, 
    0.10572431236212211
   ], 
   [
    0.013133242405674176, 
    0.15111170096813764, 
    0.04733751720218358, 
    0.2127882493623645, 
    0.19230492625800819, 
    0.17628365554670272, 
    0.15855839276270284, 
    0, 
    0.04848231549422653
   ], 
   [
    0.05705775280051304, 
    0.12064665416817216, 
    0.16986759477977387, 
    0.05980870734965193, 
    0.17766912739459037, 
    0.14397125816307133, 
    0.18137814249728518, 
    0.08960076284694225, 
    0
   ]
  ]
 }, 
 "vehicle_capacities": [
  15, 
  15, 
  15, 
  30, 
  30, 
  30, 
  30, 
  30, 
  30
 ]
}