{
 "vehicle_cost_per_km": [
  10, 
  5, 
  10, 
  5, 
  5, 
  5, 
  5, 
  5, 
  5
 ], 
 "runs": [
  {
   "avg_task_cost_vs_number_of_task": [
    6150, 
    4237.5, 
    3693.3333333333335, 
    4247.5, 
    4031, 
    3851.6666666666665, 
    3301.4285714285716, 
    3226.25, 
    3085.5555555555557, 
    2906, 
    2783.181818181818, 
    2712.0833333333335, 
    2369.6153846153848, 
    2582.8571428571427, 
    2382, 
    2159.6875, 
    2356.470588235294, 
    2372.222222222222, 
    2562.1052631578946, 
    2538.5, 
    2310.714285714286, 
    2442.7272727272725, 
    2057.1739130434785, 
    2303.3333333333335, 
    2223.4, 
    2194.423076923077, 
    2526.296296296296, 
    2490.714285714286, 
    2619.4827586206898, 
    2613.5
   ], 
   "number_of_vehicles": 3
  }
 ], 
 "vehicle_starting_positions": [
  "Brest", 
  "Paris", 
  "Marseille", 
  "Gen\u00c3\u00a8ve", 
  "Monaco", 
  "Le Havre", 
  "Bordeaux", 
  "Lyon", 
  "Strasbourg"
 ], 
 "task_distribution": {
  "distance_matrix": [
   [
    0, 
    591, 
    1373, 
    1206, 
    1598, 
    787, 
    1175, 
    1057, 
    1078
   ], 
   [
    591, 
    0, 
    782, 
    615, 
    1007, 
    196, 
    584, 
    466, 
    487
   ], 
   [
    1373, 
    782, 
    0, 
    465, 
    225, 
    978, 
    646, 
    316, 
    854
   ], 
   [
    1206, 
    615, 
    465, 
    0, 
    521, 
    811, 
    737, 
    149, 
    389
   ], 
   [
    1598, 
    1007, 
    225, 
    521, 
    0, 
    1203, 
    871, 
    541, 
    910
   ], 
   [
    787, 
    196, 
    978, 
    811, 
    1203, 
    0, 
    780, 
    662, 
    683
   ], 
   [
    1175, 
    584, 
    646, 
    737, 
    871, 
    780, 
    0, 
    588, 
    1071
   ], 
   [
    1057, 
    466, 
    316, 
    149, 
    541, 
    662, 
    588, 
    0, 
    538
   ], 
   [
    1078, 
    487, 
    854, 
    389, 
    910, 
    683, 
    1071, 
    538, 
    0
   ]
  ], 
  "weight_matrix": [
   [
    0, 
    3, 
    3, 
    3, 
    3, 
    3, 
    3, 
    3, 
    3
   ], 
   [
    3, 
    0, 
    3, 
    3, 
    3, 
    3, 
    3, 
    3, 
    3
   ], 
   [
    3, 
    3, 
    0, 
    3, 
    3, 
    3, 
    3, 
    3, 
    3
   ], 
   [
    3, 
    3, 
    3, 
    0, 
    3, 
    3, 
    3, 
    3, 
    3
   ], 
   [
    3, 
    3, 
    3, 
    3, 
    0, 
    3, 
    3, 
    3, 
    3
   ], 
   [
    3, 
    3, 
    3, 
    3, 
    3, 
    0, 
    3, 
    3, 
    3
   ], 
   [
    3, 
    3, 
    3, 
    3, 
    3, 
    3, 
    0, 
    3, 
    3
   ], 
   [
    3, 
    3, 
    3, 
    3, 
    3, 
    3, 
    3, 
    0, 
    3
   ], 
   [
    3, 
    3, 
    3, 
    3, 
    3, 
    3, 
    3, 
    3, 
    0
   ]
  ], 
  "city_names": [
   "Brest", 
   "Paris", 
   "Marseille", 
   "Gen\u00c3\u00a8ve", 
   "Monaco", 
   "Le Havre", 
   "Bordeaux", 
   "Lyon", 
   "Strasbourg"
  ], 
  "reward_matrix": [
   [
    0, 
    69526, 
    15612, 
    27125, 
    100, 
    56013, 
    29263, 
    37398, 
    35950
   ], 
   [
    69526, 
    0, 
    56357, 
    67871, 
    40845, 
    96758, 
    70008, 
    78143, 
    76696
   ], 
   [
    15612, 
    56357, 
    0, 
    78212, 
    94759, 
    42844, 
    65734, 
    88485, 
    51393
   ], 
   [
    27125, 
    67871, 
    78212, 
    0, 
    74352, 
    54358, 
    59460, 
    99999, 
    83452
   ], 
   [
    100, 
    40845, 
    94759, 
    74352, 
    0, 
    27332, 
    50221, 
    72973, 
    47533
   ], 
   [
    56013, 
    96758, 
    42844, 
    54358, 
    27332, 
    0, 
    56495, 
    64631, 
    63183
   ], 
   [
    29263, 
    70008, 
    65734, 
    59460, 
    50221, 
    56495, 
    0, 
    69732, 
    36433
   ], 
   [
    37398, 
    78143, 
    88485, 
    99999, 
    72973, 
    64631, 
    69732, 
    0, 
    73180
   ], 
   [
    35950, 
    76696, 
    51393, 
    83452, 
    47533, 
    63183, 
    36433, 
    73180, 
    0
   ]
  ], 
  "probability_matrix": [
   [
    0, 
    0.17440114292834716, 
    0.20308446406422243, 
    0.08363466337832003, 
    0.13072371018707568, 
    0.06838196406308798, 
    0.038318712956372875, 
    0.08539808397265854, 
    0.21605725844991527
   ], 
   [
    0.20252084324511155, 
    0, 
    0.058540515345199495, 
    0.06705849548253916, 
    0.22928488532741237, 
    0.0164899100763151, 
    0.018418338880370644, 
    0.15649018926292782, 
    0.25119682238012403
   ], 
   [
    0.07648659565476852, 
    0.14053055996039196, 
    0, 
    0.16550883173683842, 
    0.06611557147233987, 
    0.09068164701182233, 
    0.1312378072657461, 
    0.15793401267184395, 
    0.17150497422624894
   ], 
   [
    0.16167065272945838, 
    0.279889474595731, 
    0.21628213784409325, 
    0, 
    0.13776728652542158, 
    0.02516711427063829, 
    0.15294007304354046, 
    0.02371606900342027, 
    0.002567191987696723
   ], 
   [
    0.07290687440340216, 
    0.2065255490855725, 
    0.045537114239047514, 
    0.1922078918113446, 
    0, 
    0.044244852977166224, 
    0.14471296134286607, 
    0.17326511843734382, 
    0.12059963770325711
   ], 
   [
    0.18980176841427013, 
    0.08544445683259999, 
    0.162421741895977, 
    0.09384512278015594, 
    0.15535526566221583, 
    0, 
    0.12830978999367232, 
    0.08533477210052572, 
    0.099487082320583
   ], 
   [
    0.1198735439404791, 
    0.1826082971561244, 
    0.16264063729984204, 
    0.04174371033903366, 
    0.053617265576550284, 
    0.07540839384283674, 
    0, 
    0.22182912528903048, 
    0.142279026556103
   ], 
   [
    0.21514129758476114, 
    0.03143811164776361, 
    0.05052751623937861, 
    0.1388526728548441, 
    0.2125692162895588, 
    0.1512171482079491, 
    0.11914808771780519, 
    0, 
    0.08110594945793954
   ], 
   [
    0.16450897455798016, 
    0.007446364725954208, 
    0.08551310398549267, 
    0.21706863965746112, 
    0.010243004633735894, 
    0.13704072137768633, 
    0.3273052518274583, 
    0.0508739392342314, 
    0
   ]
  ]
 }, 
 "vehicle_capacities": [
  15, 
  15, 
  15, 
  30, 
  30, 
  30, 
  30, 
  30, 
  30
 ]
}