{
 "vehicle_cost_per_km": [
  5, 
  5, 
  5, 
  5, 
  5, 
  5, 
  5, 
  5, 
  5, 
  5, 
  5, 
  5
 ], 
 "runs": [
  {
   "avg_task_cost_vs_number_of_task": [
    2350, 
    1450, 
    966.6666666666666, 
    1212.5, 
    970, 
    1375, 
    1421.4285714285713, 
    1306.25, 
    1383.3333333333333, 
    1395, 
    1377.2727272727273, 
    1466.6666666666667, 
    1361.5384615384614, 
    1296.4285714285713, 
    1223.3333333333333, 
    1221.875, 
    1182.3529411764705, 
    1263.888888888889, 
    1223.6842105263158, 
    1237.5, 
    1223.8095238095239, 
    1184.090909090909, 
    1260.8695652173913, 
    1300, 
    1324, 
    1378.8461538461538, 
    1416.6666666666667, 
    1373.2142857142858, 
    1400, 
    1376.6666666666667
   ], 
   "number_of_vehicles": 3
  }
 ], 
 "vehicle_starting_positions": [
  "Lausanne", 
  "Gen\u00c3\u00a8ve", 
  "Sion", 
  "Neuch\u00c3\u00a2tel", 
  "Bern", 
  "Basel", 
  "Fribourg", 
  "Z\u00c3\u00bcrich", 
  "Aarau", 
  "Luzern", 
  "St-Gallen", 
  "Thun"
 ], 
 "task_distribution": {
  "distance_matrix": [
   [
    0, 
    90, 
    150, 
    100, 
    150, 
    290, 
    100, 
    320, 
    260, 
    350, 
    440, 
    190
   ], 
   [
    90, 
    0, 
    240, 
    190, 
    240, 
    380, 
    190, 
    410, 
    350, 
    440, 
    530, 
    280
   ], 
   [
    150, 
    240, 
    0, 
    220, 
    160, 
    300, 
    210, 
    330, 
    270, 
    360, 
    450, 
    120
   ], 
   [
    100, 
    190, 
    220, 
    0, 
    60, 
    200, 
    110, 
    230, 
    170, 
    260, 
    350, 
    100
   ], 
   [
    150, 
    240, 
    160, 
    60, 
    0, 
    140, 
    50, 
    170, 
    110, 
    200, 
    290, 
    40
   ], 
   [
    290, 
    380, 
    300, 
    200, 
    140, 
    0, 
    190, 
    120, 
    180, 
    190, 
    240, 
    180
   ], 
   [
    100, 
    190, 
    210, 
    110, 
    50, 
    190, 
    0, 
    220, 
    160, 
    250, 
    340, 
    90
   ], 
   [
    320, 
    410, 
    330, 
    230, 
    170, 
    120, 
    220, 
    0, 
    60, 
    70, 
    120, 
    210
   ], 
   [
    260, 
    350, 
    270, 
    170, 
    110, 
    180, 
    160, 
    60, 
    0, 
    90, 
    180, 
    150
   ], 
   [
    350, 
    440, 
    360, 
    260, 
    200, 
    190, 
    250, 
    70, 
    90, 
    0, 
    190, 
    240
   ], 
   [
    440, 
    530, 
    450, 
    350, 
    290, 
    240, 
    340, 
    120, 
    180, 
    190, 
    0, 
    330
   ], 
   [
    190, 
    280, 
    120, 
    100, 
    40, 
    180, 
    90, 
    210, 
    150, 
    240, 
    330, 
    0
   ]
  ], 
  "weight_matrix": [
   [
    0, 
    3, 
    3, 
    3, 
    3, 
    3, 
    3, 
    3, 
    3, 
    3, 
    3, 
    3
   ], 
   [
    3, 
    0, 
    3, 
    3, 
    3, 
    3, 
    3, 
    3, 
    3, 
    3, 
    3, 
    3
   ], 
   [
    3, 
    3, 
    0, 
    3, 
    3, 
    3, 
    3, 
    3, 
    3, 
    3, 
    3, 
    3
   ], 
   [
    3, 
    3, 
    3, 
    0, 
    3, 
    3, 
    3, 
    3, 
    3, 
    3, 
    3, 
    3
   ], 
   [
    3, 
    3, 
    3, 
    3, 
    0, 
    3, 
    3, 
    3, 
    3, 
    3, 
    3, 
    3
   ], 
   [
    3, 
    3, 
    3, 
    3, 
    3, 
    0, 
    3, 
    3, 
    3, 
    3, 
    3, 
    3
   ], 
   [
    3, 
    3, 
    3, 
    3, 
    3, 
    3, 
    0, 
    3, 
    3, 
    3, 
    3, 
    3
   ], 
   [
    3, 
    3, 
    3, 
    3, 
    3, 
    3, 
    3, 
    0, 
    3, 
    3, 
    3, 
    3
   ], 
   [
    3, 
    3, 
    3, 
    3, 
    3, 
    3, 
    3, 
    3, 
    0, 
    3, 
    3, 
    3
   ], 
   [
    3, 
    3, 
    3, 
    3, 
    3, 
    3, 
    3, 
    3, 
    3, 
    0, 
    3, 
    3
   ], 
   [
    3, 
    3, 
    3, 
    3, 
    3, 
    3, 
    3, 
    3, 
    3, 
    3, 
    0, 
    3
   ], 
   [
    3, 
    3, 
    3, 
    3, 
    3, 
    3, 
    3, 
    3, 
    3, 
    3, 
    3, 
    0
   ]
  ], 
  "city_names": [
   "Lausanne", 
   "Gen\u00c3\u00a8ve", 
   "Sion", 
   "Neuch\u00c3\u00a2tel", 
   "Bern", 
   "Basel", 
   "Fribourg", 
   "Z\u00c3\u00bcrich", 
   "Aarau", 
   "Luzern", 
   "St-Gallen", 
   "Thun"
  ], 
  "reward_matrix": [
   [
    0, 
    89805, 
    77572, 
    87766, 
    77572, 
    49030, 
    87766, 
    42913, 
    55146, 
    36797, 
    18448, 
    69417
   ], 
   [
    89805, 
    0, 
    59223, 
    69417, 
    59223, 
    30681, 
    69417, 
    24565, 
    36797, 
    18448, 
    100, 
    51068
   ], 
   [
    77572, 
    59223, 
    0, 
    63301, 
    75533, 
    46991, 
    65340, 
    40875, 
    53107, 
    34758, 
    16410, 
    83688
   ], 
   [
    87766, 
    69417, 
    63301, 
    0, 
    95921, 
    67378, 
    85727, 
    61262, 
    73495, 
    55146, 
    36797, 
    87766
   ], 
   [
    77572, 
    59223, 
    75533, 
    95921, 
    0, 
    79611, 
    97960, 
    73495, 
    85727, 
    67378, 
    49030, 
    99999
   ], 
   [
    49030, 
    30681, 
    46991, 
    67378, 
    79611, 
    0, 
    69417, 
    83688, 
    71456, 
    69417, 
    59223, 
    71456
   ], 
   [
    87766, 
    69417, 
    65340, 
    85727, 
    97960, 
    69417, 
    0, 
    63301, 
    75533, 
    57185, 
    38836, 
    89805
   ], 
   [
    42913, 
    24565, 
    40875, 
    61262, 
    73495, 
    83688, 
    63301, 
    0, 
    95921, 
    93882, 
    83688, 
    65340
   ], 
   [
    55146, 
    36797, 
    53107, 
    73495, 
    85727, 
    71456, 
    75533, 
    95921, 
    0, 
    89805, 
    71456, 
    77572
   ], 
   [
    36797, 
    18448, 
    34758, 
    55146, 
    67378, 
    69417, 
    57185, 
    93882, 
    89805, 
    0, 
    69417, 
    59223
   ], 
   [
    18448, 
    100, 
    16410, 
    36797, 
    49030, 
    59223, 
    38836, 
    83688, 
    71456, 
    69417, 
    0, 
    40875
   ], 
   [
    69417, 
    51068, 
    83688, 
    87766, 
    99999, 
    71456, 
    89805, 
    65340, 
    77572, 
    59223, 
    40875, 
    0
   ]
  ], 
  "probability_matrix": [
   [
    0, 
    0.13335023120796022, 
    0.15619817812425352, 
    0.05054147507099332, 
    0.10996017634315267, 
    0.04701013084483845, 
    0.16395336227697976, 
    0.1269742768044966, 
    0.04551656722931877, 
    0.054893025023992605, 
    0.024987646178369315, 
    0.08661493089564448
   ], 
   [
    0.020656103891057022, 
    0, 
    0.07533471015987465, 
    0.04831152726935311, 
    0.05548786971239017, 
    0.15200542967302072, 
    0.12662998795450603, 
    0.03000871912177402, 
    0.16730119472098617, 
    0.12476319787416318, 
    0.11242850698656899, 
    0.08707275263630604
   ], 
   [
    0.1346581309034659, 
    0.11296317300633656, 
    0, 
    0.03345287586134997, 
    0.04289458761452907, 
    0.10262151076418857, 
    0.10949217929221815, 
    0.133926085562888, 
    0.005542690453682783, 
    0.1557244936912733, 
    0.01239128071389856, 
    0.1563329921361692
   ], 
   [
    0.07700689628464386, 
    0.07018703695924741, 
    0.12180013521488575, 
    0, 
    0.03527286050131813, 
    0.16654667476628565, 
    0.11255003756311867, 
    0.1435192692934167, 
    0.12384428744195534, 
    0.0012833152308549577, 
    0.015838837834727292, 
    0.13215064890954623
   ], 
   [
    0.16131626066395763, 
    0.004521193192626325, 
    0.05640020396718368, 
    0.027072920194217587, 
    0, 
    0.07237160039005369, 
    0.06102406485945005, 
    0.09983167588527848, 
    0.05925883501840264, 
    0.2193307882413234, 
    0.20920766689859172, 
    0.02966479068891502
   ], 
   [
    0.07302712235320893, 
    0.15866045668178577, 
    0.0620763371311854, 
    0.1270356872902726, 
    0.03239050731547477, 
    0, 
    0.12523293550884768, 
    0.12345414001799974, 
    0.10606193754031776, 
    0.0546081043344966, 
    0.008454454224434046, 
    0.1289983176019768
   ], 
   [
    0.03815557847638976, 
    0.15091378948950407, 
    0.030416583904926853, 
    0.17188728907797826, 
    0.14236111595069006, 
    0.04299456934755959, 
    0, 
    0.06014399395115191, 
    0.1093800132868098, 
    0.05756776980419484, 
    0.1838658788853157, 
    0.012313417825479287
   ], 
   [
    0.08707764308765756, 
    0.1289606360007078, 
    0.03529326241263149, 
    0.036377826309560046, 
    0.13852604320700998, 
    0.026533241224239498, 
    0.07305349799882976, 
    0, 
    0.07696452064949663, 
    0.12924789238903037, 
    0.13020985509460678, 
    0.13775558162623003
   ], 
   [
    0.05709155354408586, 
    0.02052403762284246, 
    0.12179486114195308, 
    0.13879675423784113, 
    0.06667011494744735, 
    0.16187300564242257, 
    0.13741477733710336, 
    0.03407932211756811, 
    0, 
    0.08153240413212562, 
    0.1600898597643116, 
    0.02013330951229877
   ], 
   [
    0.15462558058521395, 
    0.005058025074008723, 
    0.14735817090778958, 
    0.038763708965170875, 
    0.14397135185560608, 
    0.04255338949501013, 
    0.12437672306082151, 
    0.1527398609211091, 
    0.016894453975783697, 
    0, 
    0.035204804125621644, 
    0.13845393103386483
   ], 
   [
    0.03377259537659723, 
    0.05046487019407417, 
    0.15116576220849962, 
    0.10798681680786669, 
    0.18498834312773454, 
    0.06915420978137367, 
    0.08369167741136041, 
    0.023422923309090356, 
    0.03958685432027842, 
    0.21585187571620293, 
    0, 
    0.03991407174692211
   ], 
   [
    0.018404316327170572, 
    0.030607908464546425, 
    0.13967091005217613, 
    0.008223293347738343, 
    0.18132814528507266, 
    0.05613100919401597, 
    0.052774169088383026, 
    0.1809420903254118, 
    0.11447944596386146, 
    0.13276820971129372, 
    0.08467050224032997, 
    0
   ]
  ]
 }, 
 "vehicle_capacities": [
  5, 
  5, 
  5, 
  30, 
  30, 
  30, 
  30, 
  30, 
  30, 
  30, 
  30, 
  30
 ]
}