{
 "vehicle_cost_per_km": [
  10, 
  15, 
  10, 
  5, 
  5, 
  5, 
  5, 
  5, 
  5, 
  5, 
  5, 
  5
 ], 
 "runs": [
  {
   "avg_task_cost_vs_number_of_task": [
    9700, 
    4850, 
    3233.3333333333335, 
    2675, 
    2140, 
    1800, 
    1542.857142857143, 
    1537.5, 
    1477.7777777777778, 
    1330, 
    1327.2727272727273, 
    1216.6666666666667, 
    1300, 
    1421.4285714285713, 
    1320, 
    1250, 
    1205.8823529411766, 
    1116.6666666666667, 
    1231.578947368421, 
    1215, 
    1161.904761904762, 
    1181.8181818181818, 
    1147.8260869565217, 
    1062.5, 
    1004, 
    1053.8461538461538, 
    1137.037037037037, 
    1028.5714285714287, 
    1106.896551724138, 
    1206.6666666666667
   ], 
   "number_of_vehicles": 3
  }
 ], 
 "vehicle_starting_positions": [
  "Lausanne", 
  "Gen\u00c3\u00a8ve", 
  "Sion", 
  "Neuch\u00c3\u00a2tel", 
  "Bern", 
  "Basel", 
  "Fribourg", 
  "Z\u00c3\u00bcrich", 
  "Aarau", 
  "Luzern", 
  "St-Gallen", 
  "Thun"
 ], 
 "task_distribution": {
  "distance_matrix": [
   [
    0, 
    90, 
    150, 
    100, 
    150, 
    290, 
    100, 
    320, 
    260, 
    350, 
    440, 
    190
   ], 
   [
    90, 
    0, 
    240, 
    190, 
    240, 
    380, 
    190, 
    410, 
    350, 
    440, 
    530, 
    280
   ], 
   [
    150, 
    240, 
    0, 
    220, 
    160, 
    300, 
    210, 
    330, 
    270, 
    360, 
    450, 
    120
   ], 
   [
    100, 
    190, 
    220, 
    0, 
    60, 
    200, 
    110, 
    230, 
    170, 
    260, 
    350, 
    100
   ], 
   [
    150, 
    240, 
    160, 
    60, 
    0, 
    140, 
    50, 
    170, 
    110, 
    200, 
    290, 
    40
   ], 
   [
    290, 
    380, 
    300, 
    200, 
    140, 
    0, 
    190, 
    120, 
    180, 
    190, 
    240, 
    180
   ], 
   [
    100, 
    190, 
    210, 
    110, 
    50, 
    190, 
    0, 
    220, 
    160, 
    250, 
    340, 
    90
   ], 
   [
    320, 
    410, 
    330, 
    230, 
    170, 
    120, 
    220, 
    0, 
    60, 
    70, 
    120, 
    210
   ], 
   [
    260, 
    350, 
    270, 
    170, 
    110, 
    180, 
    160, 
    60, 
    0, 
    90, 
    180, 
    150
   ], 
   [
    350, 
    440, 
    360, 
    260, 
    200, 
    190, 
    250, 
    70, 
    90, 
    0, 
    190, 
    240
   ], 
   [
    440, 
    530, 
    450, 
    350, 
    290, 
    240, 
    340, 
    120, 
    180, 
    190, 
    0, 
    330
   ], 
   [
    190, 
    280, 
    120, 
    100, 
    40, 
    180, 
    90, 
    210, 
    150, 
    240, 
    330, 
    0
   ]
  ], 
  "weight_matrix": [
   [
    0, 
    3, 
    3, 
    3, 
    3, 
    3, 
    3, 
    3, 
    3, 
    3, 
    3, 
    3
   ], 
   [
    3, 
    0, 
    3, 
    3, 
    3, 
    3, 
    3, 
    3, 
    3, 
    3, 
    3, 
    3
   ], 
   [
    3, 
    3, 
    0, 
    3, 
    3, 
    3, 
    3, 
    3, 
    3, 
    3, 
    3, 
    3
   ], 
   [
    3, 
    3, 
    3, 
    0, 
    3, 
    3, 
    3, 
    3, 
    3, 
    3, 
    3, 
    3
   ], 
   [
    3, 
    3, 
    3, 
    3, 
    0, 
    3, 
    3, 
    3, 
    3, 
    3, 
    3, 
    3
   ], 
   [
    3, 
    3, 
    3, 
    3, 
    3, 
    0, 
    3, 
    3, 
    3, 
    3, 
    3, 
    3
   ], 
   [
    3, 
    3, 
    3, 
    3, 
    3, 
    3, 
    0, 
    3, 
    3, 
    3, 
    3, 
    3
   ], 
   [
    3, 
    3, 
    3, 
    3, 
    3, 
    3, 
    3, 
    0, 
    3, 
    3, 
    3, 
    3
   ], 
   [
    3, 
    3, 
    3, 
    3, 
    3, 
    3, 
    3, 
    3, 
    0, 
    3, 
    3, 
    3
   ], 
   [
    3, 
    3, 
    3, 
    3, 
    3, 
    3, 
    3, 
    3, 
    3, 
    0, 
    3, 
    3
   ], 
   [
    3, 
    3, 
    3, 
    3, 
    3, 
    3, 
    3, 
    3, 
    3, 
    3, 
    0, 
    3
   ], 
   [
    3, 
    3, 
    3, 
    3, 
    3, 
    3, 
    3, 
    3, 
    3, 
    3, 
    3, 
    0
   ]
  ], 
  "city_names": [
   "Lausanne", 
   "Gen\u00c3\u00a8ve", 
   "Sion", 
   "Neuch\u00c3\u00a2tel", 
   "Bern", 
   "Basel", 
   "Fribourg", 
   "Z\u00c3\u00bcrich", 
   "Aarau", 
   "Luzern", 
   "St-Gallen", 
   "Thun"
  ], 
  "reward_matrix": [
   [
    0, 
    89805, 
    77572, 
    87766, 
    77572, 
    49030, 
    87766, 
    42913, 
    55146, 
    36797, 
    18448, 
    69417
   ], 
   [
    89805, 
    0, 
    59223, 
    69417, 
    59223, 
    30681, 
    69417, 
    24565, 
    36797, 
    18448, 
    100, 
    51068
   ], 
   [
    77572, 
    59223, 
    0, 
    63301, 
    75533, 
    46991, 
    65340, 
    40875, 
    53107, 
    34758, 
    16410, 
    83688
   ], 
   [
    87766, 
    69417, 
    63301, 
    0, 
    95921, 
    67378, 
    85727, 
    61262, 
    73495, 
    55146, 
    36797, 
    87766
   ], 
   [
    77572, 
    59223, 
    75533, 
    95921, 
    0, 
    79611, 
    97960, 
    73495, 
    85727, 
    67378, 
    49030, 
    99999
   ], 
   [
    49030, 
    30681, 
    46991, 
    67378, 
    79611, 
    0, 
    69417, 
    83688, 
    71456, 
    69417, 
    59223, 
    71456
   ], 
   [
    87766, 
    69417, 
    65340, 
    85727, 
    97960, 
    69417, 
    0, 
    63301, 
    75533, 
    57185, 
    38836, 
    89805
   ], 
   [
    42913, 
    24565, 
    40875, 
    61262, 
    73495, 
    83688, 
    63301, 
    0, 
    95921, 
    93882, 
    83688, 
    65340
   ], 
   [
    55146, 
    36797, 
    53107, 
    73495, 
    85727, 
    71456, 
    75533, 
    95921, 
    0, 
    89805, 
    71456, 
    77572
   ], 
   [
    36797, 
    18448, 
    34758, 
    55146, 
    67378, 
    69417, 
    57185, 
    93882, 
    89805, 
    0, 
    69417, 
    59223
   ], 
   [
    18448, 
    100, 
    16410, 
    36797, 
    49030, 
    59223, 
    38836, 
    83688, 
    71456, 
    69417, 
    0, 
    40875
   ], 
   [
    69417, 
    51068, 
    83688, 
    87766, 
    99999, 
    71456, 
    89805, 
    65340, 
    77572, 
    59223, 
    40875, 
    0
   ]
  ], 
  "probability_matrix": [
   [
    0, 
    0.018405639459877235, 
    0.13651302458509867, 
    0.026469499293181178, 
    0.03943403032830004, 
    0.26138799271795105, 
    0.1305199239014772, 
    0.022987704355103077, 
    0.12954114219052762, 
    0.04343861944323661, 
    0.13623610711791959, 
    0.055066316607327824
   ], 
   [
    0.11509645581364128, 
    0, 
    0.10489910667657418, 
    0.02118261872443788, 
    0.0018698026780908524, 
    0.019361171971415028, 
    0.19913783719575323, 
    0.19202206511589417, 
    0.04552362271497257, 
    0.1938553488587886, 
    0.0324329134752045, 
    0.07461905677522761
   ], 
   [
    0.14770802116732698, 
    0.030873619531044037, 
    0, 
    0.11105016590539046, 
    0.15239124238742077, 
    0.12993107638161608, 
    0.0898826930065041, 
    0.045975648353874486, 
    0.1159884482882232, 
    0.10369125377690952, 
    0.06898007030139414, 
    0.0035277609002961484
   ], 
   [
    0.1439833550471478, 
    0.031055956006883226, 
    0.20414215833046936, 
    0, 
    0.0007301958690737654, 
    0.08147303866982983, 
    0.08128415533739819, 
    0.06316443005484079, 
    0.18374532205153926, 
    0.17905012458270256, 
    0.02289702877206124, 
    0.008474235278053858
   ], 
   [
    0.009716357588161086, 
    0.14987408979180833, 
    0.04514945917481025, 
    0.1532683733437953, 
    0, 
    0.0799053767770738, 
    0.05241485899772597, 
    0.010318061426776581, 
    0.14028356617629553, 
    0.09144019352357978, 
    0.155216198821575, 
    0.11241346437839839
   ], 
   [
    0.06440956349375553, 
    0.1539908399887421, 
    0.014224526866855432, 
    0.07481452146253853, 
    0.1556422390864237, 
    0, 
    0.11917187793468775, 
    0.13087233766986658, 
    0.025983533998014386, 
    0.11751339980680586, 
    0.020371404566399614, 
    0.1230057551259104
   ], 
   [
    0.07824737278820479, 
    0.18105323541339988, 
    0.04229272727011544, 
    0.005413031018062816, 
    0.14950553100624855, 
    0.020679398513693357, 
    0, 
    0.18924271428376668, 
    0.05580711473079442, 
    0.05192764493902455, 
    0.1280298043167753, 
    0.09780142571991411
   ], 
   [
    0.1957397434966334, 
    0.03998684465961348, 
    0.06334529615703781, 
    0.002843030449177233, 
    0.12855287973693053, 
    0.08303805846544732, 
    0.2003890608826842, 
    0, 
    0.06160153471214427, 
    0.13033001391716378, 
    0.007320061152955218, 
    0.08685347637021275
   ], 
   [
    0.13822348017482494, 
    0.06654023465505386, 
    0.11204208567221609, 
    0.11327290341840852, 
    0.1121847770606313, 
    0.1071038258551578, 
    0.1375123468595763, 
    0.05779957942417151, 
    0, 
    0.032454460513726774, 
    0.09959746565155919, 
    0.0232688407146739
   ], 
   [
    0.10911778159324236, 
    0.15460039032666623, 
    6.961080923348498e-05, 
    0.03415408668425039, 
    0.1404279236850654, 
    0.052258145899154014, 
    0.15822429402898242, 
    0.11605262454170356, 
    0.1251199438695195, 
    0, 
    0.07135929837045776, 
    0.038615900191724936
   ], 
   [
    0.09136183218637121, 
    0.08337601472662833, 
    0.07213481045904944, 
    0.039376778578687016, 
    0.10883131363390508, 
    0.04128841732106971, 
    0.09991291954628272, 
    0.14662834685225173, 
    0.09334209400817642, 
    0.13129868801216382, 
    0, 
    0.09244878467541438
   ], 
   [
    0.17339782001073525, 
    0.036229772020259655, 
    0.0324137109471992, 
    0.08645996137482354, 
    0.15850013609841912, 
    0.015978248908387626, 
    0.014670364829839778, 
    0.020741847529185294, 
    0.16485815154450398, 
    0.12332945879679953, 
    0.1734205279398469, 
    0
   ]
  ]
 }, 
 "vehicle_capacities": [
  15, 
  15, 
  15, 
  30, 
  30, 
  30, 
  30, 
  30, 
  30, 
  30, 
  30, 
  30
 ]
}