{
 "vehicle_cost_per_km": [
  15, 
  5, 
  15, 
  5, 
  5, 
  5, 
  5, 
  5, 
  5, 
  5, 
  5, 
  5
 ], 
 "runs": [
  {
   "avg_task_cost_vs_number_of_task": [
    4300, 
    2400, 
    1600, 
    1200, 
    1240, 
    1100, 
    1000, 
    943.75, 
    938.8888888888889, 
    755, 
    759.0909090909091, 
    804.1666666666666, 
    850, 
    907.1428571428571, 
    780, 
    890.625, 
    702.9411764705883, 
    661.1111111111111, 
    768.421052631579, 
    867.5, 
    830.952380952381, 
    818.1818181818181, 
    836.9565217391304, 
    814.5833333333334, 
    678, 
    725, 
    720.3703703703703, 
    837.5, 
    834.4827586206897, 
    840
   ], 
   "number_of_vehicles": 3
  }
 ], 
 "vehicle_starting_positions": [
  "Lausanne", 
  "Gen\u00c3\u00a8ve", 
  "Sion", 
  "Neuch\u00c3\u00a2tel", 
  "Bern", 
  "Basel", 
  "Fribourg", 
  "Z\u00c3\u00bcrich", 
  "Aarau", 
  "Luzern", 
  "St-Gallen", 
  "Thun"
 ], 
 "task_distribution": {
  "distance_matrix": [
   [
    0, 
    90, 
    150, 
    100, 
    150, 
    290, 
    100, 
    320, 
    260, 
    350, 
    440, 
    190
   ], 
   [
    90, 
    0, 
    240, 
    190, 
    240, 
    380, 
    190, 
    410, 
    350, 
    440, 
    530, 
    280
   ], 
   [
    150, 
    240, 
    0, 
    220, 
    160, 
    300, 
    210, 
    330, 
    270, 
    360, 
    450, 
    120
   ], 
   [
    100, 
    190, 
    220, 
    0, 
    60, 
    200, 
    110, 
    230, 
    170, 
    260, 
    350, 
    100
   ], 
   [
    150, 
    240, 
    160, 
    60, 
    0, 
    140, 
    50, 
    170, 
    110, 
    200, 
    290, 
    40
   ], 
   [
    290, 
    380, 
    300, 
    200, 
    140, 
    0, 
    190, 
    120, 
    180, 
    190, 
    240, 
    180
   ], 
   [
    100, 
    190, 
    210, 
    110, 
    50, 
    190, 
    0, 
    220, 
    160, 
    250, 
    340, 
    90
   ], 
   [
    320, 
    410, 
    330, 
    230, 
    170, 
    120, 
    220, 
    0, 
    60, 
    70, 
    120, 
    210
   ], 
   [
    260, 
    350, 
    270, 
    170, 
    110, 
    180, 
    160, 
    60, 
    0, 
    90, 
    180, 
    150
   ], 
   [
    350, 
    440, 
    360, 
    260, 
    200, 
    190, 
    250, 
    70, 
    90, 
    0, 
    190, 
    240
   ], 
   [
    440, 
    530, 
    450, 
    350, 
    290, 
    240, 
    340, 
    120, 
    180, 
    190, 
    0, 
    330
   ], 
   [
    190, 
    280, 
    120, 
    100, 
    40, 
    180, 
    90, 
    210, 
    150, 
    240, 
    330, 
    0
   ]
  ], 
  "weight_matrix": [
   [
    0, 
    3, 
    3, 
    3, 
    3, 
    3, 
    3, 
    3, 
    3, 
    3, 
    3, 
    3
   ], 
   [
    3, 
    0, 
    3, 
    3, 
    3, 
    3, 
    3, 
    3, 
    3, 
    3, 
    3, 
    3
   ], 
   [
    3, 
    3, 
    0, 
    3, 
    3, 
    3, 
    3, 
    3, 
    3, 
    3, 
    3, 
    3
   ], 
   [
    3, 
    3, 
    3, 
    0, 
    3, 
    3, 
    3, 
    3, 
    3, 
    3, 
    3, 
    3
   ], 
   [
    3, 
    3, 
    3, 
    3, 
    0, 
    3, 
    3, 
    3, 
    3, 
    3, 
    3, 
    3
   ], 
   [
    3, 
    3, 
    3, 
    3, 
    3, 
    0, 
    3, 
    3, 
    3, 
    3, 
    3, 
    3
   ], 
   [
    3, 
    3, 
    3, 
    3, 
    3, 
    3, 
    0, 
    3, 
    3, 
    3, 
    3, 
    3
   ], 
   [
    3, 
    3, 
    3, 
    3, 
    3, 
    3, 
    3, 
    0, 
    3, 
    3, 
    3, 
    3
   ], 
   [
    3, 
    3, 
    3, 
    3, 
    3, 
    3, 
    3, 
    3, 
    0, 
    3, 
    3, 
    3
   ], 
   [
    3, 
    3, 
    3, 
    3, 
    3, 
    3, 
    3, 
    3, 
    3, 
    0, 
    3, 
    3
   ], 
   [
    3, 
    3, 
    3, 
    3, 
    3, 
    3, 
    3, 
    3, 
    3, 
    3, 
    0, 
    3
   ], 
   [
    3, 
    3, 
    3, 
    3, 
    3, 
    3, 
    3, 
    3, 
    3, 
    3, 
    3, 
    0
   ]
  ], 
  "city_names": [
   "Lausanne", 
   "Gen\u00c3\u00a8ve", 
   "Sion", 
   "Neuch\u00c3\u00a2tel", 
   "Bern", 
   "Basel", 
   "Fribourg", 
   "Z\u00c3\u00bcrich", 
   "Aarau", 
   "Luzern", 
   "St-Gallen", 
   "Thun"
  ], 
  "reward_matrix": [
   [
    0, 
    89805, 
    77572, 
    87766, 
    77572, 
    49030, 
    87766, 
    42913, 
    55146, 
    36797, 
    18448, 
    69417
   ], 
   [
    89805, 
    0, 
    59223, 
    69417, 
    59223, 
    30681, 
    69417, 
    24565, 
    36797, 
    18448, 
    100, 
    51068
   ], 
   [
    77572, 
    59223, 
    0, 
    63301, 
    75533, 
    46991, 
    65340, 
    40875, 
    53107, 
    34758, 
    16410, 
    83688
   ], 
   [
    87766, 
    69417, 
    63301, 
    0, 
    95921, 
    67378, 
    85727, 
    61262, 
    73495, 
    55146, 
    36797, 
    87766
   ], 
   [
    77572, 
    59223, 
    75533, 
    95921, 
    0, 
    79611, 
    97960, 
    73495, 
    85727, 
    67378, 
    49030, 
    99999
   ], 
   [
    49030, 
    30681, 
    46991, 
    67378, 
    79611, 
    0, 
    69417, 
    83688, 
    71456, 
    69417, 
    59223, 
    71456
   ], 
   [
    87766, 
    69417, 
    65340, 
    85727, 
    97960, 
    69417, 
    0, 
    63301, 
    75533, 
    57185, 
    38836, 
    89805
   ], 
   [
    42913, 
    24565, 
    40875, 
    61262, 
    73495, 
    83688, 
    63301, 
    0, 
    95921, 
    93882, 
    83688, 
    65340
   ], 
   [
    55146, 
    36797, 
    53107, 
    73495, 
    85727, 
    71456, 
    75533, 
    95921, 
    0, 
    89805, 
    71456, 
    77572
   ], 
   [
    36797, 
    18448, 
    34758, 
    55146, 
    67378, 
    69417, 
    57185, 
    93882, 
    89805, 
    0, 
    69417, 
    59223
   ], 
   [
    18448, 
    100, 
    16410, 
    36797, 
    49030, 
    59223, 
    38836, 
    83688, 
    71456, 
    69417, 
    0, 
    40875
   ], 
   [
    69417, 
    51068, 
    83688, 
    87766, 
    99999, 
    71456, 
    89805, 
    65340, 
    77572, 
    59223, 
    40875, 
    0
   ]
  ], 
  "probability_matrix": [
   [
    0, 
    0.0484031678020777, 
    0.03075754731179276, 
    0.06302969584085946, 
    0.06978181993172189, 
    0.15676801806061094, 
    0.09186585178944254, 
    0.07133779849764317, 
    0.027528126816181588, 
    0.0971501873706767, 
    0.1696904523015938, 
    0.17368733427739944
   ], 
   [
    0.1252062520656227, 
    0, 
    0.13779121849047182, 
    0.023183027127475275, 
    0.0988310934476142, 
    0.05993170729748815, 
    0.1256841875520496, 
    0.11062935833862728, 
    0.013556846784551066, 
    0.11200296801380315, 
    0.16668389791048963, 
    0.026499442971807206
   ], 
   [
    0.17317293875374654, 
    0.06395778739919071, 
    0, 
    0.004715711361727428, 
    0.019863458610188983, 
    0.12037513481201728, 
    0.022944260947907906, 
    0.08721483871532038, 
    0.10217010461049826, 
    0.10655692727291331, 
    0.1523025206408815, 
    0.14672631687560797
   ], 
   [
    0.11648506882210609, 
    0.03472685616834885, 
    0.13450967584008122, 
    0, 
    0.15129954613044033, 
    0.11376872997080129, 
    0.0846022269360274, 
    0.1593117141102146, 
    0.03222805649120535, 
    0.091363877281355, 
    0.01513057602829522, 
    0.06657367222112452
   ], 
   [
    0.1825181041254611, 
    0.021177738597166432, 
    0.06250964272149609, 
    0.10320565874493887, 
    0, 
    0.011560205352922797, 
    0.10352750115882421, 
    0.010183667439236271, 
    0.14046207041546027, 
    0.16472479271428536, 
    0.17763652859941653, 
    0.022494090130792014
   ], 
   [
    0.023965560703577977, 
    0.17336658569514712, 
    0.032372425182430484, 
    0.0939407341035947, 
    0.0658537745723095, 
    0, 
    0.03187647861805814, 
    0.15609371177350162, 
    0.16261185701400638, 
    0.03053386862268876, 
    0.15666865385038986, 
    0.07271634986429565
   ], 
   [
    0.1354395528132824, 
    0.04927906186043342, 
    0.09061182434080983, 
    0.0943354258833283, 
    0.08823879689672556, 
    0.04045206927368277, 
    0, 
    0.14604366673883432, 
    0.10039743872297974, 
    0.0922066166541881, 
    0.07090426897339952, 
    0.0920912778423359
   ], 
   [
    0.007945936876851356, 
    0.13148718734070414, 
    0.15362915724700588, 
    0.07500369561783868, 
    0.10775712928780705, 
    0.05642072644673498, 
    0.04203138600704616, 
    0, 
    0.1360896931358372, 
    0.09990954110932661, 
    0.1301798350670584, 
    0.05954571186378958
   ], 
   [
    0.07242023114359167, 
    0.07220011693586145, 
    0.12383979775748839, 
    0.1545649291778431, 
    0.05163810379896756, 
    0.06326159984959738, 
    0.14780005547217726, 
    0.019604798229705483, 
    0, 
    0.15703108609891592, 
    0.11721151671456471, 
    0.020427764821287216
   ], 
   [
    0.21436593508720955, 
    0.10222373859950266, 
    0.005044524736771388, 
    0.06060609253204032, 
    0.12694429453830028, 
    0.005929624401175544, 
    0.030479381317963485, 
    0.03159719082580268, 
    0.13391966662864638, 
    0, 
    0.07852287272644953, 
    0.21036667860613806
   ], 
   [
    0.03780100766761092, 
    0.05602994831576048, 
    0.148060211253586, 
    0.05487234693569994, 
    0.1435483469821346, 
    0.08480316812994129, 
    0.07713797181895979, 
    0.037768359499712134, 
    0.14603588383623659, 
    0.09808657137572276, 
    0, 
    0.11585618418463554
   ], 
   [
    0.12481975177565263, 
    0.14323607236536623, 
    0.06376678140131095, 
    0.15597919054105513, 
    0.13490110061516797, 
    0.04299791985920749, 
    0.07136213918527962, 
    0.015788980299051084, 
    0.04225401499026226, 
    0.1226475795390506, 
    0.08224646942859623, 
    0
   ]
  ]
 }, 
 "vehicle_capacities": [
  15, 
  15, 
  15, 
  30, 
  30, 
  30, 
  30, 
  30, 
  30, 
  30, 
  30, 
  30
 ]
}