{
 "vehicle_cost_per_km": [
  5, 
  10, 
  5, 
  5, 
  5, 
  5, 
  5, 
  5, 
  5, 
  5, 
  5, 
  5
 ], 
 "runs": [
  {
   "avg_task_cost_vs_number_of_task": [
    1050, 
    1150, 
    766.6666666666666, 
    762.5, 
    860, 
    1125, 
    964.2857142857143, 
    843.75, 
    816.6666666666666, 
    735, 
    668.1818181818181, 
    704.1666666666666, 
    680.7692307692307, 
    632.1428571428571, 
    590, 
    584.375, 
    520.5882352941177, 
    586.1111111111111, 
    507.89473684210526, 
    500, 
    526.1904761904761, 
    511.3636363636364, 
    534.7826086956521, 
    554.1666666666666, 
    596, 
    580.7692307692307, 
    550, 
    580.3571428571429, 
    546.551724137931, 
    585
   ], 
   "number_of_vehicles": 3
  }
 ], 
 "vehicle_starting_positions": [
  "Lausanne", 
  "Gen\u00c3\u00a8ve", 
  "Sion", 
  "Neuch\u00c3\u00a2tel", 
  "Bern", 
  "Basel", 
  "Fribourg", 
  "Z\u00c3\u00bcrich", 
  "Aarau", 
  "Luzern", 
  "St-Gallen", 
  "Thun"
 ], 
 "task_distribution": {
  "distance_matrix": [
   [
    0, 
    90, 
    150, 
    100, 
    150, 
    290, 
    100, 
    320, 
    260, 
    350, 
    440, 
    190
   ], 
   [
    90, 
    0, 
    240, 
    190, 
    240, 
    380, 
    190, 
    410, 
    350, 
    440, 
    530, 
    280
   ], 
   [
    150, 
    240, 
    0, 
    220, 
    160, 
    300, 
    210, 
    330, 
    270, 
    360, 
    450, 
    120
   ], 
   [
    100, 
    190, 
    220, 
    0, 
    60, 
    200, 
    110, 
    230, 
    170, 
    260, 
    350, 
    100
   ], 
   [
    150, 
    240, 
    160, 
    60, 
    0, 
    140, 
    50, 
    170, 
    110, 
    200, 
    290, 
    40
   ], 
   [
    290, 
    380, 
    300, 
    200, 
    140, 
    0, 
    190, 
    120, 
    180, 
    190, 
    240, 
    180
   ], 
   [
    100, 
    190, 
    210, 
    110, 
    50, 
    190, 
    0, 
    220, 
    160, 
    250, 
    340, 
    90
   ], 
   [
    320, 
    410, 
    330, 
    230, 
    170, 
    120, 
    220, 
    0, 
    60, 
    70, 
    120, 
    210
   ], 
   [
    260, 
    350, 
    270, 
    170, 
    110, 
    180, 
    160, 
    60, 
    0, 
    90, 
    180, 
    150
   ], 
   [
    350, 
    440, 
    360, 
    260, 
    200, 
    190, 
    250, 
    70, 
    90, 
    0, 
    190, 
    240
   ], 
   [
    440, 
    530, 
    450, 
    350, 
    290, 
    240, 
    340, 
    120, 
    180, 
    190, 
    0, 
    330
   ], 
   [
    190, 
    280, 
    120, 
    100, 
    40, 
    180, 
    90, 
    210, 
    150, 
    240, 
    330, 
    0
   ]
  ], 
  "weight_matrix": [
   [
    0, 
    3, 
    3, 
    3, 
    3, 
    3, 
    3, 
    3, 
    3, 
    3, 
    3, 
    3
   ], 
   [
    3, 
    0, 
    3, 
    3, 
    3, 
    3, 
    3, 
    3, 
    3, 
    3, 
    3, 
    3
   ], 
   [
    3, 
    3, 
    0, 
    3, 
    3, 
    3, 
    3, 
    3, 
    3, 
    3, 
    3, 
    3
   ], 
   [
    3, 
    3, 
    3, 
    0, 
    3, 
    3, 
    3, 
    3, 
    3, 
    3, 
    3, 
    3
   ], 
   [
    3, 
    3, 
    3, 
    3, 
    0, 
    3, 
    3, 
    3, 
    3, 
    3, 
    3, 
    3
   ], 
   [
    3, 
    3, 
    3, 
    3, 
    3, 
    0, 
    3, 
    3, 
    3, 
    3, 
    3, 
    3
   ], 
   [
    3, 
    3, 
    3, 
    3, 
    3, 
    3, 
    0, 
    3, 
    3, 
    3, 
    3, 
    3
   ], 
   [
    3, 
    3, 
    3, 
    3, 
    3, 
    3, 
    3, 
    0, 
    3, 
    3, 
    3, 
    3
   ], 
   [
    3, 
    3, 
    3, 
    3, 
    3, 
    3, 
    3, 
    3, 
    0, 
    3, 
    3, 
    3
   ], 
   [
    3, 
    3, 
    3, 
    3, 
    3, 
    3, 
    3, 
    3, 
    3, 
    0, 
    3, 
    3
   ], 
   [
    3, 
    3, 
    3, 
    3, 
    3, 
    3, 
    3, 
    3, 
    3, 
    3, 
    0, 
    3
   ], 
   [
    3, 
    3, 
    3, 
    3, 
    3, 
    3, 
    3, 
    3, 
    3, 
    3, 
    3, 
    0
   ]
  ], 
  "city_names": [
   "Lausanne", 
   "Gen\u00c3\u00a8ve", 
   "Sion", 
   "Neuch\u00c3\u00a2tel", 
   "Bern", 
   "Basel", 
   "Fribourg", 
   "Z\u00c3\u00bcrich", 
   "Aarau", 
   "Luzern", 
   "St-Gallen", 
   "Thun"
  ], 
  "reward_matrix": [
   [
    0, 
    89805, 
    77572, 
    87766, 
    77572, 
    49030, 
    87766, 
    42913, 
    55146, 
    36797, 
    18448, 
    69417
   ], 
   [
    89805, 
    0, 
    59223, 
    69417, 
    59223, 
    30681, 
    69417, 
    24565, 
    36797, 
    18448, 
    100, 
    51068
   ], 
   [
    77572, 
    59223, 
    0, 
    63301, 
    75533, 
    46991, 
    65340, 
    40875, 
    53107, 
    34758, 
    16410, 
    83688
   ], 
   [
    87766, 
    69417, 
    63301, 
    0, 
    95921, 
    67378, 
    85727, 
    61262, 
    73495, 
    55146, 
    36797, 
    87766
   ], 
   [
    77572, 
    59223, 
    75533, 
    95921, 
    0, 
    79611, 
    97960, 
    73495, 
    85727, 
    67378, 
    49030, 
    99999
   ], 
   [
    49030, 
    30681, 
    46991, 
    67378, 
    79611, 
    0, 
    69417, 
    83688, 
    71456, 
    69417, 
    59223, 
    71456
   ], 
   [
    87766, 
    69417, 
    65340, 
    85727, 
    97960, 
    69417, 
    0, 
    63301, 
    75533, 
    57185, 
    38836, 
    89805
   ], 
   [
    42913, 
    24565, 
    40875, 
    61262, 
    73495, 
    83688, 
    63301, 
    0, 
    95921, 
    93882, 
    83688, 
    65340
   ], 
   [
    55146, 
    36797, 
    53107, 
    73495, 
    85727, 
    71456, 
    75533, 
    95921, 
    0, 
    89805, 
    71456, 
    77572
   ], 
   [
    36797, 
    18448, 
    34758, 
    55146, 
    67378, 
    69417, 
    57185, 
    93882, 
    89805, 
    0, 
    69417, 
    59223
   ], 
   [
    18448, 
    100, 
    16410, 
    36797, 
    49030, 
    59223, 
    38836, 
    83688, 
    71456, 
    69417, 
    0, 
    40875
   ], 
   [
    69417, 
    51068, 
    83688, 
    87766, 
    99999, 
    71456, 
    89805, 
    65340, 
    77572, 
    59223, 
    40875, 
    0
   ]
  ], 
  "probability_matrix": [
   [
    0, 
    0.11638040156842458, 
    0.10268720643696781, 
    0.16389909948073145, 
    0.06664197060213971, 
    0.0391715310904936, 
    0.06822690640074554, 
    0.01265979432319869, 
    0.08000177710930742, 
    0.10206891271916478, 
    0.1199082743854514, 
    0.1283541258833751
   ], 
   [
    0.030169266873128698, 
    0, 
    0.14857213799471555, 
    0.09182447732346233, 
    0.019496324026919316, 
    0.07237583163516535, 
    0.10246468956306723, 
    0.1655030965857545, 
    0.06829060449364843, 
    0.036655538991481794, 
    0.11868171741266123, 
    0.14596631509999566
   ], 
   [
    0.06641322720891461, 
    0.13010941727161493, 
    0, 
    0.16477402329026664, 
    0.12638853424631863, 
    0.022101240221483628, 
    0.153104768673762, 
    0.13373098069731312, 
    0.06661868913746495, 
    0.10288766529249825, 
    0.0306819635218705, 
    0.0031894904384926694
   ], 
   [
    0.11713588295058425, 
    0.020535309386405062, 
    0.12040450038339906, 
    0, 
    0.12738911208176049, 
    0.08645398748494415, 
    0.12221738556679565, 
    0.14202832656964268, 
    0.12717087886906164, 
    0.08041802290088668, 
    0.014931919296948435, 
    0.04131467450957198
   ], 
   [
    0.0011268599062831835, 
    0.12254705164948503, 
    0.18040854573879028, 
    0.013510423222876764, 
    0, 
    0.07432861299104054, 
    0.07775292296748242, 
    0.051922563337189795, 
    0.17422538813351393, 
    0.15750454563229166, 
    0.13023998009082774, 
    0.016433106330218758
   ], 
   [
    0.056891729424425254, 
    0.03534827344617871, 
    0.12512961393308009, 
    0.08075294452017785, 
    0.10497425638477269, 
    0, 
    0.0013447006014940183, 
    0.13903401047812627, 
    0.17629791899290703, 
    0.11003493170108636, 
    0.03522020607969642, 
    0.1349714144380553
   ], 
   [
    0.013566400739580351, 
    0.20429584770567724, 
    0.013982708685047397, 
    0.0331945617860982, 
    0.238928363297101, 
    0.00851309195581368, 
    0, 
    0.043755916574109203, 
    0.09955078622402158, 
    0.14041014539948668, 
    0.018887906080966965, 
    0.1849142715520976
   ], 
   [
    0.05059814071757824, 
    0.14180293601022345, 
    0.017811747083659693, 
    0.1397356476831603, 
    0.14016956083765034, 
    0.03298269955229938, 
    0.0755227215681737, 
    0, 
    0.08341747261577373, 
    0.11910665555233303, 
    0.07130314113341141, 
    0.12754927724573684
   ], 
   [
    0.10829978684929663, 
    0.01635923772603616, 
    0.08387559511198128, 
    0.11741146441886147, 
    0.17095185993200246, 
    0.08560912197519785, 
    0.14385910807594054, 
    0.004047171643083607, 
    0, 
    0.13542798798590683, 
    0.09404391292742037, 
    0.040114753354272954
   ], 
   [
    0.0730751328741598, 
    0.0983549092573252, 
    0.06655421030157195, 
    0.060944231874499634, 
    0.23763300770994772, 
    0.016423766218060923, 
    0.03132235062546664, 
    0.19227554397075872, 
    0.031726808608102536, 
    0, 
    0.06978443259884969, 
    0.12190560596125712
   ], 
   [
    0.041421334436210364, 
    0.052992062532882876, 
    0.14249770714922083, 
    0.08910255135623676, 
    0.10622806702099448, 
    0.01839508440377624, 
    0.12847812131521927, 
    0.13414628058791245, 
    0.149058146788564, 
    0.056066525999668174, 
    0, 
    0.08161411840931453
   ], 
   [
    0.06639725331994736, 
    0.0663379548556177, 
    0.12169817331919505, 
    0.0012686900533204607, 
    0.10994493894015403, 
    0.14544908730225184, 
    0.11680749634384656, 
    0.11971949396228514, 
    0.010623138744105382, 
    0.0886181892256545, 
    0.15313558393362195, 
    0
   ]
  ]
 }, 
 "vehicle_capacities": [
  15, 
  15, 
  15, 
  30, 
  30, 
  30, 
  30, 
  30, 
  30, 
  30, 
  30, 
  30
 ]
}