{
 "vehicle_cost_per_km": [
  5, 
  5, 
  5, 
  5, 
  5
 ], 
 "runs": [
  {
   "avg_task_cost_vs_number_of_task": [
    2050, 
    2650, 
    2083.3333333333335, 
    1562.5, 
    1260, 
    1083.3333333333333, 
    985.7142857142857, 
    912.5, 
    988.8888888888889, 
    885, 
    804.5454545454545, 
    737.5, 
    750, 
    717.8571428571429, 
    696.6666666666666, 
    653.125, 
    635.2941176470588, 
    652.7777777777778, 
    613.1578947368421, 
    635, 
    621.4285714285714, 
    602.2727272727273, 
    654.3478260869565, 
    650, 
    620, 
    575, 
    557.4074074074074, 
    585.7142857142857, 
    582.7586206896551, 
    585
   ], 
   "number_of_vehicles": 3
  }
 ], 
 "vehicle_starting_positions": [
  "Lausanne", 
  "Gen\u00e8ve", 
  "Sion", 
  "Neuch\u00e2tel", 
  "Bern", 
  "Basel", 
  "Fribourg", 
  "Z\u00fcrich", 
  "Aarau", 
  "Luzern", 
  "St-Gallen", 
  "Thun"
 ], 
 "task_distribution": {
  "distance_matrix": [
   [
    0, 
    90, 
    150, 
    100, 
    150, 
    290, 
    100, 
    320, 
    260, 
    350, 
    440, 
    190
   ], 
   [
    90, 
    0, 
    240, 
    190, 
    240, 
    380, 
    190, 
    410, 
    350, 
    440, 
    530, 
    280
   ], 
   [
    150, 
    240, 
    0, 
    220, 
    160, 
    300, 
    210, 
    330, 
    270, 
    360, 
    450, 
    120
   ], 
   [
    100, 
    190, 
    220, 
    0, 
    60, 
    200, 
    110, 
    230, 
    170, 
    260, 
    350, 
    100
   ], 
   [
    150, 
    240, 
    160, 
    60, 
    0, 
    140, 
    50, 
    170, 
    110, 
    200, 
    290, 
    40
   ], 
   [
    290, 
    380, 
    300, 
    200, 
    140, 
    0, 
    190, 
    120, 
    180, 
    190, 
    240, 
    180
   ], 
   [
    100, 
    190, 
    210, 
    110, 
    50, 
    190, 
    0, 
    220, 
    160, 
    250, 
    340, 
    90
   ], 
   [
    320, 
    410, 
    330, 
    230, 
    170, 
    120, 
    220, 
    0, 
    60, 
    70, 
    120, 
    210
   ], 
   [
    260, 
    350, 
    270, 
    170, 
    110, 
    180, 
    160, 
    60, 
    0, 
    90, 
    180, 
    150
   ], 
   [
    350, 
    440, 
    360, 
    260, 
    200, 
    190, 
    250, 
    70, 
    90, 
    0, 
    190, 
    240
   ], 
   [
    440, 
    530, 
    450, 
    350, 
    290, 
    240, 
    340, 
    120, 
    180, 
    190, 
    0, 
    330
   ], 
   [
    190, 
    280, 
    120, 
    100, 
    40, 
    180, 
    90, 
    210, 
    150, 
    240, 
    330, 
    0
   ]
  ], 
  "weight_matrix": [
   [
    0, 
    3, 
    3, 
    3, 
    3, 
    3, 
    3, 
    3, 
    3, 
    3, 
    3, 
    3
   ], 
   [
    3, 
    0, 
    3, 
    3, 
    3, 
    3, 
    3, 
    3, 
    3, 
    3, 
    3, 
    3
   ], 
   [
    3, 
    3, 
    0, 
    3, 
    3, 
    3, 
    3, 
    3, 
    3, 
    3, 
    3, 
    3
   ], 
   [
    3, 
    3, 
    3, 
    0, 
    3, 
    3, 
    3, 
    3, 
    3, 
    3, 
    3, 
    3
   ], 
   [
    3, 
    3, 
    3, 
    3, 
    0, 
    3, 
    3, 
    3, 
    3, 
    3, 
    3, 
    3
   ], 
   [
    3, 
    3, 
    3, 
    3, 
    3, 
    0, 
    3, 
    3, 
    3, 
    3, 
    3, 
    3
   ], 
   [
    3, 
    3, 
    3, 
    3, 
    3, 
    3, 
    0, 
    3, 
    3, 
    3, 
    3, 
    3
   ], 
   [
    3, 
    3, 
    3, 
    3, 
    3, 
    3, 
    3, 
    0, 
    3, 
    3, 
    3, 
    3
   ], 
   [
    3, 
    3, 
    3, 
    3, 
    3, 
    3, 
    3, 
    3, 
    0, 
    3, 
    3, 
    3
   ], 
   [
    3, 
    3, 
    3, 
    3, 
    3, 
    3, 
    3, 
    3, 
    3, 
    0, 
    3, 
    3
   ], 
   [
    3, 
    3, 
    3, 
    3, 
    3, 
    3, 
    3, 
    3, 
    3, 
    3, 
    0, 
    3
   ], 
   [
    3, 
    3, 
    3, 
    3, 
    3, 
    3, 
    3, 
    3, 
    3, 
    3, 
    3, 
    0
   ]
  ], 
  "city_names": [
   "Lausanne", 
   "Gen\u00e8ve", 
   "Sion", 
   "Neuch\u00e2tel", 
   "Bern", 
   "Basel", 
   "Fribourg", 
   "Z\u00fcrich", 
   "Aarau", 
   "Luzern", 
   "St-Gallen", 
   "Thun"
  ], 
  "reward_matrix": [
   [
    0, 
    89805, 
    77572, 
    87766, 
    77572, 
    49030, 
    87766, 
    42913, 
    55146, 
    36797, 
    18448, 
    69417
   ], 
   [
    89805, 
    0, 
    59223, 
    69417, 
    59223, 
    30681, 
    69417, 
    24565, 
    36797, 
    18448, 
    100, 
    51068
   ], 
   [
    77572, 
    59223, 
    0, 
    63301, 
    75533, 
    46991, 
    65340, 
    40875, 
    53107, 
    34758, 
    16410, 
    83688
   ], 
   [
    87766, 
    69417, 
    63301, 
    0, 
    95921, 
    67378, 
    85727, 
    61262, 
    73495, 
    55146, 
    36797, 
    87766
   ], 
   [
    77572, 
    59223, 
    75533, 
    95921, 
    0, 
    79611, 
    97960, 
    73495, 
    85727, 
    67378, 
    49030, 
    99999
   ], 
   [
    49030, 
    30681, 
    46991, 
    67378, 
    79611, 
    0, 
    69417, 
    83688, 
    71456, 
    69417, 
    59223, 
    71456
   ], 
   [
    87766, 
    69417, 
    65340, 
    85727, 
    97960, 
    69417, 
    0, 
    63301, 
    75533, 
    57185, 
    38836, 
    89805
   ], 
   [
    42913, 
    24565, 
    40875, 
    61262, 
    73495, 
    83688, 
    63301, 
    0, 
    95921, 
    93882, 
    83688, 
    65340
   ], 
   [
    55146, 
    36797, 
    53107, 
    73495, 
    85727, 
    71456, 
    75533, 
    95921, 
    0, 
    89805, 
    71456, 
    77572
   ], 
   [
    36797, 
    18448, 
    34758, 
    55146, 
    67378, 
    69417, 
    57185, 
    93882, 
    89805, 
    0, 
    69417, 
    59223
   ], 
   [
    18448, 
    100, 
    16410, 
    36797, 
    49030, 
    59223, 
    38836, 
    83688, 
    71456, 
    69417, 
    0, 
    40875
   ], 
   [
    69417, 
    51068, 
    83688, 
    87766, 
    99999, 
    71456, 
    89805, 
    65340, 
    77572, 
    59223, 
    40875, 
    0
   ]
  ], 
  "probability_matrix": [
   [
    0, 
    0.12166009157424332, 
    0.10372135096142186, 
    0.021617967541662925, 
    0.13455281792126747, 
    0.02930625998623172, 
    0.03716440653691958, 
    0.1461316390709551, 
    0.03132276210449434, 
    0.13416910297351653, 
    0.11337929940177606, 
    0.12697430192751108
   ], 
   [
    0.12200584724662786, 
    0, 
    0.1082755541740778, 
    0.17130501108363616, 
    0.1633709954012843, 
    0.0363476794624033, 
    0.015283039403588813, 
    0.19342387307805367, 
    0.01513024629492488, 
    0.13934782900982243, 
    0.007155109894642861, 
    0.028354814950937925
   ], 
   [
    0.02176927784794445, 
    0.18164209202721038, 
    0, 
    0.16645721119983523, 
    0.012573516919659898, 
    0.11700370707601598, 
    0.08051709132350174, 
    0.11214453535431904, 
    0.07244446145885622, 
    0.1164830880639361, 
    0.0858949047033046, 
    0.03307011402541638
   ], 
   [
    0.0033698221705659847, 
    0.10251825923137088, 
    0.07006205424657294, 
    0, 
    0.19405481227809074, 
    0.15559620464668747, 
    0.1530061734902356, 
    0.01058045126163049, 
    0.044390237413542394, 
    0.04630090700313174, 
    0.18363746757545638, 
    0.036483610682715426
   ], 
   [
    0.17325533185033945, 
    0.14064096396355646, 
    0.07167138090472208, 
    0.0581148585665172, 
    0, 
    0.01859156638605754, 
    0.0325818113411321, 
    0.14774837002023106, 
    0.061134804558798585, 
    0.05698369464441953, 
    0.0574539592079292, 
    0.18182325855629664
   ], 
   [
    0.02105023417045167, 
    0.14442693727359035, 
    0.14085089587235006, 
    0.09513127110004466, 
    0.11956932585475662, 
    0, 
    0.06748265275892194, 
    0.11819356344786236, 
    0.04496013596319622, 
    0.15188478589778961, 
    0.054233988837663824, 
    0.04221620882337271
   ], 
   [
    0.018383408301977634, 
    0.08227603283238427, 
    0.11608890074496934, 
    0.03715710552781327, 
    0.15029802308253828, 
    0.09935946420856076, 
    0, 
    0.10268951854313732, 
    0.12779921520301674, 
    0.12367398861671118, 
    0.09573184007801813, 
    0.04654250286087292
   ], 
   [
    0.12282589751196003, 
    0.01244925935681287, 
    0.08795429172917467, 
    0.1533240714251743, 
    0.0295413496899757, 
    0.02753720116905405, 
    0.1404632650540622, 
    0, 
    0.09473354790109002, 
    0.11757884792867294, 
    0.14354983648058228, 
    0.07004243175344098
   ], 
   [
    0.11492258818795206, 
    0.11622970259832913, 
    0.07271366074985373, 
    0.13083111627015262, 
    0.13515175717528427, 
    0.0013013744626119736, 
    0.06407050968351354, 
    0.1289409126342937, 
    0, 
    0.1205989763850757, 
    0.07053792986358186, 
    0.044701471989351496
   ], 
   [
    0.18221642845472086, 
    0.09862543200556508, 
    0.07348586500660388, 
    0.09631438728543926, 
    0.07163201640088883, 
    0.0578029007005375, 
    0.1797732549337981, 
    0.005688774673960184, 
    0.03310773339079892, 
    0, 
    0.13019880444453488, 
    0.07115440270315253
   ], 
   [
    0.034722247748595815, 
    0.052765715267428834, 
    0.09696377110627771, 
    0.14363755440169199, 
    0.14263469589417874, 
    0.038686974155930774, 
    0.11829874208418667, 
    0.08522672919387121, 
    0.12932189755581008, 
    0.14603788163664536, 
    0, 
    0.011703790955383146
   ], 
   [
    0.10235531951080815, 
    0.0166783465221808, 
    0.20541231159104714, 
    0.02880020889920055, 
    0.12397459946086818, 
    0.005356566164852743, 
    0.11587715191399987, 
    0.19524798504198482, 
    0.018802595806983412, 
    0.1429168553824308, 
    0.04457805970564356, 
    0
   ]
  ]
 }, 
 "vehicle_capacities": [
  15, 
  15, 
  15, 
  30, 
  30, 
  30, 
  30, 
  30, 
  30, 
  30, 
  30, 
  30
 ]
}