{
 "vehicle_cost_per_km": [
  5, 
  5, 
  5, 
  5, 
  5
 ], 
 "runs": [
  {
   "avg_task_cost_vs_number_of_task": [
    2050, 
    1325, 
    883.3333333333334, 
    950, 
    860, 
    916.6666666666666, 
    842.8571428571429, 
    737.5, 
    655.5555555555555, 
    590, 
    536.3636363636364, 
    533.3333333333334, 
    492.3076923076923, 
    496.42857142857144, 
    563.3333333333334, 
    515.625, 
    500, 
    500, 
    497.36842105263156, 
    470, 
    511.9047619047619, 
    450, 
    432.60869565217394, 
    395.8333333333333, 
    424, 
    444.2307692307692, 
    494.44444444444446, 
    412.5, 
    496.55172413793105, 
    433.3333333333333
   ], 
   "number_of_vehicles": 3
  }
 ], 
 "vehicle_starting_positions": [
  "Lausanne", 
  "Gen\u00e8ve", 
  "Sion", 
  "Neuch\u00e2tel", 
  "Bern", 
  "Basel", 
  "Fribourg", 
  "Z\u00fcrich", 
  "Aarau", 
  "Luzern", 
  "St-Gallen", 
  "Thun"
 ], 
 "task_distribution": {
  "distance_matrix": [
   [
    0, 
    90, 
    150, 
    100, 
    150, 
    290, 
    100, 
    320, 
    260, 
    350, 
    440, 
    190
   ], 
   [
    90, 
    0, 
    240, 
    190, 
    240, 
    380, 
    190, 
    410, 
    350, 
    440, 
    530, 
    280
   ], 
   [
    150, 
    240, 
    0, 
    220, 
    160, 
    300, 
    210, 
    330, 
    270, 
    360, 
    450, 
    120
   ], 
   [
    100, 
    190, 
    220, 
    0, 
    60, 
    200, 
    110, 
    230, 
    170, 
    260, 
    350, 
    100
   ], 
   [
    150, 
    240, 
    160, 
    60, 
    0, 
    140, 
    50, 
    170, 
    110, 
    200, 
    290, 
    40
   ], 
   [
    290, 
    380, 
    300, 
    200, 
    140, 
    0, 
    190, 
    120, 
    180, 
    190, 
    240, 
    180
   ], 
   [
    100, 
    190, 
    210, 
    110, 
    50, 
    190, 
    0, 
    220, 
    160, 
    250, 
    340, 
    90
   ], 
   [
    320, 
    410, 
    330, 
    230, 
    170, 
    120, 
    220, 
    0, 
    60, 
    70, 
    120, 
    210
   ], 
   [
    260, 
    350, 
    270, 
    170, 
    110, 
    180, 
    160, 
    60, 
    0, 
    90, 
    180, 
    150
   ], 
   [
    350, 
    440, 
    360, 
    260, 
    200, 
    190, 
    250, 
    70, 
    90, 
    0, 
    190, 
    240
   ], 
   [
    440, 
    530, 
    450, 
    350, 
    290, 
    240, 
    340, 
    120, 
    180, 
    190, 
    0, 
    330
   ], 
   [
    190, 
    280, 
    120, 
    100, 
    40, 
    180, 
    90, 
    210, 
    150, 
    240, 
    330, 
    0
   ]
  ], 
  "weight_matrix": [
   [
    0, 
    3, 
    3, 
    3, 
    3, 
    3, 
    3, 
    3, 
    3, 
    3, 
    3, 
    3
   ], 
   [
    3, 
    0, 
    3, 
    3, 
    3, 
    3, 
    3, 
    3, 
    3, 
    3, 
    3, 
    3
   ], 
   [
    3, 
    3, 
    0, 
    3, 
    3, 
    3, 
    3, 
    3, 
    3, 
    3, 
    3, 
    3
   ], 
   [
    3, 
    3, 
    3, 
    0, 
    3, 
    3, 
    3, 
    3, 
    3, 
    3, 
    3, 
    3
   ], 
   [
    3, 
    3, 
    3, 
    3, 
    0, 
    3, 
    3, 
    3, 
    3, 
    3, 
    3, 
    3
   ], 
   [
    3, 
    3, 
    3, 
    3, 
    3, 
    0, 
    3, 
    3, 
    3, 
    3, 
    3, 
    3
   ], 
   [
    3, 
    3, 
    3, 
    3, 
    3, 
    3, 
    0, 
    3, 
    3, 
    3, 
    3, 
    3
   ], 
   [
    3, 
    3, 
    3, 
    3, 
    3, 
    3, 
    3, 
    0, 
    3, 
    3, 
    3, 
    3
   ], 
   [
    3, 
    3, 
    3, 
    3, 
    3, 
    3, 
    3, 
    3, 
    0, 
    3, 
    3, 
    3
   ], 
   [
    3, 
    3, 
    3, 
    3, 
    3, 
    3, 
    3, 
    3, 
    3, 
    0, 
    3, 
    3
   ], 
   [
    3, 
    3, 
    3, 
    3, 
    3, 
    3, 
    3, 
    3, 
    3, 
    3, 
    0, 
    3
   ], 
   [
    3, 
    3, 
    3, 
    3, 
    3, 
    3, 
    3, 
    3, 
    3, 
    3, 
    3, 
    0
   ]
  ], 
  "city_names": [
   "Lausanne", 
   "Gen\u00e8ve", 
   "Sion", 
   "Neuch\u00e2tel", 
   "Bern", 
   "Basel", 
   "Fribourg", 
   "Z\u00fcrich", 
   "Aarau", 
   "Luzern", 
   "St-Gallen", 
   "Thun"
  ], 
  "reward_matrix": [
   [
    0, 
    89805, 
    77572, 
    87766, 
    77572, 
    49030, 
    87766, 
    42913, 
    55146, 
    36797, 
    18448, 
    69417
   ], 
   [
    89805, 
    0, 
    59223, 
    69417, 
    59223, 
    30681, 
    69417, 
    24565, 
    36797, 
    18448, 
    100, 
    51068
   ], 
   [
    77572, 
    59223, 
    0, 
    63301, 
    75533, 
    46991, 
    65340, 
    40875, 
    53107, 
    34758, 
    16410, 
    83688
   ], 
   [
    87766, 
    69417, 
    63301, 
    0, 
    95921, 
    67378, 
    85727, 
    61262, 
    73495, 
    55146, 
    36797, 
    87766
   ], 
   [
    77572, 
    59223, 
    75533, 
    95921, 
    0, 
    79611, 
    97960, 
    73495, 
    85727, 
    67378, 
    49030, 
    99999
   ], 
   [
    49030, 
    30681, 
    46991, 
    67378, 
    79611, 
    0, 
    69417, 
    83688, 
    71456, 
    69417, 
    59223, 
    71456
   ], 
   [
    87766, 
    69417, 
    65340, 
    85727, 
    97960, 
    69417, 
    0, 
    63301, 
    75533, 
    57185, 
    38836, 
    89805
   ], 
   [
    42913, 
    24565, 
    40875, 
    61262, 
    73495, 
    83688, 
    63301, 
    0, 
    95921, 
    93882, 
    83688, 
    65340
   ], 
   [
    55146, 
    36797, 
    53107, 
    73495, 
    85727, 
    71456, 
    75533, 
    95921, 
    0, 
    89805, 
    71456, 
    77572
   ], 
   [
    36797, 
    18448, 
    34758, 
    55146, 
    67378, 
    69417, 
    57185, 
    93882, 
    89805, 
    0, 
    69417, 
    59223
   ], 
   [
    18448, 
    100, 
    16410, 
    36797, 
    49030, 
    59223, 
    38836, 
    83688, 
    71456, 
    69417, 
    0, 
    40875
   ], 
   [
    69417, 
    51068, 
    83688, 
    87766, 
    99999, 
    71456, 
    89805, 
    65340, 
    77572, 
    59223, 
    40875, 
    0
   ]
  ], 
  "probability_matrix": [
   [
    0, 
    0.14563998289014513, 
    0.012942286225936956, 
    0.047127149454909825, 
    0.13698434047603766, 
    0.001558526112858628, 
    0.11111592750738025, 
    0.06383012058315658, 
    0.08529219226281123, 
    0.14483503157714026, 
    0.11573671592011428, 
    0.13493772698950904
   ], 
   [
    0.03580704744503047, 
    0, 
    0.18317122254336982, 
    0.02396189844229229, 
    0.13165222506290505, 
    0.17960070331437802, 
    0.013856708343786427, 
    0.08091857258038747, 
    0.14807482969463104, 
    0.11331091714284264, 
    0.04116932855868372, 
    0.048476546871693074
   ], 
   [
    0.03038173274401513, 
    0.07478817632648806, 
    0, 
    0.10113412013411165, 
    0.10347423937379875, 
    0.051011566110861016, 
    0.14085216927787997, 
    0.10344085339796971, 
    0.035660155860341824, 
    0.13052446393036848, 
    0.11375539648628803, 
    0.11497712635787737
   ], 
   [
    0.030142577137365786, 
    0.10886748444720805, 
    0.15116150772288023, 
    0, 
    0.03286857024649931, 
    0.12755030852269902, 
    0.15714812250744575, 
    0.053397506880005684, 
    0.10859717210181669, 
    0.05230565455287664, 
    0.02800825487921458, 
    0.1499528410019883
   ], 
   [
    0.11258772119084409, 
    0.14856337544170242, 
    0.10143832080334478, 
    0.09213164778408685, 
    0, 
    0.10813981460938946, 
    0.12934176251692986, 
    0.0832641968116766, 
    0.00506696072539031, 
    0.0582462053693642, 
    0.09607949099682081, 
    0.06514050375045051
   ], 
   [
    0.09247161715067331, 
    0.012081953164197317, 
    0.11385206804706492, 
    0.06580352011236906, 
    0.1307409133798347, 
    0, 
    0.1254665856734312, 
    0.08819190337963055, 
    0.04729177897610911, 
    0.11381291574570558, 
    0.08076458631035752, 
    0.1295221580606266
   ], 
   [
    0.10707881593120784, 
    0.16743680510799852, 
    0.1636743809474221, 
    0.06550085705937067, 
    0.041946271833173635, 
    0.08479376703078706, 
    0, 
    0.016191956691589644, 
    0.0985293575489685, 
    0.014938212457957735, 
    0.1480690574557265, 
    0.09184051793579777
   ], 
   [
    0.17895515179898913, 
    0.10013975821233163, 
    0.07663754190097682, 
    0.09592207381330829, 
    0.13764045721382084, 
    0.04643837070547338, 
    0.011317795998914724, 
    0, 
    0.13976774679759263, 
    0.09870831819745617, 
    0.07429181351487446, 
    0.040180971846261765
   ], 
   [
    0.15001445107036923, 
    0.03944130916272397, 
    0.10332981964269705, 
    0.09991624675064226, 
    0.1415099553294466, 
    0.00023595964714952434, 
    0.1274487452831253, 
    0.15714914196268565, 
    0, 
    0.11199776058722336, 
    0.041358903527541055, 
    0.027597707036395944
   ], 
   [
    0.12435955424794418, 
    0.10825552386679828, 
    0.12028063283695477, 
    0.023009348454193317, 
    0.10747273941067582, 
    0.12472165920175679, 
    0.15732268487677656, 
    0.04461612431146267, 
    0.1396994914880781, 
    0, 
    0.03939958605396807, 
    0.010862655251391528
   ], 
   [
    0.12486376552872527, 
    0.06191869862890311, 
    0.08692420137735128, 
    0.03959208128601682, 
    0.08297561207018361, 
    0.02623849378233822, 
    0.08195778066204204, 
    0.08635219512647982, 
    0.09915282140321606, 
    0.1561259096029534, 
    0, 
    0.1538984405317904
   ], 
   [
    0.05800488102871905, 
    0.07199803156488668, 
    0.14323338721515877, 
    0.06381824428574852, 
    0.1273231627930678, 
    0.1435481767395213, 
    0.038338095931206545, 
    0.08771434799897877, 
    0.0965319791487983, 
    0.09488085918123622, 
    0.07460883411267805, 
    0
   ]
  ]
 }, 
 "vehicle_capacities": [
  15, 
  15, 
  15, 
  30, 
  30, 
  30, 
  30, 
  30, 
  30, 
  30, 
  30, 
  30
 ]
}