{
 "vehicle_cost_per_km": [
  5, 
  5, 
  5, 
  5, 
  5
 ], 
 "runs": [
  {
   "avg_task_cost_vs_number_of_task": [
    1000, 
    750, 
    800, 
    612.5, 
    730, 
    708.3333333333334, 
    871.4285714285714, 
    781.25, 
    727.7777777777778, 
    730, 
    740.9090909090909, 
    741.6666666666666, 
    776.9230769230769, 
    775, 
    726.6666666666666, 
    721.875, 
    702.9411764705883, 
    702.7777777777778, 
    731.578947368421, 
    680, 
    685.7142857142857, 
    647.7272727272727, 
    713.0434782608696, 
    739.5833333333334, 
    722, 
    701.9230769230769, 
    727.7777777777778, 
    658.9285714285714, 
    629.3103448275862, 
    675
   ], 
   "number_of_vehicles": 3
  }
 ], 
 "vehicle_starting_positions": [
  "Lausanne", 
  "Gen\u00e8ve", 
  "Sion", 
  "Neuch\u00e2tel", 
  "Bern", 
  "Basel", 
  "Fribourg", 
  "Z\u00fcrich", 
  "Aarau", 
  "Luzern", 
  "St-Gallen", 
  "Thun"
 ], 
 "task_distribution": {
  "distance_matrix": [
   [
    0, 
    90, 
    150, 
    100, 
    150, 
    290, 
    100, 
    320, 
    260, 
    350, 
    440, 
    190
   ], 
   [
    90, 
    0, 
    240, 
    190, 
    240, 
    380, 
    190, 
    410, 
    350, 
    440, 
    530, 
    280
   ], 
   [
    150, 
    240, 
    0, 
    220, 
    160, 
    300, 
    210, 
    330, 
    270, 
    360, 
    450, 
    120
   ], 
   [
    100, 
    190, 
    220, 
    0, 
    60, 
    200, 
    110, 
    230, 
    170, 
    260, 
    350, 
    100
   ], 
   [
    150, 
    240, 
    160, 
    60, 
    0, 
    140, 
    50, 
    170, 
    110, 
    200, 
    290, 
    40
   ], 
   [
    290, 
    380, 
    300, 
    200, 
    140, 
    0, 
    190, 
    120, 
    180, 
    190, 
    240, 
    180
   ], 
   [
    100, 
    190, 
    210, 
    110, 
    50, 
    190, 
    0, 
    220, 
    160, 
    250, 
    340, 
    90
   ], 
   [
    320, 
    410, 
    330, 
    230, 
    170, 
    120, 
    220, 
    0, 
    60, 
    70, 
    120, 
    210
   ], 
   [
    260, 
    350, 
    270, 
    170, 
    110, 
    180, 
    160, 
    60, 
    0, 
    90, 
    180, 
    150
   ], 
   [
    350, 
    440, 
    360, 
    260, 
    200, 
    190, 
    250, 
    70, 
    90, 
    0, 
    190, 
    240
   ], 
   [
    440, 
    530, 
    450, 
    350, 
    290, 
    240, 
    340, 
    120, 
    180, 
    190, 
    0, 
    330
   ], 
   [
    190, 
    280, 
    120, 
    100, 
    40, 
    180, 
    90, 
    210, 
    150, 
    240, 
    330, 
    0
   ]
  ], 
  "weight_matrix": [
   [
    0, 
    3, 
    3, 
    3, 
    3, 
    3, 
    3, 
    3, 
    3, 
    3, 
    3, 
    3
   ], 
   [
    3, 
    0, 
    3, 
    3, 
    3, 
    3, 
    3, 
    3, 
    3, 
    3, 
    3, 
    3
   ], 
   [
    3, 
    3, 
    0, 
    3, 
    3, 
    3, 
    3, 
    3, 
    3, 
    3, 
    3, 
    3
   ], 
   [
    3, 
    3, 
    3, 
    0, 
    3, 
    3, 
    3, 
    3, 
    3, 
    3, 
    3, 
    3
   ], 
   [
    3, 
    3, 
    3, 
    3, 
    0, 
    3, 
    3, 
    3, 
    3, 
    3, 
    3, 
    3
   ], 
   [
    3, 
    3, 
    3, 
    3, 
    3, 
    0, 
    3, 
    3, 
    3, 
    3, 
    3, 
    3
   ], 
   [
    3, 
    3, 
    3, 
    3, 
    3, 
    3, 
    0, 
    3, 
    3, 
    3, 
    3, 
    3
   ], 
   [
    3, 
    3, 
    3, 
    3, 
    3, 
    3, 
    3, 
    0, 
    3, 
    3, 
    3, 
    3
   ], 
   [
    3, 
    3, 
    3, 
    3, 
    3, 
    3, 
    3, 
    3, 
    0, 
    3, 
    3, 
    3
   ], 
   [
    3, 
    3, 
    3, 
    3, 
    3, 
    3, 
    3, 
    3, 
    3, 
    0, 
    3, 
    3
   ], 
   [
    3, 
    3, 
    3, 
    3, 
    3, 
    3, 
    3, 
    3, 
    3, 
    3, 
    0, 
    3
   ], 
   [
    3, 
    3, 
    3, 
    3, 
    3, 
    3, 
    3, 
    3, 
    3, 
    3, 
    3, 
    0
   ]
  ], 
  "city_names": [
   "Lausanne", 
   "Gen\u00e8ve", 
   "Sion", 
   "Neuch\u00e2tel", 
   "Bern", 
   "Basel", 
   "Fribourg", 
   "Z\u00fcrich", 
   "Aarau", 
   "Luzern", 
   "St-Gallen", 
   "Thun"
  ], 
  "reward_matrix": [
   [
    0, 
    89805, 
    77572, 
    87766, 
    77572, 
    49030, 
    87766, 
    42913, 
    55146, 
    36797, 
    18448, 
    69417
   ], 
   [
    89805, 
    0, 
    59223, 
    69417, 
    59223, 
    30681, 
    69417, 
    24565, 
    36797, 
    18448, 
    100, 
    51068
   ], 
   [
    77572, 
    59223, 
    0, 
    63301, 
    75533, 
    46991, 
    65340, 
    40875, 
    53107, 
    34758, 
    16410, 
    83688
   ], 
   [
    87766, 
    69417, 
    63301, 
    0, 
    95921, 
    67378, 
    85727, 
    61262, 
    73495, 
    55146, 
    36797, 
    87766
   ], 
   [
    77572, 
    59223, 
    75533, 
    95921, 
    0, 
    79611, 
    97960, 
    73495, 
    85727, 
    67378, 
    49030, 
    99999
   ], 
   [
    49030, 
    30681, 
    46991, 
    67378, 
    79611, 
    0, 
    69417, 
    83688, 
    71456, 
    69417, 
    59223, 
    71456
   ], 
   [
    87766, 
    69417, 
    65340, 
    85727, 
    97960, 
    69417, 
    0, 
    63301, 
    75533, 
    57185, 
    38836, 
    89805
   ], 
   [
    42913, 
    24565, 
    40875, 
    61262, 
    73495, 
    83688, 
    63301, 
    0, 
    95921, 
    93882, 
    83688, 
    65340
   ], 
   [
    55146, 
    36797, 
    53107, 
    73495, 
    85727, 
    71456, 
    75533, 
    95921, 
    0, 
    89805, 
    71456, 
    77572
   ], 
   [
    36797, 
    18448, 
    34758, 
    55146, 
    67378, 
    69417, 
    57185, 
    93882, 
    89805, 
    0, 
    69417, 
    59223
   ], 
   [
    18448, 
    100, 
    16410, 
    36797, 
    49030, 
    59223, 
    38836, 
    83688, 
    71456, 
    69417, 
    0, 
    40875
   ], 
   [
    69417, 
    51068, 
    83688, 
    87766, 
    99999, 
    71456, 
    89805, 
    65340, 
    77572, 
    59223, 
    40875, 
    0
   ]
  ], 
  "probability_matrix": [
   [
    0, 
    0.04228337030524735, 
    0.04177129997969887, 
    0.03507780344481184, 
    0.20661822104747277, 
    0.031128075689510537, 
    0.05995166380884631, 
    0.21723038917857043, 
    0.11610373017168096, 
    0.008493412132620786, 
    0.16858607254655475, 
    0.07275596169498547
   ], 
   [
    0.0824965703570012, 
    0, 
    0.047307250160731375, 
    0.05999568387308018, 
    0.1699218750285864, 
    0.10793489209357253, 
    0.09005383679825227, 
    0.08975849233721729, 
    0.1015095643192897, 
    0.1643413088472339, 
    0.015383538193840597, 
    0.07129698799119433
   ], 
   [
    0.11653321144679152, 
    0.11948954559708934, 
    0, 
    0.09706934651650702, 
    0.14142811697541985, 
    0.08171012321912301, 
    0.11335126126220368, 
    0.0288047654557779, 
    0.1934606808542746, 
    0.00945848795416973, 
    0.02934959842108956, 
    0.06934486229755399
   ], 
   [
    0.024637056524617274, 
    0.11461268058533532, 
    0.16227797210958114, 
    0, 
    0.03589819471655835, 
    0.1020956366521915, 
    0.10027516747448506, 
    0.020469814492205654, 
    0.08099950521129608, 
    0.15006375896332816, 
    0.11095864318755723, 
    0.09771157008284434
   ], 
   [
    0.14554920604749408, 
    0.14294818830415904, 
    0.05981947272115269, 
    0.16069609858547773, 
    0, 
    0.006330563657092855, 
    0.0397193893926331, 
    0.07791128043615218, 
    0.15266388980112638, 
    0.0995460764695665, 
    0.05198995589914546, 
    0.06282587868600006
   ], 
   [
    0.04194226458632419, 
    0.0528119538291552, 
    0.15986909124925094, 
    0.11998153488807076, 
    0.11595900504450597, 
    0, 
    0.1298027058922678, 
    0.11065512803760287, 
    0.06599374846722028, 
    0.013414615284107452, 
    0.15447767496479195, 
    0.03509227775670246
   ], 
   [
    0.09978669250832242, 
    0.01829221324291391, 
    0.13419582038285527, 
    0.1140662905835477, 
    0.15263612087427517, 
    0.14137110136542397, 
    0, 
    0.05137095606504287, 
    0.06071893793707735, 
    0.05254208726951476, 
    0.08889467253001006, 
    0.08612510724101648
   ], 
   [
    0.029037732074051196, 
    0.11080309410903039, 
    0.12210744230324631, 
    0.05350542563534902, 
    0.05349939001981015, 
    0.09003038637492278, 
    0.08784132651964141, 
    0, 
    0.1109207528236928, 
    0.061010055465212036, 
    0.1346616189297222, 
    0.14658277574532166
   ], 
   [
    0.16798524232628734, 
    0.012985321675434728, 
    0.0864408067408063, 
    0.039784489630437826, 
    0.13954477491490608, 
    0.11725378254903958, 
    0.059940853164020605, 
    0.1236940785916324, 
    0, 
    0.14320466642601487, 
    0.1017325923569059, 
    0.007433391624514296
   ], 
   [
    0.1132482833522607, 
    0.019805427571523187, 
    0.038051820856432085, 
    0.04877455254648582, 
    0.09150079217777242, 
    0.1078321241759885, 
    0.1463346813223461, 
    0.1661112864700572, 
    0.12173755499143632, 
    0, 
    0.062270614044424355, 
    0.08433286249127324
   ], 
   [
    0.0674767045997894, 
    0.10891277190580609, 
    0.18303655641382915, 
    0.17831144371331537, 
    0.09112484796999491, 
    0.15388064929940387, 
    0.017752769680649275, 
    0.07593436235272501, 
    0.0516574046425081, 
    0.020404892559900793, 
    0, 
    0.05150759686207811
   ], 
   [
    0.06747899850687751, 
    0.015479786165530625, 
    0.06477898119536307, 
    0.03520168514013266, 
    0.08193576822275, 
    0.039531300537961125, 
    0.1889597687614397, 
    0.09567953168252193, 
    0.04494096654754438, 
    0.1738857163083476, 
    0.19212749693153153, 
    0
   ]
  ]
 }, 
 "vehicle_capacities": [
  10, 
  10, 
  10, 
  30, 
  30, 
  30, 
  30, 
  30, 
  30, 
  30, 
  30, 
  30
 ]
}