{
 "vehicle_cost_per_km": [
  10, 
  15, 
  10, 
  5, 
  5, 
  5, 
  5, 
  5, 
  5, 
  5, 
  5, 
  5
 ], 
 "runs": [
  {
   "avg_task_cost_vs_number_of_task": [
    7800, 
    3950, 
    3700, 
    3450, 
    3420, 
    3516.6666666666665, 
    3128.5714285714284, 
    2962.5, 
    2633.3333333333335, 
    2490, 
    2372.7272727272725, 
    2333.3333333333335, 
    2292.3076923076924, 
    2221.4285714285716, 
    2293.3333333333335, 
    2331.25, 
    2376.470588235294, 
    2450, 
    2526.315789473684, 
    2707.5, 
    2707.1428571428573, 
    2631.818181818182, 
    2673.913043478261, 
    2702.0833333333335, 
    2778, 
    2746.153846153846, 
    2768.5185185185187, 
    2675, 
    2722.4137931034484, 
    2706.6666666666665
   ], 
   "number_of_vehicles": 3
  }
 ], 
 "vehicle_starting_positions": [
  "Lausanne", 
  "Gen\u00c3\u00a8ve", 
  "Sion", 
  "Neuch\u00c3\u00a2tel", 
  "Bern", 
  "Basel", 
  "Fribourg", 
  "Z\u00c3\u00bcrich", 
  "Aarau", 
  "Luzern", 
  "St-Gallen", 
  "Thun"
 ], 
 "task_distribution": {
  "distance_matrix": [
   [
    0, 
    90, 
    150, 
    100, 
    150, 
    290, 
    100, 
    320, 
    260, 
    350, 
    440, 
    190
   ], 
   [
    90, 
    0, 
    240, 
    190, 
    240, 
    380, 
    190, 
    410, 
    350, 
    440, 
    530, 
    280
   ], 
   [
    150, 
    240, 
    0, 
    220, 
    160, 
    300, 
    210, 
    330, 
    270, 
    360, 
    450, 
    120
   ], 
   [
    100, 
    190, 
    220, 
    0, 
    60, 
    200, 
    110, 
    230, 
    170, 
    260, 
    350, 
    100
   ], 
   [
    150, 
    240, 
    160, 
    60, 
    0, 
    140, 
    50, 
    170, 
    110, 
    200, 
    290, 
    40
   ], 
   [
    290, 
    380, 
    300, 
    200, 
    140, 
    0, 
    190, 
    120, 
    180, 
    190, 
    240, 
    180
   ], 
   [
    100, 
    190, 
    210, 
    110, 
    50, 
    190, 
    0, 
    220, 
    160, 
    250, 
    340, 
    90
   ], 
   [
    320, 
    410, 
    330, 
    230, 
    170, 
    120, 
    220, 
    0, 
    60, 
    70, 
    120, 
    210
   ], 
   [
    260, 
    350, 
    270, 
    170, 
    110, 
    180, 
    160, 
    60, 
    0, 
    90, 
    180, 
    150
   ], 
   [
    350, 
    440, 
    360, 
    260, 
    200, 
    190, 
    250, 
    70, 
    90, 
    0, 
    190, 
    240
   ], 
   [
    440, 
    530, 
    450, 
    350, 
    290, 
    240, 
    340, 
    120, 
    180, 
    190, 
    0, 
    330
   ], 
   [
    190, 
    280, 
    120, 
    100, 
    40, 
    180, 
    90, 
    210, 
    150, 
    240, 
    330, 
    0
   ]
  ], 
  "weight_matrix": [
   [
    0, 
    3, 
    3, 
    3, 
    3, 
    3, 
    3, 
    3, 
    3, 
    3, 
    3, 
    3
   ], 
   [
    3, 
    0, 
    3, 
    3, 
    3, 
    3, 
    3, 
    3, 
    3, 
    3, 
    3, 
    3
   ], 
   [
    3, 
    3, 
    0, 
    3, 
    3, 
    3, 
    3, 
    3, 
    3, 
    3, 
    3, 
    3
   ], 
   [
    3, 
    3, 
    3, 
    0, 
    3, 
    3, 
    3, 
    3, 
    3, 
    3, 
    3, 
    3
   ], 
   [
    3, 
    3, 
    3, 
    3, 
    0, 
    3, 
    3, 
    3, 
    3, 
    3, 
    3, 
    3
   ], 
   [
    3, 
    3, 
    3, 
    3, 
    3, 
    0, 
    3, 
    3, 
    3, 
    3, 
    3, 
    3
   ], 
   [
    3, 
    3, 
    3, 
    3, 
    3, 
    3, 
    0, 
    3, 
    3, 
    3, 
    3, 
    3
   ], 
   [
    3, 
    3, 
    3, 
    3, 
    3, 
    3, 
    3, 
    0, 
    3, 
    3, 
    3, 
    3
   ], 
   [
    3, 
    3, 
    3, 
    3, 
    3, 
    3, 
    3, 
    3, 
    0, 
    3, 
    3, 
    3
   ], 
   [
    3, 
    3, 
    3, 
    3, 
    3, 
    3, 
    3, 
    3, 
    3, 
    0, 
    3, 
    3
   ], 
   [
    3, 
    3, 
    3, 
    3, 
    3, 
    3, 
    3, 
    3, 
    3, 
    3, 
    0, 
    3
   ], 
   [
    3, 
    3, 
    3, 
    3, 
    3, 
    3, 
    3, 
    3, 
    3, 
    3, 
    3, 
    0
   ]
  ], 
  "city_names": [
   "Lausanne", 
   "Gen\u00c3\u00a8ve", 
   "Sion", 
   "Neuch\u00c3\u00a2tel", 
   "Bern", 
   "Basel", 
   "Fribourg", 
   "Z\u00c3\u00bcrich", 
   "Aarau", 
   "Luzern", 
   "St-Gallen", 
   "Thun"
  ], 
  "reward_matrix": [
   [
    0, 
    89805, 
    77572, 
    87766, 
    77572, 
    49030, 
    87766, 
    42913, 
    55146, 
    36797, 
    18448, 
    69417
   ], 
   [
    89805, 
    0, 
    59223, 
    69417, 
    59223, 
    30681, 
    69417, 
    24565, 
    36797, 
    18448, 
    100, 
    51068
   ], 
   [
    77572, 
    59223, 
    0, 
    63301, 
    75533, 
    46991, 
    65340, 
    40875, 
    53107, 
    34758, 
    16410, 
    83688
   ], 
   [
    87766, 
    69417, 
    63301, 
    0, 
    95921, 
    67378, 
    85727, 
    61262, 
    73495, 
    55146, 
    36797, 
    87766
   ], 
   [
    77572, 
    59223, 
    75533, 
    95921, 
    0, 
    79611, 
    97960, 
    73495, 
    85727, 
    67378, 
    49030, 
    99999
   ], 
   [
    49030, 
    30681, 
    46991, 
    67378, 
    79611, 
    0, 
    69417, 
    83688, 
    71456, 
    69417, 
    59223, 
    71456
   ], 
   [
    87766, 
    69417, 
    65340, 
    85727, 
    97960, 
    69417, 
    0, 
    63301, 
    75533, 
    57185, 
    38836, 
    89805
   ], 
   [
    42913, 
    24565, 
    40875, 
    61262, 
    73495, 
    83688, 
    63301, 
    0, 
    95921, 
    93882, 
    83688, 
    65340
   ], 
   [
    55146, 
    36797, 
    53107, 
    73495, 
    85727, 
    71456, 
    75533, 
    95921, 
    0, 
    89805, 
    71456, 
    77572
   ], 
   [
    36797, 
    18448, 
    34758, 
    55146, 
    67378, 
    69417, 
    57185, 
    93882, 
    89805, 
    0, 
    69417, 
    59223
   ], 
   [
    18448, 
    100, 
    16410, 
    36797, 
    49030, 
    59223, 
    38836, 
    83688, 
    71456, 
    69417, 
    0, 
    40875
   ], 
   [
    69417, 
    51068, 
    83688, 
    87766, 
    99999, 
    71456, 
    89805, 
    65340, 
    77572, 
    59223, 
    40875, 
    0
   ]
  ], 
  "probability_matrix": [
   [
    0, 
    0.08372172959269093, 
    0.10450563695437817, 
    0.046285429545558615, 
    0.12324737118884987, 
    0.14091215312488525, 
    0.021940238748268576, 
    0.08730977523812838, 
    0.09821420523971708, 
    0.07081967692383632, 
    0.09962959508362232, 
    0.12341418836006461
   ], 
   [
    0.06837588921037868, 
    0, 
    0.15132719486423615, 
    0.06551121648593473, 
    0.13397686205384138, 
    0.05715731920157538, 
    0.14341008578970604, 
    0.1436945476546376, 
    0.0003991213423940857, 
    0.07297094492785743, 
    0.12038903611258168, 
    0.04278778235685672
   ], 
   [
    0.10479426066357753, 
    0.15618349516853727, 
    0, 
    0.04985979842648437, 
    0.12539733614585746, 
    0.16857619763754594, 
    0.01250574987050716, 
    0.09414071085391382, 
    0.1719525406344949, 
    0.00907941422426936, 
    0.002268709528839226, 
    0.10524178684597303
   ], 
   [
    0.005871841588481272, 
    0.03673789557629764, 
    0.14892733425835092, 
    0, 
    0.11729356243692192, 
    0.1408193076435241, 
    0.022487221160954207, 
    0.053607809392953856, 
    0.095659878629898, 
    0.1201944204073743, 
    0.11943933111293471, 
    0.13896139779230893
   ], 
   [
    0.1213549306539269, 
    0.16365929633936932, 
    0.1568891620910363, 
    0.030203482728066954, 
    0, 
    0.06976892680641139, 
    0.010863425089504655, 
    0.11025169133261721, 
    0.0036985258635130066, 
    0.21403434955362177, 
    0.026196325060815057, 
    0.09307988448111781
   ], 
   [
    0.06223866648560921, 
    0.11981373305235896, 
    0.17507539393749944, 
    0.13513263297420516, 
    0.06377844758751303, 
    0, 
    0.010459549171944445, 
    0.10878573978658809, 
    0.1269659578347834, 
    0.003925857149085463, 
    0.1695730842590788, 
    0.024250937761334003
   ], 
   [
    0.11053847417305329, 
    0.05176968544108212, 
    0.10798009302435388, 
    0.07629213625796605, 
    0.04062462796908324, 
    0.14606364961555507, 
    0, 
    0.008620020403964866, 
    0.00962358599998707, 
    0.11392519621654648, 
    0.18209570795620186, 
    0.1524668229422061
   ], 
   [
    0.1437433210510778, 
    0.056750172833449075, 
    0.049066925028377735, 
    0.1407617447965864, 
    0.009382186530126225, 
    0.15712541897328738, 
    0.16050452798099024, 
    0, 
    0.012440980073207713, 
    0.12980743250336285, 
    0.09038375803826468, 
    0.050033532191269804
   ], 
   [
    0.07820113414772407, 
    0.1592024010782471, 
    0.12067949114258411, 
    0.1223235177916217, 
    0.14014271688753432, 
    0.06861803246072387, 
    0.05474791342523671, 
    0.10389821850830236, 
    0, 
    0.030376759075748078, 
    0.029944554005999924, 
    0.09186526147627795
   ], 
   [
    0.07354751821262918, 
    0.06088864044694129, 
    0.09471188932811828, 
    0.03456811491273069, 
    0.07928997307157967, 
    0.039765529389844886, 
    0.16464530979752548, 
    0.15580258821304135, 
    0.09797227398181009, 
    0, 
    0.13681607418140154, 
    0.061992088464377454
   ], 
   [
    0.05608120225467792, 
    0.04078280701735309, 
    0.02240122342162169, 
    0.16838502668930744, 
    0.0669672201382125, 
    0.07965099921556963, 
    0.1869669426631684, 
    0.14809367335679688, 
    0.1026215985510837, 
    0.11006058088095351, 
    0, 
    0.017988725811255185
   ], 
   [
    0.14390907207079015, 
    0.17232472187795522, 
    0.05063560663286466, 
    0.04767539023606764, 
    0.020107291237908012, 
    0.11443601885541352, 
    0.14554830625510587, 
    0.15207653119530648, 
    0.04634449665977958, 
    0.00580915298190434, 
    0.10113341199690466, 
    0
   ]
  ]
 }, 
 "vehicle_capacities": [
  5, 
  5, 
  5, 
  30, 
  30, 
  30, 
  30, 
  30, 
  30, 
  30, 
  30, 
  30
 ]
}