{
 "vehicle_cost_per_km": [
  15, 
  5, 
  5, 
  5, 
  5, 
  5, 
  5, 
  5, 
  5, 
  5, 
  5, 
  5
 ], 
 "runs": [
  {
   "avg_task_cost_vs_number_of_task": [
    2050, 
    1025, 
    1433.3333333333333, 
    1075, 
    980, 
    1025, 
    950, 
    937.5, 
    877.7777777777778, 
    890, 
    768.1818181818181, 
    745.8333333333334, 
    703.8461538461538, 
    685.7142857142857, 
    596.6666666666666, 
    606.25, 
    550, 
    583.3333333333334, 
    584.2105263157895, 
    555, 
    535.7142857142857, 
    606.8181818181819, 
    556.5217391304348, 
    556.25, 
    600, 
    623.0769230769231, 
    511.1111111111111, 
    558.9285714285714, 
    562.0689655172414, 
    583.3333333333334
   ], 
   "number_of_vehicles": 3
  }
 ], 
 "vehicle_starting_positions": [
  "Lausanne", 
  "Gen\u00c3\u00a8ve", 
  "Sion", 
  "Neuch\u00c3\u00a2tel", 
  "Bern", 
  "Basel", 
  "Fribourg", 
  "Z\u00c3\u00bcrich", 
  "Aarau", 
  "Luzern", 
  "St-Gallen", 
  "Thun"
 ], 
 "task_distribution": {
  "distance_matrix": [
   [
    0, 
    90, 
    150, 
    100, 
    150, 
    290, 
    100, 
    320, 
    260, 
    350, 
    440, 
    190
   ], 
   [
    90, 
    0, 
    240, 
    190, 
    240, 
    380, 
    190, 
    410, 
    350, 
    440, 
    530, 
    280
   ], 
   [
    150, 
    240, 
    0, 
    220, 
    160, 
    300, 
    210, 
    330, 
    270, 
    360, 
    450, 
    120
   ], 
   [
    100, 
    190, 
    220, 
    0, 
    60, 
    200, 
    110, 
    230, 
    170, 
    260, 
    350, 
    100
   ], 
   [
    150, 
    240, 
    160, 
    60, 
    0, 
    140, 
    50, 
    170, 
    110, 
    200, 
    290, 
    40
   ], 
   [
    290, 
    380, 
    300, 
    200, 
    140, 
    0, 
    190, 
    120, 
    180, 
    190, 
    240, 
    180
   ], 
   [
    100, 
    190, 
    210, 
    110, 
    50, 
    190, 
    0, 
    220, 
    160, 
    250, 
    340, 
    90
   ], 
   [
    320, 
    410, 
    330, 
    230, 
    170, 
    120, 
    220, 
    0, 
    60, 
    70, 
    120, 
    210
   ], 
   [
    260, 
    350, 
    270, 
    170, 
    110, 
    180, 
    160, 
    60, 
    0, 
    90, 
    180, 
    150
   ], 
   [
    350, 
    440, 
    360, 
    260, 
    200, 
    190, 
    250, 
    70, 
    90, 
    0, 
    190, 
    240
   ], 
   [
    440, 
    530, 
    450, 
    350, 
    290, 
    240, 
    340, 
    120, 
    180, 
    190, 
    0, 
    330
   ], 
   [
    190, 
    280, 
    120, 
    100, 
    40, 
    180, 
    90, 
    210, 
    150, 
    240, 
    330, 
    0
   ]
  ], 
  "weight_matrix": [
   [
    0, 
    3, 
    3, 
    3, 
    3, 
    3, 
    3, 
    3, 
    3, 
    3, 
    3, 
    3
   ], 
   [
    3, 
    0, 
    3, 
    3, 
    3, 
    3, 
    3, 
    3, 
    3, 
    3, 
    3, 
    3
   ], 
   [
    3, 
    3, 
    0, 
    3, 
    3, 
    3, 
    3, 
    3, 
    3, 
    3, 
    3, 
    3
   ], 
   [
    3, 
    3, 
    3, 
    0, 
    3, 
    3, 
    3, 
    3, 
    3, 
    3, 
    3, 
    3
   ], 
   [
    3, 
    3, 
    3, 
    3, 
    0, 
    3, 
    3, 
    3, 
    3, 
    3, 
    3, 
    3
   ], 
   [
    3, 
    3, 
    3, 
    3, 
    3, 
    0, 
    3, 
    3, 
    3, 
    3, 
    3, 
    3
   ], 
   [
    3, 
    3, 
    3, 
    3, 
    3, 
    3, 
    0, 
    3, 
    3, 
    3, 
    3, 
    3
   ], 
   [
    3, 
    3, 
    3, 
    3, 
    3, 
    3, 
    3, 
    0, 
    3, 
    3, 
    3, 
    3
   ], 
   [
    3, 
    3, 
    3, 
    3, 
    3, 
    3, 
    3, 
    3, 
    0, 
    3, 
    3, 
    3
   ], 
   [
    3, 
    3, 
    3, 
    3, 
    3, 
    3, 
    3, 
    3, 
    3, 
    0, 
    3, 
    3
   ], 
   [
    3, 
    3, 
    3, 
    3, 
    3, 
    3, 
    3, 
    3, 
    3, 
    3, 
    0, 
    3
   ], 
   [
    3, 
    3, 
    3, 
    3, 
    3, 
    3, 
    3, 
    3, 
    3, 
    3, 
    3, 
    0
   ]
  ], 
  "city_names": [
   "Lausanne", 
   "Gen\u00c3\u00a8ve", 
   "Sion", 
   "Neuch\u00c3\u00a2tel", 
   "Bern", 
   "Basel", 
   "Fribourg", 
   "Z\u00c3\u00bcrich", 
   "Aarau", 
   "Luzern", 
   "St-Gallen", 
   "Thun"
  ], 
  "reward_matrix": [
   [
    0, 
    89805, 
    77572, 
    87766, 
    77572, 
    49030, 
    87766, 
    42913, 
    55146, 
    36797, 
    18448, 
    69417
   ], 
   [
    89805, 
    0, 
    59223, 
    69417, 
    59223, 
    30681, 
    69417, 
    24565, 
    36797, 
    18448, 
    100, 
    51068
   ], 
   [
    77572, 
    59223, 
    0, 
    63301, 
    75533, 
    46991, 
    65340, 
    40875, 
    53107, 
    34758, 
    16410, 
    83688
   ], 
   [
    87766, 
    69417, 
    63301, 
    0, 
    95921, 
    67378, 
    85727, 
    61262, 
    73495, 
    55146, 
    36797, 
    87766
   ], 
   [
    77572, 
    59223, 
    75533, 
    95921, 
    0, 
    79611, 
    97960, 
    73495, 
    85727, 
    67378, 
    49030, 
    99999
   ], 
   [
    49030, 
    30681, 
    46991, 
    67378, 
    79611, 
    0, 
    69417, 
    83688, 
    71456, 
    69417, 
    59223, 
    71456
   ], 
   [
    87766, 
    69417, 
    65340, 
    85727, 
    97960, 
    69417, 
    0, 
    63301, 
    75533, 
    57185, 
    38836, 
    89805
   ], 
   [
    42913, 
    24565, 
    40875, 
    61262, 
    73495, 
    83688, 
    63301, 
    0, 
    95921, 
    93882, 
    83688, 
    65340
   ], 
   [
    55146, 
    36797, 
    53107, 
    73495, 
    85727, 
    71456, 
    75533, 
    95921, 
    0, 
    89805, 
    71456, 
    77572
   ], 
   [
    36797, 
    18448, 
    34758, 
    55146, 
    67378, 
    69417, 
    57185, 
    93882, 
    89805, 
    0, 
    69417, 
    59223
   ], 
   [
    18448, 
    100, 
    16410, 
    36797, 
    49030, 
    59223, 
    38836, 
    83688, 
    71456, 
    69417, 
    0, 
    40875
   ], 
   [
    69417, 
    51068, 
    83688, 
    87766, 
    99999, 
    71456, 
    89805, 
    65340, 
    77572, 
    59223, 
    40875, 
    0
   ]
  ], 
  "probability_matrix": [
   [
    0, 
    0.05060821102479098, 
    0.07616934705270124, 
    0.17398899209088386, 
    0.016874168375130696, 
    0.014035075463202682, 
    0.05792532360070984, 
    0.07656239382181297, 
    0.19094991845615494, 
    0.02682176608840358, 
    0.12445300995124586, 
    0.1916117940749632
   ], 
   [
    0.12045001583699305, 
    0, 
    0.02508952453515873, 
    0.11822901702201692, 
    0.13364839058587938, 
    0.07525437667383311, 
    0.13092573082060244, 
    0.013536462420896858, 
    0.13144095120157473, 
    0.06181452031283313, 
    0.04918491890720648, 
    0.14042609168300524
   ], 
   [
    0.06481425784910151, 
    0.13937763582380905, 
    0, 
    0.08278009767170805, 
    0.07110554801412146, 
    0.09193582193544761, 
    0.05036935251093878, 
    0.08146602487674001, 
    0.04280375903981892, 
    0.14967336472645337, 
    0.13193855738796353, 
    0.09373558016389777
   ], 
   [
    0.23533466268251224, 
    0.01881910553465984, 
    0.15503091037008704, 
    0, 
    0.13172556014447134, 
    0.07407305877886548, 
    0.015365121005915477, 
    0.049004504062626325, 
    0.053166771200711775, 
    0.11874524731739541, 
    0.02767149612078287, 
    0.12106356278197213
   ], 
   [
    0.10488056005118665, 
    0.08931767738758999, 
    0.12019938917627204, 
    0.13797449037393356, 
    0, 
    1.0343574322689996e-05, 
    0.008666939520091416, 
    0.15500726258042793, 
    0.005879409522151066, 
    0.10436741193471737, 
    0.14691699757767598, 
    0.12677951830163128
   ], 
   [
    0.16655446137891625, 
    0.042514749160987186, 
    0.07063766017136183, 
    0.14325750792319153, 
    0.08865071487252822, 
    0, 
    0.10418675369657286, 
    0.032982931414620324, 
    0.1271706648769545, 
    0.13782948444227516, 
    0.021700215691497673, 
    0.06451485637109446
   ], 
   [
    0.07754949219995833, 
    0.07992372803020034, 
    0.0007865329252872544, 
    0.01651163034976026, 
    0.15922247678417997, 
    0.1342321644951483, 
    0, 
    0.07542674700852744, 
    0.16829052389127544, 
    0.06023051277337182, 
    0.10277095503025542, 
    0.12505523651203537
   ], 
   [
    0.11160682441905416, 
    0.11537349466856099, 
    0.03021619202070208, 
    0.0781096916020495, 
    0.006269120652598365, 
    0.13288945439018235, 
    0.09534536305126379, 
    0, 
    0.11461319262434505, 
    0.056609545900646964, 
    0.157528165634043, 
    0.10143895503655373
   ], 
   [
    0.10873289602071114, 
    0.06559194804236151, 
    0.05316185558580869, 
    0.11495282465151915, 
    0.07949489622080008, 
    0.06787894169734661, 
    0.1414595723414274, 
    0.15113978648056248, 
    0, 
    0.05790556264473499, 
    0.06504624340734955, 
    0.0946354729073784
   ], 
   [
    0.1708777487044664, 
    0.008563642137072409, 
    0.1225466620655496, 
    0.0008975744572362459, 
    0.16284556270662362, 
    0.018178052688763043, 
    0.07228097581638113, 
    0.17359035636624381, 
    0.06263944025961822, 
    0, 
    0.1164065360766436, 
    0.0911734487214019
   ], 
   [
    0.13171540739133014, 
    0.015064636372082992, 
    0.10417766147645013, 
    0.11487609795105112, 
    0.11829926670025505, 
    0.13916913038423293, 
    0.13968415701955206, 
    0.13111781737231507, 
    0.013027447731442451, 
    0.040215926200892996, 
    0, 
    0.05265245140039512
   ], 
   [
    0.06564104963287776, 
    0.12935019043098953, 
    0.12063742423254092, 
    0.04143990408743195, 
    0.12855832140465429, 
    0.06737453405221315, 
    0.06460471093427594, 
    0.1152714232894453, 
    0.12180103852983838, 
    0.1140651513267116, 
    0.03125625207902098, 
    0
   ]
  ]
 }, 
 "vehicle_capacities": [
  15, 
  15, 
  15, 
  30, 
  30, 
  30, 
  30, 
  30, 
  30, 
  30, 
  30, 
  30
 ]
}