{
 "vehicle_cost_per_km": [
  5, 
  5, 
  5, 
  5, 
  5
 ], 
 "runs": [
  {
   "avg_task_cost_vs_number_of_task": [
    950, 
    775, 
    1450, 
    1525, 
    1360, 
    1133.3333333333333, 
    978.5714285714286, 
    856.25, 
    761.1111111111111, 
    685, 
    650, 
    595.8333333333334, 
    623.0769230769231, 
    582.1428571428571, 
    610, 
    581.25, 
    585.2941176470588, 
    650, 
    650, 
    670, 
    614.2857142857143, 
    625, 
    547.8260869565217, 
    600, 
    554, 
    551.9230769230769, 
    533.3333333333334, 
    592.8571428571429, 
    624.1379310344828, 
    561.6666666666666
   ], 
   "number_of_vehicles": 3
  }
 ], 
 "vehicle_starting_positions": [
  "Lausanne", 
  "Gen\u00e8ve", 
  "Sion", 
  "Neuch\u00e2tel", 
  "Bern", 
  "Basel", 
  "Fribourg", 
  "Z\u00fcrich", 
  "Aarau", 
  "Luzern", 
  "St-Gallen", 
  "Thun"
 ], 
 "task_distribution": {
  "distance_matrix": [
   [
    0, 
    90, 
    150, 
    100, 
    150, 
    290, 
    100, 
    320, 
    260, 
    350, 
    440, 
    190
   ], 
   [
    90, 
    0, 
    240, 
    190, 
    240, 
    380, 
    190, 
    410, 
    350, 
    440, 
    530, 
    280
   ], 
   [
    150, 
    240, 
    0, 
    220, 
    160, 
    300, 
    210, 
    330, 
    270, 
    360, 
    450, 
    120
   ], 
   [
    100, 
    190, 
    220, 
    0, 
    60, 
    200, 
    110, 
    230, 
    170, 
    260, 
    350, 
    100
   ], 
   [
    150, 
    240, 
    160, 
    60, 
    0, 
    140, 
    50, 
    170, 
    110, 
    200, 
    290, 
    40
   ], 
   [
    290, 
    380, 
    300, 
    200, 
    140, 
    0, 
    190, 
    120, 
    180, 
    190, 
    240, 
    180
   ], 
   [
    100, 
    190, 
    210, 
    110, 
    50, 
    190, 
    0, 
    220, 
    160, 
    250, 
    340, 
    90
   ], 
   [
    320, 
    410, 
    330, 
    230, 
    170, 
    120, 
    220, 
    0, 
    60, 
    70, 
    120, 
    210
   ], 
   [
    260, 
    350, 
    270, 
    170, 
    110, 
    180, 
    160, 
    60, 
    0, 
    90, 
    180, 
    150
   ], 
   [
    350, 
    440, 
    360, 
    260, 
    200, 
    190, 
    250, 
    70, 
    90, 
    0, 
    190, 
    240
   ], 
   [
    440, 
    530, 
    450, 
    350, 
    290, 
    240, 
    340, 
    120, 
    180, 
    190, 
    0, 
    330
   ], 
   [
    190, 
    280, 
    120, 
    100, 
    40, 
    180, 
    90, 
    210, 
    150, 
    240, 
    330, 
    0
   ]
  ], 
  "weight_matrix": [
   [
    0, 
    3, 
    3, 
    3, 
    3, 
    3, 
    3, 
    3, 
    3, 
    3, 
    3, 
    3
   ], 
   [
    3, 
    0, 
    3, 
    3, 
    3, 
    3, 
    3, 
    3, 
    3, 
    3, 
    3, 
    3
   ], 
   [
    3, 
    3, 
    0, 
    3, 
    3, 
    3, 
    3, 
    3, 
    3, 
    3, 
    3, 
    3
   ], 
   [
    3, 
    3, 
    3, 
    0, 
    3, 
    3, 
    3, 
    3, 
    3, 
    3, 
    3, 
    3
   ], 
   [
    3, 
    3, 
    3, 
    3, 
    0, 
    3, 
    3, 
    3, 
    3, 
    3, 
    3, 
    3
   ], 
   [
    3, 
    3, 
    3, 
    3, 
    3, 
    0, 
    3, 
    3, 
    3, 
    3, 
    3, 
    3
   ], 
   [
    3, 
    3, 
    3, 
    3, 
    3, 
    3, 
    0, 
    3, 
    3, 
    3, 
    3, 
    3
   ], 
   [
    3, 
    3, 
    3, 
    3, 
    3, 
    3, 
    3, 
    0, 
    3, 
    3, 
    3, 
    3
   ], 
   [
    3, 
    3, 
    3, 
    3, 
    3, 
    3, 
    3, 
    3, 
    0, 
    3, 
    3, 
    3
   ], 
   [
    3, 
    3, 
    3, 
    3, 
    3, 
    3, 
    3, 
    3, 
    3, 
    0, 
    3, 
    3
   ], 
   [
    3, 
    3, 
    3, 
    3, 
    3, 
    3, 
    3, 
    3, 
    3, 
    3, 
    0, 
    3
   ], 
   [
    3, 
    3, 
    3, 
    3, 
    3, 
    3, 
    3, 
    3, 
    3, 
    3, 
    3, 
    0
   ]
  ], 
  "city_names": [
   "Lausanne", 
   "Gen\u00e8ve", 
   "Sion", 
   "Neuch\u00e2tel", 
   "Bern", 
   "Basel", 
   "Fribourg", 
   "Z\u00fcrich", 
   "Aarau", 
   "Luzern", 
   "St-Gallen", 
   "Thun"
  ], 
  "reward_matrix": [
   [
    0, 
    89805, 
    77572, 
    87766, 
    77572, 
    49030, 
    87766, 
    42913, 
    55146, 
    36797, 
    18448, 
    69417
   ], 
   [
    89805, 
    0, 
    59223, 
    69417, 
    59223, 
    30681, 
    69417, 
    24565, 
    36797, 
    18448, 
    100, 
    51068
   ], 
   [
    77572, 
    59223, 
    0, 
    63301, 
    75533, 
    46991, 
    65340, 
    40875, 
    53107, 
    34758, 
    16410, 
    83688
   ], 
   [
    87766, 
    69417, 
    63301, 
    0, 
    95921, 
    67378, 
    85727, 
    61262, 
    73495, 
    55146, 
    36797, 
    87766
   ], 
   [
    77572, 
    59223, 
    75533, 
    95921, 
    0, 
    79611, 
    97960, 
    73495, 
    85727, 
    67378, 
    49030, 
    99999
   ], 
   [
    49030, 
    30681, 
    46991, 
    67378, 
    79611, 
    0, 
    69417, 
    83688, 
    71456, 
    69417, 
    59223, 
    71456
   ], 
   [
    87766, 
    69417, 
    65340, 
    85727, 
    97960, 
    69417, 
    0, 
    63301, 
    75533, 
    57185, 
    38836, 
    89805
   ], 
   [
    42913, 
    24565, 
    40875, 
    61262, 
    73495, 
    83688, 
    63301, 
    0, 
    95921, 
    93882, 
    83688, 
    65340
   ], 
   [
    55146, 
    36797, 
    53107, 
    73495, 
    85727, 
    71456, 
    75533, 
    95921, 
    0, 
    89805, 
    71456, 
    77572
   ], 
   [
    36797, 
    18448, 
    34758, 
    55146, 
    67378, 
    69417, 
    57185, 
    93882, 
    89805, 
    0, 
    69417, 
    59223
   ], 
   [
    18448, 
    100, 
    16410, 
    36797, 
    49030, 
    59223, 
    38836, 
    83688, 
    71456, 
    69417, 
    0, 
    40875
   ], 
   [
    69417, 
    51068, 
    83688, 
    87766, 
    99999, 
    71456, 
    89805, 
    65340, 
    77572, 
    59223, 
    40875, 
    0
   ]
  ], 
  "probability_matrix": [
   [
    0, 
    0.12654631038842454, 
    0.13716889350877084, 
    0.12814394438424584, 
    0.09486272069472057, 
    0.011398546773965344, 
    0.07810347280619842, 
    0.08375270100983083, 
    0.14710984462390247, 
    0.1423703949390969, 
    0.009278755341715855, 
    0.041264415529128365
   ], 
   [
    0.18971188243043294, 
    0, 
    0.050139731839012026, 
    0.06249784087308972, 
    0.1283210532520335, 
    0.12585049231138234, 
    0.05558483771659967, 
    0.05950004536893188, 
    0.11988735833623747, 
    0.15946270964545142, 
    0.0067826984237215155, 
    0.04226134980310763
   ], 
   [
    0.08111229242186173, 
    0.12474885682460583, 
    0, 
    0.14328266790536248, 
    0.12304287611506565, 
    0.03515409334529625, 
    0.01065815377554133, 
    0.12494877694471851, 
    0.017696928642482783, 
    0.10232403531423716, 
    0.14713345084009738, 
    0.08989786787073094
   ], 
   [
    0.03712512988574799, 
    0.16599360759399404, 
    0.043094661930214447, 
    0, 
    0.16400542999869827, 
    0.028317702738788274, 
    0.135799946866136, 
    0.08664259493109286, 
    0.052340027740156905, 
    0.1174896906991825, 
    0.0930366840620196, 
    0.07615452355396918
   ], 
   [
    0.0059820851057680105, 
    0.1325327895251087, 
    0.002434471221771475, 
    0.16814397533837236, 
    0, 
    0.014317019882040876, 
    0.1726520872564097, 
    0.17278418976847587, 
    0.01024625387588094, 
    0.07337379815543706, 
    0.0936445075711187, 
    0.15388882229961645
   ], 
   [
    0.03236800248931123, 
    0.13694765410253076, 
    0.19175517897044364, 
    0.006857517015581321, 
    0.12875527765791545, 
    0, 
    0.10875565048280757, 
    0.057996788094710344, 
    0.06626321739203124, 
    0.1723493195693977, 
    0.0823709892213437, 
    0.015580405003927149
   ], 
   [
    0.04586901540374742, 
    0.010255118074213697, 
    0.1052360142803813, 
    0.04593662364280464, 
    0.1882361816725088, 
    0.07777416270098572, 
    0, 
    0.04101988356133423, 
    0.14029225196176875, 
    0.07945435754244759, 
    0.0531395423011901, 
    0.21278684885861773
   ], 
   [
    0.08306901585082427, 
    0.06052134965508084, 
    0.010786744214840984, 
    0.12201482228452294, 
    0.11198089126601514, 
    0.019924738221524102, 
    0.10574498053694381, 
    0, 
    0.11608821290013682, 
    0.13389725920133516, 
    0.13373203443656748, 
    0.10223995143220843
   ], 
   [
    0.012086475712609972, 
    0.04687034120032202, 
    0.181603507169941, 
    0.10920897275362437, 
    0.11433848096765398, 
    0.14006455050960095, 
    0.0028476679549675776, 
    0.04935491910361719, 
    0, 
    0.14701908006223088, 
    0.07756234610275885, 
    0.1190436584626732
   ], 
   [
    0.14766841844473674, 
    0.024436048416683006, 
    0.040607397663737714, 
    0.10020703007160965, 
    0.09278263653384107, 
    0.05837370570537863, 
    0.07315788845552532, 
    0.12086101597602257, 
    0.10942866474679021, 
    0, 
    0.07202647025322241, 
    0.16045072373245278
   ], 
   [
    0.0984930478824201, 
    0.021808153281666832, 
    0.0547326691494805, 
    0.06869490415192742, 
    0.16174231020364216, 
    0.09816856800178406, 
    0.03203955609930347, 
    0.1376708130615725, 
    0.13057942207652273, 
    0.11194179786309398, 
    0, 
    0.08412875822858623
   ], 
   [
    0.11154850802936996, 
    0.018378622020750874, 
    0.021796698999847656, 
    0.05887618506379571, 
    0.14800067765251182, 
    0.17805794295345292, 
    0.04097480361778949, 
    0.14428343208348599, 
    0.03537365127161983, 
    0.06775775412652081, 
    0.1749517241808549, 
    0
   ]
  ]
 }, 
 "vehicle_capacities": [
  15, 
  15, 
  15, 
  30, 
  30, 
  30, 
  30, 
  30, 
  30, 
  30, 
  30, 
  30
 ]
}