{
 "vehicle_cost_per_km": [
  5, 
  5, 
  5, 
  5, 
  5
 ], 
 "runs": [
  {
   "avg_task_cost_vs_number_of_task": [
    1350, 
    900, 
    1333.3333333333333, 
    1300, 
    1120, 
    933.3333333333334, 
    828.5714285714286, 
    825, 
    783.3333333333334, 
    760, 
    781.8181818181819, 
    741.6666666666666, 
    715.3846153846154, 
    664.2857142857143, 
    620, 
    681.25, 
    682.3529411764706, 
    638.8888888888889, 
    665.7894736842105, 
    662.5, 
    690.4761904761905, 
    686.3636363636364, 
    693.4782608695652, 
    700, 
    712, 
    723.0769230769231, 
    635.1851851851852, 
    667.8571428571429, 
    615.5172413793103, 
    681.6666666666666
   ], 
   "number_of_vehicles": 3
  }
 ], 
 "vehicle_starting_positions": [
  "Lausanne", 
  "Gen\u00e8ve", 
  "Sion", 
  "Neuch\u00e2tel", 
  "Bern", 
  "Basel", 
  "Fribourg", 
  "Z\u00fcrich", 
  "Aarau", 
  "Luzern", 
  "St-Gallen", 
  "Thun"
 ], 
 "task_distribution": {
  "distance_matrix": [
   [
    0, 
    90, 
    150, 
    100, 
    150, 
    290, 
    100, 
    320, 
    260, 
    350, 
    440, 
    190
   ], 
   [
    90, 
    0, 
    240, 
    190, 
    240, 
    380, 
    190, 
    410, 
    350, 
    440, 
    530, 
    280
   ], 
   [
    150, 
    240, 
    0, 
    220, 
    160, 
    300, 
    210, 
    330, 
    270, 
    360, 
    450, 
    120
   ], 
   [
    100, 
    190, 
    220, 
    0, 
    60, 
    200, 
    110, 
    230, 
    170, 
    260, 
    350, 
    100
   ], 
   [
    150, 
    240, 
    160, 
    60, 
    0, 
    140, 
    50, 
    170, 
    110, 
    200, 
    290, 
    40
   ], 
   [
    290, 
    380, 
    300, 
    200, 
    140, 
    0, 
    190, 
    120, 
    180, 
    190, 
    240, 
    180
   ], 
   [
    100, 
    190, 
    210, 
    110, 
    50, 
    190, 
    0, 
    220, 
    160, 
    250, 
    340, 
    90
   ], 
   [
    320, 
    410, 
    330, 
    230, 
    170, 
    120, 
    220, 
    0, 
    60, 
    70, 
    120, 
    210
   ], 
   [
    260, 
    350, 
    270, 
    170, 
    110, 
    180, 
    160, 
    60, 
    0, 
    90, 
    180, 
    150
   ], 
   [
    350, 
    440, 
    360, 
    260, 
    200, 
    190, 
    250, 
    70, 
    90, 
    0, 
    190, 
    240
   ], 
   [
    440, 
    530, 
    450, 
    350, 
    290, 
    240, 
    340, 
    120, 
    180, 
    190, 
    0, 
    330
   ], 
   [
    190, 
    280, 
    120, 
    100, 
    40, 
    180, 
    90, 
    210, 
    150, 
    240, 
    330, 
    0
   ]
  ], 
  "weight_matrix": [
   [
    0, 
    3, 
    3, 
    3, 
    3, 
    3, 
    3, 
    3, 
    3, 
    3, 
    3, 
    3
   ], 
   [
    3, 
    0, 
    3, 
    3, 
    3, 
    3, 
    3, 
    3, 
    3, 
    3, 
    3, 
    3
   ], 
   [
    3, 
    3, 
    0, 
    3, 
    3, 
    3, 
    3, 
    3, 
    3, 
    3, 
    3, 
    3
   ], 
   [
    3, 
    3, 
    3, 
    0, 
    3, 
    3, 
    3, 
    3, 
    3, 
    3, 
    3, 
    3
   ], 
   [
    3, 
    3, 
    3, 
    3, 
    0, 
    3, 
    3, 
    3, 
    3, 
    3, 
    3, 
    3
   ], 
   [
    3, 
    3, 
    3, 
    3, 
    3, 
    0, 
    3, 
    3, 
    3, 
    3, 
    3, 
    3
   ], 
   [
    3, 
    3, 
    3, 
    3, 
    3, 
    3, 
    0, 
    3, 
    3, 
    3, 
    3, 
    3
   ], 
   [
    3, 
    3, 
    3, 
    3, 
    3, 
    3, 
    3, 
    0, 
    3, 
    3, 
    3, 
    3
   ], 
   [
    3, 
    3, 
    3, 
    3, 
    3, 
    3, 
    3, 
    3, 
    0, 
    3, 
    3, 
    3
   ], 
   [
    3, 
    3, 
    3, 
    3, 
    3, 
    3, 
    3, 
    3, 
    3, 
    0, 
    3, 
    3
   ], 
   [
    3, 
    3, 
    3, 
    3, 
    3, 
    3, 
    3, 
    3, 
    3, 
    3, 
    0, 
    3
   ], 
   [
    3, 
    3, 
    3, 
    3, 
    3, 
    3, 
    3, 
    3, 
    3, 
    3, 
    3, 
    0
   ]
  ], 
  "city_names": [
   "Lausanne", 
   "Gen\u00e8ve", 
   "Sion", 
   "Neuch\u00e2tel", 
   "Bern", 
   "Basel", 
   "Fribourg", 
   "Z\u00fcrich", 
   "Aarau", 
   "Luzern", 
   "St-Gallen", 
   "Thun"
  ], 
  "reward_matrix": [
   [
    0, 
    89805, 
    77572, 
    87766, 
    77572, 
    49030, 
    87766, 
    42913, 
    55146, 
    36797, 
    18448, 
    69417
   ], 
   [
    89805, 
    0, 
    59223, 
    69417, 
    59223, 
    30681, 
    69417, 
    24565, 
    36797, 
    18448, 
    100, 
    51068
   ], 
   [
    77572, 
    59223, 
    0, 
    63301, 
    75533, 
    46991, 
    65340, 
    40875, 
    53107, 
    34758, 
    16410, 
    83688
   ], 
   [
    87766, 
    69417, 
    63301, 
    0, 
    95921, 
    67378, 
    85727, 
    61262, 
    73495, 
    55146, 
    36797, 
    87766
   ], 
   [
    77572, 
    59223, 
    75533, 
    95921, 
    0, 
    79611, 
    97960, 
    73495, 
    85727, 
    67378, 
    49030, 
    99999
   ], 
   [
    49030, 
    30681, 
    46991, 
    67378, 
    79611, 
    0, 
    69417, 
    83688, 
    71456, 
    69417, 
    59223, 
    71456
   ], 
   [
    87766, 
    69417, 
    65340, 
    85727, 
    97960, 
    69417, 
    0, 
    63301, 
    75533, 
    57185, 
    38836, 
    89805
   ], 
   [
    42913, 
    24565, 
    40875, 
    61262, 
    73495, 
    83688, 
    63301, 
    0, 
    95921, 
    93882, 
    83688, 
    65340
   ], 
   [
    55146, 
    36797, 
    53107, 
    73495, 
    85727, 
    71456, 
    75533, 
    95921, 
    0, 
    89805, 
    71456, 
    77572
   ], 
   [
    36797, 
    18448, 
    34758, 
    55146, 
    67378, 
    69417, 
    57185, 
    93882, 
    89805, 
    0, 
    69417, 
    59223
   ], 
   [
    18448, 
    100, 
    16410, 
    36797, 
    49030, 
    59223, 
    38836, 
    83688, 
    71456, 
    69417, 
    0, 
    40875
   ], 
   [
    69417, 
    51068, 
    83688, 
    87766, 
    99999, 
    71456, 
    89805, 
    65340, 
    77572, 
    59223, 
    40875, 
    0
   ]
  ], 
  "probability_matrix": [
   [
    0, 
    0.03449770342523669, 
    0.016430421741703033, 
    0.07422040783207051, 
    0.052360772178315945, 
    0.06605983720750487, 
    0.16469065863746593, 
    0.038557570432665, 
    0.12062753203146914, 
    0.15259030038202603, 
    0.1096440718351517, 
    0.17032072429639122
   ], 
   [
    0.08622622193922674, 
    0, 
    0.09645296834816276, 
    0.03889946686408943, 
    0.12507086190212544, 
    0.007683880336787044, 
    0.05032282152261814, 
    0.06340245271756222, 
    0.10971577807346458, 
    0.11797693195260585, 
    0.19917715434925176, 
    0.10507146199410594
   ], 
   [
    0.02237407473677021, 
    0.15810656133445838, 
    0, 
    0.16911062865136375, 
    0.07503657497238601, 
    0.004653880759652725, 
    0.1061282344353045, 
    0.0931707453454812, 
    0.02792381803572806, 
    0.05815448537480044, 
    0.11749010032678436, 
    0.16785089602727055
   ], 
   [
    0.17407579967221407, 
    0.03412349572764245, 
    0.12621041790037296, 
    0, 
    0.12682491765030632, 
    0.08448172836713326, 
    0.15327503478852453, 
    0.03481534205773976, 
    0.05021798369969669, 
    0.14458045703255362, 
    0.020226623244823015, 
    0.05116819985899361
   ], 
   [
    0.07288889060503465, 
    0.09854522948317346, 
    0.06711716600307743, 
    0.12395727828339848, 
    0, 
    0.11310125832570632, 
    0.12666679953599122, 
    0.059135075287923854, 
    0.03592679204662882, 
    0.11235739855153534, 
    0.121139109469261, 
    0.06916500240826957
   ], 
   [
    0.06286907341424676, 
    0.003693559934452929, 
    0.1247165934178693, 
    0.14090025452560656, 
    0.08830706525778223, 
    0, 
    0.11568875458830187, 
    0.10048690904531708, 
    0.0425579302584737, 
    0.10082643704211429, 
    0.13313154634817298, 
    0.08682187616766203
   ], 
   [
    0.01431039663053453, 
    0.0009556257952382863, 
    0.1766754696453119, 
    0.1047549977496415, 
    0.03528319112016212, 
    0.18086589011491572, 
    0, 
    0.11372759808427434, 
    0.17951531127793566, 
    0.036389074990088074, 
    0.115263736533374, 
    0.042258708058523914
   ], 
   [
    0.008967598389413996, 
    0.1544355832405747, 
    0.1608607191020711, 
    0.0023587530035197378, 
    0.13217268852059344, 
    0.09654083765003216, 
    0.04814494786914803, 
    0, 
    0.04571375077438301, 
    0.10250160544708702, 
    0.12226228149309666, 
    0.1260412345100802
   ], 
   [
    0.1542024434307313, 
    0.11421443679754886, 
    0.02855354190668862, 
    0.008494806347739189, 
    0.08327500989985023, 
    0.1039868109960019, 
    0.16023453584013794, 
    0.11947712763230675, 
    0, 
    0.14453281302690635, 
    0.04369186527923366, 
    0.039336608842855295
   ], 
   [
    0.0817758650054712, 
    0.14994189817210957, 
    0.06474482644570782, 
    0.13641576349688, 
    0.08014550749863761, 
    0.1410052317848255, 
    0.03630256587888778, 
    0.06314097313713771, 
    0.16252945248463982, 
    0, 
    0.05524087251334556, 
    0.028757043582357297
   ], 
   [
    0.0730533644531516, 
    0.00681876765285121, 
    0.1449426218775623, 
    0.1026366029544709, 
    0.04187842887898836, 
    0.11654652841110688, 
    0.1584766838334155, 
    0.042891849666807286, 
    0.15674962229586953, 
    0.001200365453044257, 
    0, 
    0.15480516452273227
   ], 
   [
    0.005764230194956758, 
    0.08676829360833621, 
    0.026702184264556745, 
    0.19345380510241558, 
    0.012345824513646204, 
    0.13706518256124658, 
    0.1248403301196111, 
    0.11925723009391825, 
    0.08212717666305686, 
    0.0160405732453829, 
    0.1956351696328728, 
    0
   ]
  ]
 }, 
 "vehicle_capacities": [
  10, 
  10, 
  10, 
  30, 
  30, 
  30, 
  30, 
  30, 
  30, 
  30, 
  30, 
  30
 ]
}