{
 "vehicle_cost_per_km": [
  5, 
  15, 
  15, 
  5, 
  5, 
  5, 
  5, 
  5, 
  5, 
  5, 
  5, 
  5
 ], 
 "runs": [
  {
   "avg_task_cost_vs_number_of_task": [
    2400, 
    1500, 
    1000, 
    875, 
    700, 
    650, 
    757.1428571428571, 
    737.5, 
    705.5555555555555, 
    680, 
    859.0909090909091, 
    795.8333333333334, 
    815.3846153846154, 
    678.5714285714286, 
    760, 
    775, 
    741.1764705882352, 
    775, 
    800, 
    692.5, 
    938.0952380952381, 
    870.4545454545455, 
    904.3478260869565, 
    816.6666666666666, 
    808, 
    898.0769230769231, 
    857.4074074074074, 
    925, 
    850, 
    840
   ], 
   "number_of_vehicles": 3
  }
 ], 
 "vehicle_starting_positions": [
  "Lausanne", 
  "Gen\u00c3\u00a8ve", 
  "Sion", 
  "Neuch\u00c3\u00a2tel", 
  "Bern", 
  "Basel", 
  "Fribourg", 
  "Z\u00c3\u00bcrich", 
  "Aarau", 
  "Luzern", 
  "St-Gallen", 
  "Thun"
 ], 
 "task_distribution": {
  "distance_matrix": [
   [
    0, 
    90, 
    150, 
    100, 
    150, 
    290, 
    100, 
    320, 
    260, 
    350, 
    440, 
    190
   ], 
   [
    90, 
    0, 
    240, 
    190, 
    240, 
    380, 
    190, 
    410, 
    350, 
    440, 
    530, 
    280
   ], 
   [
    150, 
    240, 
    0, 
    220, 
    160, 
    300, 
    210, 
    330, 
    270, 
    360, 
    450, 
    120
   ], 
   [
    100, 
    190, 
    220, 
    0, 
    60, 
    200, 
    110, 
    230, 
    170, 
    260, 
    350, 
    100
   ], 
   [
    150, 
    240, 
    160, 
    60, 
    0, 
    140, 
    50, 
    170, 
    110, 
    200, 
    290, 
    40
   ], 
   [
    290, 
    380, 
    300, 
    200, 
    140, 
    0, 
    190, 
    120, 
    180, 
    190, 
    240, 
    180
   ], 
   [
    100, 
    190, 
    210, 
    110, 
    50, 
    190, 
    0, 
    220, 
    160, 
    250, 
    340, 
    90
   ], 
   [
    320, 
    410, 
    330, 
    230, 
    170, 
    120, 
    220, 
    0, 
    60, 
    70, 
    120, 
    210
   ], 
   [
    260, 
    350, 
    270, 
    170, 
    110, 
    180, 
    160, 
    60, 
    0, 
    90, 
    180, 
    150
   ], 
   [
    350, 
    440, 
    360, 
    260, 
    200, 
    190, 
    250, 
    70, 
    90, 
    0, 
    190, 
    240
   ], 
   [
    440, 
    530, 
    450, 
    350, 
    290, 
    240, 
    340, 
    120, 
    180, 
    190, 
    0, 
    330
   ], 
   [
    190, 
    280, 
    120, 
    100, 
    40, 
    180, 
    90, 
    210, 
    150, 
    240, 
    330, 
    0
   ]
  ], 
  "weight_matrix": [
   [
    0, 
    3, 
    3, 
    3, 
    3, 
    3, 
    3, 
    3, 
    3, 
    3, 
    3, 
    3
   ], 
   [
    3, 
    0, 
    3, 
    3, 
    3, 
    3, 
    3, 
    3, 
    3, 
    3, 
    3, 
    3
   ], 
   [
    3, 
    3, 
    0, 
    3, 
    3, 
    3, 
    3, 
    3, 
    3, 
    3, 
    3, 
    3
   ], 
   [
    3, 
    3, 
    3, 
    0, 
    3, 
    3, 
    3, 
    3, 
    3, 
    3, 
    3, 
    3
   ], 
   [
    3, 
    3, 
    3, 
    3, 
    0, 
    3, 
    3, 
    3, 
    3, 
    3, 
    3, 
    3
   ], 
   [
    3, 
    3, 
    3, 
    3, 
    3, 
    0, 
    3, 
    3, 
    3, 
    3, 
    3, 
    3
   ], 
   [
    3, 
    3, 
    3, 
    3, 
    3, 
    3, 
    0, 
    3, 
    3, 
    3, 
    3, 
    3
   ], 
   [
    3, 
    3, 
    3, 
    3, 
    3, 
    3, 
    3, 
    0, 
    3, 
    3, 
    3, 
    3
   ], 
   [
    3, 
    3, 
    3, 
    3, 
    3, 
    3, 
    3, 
    3, 
    0, 
    3, 
    3, 
    3
   ], 
   [
    3, 
    3, 
    3, 
    3, 
    3, 
    3, 
    3, 
    3, 
    3, 
    0, 
    3, 
    3
   ], 
   [
    3, 
    3, 
    3, 
    3, 
    3, 
    3, 
    3, 
    3, 
    3, 
    3, 
    0, 
    3
   ], 
   [
    3, 
    3, 
    3, 
    3, 
    3, 
    3, 
    3, 
    3, 
    3, 
    3, 
    3, 
    0
   ]
  ], 
  "city_names": [
   "Lausanne", 
   "Gen\u00c3\u00a8ve", 
   "Sion", 
   "Neuch\u00c3\u00a2tel", 
   "Bern", 
   "Basel", 
   "Fribourg", 
   "Z\u00c3\u00bcrich", 
   "Aarau", 
   "Luzern", 
   "St-Gallen", 
   "Thun"
  ], 
  "reward_matrix": [
   [
    0, 
    89805, 
    77572, 
    87766, 
    77572, 
    49030, 
    87766, 
    42913, 
    55146, 
    36797, 
    18448, 
    69417
   ], 
   [
    89805, 
    0, 
    59223, 
    69417, 
    59223, 
    30681, 
    69417, 
    24565, 
    36797, 
    18448, 
    100, 
    51068
   ], 
   [
    77572, 
    59223, 
    0, 
    63301, 
    75533, 
    46991, 
    65340, 
    40875, 
    53107, 
    34758, 
    16410, 
    83688
   ], 
   [
    87766, 
    69417, 
    63301, 
    0, 
    95921, 
    67378, 
    85727, 
    61262, 
    73495, 
    55146, 
    36797, 
    87766
   ], 
   [
    77572, 
    59223, 
    75533, 
    95921, 
    0, 
    79611, 
    97960, 
    73495, 
    85727, 
    67378, 
    49030, 
    99999
   ], 
   [
    49030, 
    30681, 
    46991, 
    67378, 
    79611, 
    0, 
    69417, 
    83688, 
    71456, 
    69417, 
    59223, 
    71456
   ], 
   [
    87766, 
    69417, 
    65340, 
    85727, 
    97960, 
    69417, 
    0, 
    63301, 
    75533, 
    57185, 
    38836, 
    89805
   ], 
   [
    42913, 
    24565, 
    40875, 
    61262, 
    73495, 
    83688, 
    63301, 
    0, 
    95921, 
    93882, 
    83688, 
    65340
   ], 
   [
    55146, 
    36797, 
    53107, 
    73495, 
    85727, 
    71456, 
    75533, 
    95921, 
    0, 
    89805, 
    71456, 
    77572
   ], 
   [
    36797, 
    18448, 
    34758, 
    55146, 
    67378, 
    69417, 
    57185, 
    93882, 
    89805, 
    0, 
    69417, 
    59223
   ], 
   [
    18448, 
    100, 
    16410, 
    36797, 
    49030, 
    59223, 
    38836, 
    83688, 
    71456, 
    69417, 
    0, 
    40875
   ], 
   [
    69417, 
    51068, 
    83688, 
    87766, 
    99999, 
    71456, 
    89805, 
    65340, 
    77572, 
    59223, 
    40875, 
    0
   ]
  ], 
  "probability_matrix": [
   [
    0, 
    0.08346908090579686, 
    0.0008339595784631813, 
    0.00193091797319915, 
    0.08697493867074445, 
    0.14136170034942436, 
    0.16158916555193417, 
    0.02517645433456162, 
    0.09125796359223425, 
    0.163305133646909, 
    0.12720675796648645, 
    0.11689392743024658
   ], 
   [
    0.027737508760264335, 
    0, 
    0.0009649523715855735, 
    0.10377697571322021, 
    0.17871891453336713, 
    0.08257176973710732, 
    0.006730271514962062, 
    0.10093688712248666, 
    0.16971814367515545, 
    0.016684911153350003, 
    0.1512562968020849, 
    0.16090336861641627
   ], 
   [
    0.016395608182540475, 
    0.05535034497498116, 
    0, 
    0.09815851235057031, 
    0.16938356156898976, 
    0.06728800948861322, 
    0.11515185131027114, 
    0.09503601963946937, 
    0.04166224305757604, 
    0.07522146103846904, 
    0.15352773723435742, 
    0.11282465115416204
   ], 
   [
    0.03629443932342015, 
    0.14748809992767853, 
    0.0802017570239451, 
    0, 
    0.03776192652059943, 
    0.09809735700609286, 
    0.10165126666278548, 
    0.006058262051319168, 
    0.0933452131990632, 
    0.13436528000801112, 
    0.12527306937653626, 
    0.13946332890054888
   ], 
   [
    0.1275041647672738, 
    0.08668926101046423, 
    0.1380320545039034, 
    0.06485878648070535, 
    0, 
    0.12422073451770296, 
    0.0752385040981401, 
    0.13144279315209273, 
    0.02972926025734816, 
    0.04068488206847442, 
    0.10397581770782184, 
    0.07762374143607263
   ], 
   [
    0.13174431595489394, 
    0.04060567247312737, 
    0.10148271915581168, 
    0.022964016659822412, 
    0.07989155207401005, 
    0, 
    0.15098407540643166, 
    0.003978988805403614, 
    0.1619244030217851, 
    0.05831705759486998, 
    0.13383458569767717, 
    0.11427261315616717
   ], 
   [
    0.1076508291658781, 
    0.11366936907276111, 
    0.02407192461479556, 
    0.11451015918083689, 
    0.029173585491435703, 
    0.13120557306250888, 
    0, 
    0.09700247148002324, 
    0.05590520422226266, 
    0.04102875535826725, 
    0.14321815258678766, 
    0.14256397576444307
   ], 
   [
    0.006337288439757593, 
    0.053142085526466626, 
    0.03145849728284979, 
    0.06299361053972861, 
    0.06000641303145911, 
    0.2949462338324785, 
    0.09872804977199695, 
    0, 
    0.08218560300975558, 
    0.004950181068185232, 
    0.2407497637605544, 
    0.0645022737367677
   ], 
   [
    0.04608289566545242, 
    0.1830892440736253, 
    0.04389423233746342, 
    0.006061481942609952, 
    0.14740827251765176, 
    0.005537037567474258, 
    0.012940879865751927, 
    0.15671943359601923, 
    0, 
    0.2123032086258118, 
    0.046592264986260436, 
    0.13937104882187934
   ], 
   [
    0.0892085620736578, 
    0.11235859809927926, 
    0.037064811908334355, 
    0.1152937907698676, 
    0.11392353931793933, 
    0.08332591090156558, 
    0.04876883745250263, 
    0.12529668349924777, 
    0.08833181876552815, 
    0, 
    0.07556681032643027, 
    0.11086063688564728
   ], 
   [
    0.06514856956922144, 
    0.0786592696084371, 
    0.08572837590867177, 
    0.020663512812628012, 
    0.1331404499843217, 
    0.08365151870435145, 
    0.10625495291468123, 
    0.09355594917867734, 
    0.11015778638288225, 
    0.11544050050810206, 
    0, 
    0.10759911442802553
   ], 
   [
    0.038914704649445506, 
    0.034766522474264934, 
    0.09774089868231178, 
    0.061971651035478324, 
    0.02590339949929398, 
    0.1626345028946378, 
    0.10350574377154895, 
    0.15610291619462682, 
    0.07456109162901188, 
    0.09326766091846776, 
    0.15063090825091202, 
    0
   ]
  ]
 }, 
 "vehicle_capacities": [
  15, 
  15, 
  15, 
  30, 
  30, 
  30, 
  30, 
  30, 
  30, 
  30, 
  30, 
  30
 ]
}