{
 "vehicle_cost_per_km": [
  5, 
  5, 
  5, 
  5, 
  5
 ], 
 "runs": [
  {
   "avg_task_cost_vs_number_of_task": [
    4850, 
    2425, 
    1766.6666666666667, 
    1325, 
    1060, 
    883.3333333333334, 
    835.7142857142857, 
    793.75, 
    838.8888888888889, 
    755, 
    772.7272727272727, 
    800, 
    769.2307692307693, 
    767.8571428571429, 
    753.3333333333334, 
    706.25, 
    647.0588235294117, 
    655.5555555555555, 
    592.1052631578947, 
    590, 
    597.6190476190476, 
    579.5454545454545, 
    571.7391304347826, 
    589.5833333333334, 
    546, 
    534.6153846153846, 
    525.925925925926, 
    589.2857142857143, 
    617.2413793103449, 
    610
   ], 
   "number_of_vehicles": 3
  }
 ], 
 "vehicle_starting_positions": [
  "Lausanne", 
  "Gen\u00e8ve", 
  "Sion", 
  "Neuch\u00e2tel", 
  "Bern", 
  "Basel", 
  "Fribourg", 
  "Z\u00fcrich", 
  "Aarau", 
  "Luzern", 
  "St-Gallen", 
  "Thun"
 ], 
 "task_distribution": {
  "distance_matrix": [
   [
    0, 
    90, 
    150, 
    100, 
    150, 
    290, 
    100, 
    320, 
    260, 
    350, 
    440, 
    190
   ], 
   [
    90, 
    0, 
    240, 
    190, 
    240, 
    380, 
    190, 
    410, 
    350, 
    440, 
    530, 
    280
   ], 
   [
    150, 
    240, 
    0, 
    220, 
    160, 
    300, 
    210, 
    330, 
    270, 
    360, 
    450, 
    120
   ], 
   [
    100, 
    190, 
    220, 
    0, 
    60, 
    200, 
    110, 
    230, 
    170, 
    260, 
    350, 
    100
   ], 
   [
    150, 
    240, 
    160, 
    60, 
    0, 
    140, 
    50, 
    170, 
    110, 
    200, 
    290, 
    40
   ], 
   [
    290, 
    380, 
    300, 
    200, 
    140, 
    0, 
    190, 
    120, 
    180, 
    190, 
    240, 
    180
   ], 
   [
    100, 
    190, 
    210, 
    110, 
    50, 
    190, 
    0, 
    220, 
    160, 
    250, 
    340, 
    90
   ], 
   [
    320, 
    410, 
    330, 
    230, 
    170, 
    120, 
    220, 
    0, 
    60, 
    70, 
    120, 
    210
   ], 
   [
    260, 
    350, 
    270, 
    170, 
    110, 
    180, 
    160, 
    60, 
    0, 
    90, 
    180, 
    150
   ], 
   [
    350, 
    440, 
    360, 
    260, 
    200, 
    190, 
    250, 
    70, 
    90, 
    0, 
    190, 
    240
   ], 
   [
    440, 
    530, 
    450, 
    350, 
    290, 
    240, 
    340, 
    120, 
    180, 
    190, 
    0, 
    330
   ], 
   [
    190, 
    280, 
    120, 
    100, 
    40, 
    180, 
    90, 
    210, 
    150, 
    240, 
    330, 
    0
   ]
  ], 
  "weight_matrix": [
   [
    0, 
    3, 
    3, 
    3, 
    3, 
    3, 
    3, 
    3, 
    3, 
    3, 
    3, 
    3
   ], 
   [
    3, 
    0, 
    3, 
    3, 
    3, 
    3, 
    3, 
    3, 
    3, 
    3, 
    3, 
    3
   ], 
   [
    3, 
    3, 
    0, 
    3, 
    3, 
    3, 
    3, 
    3, 
    3, 
    3, 
    3, 
    3
   ], 
   [
    3, 
    3, 
    3, 
    0, 
    3, 
    3, 
    3, 
    3, 
    3, 
    3, 
    3, 
    3
   ], 
   [
    3, 
    3, 
    3, 
    3, 
    0, 
    3, 
    3, 
    3, 
    3, 
    3, 
    3, 
    3
   ], 
   [
    3, 
    3, 
    3, 
    3, 
    3, 
    0, 
    3, 
    3, 
    3, 
    3, 
    3, 
    3
   ], 
   [
    3, 
    3, 
    3, 
    3, 
    3, 
    3, 
    0, 
    3, 
    3, 
    3, 
    3, 
    3
   ], 
   [
    3, 
    3, 
    3, 
    3, 
    3, 
    3, 
    3, 
    0, 
    3, 
    3, 
    3, 
    3
   ], 
   [
    3, 
    3, 
    3, 
    3, 
    3, 
    3, 
    3, 
    3, 
    0, 
    3, 
    3, 
    3
   ], 
   [
    3, 
    3, 
    3, 
    3, 
    3, 
    3, 
    3, 
    3, 
    3, 
    0, 
    3, 
    3
   ], 
   [
    3, 
    3, 
    3, 
    3, 
    3, 
    3, 
    3, 
    3, 
    3, 
    3, 
    0, 
    3
   ], 
   [
    3, 
    3, 
    3, 
    3, 
    3, 
    3, 
    3, 
    3, 
    3, 
    3, 
    3, 
    0
   ]
  ], 
  "city_names": [
   "Lausanne", 
   "Gen\u00e8ve", 
   "Sion", 
   "Neuch\u00e2tel", 
   "Bern", 
   "Basel", 
   "Fribourg", 
   "Z\u00fcrich", 
   "Aarau", 
   "Luzern", 
   "St-Gallen", 
   "Thun"
  ], 
  "reward_matrix": [
   [
    0, 
    89805, 
    77572, 
    87766, 
    77572, 
    49030, 
    87766, 
    42913, 
    55146, 
    36797, 
    18448, 
    69417
   ], 
   [
    89805, 
    0, 
    59223, 
    69417, 
    59223, 
    30681, 
    69417, 
    24565, 
    36797, 
    18448, 
    100, 
    51068
   ], 
   [
    77572, 
    59223, 
    0, 
    63301, 
    75533, 
    46991, 
    65340, 
    40875, 
    53107, 
    34758, 
    16410, 
    83688
   ], 
   [
    87766, 
    69417, 
    63301, 
    0, 
    95921, 
    67378, 
    85727, 
    61262, 
    73495, 
    55146, 
    36797, 
    87766
   ], 
   [
    77572, 
    59223, 
    75533, 
    95921, 
    0, 
    79611, 
    97960, 
    73495, 
    85727, 
    67378, 
    49030, 
    99999
   ], 
   [
    49030, 
    30681, 
    46991, 
    67378, 
    79611, 
    0, 
    69417, 
    83688, 
    71456, 
    69417, 
    59223, 
    71456
   ], 
   [
    87766, 
    69417, 
    65340, 
    85727, 
    97960, 
    69417, 
    0, 
    63301, 
    75533, 
    57185, 
    38836, 
    89805
   ], 
   [
    42913, 
    24565, 
    40875, 
    61262, 
    73495, 
    83688, 
    63301, 
    0, 
    95921, 
    93882, 
    83688, 
    65340
   ], 
   [
    55146, 
    36797, 
    53107, 
    73495, 
    85727, 
    71456, 
    75533, 
    95921, 
    0, 
    89805, 
    71456, 
    77572
   ], 
   [
    36797, 
    18448, 
    34758, 
    55146, 
    67378, 
    69417, 
    57185, 
    93882, 
    89805, 
    0, 
    69417, 
    59223
   ], 
   [
    18448, 
    100, 
    16410, 
    36797, 
    49030, 
    59223, 
    38836, 
    83688, 
    71456, 
    69417, 
    0, 
    40875
   ], 
   [
    69417, 
    51068, 
    83688, 
    87766, 
    99999, 
    71456, 
    89805, 
    65340, 
    77572, 
    59223, 
    40875, 
    0
   ]
  ], 
  "probability_matrix": [
   [
    0, 
    0.12883186649804718, 
    0.11498317748593126, 
    0.1183078215654685, 
    0.09335650603307871, 
    0.10604525755864525, 
    0.03214862423576548, 
    0.009309167291132979, 
    0.10419799992716922, 
    0.11151411818500533, 
    0.0947567237195915, 
    0.08654873750016459
   ], 
   [
    0.09590831755717703, 
    0, 
    0.11506177148489519, 
    0.046443316643808914, 
    0.031112820396583304, 
    0.04260042620582265, 
    0.04333582250202482, 
    0.1432805458665294, 
    0.140332726884339, 
    0.09563187877702589, 
    0.11747326218073839, 
    0.12881911150105535
   ], 
   [
    0.029254882070741197, 
    0.11575720358191521, 
    0, 
    0.05786617464145945, 
    0.11410061392379188, 
    0.12593817156547618, 
    0.09418424519914051, 
    0.02065419299267708, 
    0.10304916681606462, 
    0.011708825929888702, 
    0.17281987650637506, 
    0.15466664677247
   ], 
   [
    0.037510026204772805, 
    0.12272555749315929, 
    0.05201141317728781, 
    0, 
    0.08525353264989734, 
    0.08175723630505619, 
    0.11555128414195028, 
    0.08629190676550678, 
    0.11159850164218028, 
    0.11243027258432661, 
    0.07996911460248796, 
    0.11490115443337479
   ], 
   [
    0.0693328991509913, 
    0.17981739155166157, 
    0.057555845057306695, 
    0.02030525282694363, 
    0, 
    0.18024016608920887, 
    0.11090337654373267, 
    0.06072900262300137, 
    0.06455872246336689, 
    0.1612294478387572, 
    0.08502000470835175, 
    0.010307891146678001
   ], 
   [
    0.17054522819777182, 
    0.00017659331345584015, 
    0.0731055859106481, 
    0.014764077976506354, 
    0.016385978408061264, 
    0, 
    0.009245063338383657, 
    0.06506472417176357, 
    0.14503716976175224, 
    0.1830057808554361, 
    0.1711960138255291, 
    0.15147378424069194
   ], 
   [
    0.04303171551333506, 
    0.15557322900549428, 
    0.06278230780621855, 
    0.1380916083133514, 
    0.15828608925878557, 
    0.011362817203404905, 
    0, 
    0.17252014210220087, 
    0.07285095760003406, 
    0.0025132894400753196, 
    0.02684186535543907, 
    0.15614597840166095
   ], 
   [
    0.13344904475656266, 
    0.17235668859030562, 
    0.1390690136583637, 
    0.07641739544993348, 
    0.044523559097879264, 
    0.04652826914371998, 
    0.11095800522175008, 
    0, 
    0.16358332903448608, 
    0.0017831755222686694, 
    0.09441020730559034, 
    0.01692131221914005
   ], 
   [
    0.1889389563232407, 
    0.038475478293597334, 
    0.03919018358047029, 
    0.18198231427617997, 
    0.05898265018691659, 
    0.19997703605277828, 
    0.007220151289042971, 
    0.006065720458126502, 
    0, 
    0.047698329790622274, 
    0.09419121694670247, 
    0.1372779628023227
   ], 
   [
    0.1153095192394939, 
    0.08750596855886075, 
    0.0805498507867635, 
    0.10903048108098674, 
    0.08831220791666856, 
    0.07780739313864181, 
    0.07482461756265897, 
    0.08254338439101006, 
    0.05569625716897516, 
    0, 
    0.10494523784452578, 
    0.12347508231141475
   ], 
   [
    0.00836615340119206, 
    0.18599743146457987, 
    0.04477528288279425, 
    0.14710437022568815, 
    0.17697479532993793, 
    0.04972404408144335, 
    0.0623214519617771, 
    0.1821306634920324, 
    0.028235551170014014, 
    0.07159749907109102, 
    0, 
    0.04277275691944991
   ], 
   [
    0.001563605427176089, 
    0.010858915691386774, 
    0.09690492598707495, 
    0.07999360242827938, 
    0.09518185351865559, 
    0.1500368279379626, 
    0.19057015955353165, 
    0.007827631945151918, 
    0.14667535771434353, 
    0.04222448340487836, 
    0.17816263639155913, 
    0
   ]
  ]
 }, 
 "vehicle_capacities": [
  10, 
  10, 
  10, 
  30, 
  30, 
  30, 
  30, 
  30, 
  30, 
  30, 
  30, 
  30
 ]
}