{
 "vehicle_cost_per_km": [
  10, 
  5, 
  5, 
  5, 
  5, 
  5, 
  5, 
  5, 
  5, 
  5, 
  5, 
  5
 ], 
 "runs": [
  {
   "avg_task_cost_vs_number_of_task": [
    3250, 
    2050, 
    1366.6666666666667, 
    1025, 
    970, 
    891.6666666666666, 
    764.2857142857143, 
    812.5, 
    761.1111111111111, 
    790, 
    759.0909090909091, 
    700, 
    696.1538461538462, 
    689.2857142857143, 
    686.6666666666666, 
    631.25, 
    661.7647058823529, 
    655.5555555555555, 
    647.3684210526316, 
    627.5, 
    542.8571428571429, 
    611.3636363636364, 
    604.3478260869565, 
    672.9166666666666, 
    648, 
    675, 
    624.074074074074, 
    689.2857142857143, 
    670.6896551724138, 
    635
   ], 
   "number_of_vehicles": 3
  }
 ], 
 "vehicle_starting_positions": [
  "Lausanne", 
  "Gen\u00c3\u00a8ve", 
  "Sion", 
  "Neuch\u00c3\u00a2tel", 
  "Bern", 
  "Basel", 
  "Fribourg", 
  "Z\u00c3\u00bcrich", 
  "Aarau", 
  "Luzern", 
  "St-Gallen", 
  "Thun"
 ], 
 "task_distribution": {
  "distance_matrix": [
   [
    0, 
    90, 
    150, 
    100, 
    150, 
    290, 
    100, 
    320, 
    260, 
    350, 
    440, 
    190
   ], 
   [
    90, 
    0, 
    240, 
    190, 
    240, 
    380, 
    190, 
    410, 
    350, 
    440, 
    530, 
    280
   ], 
   [
    150, 
    240, 
    0, 
    220, 
    160, 
    300, 
    210, 
    330, 
    270, 
    360, 
    450, 
    120
   ], 
   [
    100, 
    190, 
    220, 
    0, 
    60, 
    200, 
    110, 
    230, 
    170, 
    260, 
    350, 
    100
   ], 
   [
    150, 
    240, 
    160, 
    60, 
    0, 
    140, 
    50, 
    170, 
    110, 
    200, 
    290, 
    40
   ], 
   [
    290, 
    380, 
    300, 
    200, 
    140, 
    0, 
    190, 
    120, 
    180, 
    190, 
    240, 
    180
   ], 
   [
    100, 
    190, 
    210, 
    110, 
    50, 
    190, 
    0, 
    220, 
    160, 
    250, 
    340, 
    90
   ], 
   [
    320, 
    410, 
    330, 
    230, 
    170, 
    120, 
    220, 
    0, 
    60, 
    70, 
    120, 
    210
   ], 
   [
    260, 
    350, 
    270, 
    170, 
    110, 
    180, 
    160, 
    60, 
    0, 
    90, 
    180, 
    150
   ], 
   [
    350, 
    440, 
    360, 
    260, 
    200, 
    190, 
    250, 
    70, 
    90, 
    0, 
    190, 
    240
   ], 
   [
    440, 
    530, 
    450, 
    350, 
    290, 
    240, 
    340, 
    120, 
    180, 
    190, 
    0, 
    330
   ], 
   [
    190, 
    280, 
    120, 
    100, 
    40, 
    180, 
    90, 
    210, 
    150, 
    240, 
    330, 
    0
   ]
  ], 
  "weight_matrix": [
   [
    0, 
    3, 
    3, 
    3, 
    3, 
    3, 
    3, 
    3, 
    3, 
    3, 
    3, 
    3
   ], 
   [
    3, 
    0, 
    3, 
    3, 
    3, 
    3, 
    3, 
    3, 
    3, 
    3, 
    3, 
    3
   ], 
   [
    3, 
    3, 
    0, 
    3, 
    3, 
    3, 
    3, 
    3, 
    3, 
    3, 
    3, 
    3
   ], 
   [
    3, 
    3, 
    3, 
    0, 
    3, 
    3, 
    3, 
    3, 
    3, 
    3, 
    3, 
    3
   ], 
   [
    3, 
    3, 
    3, 
    3, 
    0, 
    3, 
    3, 
    3, 
    3, 
    3, 
    3, 
    3
   ], 
   [
    3, 
    3, 
    3, 
    3, 
    3, 
    0, 
    3, 
    3, 
    3, 
    3, 
    3, 
    3
   ], 
   [
    3, 
    3, 
    3, 
    3, 
    3, 
    3, 
    0, 
    3, 
    3, 
    3, 
    3, 
    3
   ], 
   [
    3, 
    3, 
    3, 
    3, 
    3, 
    3, 
    3, 
    0, 
    3, 
    3, 
    3, 
    3
   ], 
   [
    3, 
    3, 
    3, 
    3, 
    3, 
    3, 
    3, 
    3, 
    0, 
    3, 
    3, 
    3
   ], 
   [
    3, 
    3, 
    3, 
    3, 
    3, 
    3, 
    3, 
    3, 
    3, 
    0, 
    3, 
    3
   ], 
   [
    3, 
    3, 
    3, 
    3, 
    3, 
    3, 
    3, 
    3, 
    3, 
    3, 
    0, 
    3
   ], 
   [
    3, 
    3, 
    3, 
    3, 
    3, 
    3, 
    3, 
    3, 
    3, 
    3, 
    3, 
    0
   ]
  ], 
  "city_names": [
   "Lausanne", 
   "Gen\u00c3\u00a8ve", 
   "Sion", 
   "Neuch\u00c3\u00a2tel", 
   "Bern", 
   "Basel", 
   "Fribourg", 
   "Z\u00c3\u00bcrich", 
   "Aarau", 
   "Luzern", 
   "St-Gallen", 
   "Thun"
  ], 
  "reward_matrix": [
   [
    0, 
    89805, 
    77572, 
    87766, 
    77572, 
    49030, 
    87766, 
    42913, 
    55146, 
    36797, 
    18448, 
    69417
   ], 
   [
    89805, 
    0, 
    59223, 
    69417, 
    59223, 
    30681, 
    69417, 
    24565, 
    36797, 
    18448, 
    100, 
    51068
   ], 
   [
    77572, 
    59223, 
    0, 
    63301, 
    75533, 
    46991, 
    65340, 
    40875, 
    53107, 
    34758, 
    16410, 
    83688
   ], 
   [
    87766, 
    69417, 
    63301, 
    0, 
    95921, 
    67378, 
    85727, 
    61262, 
    73495, 
    55146, 
    36797, 
    87766
   ], 
   [
    77572, 
    59223, 
    75533, 
    95921, 
    0, 
    79611, 
    97960, 
    73495, 
    85727, 
    67378, 
    49030, 
    99999
   ], 
   [
    49030, 
    30681, 
    46991, 
    67378, 
    79611, 
    0, 
    69417, 
    83688, 
    71456, 
    69417, 
    59223, 
    71456
   ], 
   [
    87766, 
    69417, 
    65340, 
    85727, 
    97960, 
    69417, 
    0, 
    63301, 
    75533, 
    57185, 
    38836, 
    89805
   ], 
   [
    42913, 
    24565, 
    40875, 
    61262, 
    73495, 
    83688, 
    63301, 
    0, 
    95921, 
    93882, 
    83688, 
    65340
   ], 
   [
    55146, 
    36797, 
    53107, 
    73495, 
    85727, 
    71456, 
    75533, 
    95921, 
    0, 
    89805, 
    71456, 
    77572
   ], 
   [
    36797, 
    18448, 
    34758, 
    55146, 
    67378, 
    69417, 
    57185, 
    93882, 
    89805, 
    0, 
    69417, 
    59223
   ], 
   [
    18448, 
    100, 
    16410, 
    36797, 
    49030, 
    59223, 
    38836, 
    83688, 
    71456, 
    69417, 
    0, 
    40875
   ], 
   [
    69417, 
    51068, 
    83688, 
    87766, 
    99999, 
    71456, 
    89805, 
    65340, 
    77572, 
    59223, 
    40875, 
    0
   ]
  ], 
  "probability_matrix": [
   [
    0, 
    0.02154679413431962, 
    0.06325093338792298, 
    0.10540565936230052, 
    0.13284898309385057, 
    0.0522879541025568, 
    0.10513397492252473, 
    0.10932180831672897, 
    0.07318305831068801, 
    0.14167617813465883, 
    0.12071620953351088, 
    0.0746284467009383
   ], 
   [
    0.032981473028506146, 
    0, 
    0.04462882997142035, 
    0.09163036546705443, 
    0.07223190958955603, 
    0.017595101686828468, 
    0.1768964497441486, 
    0.11177962875815228, 
    0.01901095160729453, 
    0.09945433370854166, 
    0.16919360039479184, 
    0.16459735604370582
   ], 
   [
    0.1254353581694018, 
    0.010549748868328037, 
    0, 
    0.12669594570638673, 
    0.13712499099121014, 
    0.038781253072359516, 
    0.14823197642463765, 
    0.1290655050014905, 
    0.020463543986180697, 
    0.13339636142569844, 
    0.10654672569444362, 
    0.023708590659862815
   ], 
   [
    0.13581358935212381, 
    0.1055080564856183, 
    0.09997314435221942, 
    0, 
    0.1379133110228213, 
    0.09985118576551663, 
    0.04872646250480146, 
    0.12863475796569449, 
    0.07596050036945302, 
    0.05496408663428369, 
    0.01615215545830861, 
    0.09650275008915943
   ], 
   [
    0.12143759249180851, 
    0.0777880044981234, 
    0.02898671584114807, 
    0.13452410877325907, 
    0, 
    0.15834226314584773, 
    0.009647733297630866, 
    0.11079474333645732, 
    0.1354596798228371, 
    0.06247512453836918, 
    0.07706600080302133, 
    0.08347803345149746
   ], 
   [
    0.04048493773552787, 
    0.09170849486096595, 
    0.034654707978065566, 
    0.2493910336648241, 
    0.0964472931231558, 
    0, 
    0.06364536387861743, 
    0.050736288907169406, 
    0.17239488750284368, 
    0.04499109037579274, 
    0.05802238839020394, 
    0.0975235135828334
   ], 
   [
    0.11150579049084426, 
    0.09851456771565299, 
    0.094461828694069, 
    0.07729029578050231, 
    0.10117577590998159, 
    0.13803143859950043, 
    0, 
    0.13364726923802833, 
    0.060638104610696256, 
    0.05451207310442976, 
    0.05276433773456159, 
    0.07745851812173364
   ], 
   [
    0.09181872612807306, 
    0.07919479389517403, 
    0.09917728256591897, 
    0.05424346080414285, 
    0.10416347455033231, 
    0.10320015104988482, 
    0.1073582837203187, 
    0, 
    0.04050713464363602, 
    0.09841566986627705, 
    0.10830877682850906, 
    0.11361224594773293
   ], 
   [
    0.045194227074872736, 
    0.03915397126795994, 
    0.11969513938546009, 
    0.030431799781850823, 
    0.10729810951849898, 
    0.003881269905395955, 
    0.11470578524252491, 
    0.16665988367389506, 
    0, 
    0.11976472488593966, 
    0.09070586888511688, 
    0.16250922037848495
   ], 
   [
    0.03293643447290943, 
    0.12935566518114566, 
    0.15481432981021157, 
    0.16812903831413015, 
    0.09441726915035162, 
    0.054677230603377855, 
    0.03209451905440084, 
    0.08681877014400342, 
    0.013768646942727336, 
    0, 
    0.07094363071775278, 
    0.16204446560898939
   ], 
   [
    0.12595593058793333, 
    0.10558190138280664, 
    0.13362568093318616, 
    0.08739472479792694, 
    0.11313066376823541, 
    0.0627998092770024, 
    0.059100701297540165, 
    0.12006504565926386, 
    0.014785817123533098, 
    0.13060309723104171, 
    0, 
    0.046956627941530334
   ], 
   [
    0.046082070586036514, 
    0.028319959263959943, 
    0.15135550729680752, 
    0.09163775244608895, 
    0.13191159645368655, 
    0.04396362323323203, 
    0.1476934524739046, 
    0.20596793632578345, 
    0.013869740357963711, 
    0.052599919090357806, 
    0.0865984424721791, 
    0
   ]
  ]
 }, 
 "vehicle_capacities": [
  15, 
  15, 
  15, 
  30, 
  30, 
  30, 
  30, 
  30, 
  30, 
  30, 
  30, 
  30
 ]
}