{
 "vehicle_cost_per_km": [
  5, 
  15, 
  15, 
  5, 
  5, 
  5, 
  5, 
  5, 
  5, 
  5, 
  5, 
  5
 ], 
 "runs": [
  {
   "avg_task_cost_vs_number_of_task": [
    3250, 
    2675, 
    2950, 
    2262.5, 
    1810, 
    1708.3333333333333, 
    1464.2857142857142, 
    1368.75, 
    1383.3333333333333, 
    1300, 
    1245.4545454545455, 
    1358.3333333333333, 
    1376.923076923077, 
    1367.857142857143, 
    1403.3333333333333, 
    1609.375, 
    1538.235294117647, 
    1427.7777777777778, 
    1505.2631578947369, 
    1507.5, 
    1509.5238095238096, 
    1454.5454545454545, 
    1473.9130434782608, 
    1570.8333333333333, 
    1486, 
    1478.8461538461538, 
    1511.111111111111, 
    1457.142857142857, 
    1410.344827586207, 
    1388.3333333333333
   ], 
   "number_of_vehicles": 3
  }
 ], 
 "vehicle_starting_positions": [
  "Lausanne", 
  "Gen\u00c3\u00a8ve", 
  "Sion", 
  "Neuch\u00c3\u00a2tel", 
  "Bern", 
  "Basel", 
  "Fribourg", 
  "Z\u00c3\u00bcrich", 
  "Aarau", 
  "Luzern", 
  "St-Gallen", 
  "Thun"
 ], 
 "task_distribution": {
  "distance_matrix": [
   [
    0, 
    90, 
    150, 
    100, 
    150, 
    290, 
    100, 
    320, 
    260, 
    350, 
    440, 
    190
   ], 
   [
    90, 
    0, 
    240, 
    190, 
    240, 
    380, 
    190, 
    410, 
    350, 
    440, 
    530, 
    280
   ], 
   [
    150, 
    240, 
    0, 
    220, 
    160, 
    300, 
    210, 
    330, 
    270, 
    360, 
    450, 
    120
   ], 
   [
    100, 
    190, 
    220, 
    0, 
    60, 
    200, 
    110, 
    230, 
    170, 
    260, 
    350, 
    100
   ], 
   [
    150, 
    240, 
    160, 
    60, 
    0, 
    140, 
    50, 
    170, 
    110, 
    200, 
    290, 
    40
   ], 
   [
    290, 
    380, 
    300, 
    200, 
    140, 
    0, 
    190, 
    120, 
    180, 
    190, 
    240, 
    180
   ], 
   [
    100, 
    190, 
    210, 
    110, 
    50, 
    190, 
    0, 
    220, 
    160, 
    250, 
    340, 
    90
   ], 
   [
    320, 
    410, 
    330, 
    230, 
    170, 
    120, 
    220, 
    0, 
    60, 
    70, 
    120, 
    210
   ], 
   [
    260, 
    350, 
    270, 
    170, 
    110, 
    180, 
    160, 
    60, 
    0, 
    90, 
    180, 
    150
   ], 
   [
    350, 
    440, 
    360, 
    260, 
    200, 
    190, 
    250, 
    70, 
    90, 
    0, 
    190, 
    240
   ], 
   [
    440, 
    530, 
    450, 
    350, 
    290, 
    240, 
    340, 
    120, 
    180, 
    190, 
    0, 
    330
   ], 
   [
    190, 
    280, 
    120, 
    100, 
    40, 
    180, 
    90, 
    210, 
    150, 
    240, 
    330, 
    0
   ]
  ], 
  "weight_matrix": [
   [
    0, 
    3, 
    3, 
    3, 
    3, 
    3, 
    3, 
    3, 
    3, 
    3, 
    3, 
    3
   ], 
   [
    3, 
    0, 
    3, 
    3, 
    3, 
    3, 
    3, 
    3, 
    3, 
    3, 
    3, 
    3
   ], 
   [
    3, 
    3, 
    0, 
    3, 
    3, 
    3, 
    3, 
    3, 
    3, 
    3, 
    3, 
    3
   ], 
   [
    3, 
    3, 
    3, 
    0, 
    3, 
    3, 
    3, 
    3, 
    3, 
    3, 
    3, 
    3
   ], 
   [
    3, 
    3, 
    3, 
    3, 
    0, 
    3, 
    3, 
    3, 
    3, 
    3, 
    3, 
    3
   ], 
   [
    3, 
    3, 
    3, 
    3, 
    3, 
    0, 
    3, 
    3, 
    3, 
    3, 
    3, 
    3
   ], 
   [
    3, 
    3, 
    3, 
    3, 
    3, 
    3, 
    0, 
    3, 
    3, 
    3, 
    3, 
    3
   ], 
   [
    3, 
    3, 
    3, 
    3, 
    3, 
    3, 
    3, 
    0, 
    3, 
    3, 
    3, 
    3
   ], 
   [
    3, 
    3, 
    3, 
    3, 
    3, 
    3, 
    3, 
    3, 
    0, 
    3, 
    3, 
    3
   ], 
   [
    3, 
    3, 
    3, 
    3, 
    3, 
    3, 
    3, 
    3, 
    3, 
    0, 
    3, 
    3
   ], 
   [
    3, 
    3, 
    3, 
    3, 
    3, 
    3, 
    3, 
    3, 
    3, 
    3, 
    0, 
    3
   ], 
   [
    3, 
    3, 
    3, 
    3, 
    3, 
    3, 
    3, 
    3, 
    3, 
    3, 
    3, 
    0
   ]
  ], 
  "city_names": [
   "Lausanne", 
   "Gen\u00c3\u00a8ve", 
   "Sion", 
   "Neuch\u00c3\u00a2tel", 
   "Bern", 
   "Basel", 
   "Fribourg", 
   "Z\u00c3\u00bcrich", 
   "Aarau", 
   "Luzern", 
   "St-Gallen", 
   "Thun"
  ], 
  "reward_matrix": [
   [
    0, 
    89805, 
    77572, 
    87766, 
    77572, 
    49030, 
    87766, 
    42913, 
    55146, 
    36797, 
    18448, 
    69417
   ], 
   [
    89805, 
    0, 
    59223, 
    69417, 
    59223, 
    30681, 
    69417, 
    24565, 
    36797, 
    18448, 
    100, 
    51068
   ], 
   [
    77572, 
    59223, 
    0, 
    63301, 
    75533, 
    46991, 
    65340, 
    40875, 
    53107, 
    34758, 
    16410, 
    83688
   ], 
   [
    87766, 
    69417, 
    63301, 
    0, 
    95921, 
    67378, 
    85727, 
    61262, 
    73495, 
    55146, 
    36797, 
    87766
   ], 
   [
    77572, 
    59223, 
    75533, 
    95921, 
    0, 
    79611, 
    97960, 
    73495, 
    85727, 
    67378, 
    49030, 
    99999
   ], 
   [
    49030, 
    30681, 
    46991, 
    67378, 
    79611, 
    0, 
    69417, 
    83688, 
    71456, 
    69417, 
    59223, 
    71456
   ], 
   [
    87766, 
    69417, 
    65340, 
    85727, 
    97960, 
    69417, 
    0, 
    63301, 
    75533, 
    57185, 
    38836, 
    89805
   ], 
   [
    42913, 
    24565, 
    40875, 
    61262, 
    73495, 
    83688, 
    63301, 
    0, 
    95921, 
    93882, 
    83688, 
    65340
   ], 
   [
    55146, 
    36797, 
    53107, 
    73495, 
    85727, 
    71456, 
    75533, 
    95921, 
    0, 
    89805, 
    71456, 
    77572
   ], 
   [
    36797, 
    18448, 
    34758, 
    55146, 
    67378, 
    69417, 
    57185, 
    93882, 
    89805, 
    0, 
    69417, 
    59223
   ], 
   [
    18448, 
    100, 
    16410, 
    36797, 
    49030, 
    59223, 
    38836, 
    83688, 
    71456, 
    69417, 
    0, 
    40875
   ], 
   [
    69417, 
    51068, 
    83688, 
    87766, 
    99999, 
    71456, 
    89805, 
    65340, 
    77572, 
    59223, 
    40875, 
    0
   ]
  ], 
  "probability_matrix": [
   [
    0, 
    0.17381047574840078, 
    0.046191353868831914, 
    0.15700979764456194, 
    0.05526161284508758, 
    0.11375249024635783, 
    0.04399073878294367, 
    0.06543948110469264, 
    0.07290906220950466, 
    0.0372926857401598, 
    0.10336068498307871, 
    0.1309816168263804
   ], 
   [
    0.03802472085497254, 
    0, 
    0.10883377182704612, 
    0.05780641211086797, 
    0.018866180086831448, 
    0.20828572528394274, 
    0.03822126444231418, 
    0.09585308111933093, 
    0.0943180979143792, 
    0.0033738273054251364, 
    0.16290151725442623, 
    0.17351540180046335
   ], 
   [
    0.11891705828966212, 
    0.0013165159839070124, 
    0, 
    0.14592357580357276, 
    0.10657153929833678, 
    0.0002819334917387348, 
    0.1371433070358293, 
    0.17937755467444783, 
    0.09702262396420003, 
    0.11033216522228592, 
    0.02875728733927905, 
    0.0743564388967406
   ], 
   [
    0.0032992198970970103, 
    0.04835869532128773, 
    0.20485677592324592, 
    0, 
    0.057476997251846115, 
    0.18625741113739078, 
    0.19450697424251617, 
    0.02141427793428867, 
    0.09130357585284314, 
    0.13117198625043563, 
    0.058869231539370154, 
    0.002484854649678715
   ], 
   [
    0.1717089741876838, 
    0.11638287792772682, 
    0.15185829262195144, 
    0.030095615902522292, 
    0, 
    0.041292766704490044, 
    0.06673477911043939, 
    0.1321384115556647, 
    0.11902142516776146, 
    0.0024087920550159765, 
    0.08095226526672598, 
    0.08740579950001794
   ], 
   [
    0.057916980460686544, 
    0.08249875258099758, 
    0.14556867189623257, 
    0.09595275692583453, 
    0.11733407624602993, 
    0, 
    0.04027830720526999, 
    0.04843044683278373, 
    0.061385923550016, 
    0.17555085700762393, 
    0.1584750665902037, 
    0.016608160704321473
   ], 
   [
    0.04596734370441379, 
    0.13673979457566965, 
    0.1319200394586923, 
    0.003370833535148699, 
    0.0544114673182437, 
    0.026383148797284015, 
    0, 
    0.16193793597107536, 
    0.1293040669932818, 
    0.024441963510311814, 
    0.13707564481870996, 
    0.1484477613171687
   ], 
   [
    0.0920653209485242, 
    0.11423426249477318, 
    0.1459436258767543, 
    0.06227674211819951, 
    0.13638860520129134, 
    0.032591190198289835, 
    0.04131138150085835, 
    0, 
    0.13426331367647995, 
    0.14110914679406508, 
    0.0422017062953247, 
    0.057614704895439704
   ], 
   [
    0.0376479386090764, 
    0.09566330891136753, 
    0.0705720778233486, 
    0.06434642333703426, 
    0.14307345865693694, 
    0.09391692414950353, 
    0.10183839330049813, 
    0.13086107518808943, 
    0, 
    0.10133447785912607, 
    0.10325542670092708, 
    0.05749049546409205
   ], 
   [
    0.0284911795140514, 
    0.13628088676327427, 
    0.0823787939123371, 
    0.08001504840070256, 
    0.1324083612221321, 
    0.13248857130104644, 
    0.0617285063193042, 
    0.10963153727956886, 
    0.03495974314930269, 
    0, 
    0.04898496241094888, 
    0.1526324097273314
   ], 
   [
    0.009180953475737158, 
    0.11713214440831138, 
    0.060706869858651216, 
    0.14878507006121408, 
    0.03355670080639506, 
    0.14367223619299793, 
    0.03934543885885458, 
    0.1582724212353588, 
    0.15599070135467585, 
    0.056259038443395415, 
    0, 
    0.07709842530440857
   ], 
   [
    0.09258264229663508, 
    0.17698042438642786, 
    0.022027063694604384, 
    0.1506553929590067, 
    0.04656968385284524, 
    0.10678936248216503, 
    0.06569089227206251, 
    0.035777322867430225, 
    0.15166079366613108, 
    0.00764028144689012, 
    0.14362614007580168, 
    0
   ]
  ]
 }, 
 "vehicle_capacities": [
  5, 
  5, 
  5, 
  30, 
  30, 
  30, 
  30, 
  30, 
  30, 
  30, 
  30, 
  30
 ]
}