{
 "vehicle_cost_per_km": [
  5, 
  5, 
  5, 
  5, 
  5
 ], 
 "runs": [
  {
   "avg_task_cost_vs_number_of_task": [
    1650, 
    1225, 
    816.6666666666666, 
    737.5, 
    740, 
    616.6666666666666, 
    528.5714285714286, 
    462.5, 
    483.3333333333333, 
    530, 
    531.8181818181819, 
    441.6666666666667, 
    484.61538461538464, 
    467.85714285714283, 
    556.6666666666666, 
    543.75, 
    491.1764705882353, 
    577.7777777777778, 
    607.8947368421053, 
    590, 
    645.2380952380952, 
    506.8181818181818, 
    504.3478260869565, 
    525, 
    580, 
    557.6923076923077, 
    544.4444444444445, 
    550, 
    517.2413793103449, 
    528.3333333333334
   ], 
   "number_of_vehicles": 3
  }
 ], 
 "vehicle_starting_positions": [
  "Lausanne", 
  "Gen\u00e8ve", 
  "Sion", 
  "Neuch\u00e2tel", 
  "Bern", 
  "Basel", 
  "Fribourg", 
  "Z\u00fcrich", 
  "Aarau", 
  "Luzern", 
  "St-Gallen", 
  "Thun"
 ], 
 "task_distribution": {
  "distance_matrix": [
   [
    0, 
    90, 
    150, 
    100, 
    150, 
    290, 
    100, 
    320, 
    260, 
    350, 
    440, 
    190
   ], 
   [
    90, 
    0, 
    240, 
    190, 
    240, 
    380, 
    190, 
    410, 
    350, 
    440, 
    530, 
    280
   ], 
   [
    150, 
    240, 
    0, 
    220, 
    160, 
    300, 
    210, 
    330, 
    270, 
    360, 
    450, 
    120
   ], 
   [
    100, 
    190, 
    220, 
    0, 
    60, 
    200, 
    110, 
    230, 
    170, 
    260, 
    350, 
    100
   ], 
   [
    150, 
    240, 
    160, 
    60, 
    0, 
    140, 
    50, 
    170, 
    110, 
    200, 
    290, 
    40
   ], 
   [
    290, 
    380, 
    300, 
    200, 
    140, 
    0, 
    190, 
    120, 
    180, 
    190, 
    240, 
    180
   ], 
   [
    100, 
    190, 
    210, 
    110, 
    50, 
    190, 
    0, 
    220, 
    160, 
    250, 
    340, 
    90
   ], 
   [
    320, 
    410, 
    330, 
    230, 
    170, 
    120, 
    220, 
    0, 
    60, 
    70, 
    120, 
    210
   ], 
   [
    260, 
    350, 
    270, 
    170, 
    110, 
    180, 
    160, 
    60, 
    0, 
    90, 
    180, 
    150
   ], 
   [
    350, 
    440, 
    360, 
    260, 
    200, 
    190, 
    250, 
    70, 
    90, 
    0, 
    190, 
    240
   ], 
   [
    440, 
    530, 
    450, 
    350, 
    290, 
    240, 
    340, 
    120, 
    180, 
    190, 
    0, 
    330
   ], 
   [
    190, 
    280, 
    120, 
    100, 
    40, 
    180, 
    90, 
    210, 
    150, 
    240, 
    330, 
    0
   ]
  ], 
  "weight_matrix": [
   [
    0, 
    3, 
    3, 
    3, 
    3, 
    3, 
    3, 
    3, 
    3, 
    3, 
    3, 
    3
   ], 
   [
    3, 
    0, 
    3, 
    3, 
    3, 
    3, 
    3, 
    3, 
    3, 
    3, 
    3, 
    3
   ], 
   [
    3, 
    3, 
    0, 
    3, 
    3, 
    3, 
    3, 
    3, 
    3, 
    3, 
    3, 
    3
   ], 
   [
    3, 
    3, 
    3, 
    0, 
    3, 
    3, 
    3, 
    3, 
    3, 
    3, 
    3, 
    3
   ], 
   [
    3, 
    3, 
    3, 
    3, 
    0, 
    3, 
    3, 
    3, 
    3, 
    3, 
    3, 
    3
   ], 
   [
    3, 
    3, 
    3, 
    3, 
    3, 
    0, 
    3, 
    3, 
    3, 
    3, 
    3, 
    3
   ], 
   [
    3, 
    3, 
    3, 
    3, 
    3, 
    3, 
    0, 
    3, 
    3, 
    3, 
    3, 
    3
   ], 
   [
    3, 
    3, 
    3, 
    3, 
    3, 
    3, 
    3, 
    0, 
    3, 
    3, 
    3, 
    3
   ], 
   [
    3, 
    3, 
    3, 
    3, 
    3, 
    3, 
    3, 
    3, 
    0, 
    3, 
    3, 
    3
   ], 
   [
    3, 
    3, 
    3, 
    3, 
    3, 
    3, 
    3, 
    3, 
    3, 
    0, 
    3, 
    3
   ], 
   [
    3, 
    3, 
    3, 
    3, 
    3, 
    3, 
    3, 
    3, 
    3, 
    3, 
    0, 
    3
   ], 
   [
    3, 
    3, 
    3, 
    3, 
    3, 
    3, 
    3, 
    3, 
    3, 
    3, 
    3, 
    0
   ]
  ], 
  "city_names": [
   "Lausanne", 
   "Gen\u00e8ve", 
   "Sion", 
   "Neuch\u00e2tel", 
   "Bern", 
   "Basel", 
   "Fribourg", 
   "Z\u00fcrich", 
   "Aarau", 
   "Luzern", 
   "St-Gallen", 
   "Thun"
  ], 
  "reward_matrix": [
   [
    0, 
    89805, 
    77572, 
    87766, 
    77572, 
    49030, 
    87766, 
    42913, 
    55146, 
    36797, 
    18448, 
    69417
   ], 
   [
    89805, 
    0, 
    59223, 
    69417, 
    59223, 
    30681, 
    69417, 
    24565, 
    36797, 
    18448, 
    100, 
    51068
   ], 
   [
    77572, 
    59223, 
    0, 
    63301, 
    75533, 
    46991, 
    65340, 
    40875, 
    53107, 
    34758, 
    16410, 
    83688
   ], 
   [
    87766, 
    69417, 
    63301, 
    0, 
    95921, 
    67378, 
    85727, 
    61262, 
    73495, 
    55146, 
    36797, 
    87766
   ], 
   [
    77572, 
    59223, 
    75533, 
    95921, 
    0, 
    79611, 
    97960, 
    73495, 
    85727, 
    67378, 
    49030, 
    99999
   ], 
   [
    49030, 
    30681, 
    46991, 
    67378, 
    79611, 
    0, 
    69417, 
    83688, 
    71456, 
    69417, 
    59223, 
    71456
   ], 
   [
    87766, 
    69417, 
    65340, 
    85727, 
    97960, 
    69417, 
    0, 
    63301, 
    75533, 
    57185, 
    38836, 
    89805
   ], 
   [
    42913, 
    24565, 
    40875, 
    61262, 
    73495, 
    83688, 
    63301, 
    0, 
    95921, 
    93882, 
    83688, 
    65340
   ], 
   [
    55146, 
    36797, 
    53107, 
    73495, 
    85727, 
    71456, 
    75533, 
    95921, 
    0, 
    89805, 
    71456, 
    77572
   ], 
   [
    36797, 
    18448, 
    34758, 
    55146, 
    67378, 
    69417, 
    57185, 
    93882, 
    89805, 
    0, 
    69417, 
    59223
   ], 
   [
    18448, 
    100, 
    16410, 
    36797, 
    49030, 
    59223, 
    38836, 
    83688, 
    71456, 
    69417, 
    0, 
    40875
   ], 
   [
    69417, 
    51068, 
    83688, 
    87766, 
    99999, 
    71456, 
    89805, 
    65340, 
    77572, 
    59223, 
    40875, 
    0
   ]
  ], 
  "probability_matrix": [
   [
    0, 
    0.1258415247159714, 
    0.11677579744156108, 
    0.04582470302171796, 
    0.009692721624962736, 
    0.09612980687388989, 
    0.17860418956039706, 
    0.07685207985134654, 
    0.09395595813928134, 
    0.0243440666552852, 
    0.150076743588988, 
    0.081902408526599
   ], 
   [
    0.13800441523070545, 
    0, 
    0.07663880879405524, 
    0.025519808304634864, 
    0.13584147917949113, 
    0.11229305955692495, 
    0.11005919290489193, 
    0.0035839643201267288, 
    0.13944514873235117, 
    0.029292083293714792, 
    0.137609772242717, 
    0.09171226744038684
   ], 
   [
    0.08049302540586283, 
    0.04133520392917125, 
    0, 
    0.09600716300656982, 
    0.1450908051384769, 
    0.03696725185911551, 
    0.07534931807457426, 
    0.06421299560442191, 
    0.11774670575591759, 
    0.1365822318282263, 
    0.05699724428479267, 
    0.14921805511287106
   ], 
   [
    0.11696314837056693, 
    0.04967620445232405, 
    0.0025824022991841685, 
    0, 
    0.052099141783014474, 
    0.1410341492988069, 
    0.15956663101181093, 
    0.053316752224205725, 
    0.07249304227830743, 
    0.26800695976209654, 
    0.024505812981552997, 
    0.05975575553812993
   ], 
   [
    0.11660434695680996, 
    0.06954839754298538, 
    0.13987323795540718, 
    0.02655214358865194, 
    0, 
    0.08912523144277701, 
    0.10424657214380394, 
    0.15461173010905827, 
    0.08637299426813254, 
    0.0955457296939073, 
    0.011609096530343636, 
    0.10591051976812287
   ], 
   [
    0.14562428182262127, 
    0.031532689819316846, 
    0.14529929153585325, 
    0.018479954834131767, 
    0.008792844343410242, 
    0, 
    0.08080538450033782, 
    0.12205381114489909, 
    0.07887549284460027, 
    0.15482808958073818, 
    0.1032903503112308, 
    0.11041780926286036
   ], 
   [
    0.0713147620315411, 
    0.14768034992407725, 
    0.06667570851059104, 
    0.049342850393033204, 
    0.17385790482786403, 
    0.04925806018585753, 
    0, 
    0.09106870209750678, 
    0.18768104418321377, 
    0.09636945656893262, 
    0.05306616905002919, 
    0.013684992227353612
   ], 
   [
    0.15542100653547355, 
    0.03296362682865358, 
    0.17708844429542564, 
    0.1587899792093623, 
    0.05315116117323775, 
    0.052813268155526956, 
    0.10199951919614454, 
    0, 
    0.03934859899102146, 
    0.07582362669882903, 
    0.006731150934594618, 
    0.14586961798173037
   ], 
   [
    0.09446532620743571, 
    0.06555028236756631, 
    0.10834019284681995, 
    0.09319485634768601, 
    0.06256737359166863, 
    0.09556021519144126, 
    0.10992465538730793, 
    0.08511285913501146, 
    0, 
    0.11001558780491177, 
    0.1532749321373586, 
    0.02199371898279224
   ], 
   [
    0.08593720303357685, 
    0.025814800348959208, 
    0.11761491981723335, 
    0.07529761009508057, 
    0.12960298325462039, 
    0.12559436875732666, 
    0.10427594907943465, 
    0.08394866611429877, 
    0.10636726025466897, 
    0, 
    0.11790999245730045, 
    0.027636246787500107
   ], 
   [
    0.18370315999840087, 
    0.11795543449815461, 
    0.1673158249215448, 
    0.03880973642816611, 
    0.03349561008231298, 
    0.05491145897513738, 
    0.07265330995858188, 
    0.045685909726322235, 
    0.05715352461888877, 
    0.045441152260264454, 
    0, 
    0.18287487853222584
   ], 
   [
    0.18191757875528944, 
    0.009531000548652704, 
    0.12379654420865895, 
    0.026734006838169858, 
    0.06390654160804374, 
    0.14522383923409302, 
    0.13351446735966277, 
    0.047025622282053425, 
    0.13971347544734994, 
    0.00025549872331632995, 
    0.1283814249947098, 
    0
   ]
  ]
 }, 
 "vehicle_capacities": [
  15, 
  15, 
  15, 
  30, 
  30, 
  30, 
  30, 
  30, 
  30, 
  30, 
  30, 
  30
 ]
}