{
 "vehicle_cost_per_km": [
  5, 
  10, 
  5, 
  5, 
  5, 
  5, 
  5, 
  5, 
  5, 
  5, 
  5, 
  5
 ], 
 "runs": [
  {
   "avg_task_cost_vs_number_of_task": [
    3650, 
    2275, 
    1733.3333333333333, 
    1512.5, 
    1370, 
    1325, 
    1500, 
    1425, 
    1300, 
    1360, 
    1386.3636363636363, 
    1350, 
    1500, 
    1428.5714285714287, 
    1366.6666666666667, 
    1284.375, 
    1273.5294117647059, 
    1338.888888888889, 
    1315.7894736842106, 
    1377.5, 
    1369.047619047619, 
    1306.8181818181818, 
    1315.2173913043478, 
    1322.9166666666667, 
    1300, 
    1242.3076923076924, 
    1262.962962962963, 
    1260.7142857142858, 
    1301.7241379310344, 
    1273.3333333333333
   ], 
   "number_of_vehicles": 3
  }
 ], 
 "vehicle_starting_positions": [
  "Lausanne", 
  "Gen\u00c3\u00a8ve", 
  "Sion", 
  "Neuch\u00c3\u00a2tel", 
  "Bern", 
  "Basel", 
  "Fribourg", 
  "Z\u00c3\u00bcrich", 
  "Aarau", 
  "Luzern", 
  "St-Gallen", 
  "Thun"
 ], 
 "task_distribution": {
  "distance_matrix": [
   [
    0, 
    90, 
    150, 
    100, 
    150, 
    290, 
    100, 
    320, 
    260, 
    350, 
    440, 
    190
   ], 
   [
    90, 
    0, 
    240, 
    190, 
    240, 
    380, 
    190, 
    410, 
    350, 
    440, 
    530, 
    280
   ], 
   [
    150, 
    240, 
    0, 
    220, 
    160, 
    300, 
    210, 
    330, 
    270, 
    360, 
    450, 
    120
   ], 
   [
    100, 
    190, 
    220, 
    0, 
    60, 
    200, 
    110, 
    230, 
    170, 
    260, 
    350, 
    100
   ], 
   [
    150, 
    240, 
    160, 
    60, 
    0, 
    140, 
    50, 
    170, 
    110, 
    200, 
    290, 
    40
   ], 
   [
    290, 
    380, 
    300, 
    200, 
    140, 
    0, 
    190, 
    120, 
    180, 
    190, 
    240, 
    180
   ], 
   [
    100, 
    190, 
    210, 
    110, 
    50, 
    190, 
    0, 
    220, 
    160, 
    250, 
    340, 
    90
   ], 
   [
    320, 
    410, 
    330, 
    230, 
    170, 
    120, 
    220, 
    0, 
    60, 
    70, 
    120, 
    210
   ], 
   [
    260, 
    350, 
    270, 
    170, 
    110, 
    180, 
    160, 
    60, 
    0, 
    90, 
    180, 
    150
   ], 
   [
    350, 
    440, 
    360, 
    260, 
    200, 
    190, 
    250, 
    70, 
    90, 
    0, 
    190, 
    240
   ], 
   [
    440, 
    530, 
    450, 
    350, 
    290, 
    240, 
    340, 
    120, 
    180, 
    190, 
    0, 
    330
   ], 
   [
    190, 
    280, 
    120, 
    100, 
    40, 
    180, 
    90, 
    210, 
    150, 
    240, 
    330, 
    0
   ]
  ], 
  "weight_matrix": [
   [
    0, 
    3, 
    3, 
    3, 
    3, 
    3, 
    3, 
    3, 
    3, 
    3, 
    3, 
    3
   ], 
   [
    3, 
    0, 
    3, 
    3, 
    3, 
    3, 
    3, 
    3, 
    3, 
    3, 
    3, 
    3
   ], 
   [
    3, 
    3, 
    0, 
    3, 
    3, 
    3, 
    3, 
    3, 
    3, 
    3, 
    3, 
    3
   ], 
   [
    3, 
    3, 
    3, 
    0, 
    3, 
    3, 
    3, 
    3, 
    3, 
    3, 
    3, 
    3
   ], 
   [
    3, 
    3, 
    3, 
    3, 
    0, 
    3, 
    3, 
    3, 
    3, 
    3, 
    3, 
    3
   ], 
   [
    3, 
    3, 
    3, 
    3, 
    3, 
    0, 
    3, 
    3, 
    3, 
    3, 
    3, 
    3
   ], 
   [
    3, 
    3, 
    3, 
    3, 
    3, 
    3, 
    0, 
    3, 
    3, 
    3, 
    3, 
    3
   ], 
   [
    3, 
    3, 
    3, 
    3, 
    3, 
    3, 
    3, 
    0, 
    3, 
    3, 
    3, 
    3
   ], 
   [
    3, 
    3, 
    3, 
    3, 
    3, 
    3, 
    3, 
    3, 
    0, 
    3, 
    3, 
    3
   ], 
   [
    3, 
    3, 
    3, 
    3, 
    3, 
    3, 
    3, 
    3, 
    3, 
    0, 
    3, 
    3
   ], 
   [
    3, 
    3, 
    3, 
    3, 
    3, 
    3, 
    3, 
    3, 
    3, 
    3, 
    0, 
    3
   ], 
   [
    3, 
    3, 
    3, 
    3, 
    3, 
    3, 
    3, 
    3, 
    3, 
    3, 
    3, 
    0
   ]
  ], 
  "city_names": [
   "Lausanne", 
   "Gen\u00c3\u00a8ve", 
   "Sion", 
   "Neuch\u00c3\u00a2tel", 
   "Bern", 
   "Basel", 
   "Fribourg", 
   "Z\u00c3\u00bcrich", 
   "Aarau", 
   "Luzern", 
   "St-Gallen", 
   "Thun"
  ], 
  "reward_matrix": [
   [
    0, 
    89805, 
    77572, 
    87766, 
    77572, 
    49030, 
    87766, 
    42913, 
    55146, 
    36797, 
    18448, 
    69417
   ], 
   [
    89805, 
    0, 
    59223, 
    69417, 
    59223, 
    30681, 
    69417, 
    24565, 
    36797, 
    18448, 
    100, 
    51068
   ], 
   [
    77572, 
    59223, 
    0, 
    63301, 
    75533, 
    46991, 
    65340, 
    40875, 
    53107, 
    34758, 
    16410, 
    83688
   ], 
   [
    87766, 
    69417, 
    63301, 
    0, 
    95921, 
    67378, 
    85727, 
    61262, 
    73495, 
    55146, 
    36797, 
    87766
   ], 
   [
    77572, 
    59223, 
    75533, 
    95921, 
    0, 
    79611, 
    97960, 
    73495, 
    85727, 
    67378, 
    49030, 
    99999
   ], 
   [
    49030, 
    30681, 
    46991, 
    67378, 
    79611, 
    0, 
    69417, 
    83688, 
    71456, 
    69417, 
    59223, 
    71456
   ], 
   [
    87766, 
    69417, 
    65340, 
    85727, 
    97960, 
    69417, 
    0, 
    63301, 
    75533, 
    57185, 
    38836, 
    89805
   ], 
   [
    42913, 
    24565, 
    40875, 
    61262, 
    73495, 
    83688, 
    63301, 
    0, 
    95921, 
    93882, 
    83688, 
    65340
   ], 
   [
    55146, 
    36797, 
    53107, 
    73495, 
    85727, 
    71456, 
    75533, 
    95921, 
    0, 
    89805, 
    71456, 
    77572
   ], 
   [
    36797, 
    18448, 
    34758, 
    55146, 
    67378, 
    69417, 
    57185, 
    93882, 
    89805, 
    0, 
    69417, 
    59223
   ], 
   [
    18448, 
    100, 
    16410, 
    36797, 
    49030, 
    59223, 
    38836, 
    83688, 
    71456, 
    69417, 
    0, 
    40875
   ], 
   [
    69417, 
    51068, 
    83688, 
    87766, 
    99999, 
    71456, 
    89805, 
    65340, 
    77572, 
    59223, 
    40875, 
    0
   ]
  ], 
  "probability_matrix": [
   [
    0, 
    0.004881459343495013, 
    0.0642780290570483, 
    0.0690326503214746, 
    0.019067527218176804, 
    0.09262515988302061, 
    0.14997674539411687, 
    0.1358553033064307, 
    0.12157375183123166, 
    0.12883164589365448, 
    0.09036542408813936, 
    0.12351230366321168
   ], 
   [
    0.014287606651191886, 
    0, 
    0.0637254799256436, 
    0.0663476205519482, 
    0.14688972146915721, 
    0.06443820042165999, 
    0.16677025444775975, 
    0.09195480353472803, 
    0.1908771917762863, 
    0.038590037266577046, 
    0.12220175692532388, 
    0.03391732702972402
   ], 
   [
    0.10097807326453609, 
    0.0068573317535001385, 
    0, 
    0.0761956925882174, 
    0.11205957970894134, 
    0.1264963056251667, 
    0.05771326225689119, 
    0.02643351651703146, 
    0.23103049264814432, 
    0.14947413173184138, 
    0.04460206530241441, 
    0.0681595486033155
   ], 
   [
    0.03404182165879443, 
    0.0007987658888601649, 
    0.14110546551604572, 
    0, 
    0.07854975781865402, 
    0.09110932766954648, 
    0.10255598098130311, 
    0.1303480001156235, 
    0.08329907207949908, 
    0.16040795491255325, 
    0.012049803886413784, 
    0.16573404947270648
   ], 
   [
    0.11527590027361546, 
    0.14822828809376146, 
    0.03184783765606438, 
    0.08605832470401813, 
    0, 
    0.1191433562228021, 
    0.0883622206431524, 
    0.1407974037457525, 
    0.043803996704159014, 
    0.05947452219568845, 
    0.13165566416388394, 
    0.03535248559710221
   ], 
   [
    0.07777835095767133, 
    0.1891523639186683, 
    0.05390625531701503, 
    0.03330806292318355, 
    0.13643811164137334, 
    0, 
    0.04886528170315961, 
    0.19055096482076697, 
    0.02312322099979143, 
    0.11943257664464774, 
    0.10543483967527605, 
    0.022009971398446695
   ], 
   [
    0.040784277672908605, 
    0.0685158094970665, 
    0.14595515672539897, 
    0.050108727105942705, 
    0.02913892537710417, 
    0.10727275748107554, 
    0, 
    0.019915623183976328, 
    0.09429818159689049, 
    0.2461756395936613, 
    0.10340616209101237, 
    0.09442873967496299
   ], 
   [
    0.0932889848280439, 
    0.10427183082789947, 
    0.12351152704365038, 
    0.046321002451980675, 
    0.1264839595229975, 
    0.07683130189561872, 
    0.15294430108939547, 
    0, 
    0.0021750031183069645, 
    0.020834185666956002, 
    0.10743676485758641, 
    0.14590113869756458
   ], 
   [
    0.006413537772885705, 
    0.005173949399367479, 
    0.14870393414437474, 
    0.06440113034607467, 
    0.13096496070430666, 
    0.07965807528791272, 
    0.1207543398343468, 
    0.07546469848454465, 
    0, 
    0.14910789423419166, 
    0.14528672484618776, 
    0.0740707549458071
   ], 
   [
    0.08564994308380179, 
    0.07903409025958416, 
    0.07946265824065508, 
    0.1295651394455671, 
    0.07535568744930561, 
    0.022183602809017395, 
    0.15299521799578442, 
    0.07988694505118119, 
    0.12117539590542771, 
    0, 
    0.15865109099831234, 
    0.01604022876136333
   ], 
   [
    0.15164049696725818, 
    0.15166589594524685, 
    0.18021899253749896, 
    0.06265944422918138, 
    0.02657095636517561, 
    0.09226289546423899, 
    0.09681162656904532, 
    0.05766809233491119, 
    0.08181462193816888, 
    0.04227673165702301, 
    0, 
    0.056410245992251785
   ], 
   [
    0.12298436526249887, 
    0.07506421551725807, 
    0.10896237930085, 
    0.11985313765520098, 
    0.05360517842927317, 
    0.06580805700741843, 
    0.10208227288993871, 
    0.009078455444488693, 
    0.13404111119359344, 
    0.14379440027671167, 
    0.06472642702276794, 
    0
   ]
  ]
 }, 
 "vehicle_capacities": [
  5, 
  5, 
  5, 
  30, 
  30, 
  30, 
  30, 
  30, 
  30, 
  30, 
  30, 
  30
 ]
}