{
 "vehicle_cost_per_km": [
  5, 
  5, 
  5, 
  5, 
  5, 
  5, 
  5, 
  5, 
  5, 
  5, 
  5, 
  5
 ], 
 "runs": [
  {
   "avg_task_cost_vs_number_of_task": [
    2250, 
    1350, 
    900, 
    1237.5, 
    990, 
    825, 
    764.2857142857143, 
    668.75, 
    633.3333333333334, 
    615, 
    559.0909090909091, 
    512.5, 
    473.0769230769231, 
    514.2857142857143, 
    520, 
    450, 
    452.94117647058823, 
    441.6666666666667, 
    457.89473684210526, 
    432.5, 
    419.04761904761904, 
    445.45454545454544, 
    423.9130434782609, 
    456.25, 
    444, 
    419.2307692307692, 
    422.22222222222223, 
    464.2857142857143, 
    493.1034482758621, 
    431.6666666666667
   ], 
   "number_of_vehicles": 3
  }
 ], 
 "vehicle_starting_positions": [
  "Lausanne", 
  "Gen\u00c3\u00a8ve", 
  "Sion", 
  "Neuch\u00c3\u00a2tel", 
  "Bern", 
  "Basel", 
  "Fribourg", 
  "Z\u00c3\u00bcrich", 
  "Aarau", 
  "Luzern", 
  "St-Gallen", 
  "Thun"
 ], 
 "task_distribution": {
  "distance_matrix": [
   [
    0, 
    90, 
    150, 
    100, 
    150, 
    290, 
    100, 
    320, 
    260, 
    350, 
    440, 
    190
   ], 
   [
    90, 
    0, 
    240, 
    190, 
    240, 
    380, 
    190, 
    410, 
    350, 
    440, 
    530, 
    280
   ], 
   [
    150, 
    240, 
    0, 
    220, 
    160, 
    300, 
    210, 
    330, 
    270, 
    360, 
    450, 
    120
   ], 
   [
    100, 
    190, 
    220, 
    0, 
    60, 
    200, 
    110, 
    230, 
    170, 
    260, 
    350, 
    100
   ], 
   [
    150, 
    240, 
    160, 
    60, 
    0, 
    140, 
    50, 
    170, 
    110, 
    200, 
    290, 
    40
   ], 
   [
    290, 
    380, 
    300, 
    200, 
    140, 
    0, 
    190, 
    120, 
    180, 
    190, 
    240, 
    180
   ], 
   [
    100, 
    190, 
    210, 
    110, 
    50, 
    190, 
    0, 
    220, 
    160, 
    250, 
    340, 
    90
   ], 
   [
    320, 
    410, 
    330, 
    230, 
    170, 
    120, 
    220, 
    0, 
    60, 
    70, 
    120, 
    210
   ], 
   [
    260, 
    350, 
    270, 
    170, 
    110, 
    180, 
    160, 
    60, 
    0, 
    90, 
    180, 
    150
   ], 
   [
    350, 
    440, 
    360, 
    260, 
    200, 
    190, 
    250, 
    70, 
    90, 
    0, 
    190, 
    240
   ], 
   [
    440, 
    530, 
    450, 
    350, 
    290, 
    240, 
    340, 
    120, 
    180, 
    190, 
    0, 
    330
   ], 
   [
    190, 
    280, 
    120, 
    100, 
    40, 
    180, 
    90, 
    210, 
    150, 
    240, 
    330, 
    0
   ]
  ], 
  "weight_matrix": [
   [
    0, 
    3, 
    3, 
    3, 
    3, 
    3, 
    3, 
    3, 
    3, 
    3, 
    3, 
    3
   ], 
   [
    3, 
    0, 
    3, 
    3, 
    3, 
    3, 
    3, 
    3, 
    3, 
    3, 
    3, 
    3
   ], 
   [
    3, 
    3, 
    0, 
    3, 
    3, 
    3, 
    3, 
    3, 
    3, 
    3, 
    3, 
    3
   ], 
   [
    3, 
    3, 
    3, 
    0, 
    3, 
    3, 
    3, 
    3, 
    3, 
    3, 
    3, 
    3
   ], 
   [
    3, 
    3, 
    3, 
    3, 
    0, 
    3, 
    3, 
    3, 
    3, 
    3, 
    3, 
    3
   ], 
   [
    3, 
    3, 
    3, 
    3, 
    3, 
    0, 
    3, 
    3, 
    3, 
    3, 
    3, 
    3
   ], 
   [
    3, 
    3, 
    3, 
    3, 
    3, 
    3, 
    0, 
    3, 
    3, 
    3, 
    3, 
    3
   ], 
   [
    3, 
    3, 
    3, 
    3, 
    3, 
    3, 
    3, 
    0, 
    3, 
    3, 
    3, 
    3
   ], 
   [
    3, 
    3, 
    3, 
    3, 
    3, 
    3, 
    3, 
    3, 
    0, 
    3, 
    3, 
    3
   ], 
   [
    3, 
    3, 
    3, 
    3, 
    3, 
    3, 
    3, 
    3, 
    3, 
    0, 
    3, 
    3
   ], 
   [
    3, 
    3, 
    3, 
    3, 
    3, 
    3, 
    3, 
    3, 
    3, 
    3, 
    0, 
    3
   ], 
   [
    3, 
    3, 
    3, 
    3, 
    3, 
    3, 
    3, 
    3, 
    3, 
    3, 
    3, 
    0
   ]
  ], 
  "city_names": [
   "Lausanne", 
   "Gen\u00c3\u00a8ve", 
   "Sion", 
   "Neuch\u00c3\u00a2tel", 
   "Bern", 
   "Basel", 
   "Fribourg", 
   "Z\u00c3\u00bcrich", 
   "Aarau", 
   "Luzern", 
   "St-Gallen", 
   "Thun"
  ], 
  "reward_matrix": [
   [
    0, 
    89805, 
    77572, 
    87766, 
    77572, 
    49030, 
    87766, 
    42913, 
    55146, 
    36797, 
    18448, 
    69417
   ], 
   [
    89805, 
    0, 
    59223, 
    69417, 
    59223, 
    30681, 
    69417, 
    24565, 
    36797, 
    18448, 
    100, 
    51068
   ], 
   [
    77572, 
    59223, 
    0, 
    63301, 
    75533, 
    46991, 
    65340, 
    40875, 
    53107, 
    34758, 
    16410, 
    83688
   ], 
   [
    87766, 
    69417, 
    63301, 
    0, 
    95921, 
    67378, 
    85727, 
    61262, 
    73495, 
    55146, 
    36797, 
    87766
   ], 
   [
    77572, 
    59223, 
    75533, 
    95921, 
    0, 
    79611, 
    97960, 
    73495, 
    85727, 
    67378, 
    49030, 
    99999
   ], 
   [
    49030, 
    30681, 
    46991, 
    67378, 
    79611, 
    0, 
    69417, 
    83688, 
    71456, 
    69417, 
    59223, 
    71456
   ], 
   [
    87766, 
    69417, 
    65340, 
    85727, 
    97960, 
    69417, 
    0, 
    63301, 
    75533, 
    57185, 
    38836, 
    89805
   ], 
   [
    42913, 
    24565, 
    40875, 
    61262, 
    73495, 
    83688, 
    63301, 
    0, 
    95921, 
    93882, 
    83688, 
    65340
   ], 
   [
    55146, 
    36797, 
    53107, 
    73495, 
    85727, 
    71456, 
    75533, 
    95921, 
    0, 
    89805, 
    71456, 
    77572
   ], 
   [
    36797, 
    18448, 
    34758, 
    55146, 
    67378, 
    69417, 
    57185, 
    93882, 
    89805, 
    0, 
    69417, 
    59223
   ], 
   [
    18448, 
    100, 
    16410, 
    36797, 
    49030, 
    59223, 
    38836, 
    83688, 
    71456, 
    69417, 
    0, 
    40875
   ], 
   [
    69417, 
    51068, 
    83688, 
    87766, 
    99999, 
    71456, 
    89805, 
    65340, 
    77572, 
    59223, 
    40875, 
    0
   ]
  ], 
  "probability_matrix": [
   [
    0, 
    0.17232669805714582, 
    0.048534715645719956, 
    0.049903499206171355, 
    0.13671815981270458, 
    0.04502910701333994, 
    0.007549185487307813, 
    0.06636670981030378, 
    0.08998320209410683, 
    0.140659899260006, 
    0.1455960267059573, 
    0.0973327969072367
   ], 
   [
    0.126253478535184, 
    0, 
    0.12400564858750542, 
    0.05146277027334323, 
    0.11911393495061466, 
    0.11466446439301595, 
    0.08872516012286497, 
    0.0833632754412834, 
    0.11454610713862723, 
    0.045303388369866644, 
    0.10938400250173982, 
    0.023177769685954724
   ], 
   [
    0.16124307213614675, 
    0.01925601465191175, 
    0, 
    0.16004941337212358, 
    0.16476006275524493, 
    0.03576335761094429, 
    0.010822846955369657, 
    0.0850350575159052, 
    0.041473993225464204, 
    0.164150235539021, 
    0.029399487627291766, 
    0.128046458610577
   ], 
   [
    0.0706394545305463, 
    0.11433771645260234, 
    0.11159167376187497, 
    0, 
    0.02070020196571308, 
    0.09116773754337591, 
    0.02929051791306965, 
    0.20579302481006803, 
    0.05021398895116963, 
    0.23904852713588237, 
    0.057898728364941886, 
    0.009318428570755828
   ], 
   [
    0.08322593943363368, 
    0.0482667398497722, 
    0.17824950738468073, 
    0.18829029486100152, 
    0, 
    0.026358886797197875, 
    0.14980797934185106, 
    0.013538680850502676, 
    0.1381105945908085, 
    0.09797461693314717, 
    0.0647334070610528, 
    0.011443352896351856
   ], 
   [
    0.04673760551284873, 
    0.10926644797573504, 
    0.005039004494592024, 
    0.06528891309690243, 
    0.1551920113464914, 
    0, 
    0.09718704730851355, 
    0.15896849379853045, 
    0.04453818236459217, 
    0.03573480679279974, 
    0.19428790189049616, 
    0.08775958541849835
   ], 
   [
    0.10819970687255143, 
    0.04546394693722408, 
    0.0007010921908566664, 
    0.01603837054928127, 
    0.15923568970062604, 
    0.12812671824768734, 
    0, 
    0.08400552946892036, 
    0.07285883516033542, 
    0.1497153736422314, 
    0.08170751273005243, 
    0.15394722450023343
   ], 
   [
    0.09961442126868625, 
    0.007123142482805479, 
    0.021892706668523127, 
    0.1359343229230387, 
    0.032862196126305976, 
    0.12429750142693397, 
    0.10701075537910922, 
    0, 
    0.14200434775847945, 
    0.09288319399469265, 
    0.11881820830140799, 
    0.1175592036700171
   ], 
   [
    0.05060843225546885, 
    0.12893923162378812, 
    0.0971722830761304, 
    0.045196356333389, 
    0.13915887408498398, 
    0.051288272212346796, 
    0.08182981033299012, 
    0.11350783319004189, 
    0, 
    0.0012349416523852231, 
    0.1498510779314019, 
    0.14121288730707376
   ], 
   [
    0.10676907333256055, 
    0.02392083546920805, 
    0.12041902451167609, 
    0.15072639851078296, 
    0.07167368246191021, 
    0.12266322243460642, 
    0.11028246911184404, 
    0.07466725340846231, 
    0.08716109358321052, 
    0, 
    0.06617045928478199, 
    0.06554648789095699
   ], 
   [
    0.008601262220098365, 
    0.05971361866714638, 
    0.14690311874911235, 
    0.01304396302342874, 
    0.10863622033177642, 
    0.1276773613428402, 
    0.15732145889228788, 
    0.020539213413009086, 
    0.10897553519318043, 
    0.1201550297896077, 
    0, 
    0.12843321837751223
   ], 
   [
    0.14907272788435047, 
    0.04413370055133969, 
    0.07941839818277087, 
    0.10267342711115095, 
    0.08588282976930421, 
    0.14154984750674288, 
    0.05202101768710444, 
    0.0699095784231635, 
    0.012316554363056361, 
    0.08555528539866775, 
    0.17746663312234875, 
    0
   ]
  ]
 }, 
 "vehicle_capacities": [
  15, 
  15, 
  15, 
  30, 
  30, 
  30, 
  30, 
  30, 
  30, 
  30, 
  30, 
  30
 ]
}