{
 "vehicle_cost_per_km": [
  5, 
  5, 
  5, 
  5, 
  5
 ], 
 "runs": [
  {
   "avg_task_cost_vs_number_of_task": [
    4850, 
    2650, 
    1900, 
    1875, 
    1840, 
    1850, 
    2114.285714285714, 
    1900, 
    1688.888888888889, 
    1530, 
    1600, 
    1545.8333333333333, 
    1550, 
    1546.4285714285713, 
    1563.3333333333333, 
    1534.375, 
    1473.5294117647059, 
    1458.3333333333333, 
    1465.7894736842106, 
    1427.5, 
    1388.095238095238, 
    1397.7272727272727, 
    1354.3478260869565, 
    1297.9166666666667, 
    1342, 
    1355.7692307692307, 
    1388.888888888889, 
    1387.5, 
    1374.1379310344828, 
    1338.3333333333333
   ], 
   "number_of_vehicles": 3
  }
 ], 
 "vehicle_starting_positions": [
  "Lausanne", 
  "Gen\u00e8ve", 
  "Sion", 
  "Neuch\u00e2tel", 
  "Bern", 
  "Basel", 
  "Fribourg", 
  "Z\u00fcrich", 
  "Aarau", 
  "Luzern", 
  "St-Gallen", 
  "Thun"
 ], 
 "task_distribution": {
  "distance_matrix": [
   [
    0, 
    90, 
    150, 
    100, 
    150, 
    290, 
    100, 
    320, 
    260, 
    350, 
    440, 
    190
   ], 
   [
    90, 
    0, 
    240, 
    190, 
    240, 
    380, 
    190, 
    410, 
    350, 
    440, 
    530, 
    280
   ], 
   [
    150, 
    240, 
    0, 
    220, 
    160, 
    300, 
    210, 
    330, 
    270, 
    360, 
    450, 
    120
   ], 
   [
    100, 
    190, 
    220, 
    0, 
    60, 
    200, 
    110, 
    230, 
    170, 
    260, 
    350, 
    100
   ], 
   [
    150, 
    240, 
    160, 
    60, 
    0, 
    140, 
    50, 
    170, 
    110, 
    200, 
    290, 
    40
   ], 
   [
    290, 
    380, 
    300, 
    200, 
    140, 
    0, 
    190, 
    120, 
    180, 
    190, 
    240, 
    180
   ], 
   [
    100, 
    190, 
    210, 
    110, 
    50, 
    190, 
    0, 
    220, 
    160, 
    250, 
    340, 
    90
   ], 
   [
    320, 
    410, 
    330, 
    230, 
    170, 
    120, 
    220, 
    0, 
    60, 
    70, 
    120, 
    210
   ], 
   [
    260, 
    350, 
    270, 
    170, 
    110, 
    180, 
    160, 
    60, 
    0, 
    90, 
    180, 
    150
   ], 
   [
    350, 
    440, 
    360, 
    260, 
    200, 
    190, 
    250, 
    70, 
    90, 
    0, 
    190, 
    240
   ], 
   [
    440, 
    530, 
    450, 
    350, 
    290, 
    240, 
    340, 
    120, 
    180, 
    190, 
    0, 
    330
   ], 
   [
    190, 
    280, 
    120, 
    100, 
    40, 
    180, 
    90, 
    210, 
    150, 
    240, 
    330, 
    0
   ]
  ], 
  "weight_matrix": [
   [
    0, 
    3, 
    3, 
    3, 
    3, 
    3, 
    3, 
    3, 
    3, 
    3, 
    3, 
    3
   ], 
   [
    3, 
    0, 
    3, 
    3, 
    3, 
    3, 
    3, 
    3, 
    3, 
    3, 
    3, 
    3
   ], 
   [
    3, 
    3, 
    0, 
    3, 
    3, 
    3, 
    3, 
    3, 
    3, 
    3, 
    3, 
    3
   ], 
   [
    3, 
    3, 
    3, 
    0, 
    3, 
    3, 
    3, 
    3, 
    3, 
    3, 
    3, 
    3
   ], 
   [
    3, 
    3, 
    3, 
    3, 
    0, 
    3, 
    3, 
    3, 
    3, 
    3, 
    3, 
    3
   ], 
   [
    3, 
    3, 
    3, 
    3, 
    3, 
    0, 
    3, 
    3, 
    3, 
    3, 
    3, 
    3
   ], 
   [
    3, 
    3, 
    3, 
    3, 
    3, 
    3, 
    0, 
    3, 
    3, 
    3, 
    3, 
    3
   ], 
   [
    3, 
    3, 
    3, 
    3, 
    3, 
    3, 
    3, 
    0, 
    3, 
    3, 
    3, 
    3
   ], 
   [
    3, 
    3, 
    3, 
    3, 
    3, 
    3, 
    3, 
    3, 
    0, 
    3, 
    3, 
    3
   ], 
   [
    3, 
    3, 
    3, 
    3, 
    3, 
    3, 
    3, 
    3, 
    3, 
    0, 
    3, 
    3
   ], 
   [
    3, 
    3, 
    3, 
    3, 
    3, 
    3, 
    3, 
    3, 
    3, 
    3, 
    0, 
    3
   ], 
   [
    3, 
    3, 
    3, 
    3, 
    3, 
    3, 
    3, 
    3, 
    3, 
    3, 
    3, 
    0
   ]
  ], 
  "city_names": [
   "Lausanne", 
   "Gen\u00e8ve", 
   "Sion", 
   "Neuch\u00e2tel", 
   "Bern", 
   "Basel", 
   "Fribourg", 
   "Z\u00fcrich", 
   "Aarau", 
   "Luzern", 
   "St-Gallen", 
   "Thun"
  ], 
  "reward_matrix": [
   [
    0, 
    89805, 
    77572, 
    87766, 
    77572, 
    49030, 
    87766, 
    42913, 
    55146, 
    36797, 
    18448, 
    69417
   ], 
   [
    89805, 
    0, 
    59223, 
    69417, 
    59223, 
    30681, 
    69417, 
    24565, 
    36797, 
    18448, 
    100, 
    51068
   ], 
   [
    77572, 
    59223, 
    0, 
    63301, 
    75533, 
    46991, 
    65340, 
    40875, 
    53107, 
    34758, 
    16410, 
    83688
   ], 
   [
    87766, 
    69417, 
    63301, 
    0, 
    95921, 
    67378, 
    85727, 
    61262, 
    73495, 
    55146, 
    36797, 
    87766
   ], 
   [
    77572, 
    59223, 
    75533, 
    95921, 
    0, 
    79611, 
    97960, 
    73495, 
    85727, 
    67378, 
    49030, 
    99999
   ], 
   [
    49030, 
    30681, 
    46991, 
    67378, 
    79611, 
    0, 
    69417, 
    83688, 
    71456, 
    69417, 
    59223, 
    71456
   ], 
   [
    87766, 
    69417, 
    65340, 
    85727, 
    97960, 
    69417, 
    0, 
    63301, 
    75533, 
    57185, 
    38836, 
    89805
   ], 
   [
    42913, 
    24565, 
    40875, 
    61262, 
    73495, 
    83688, 
    63301, 
    0, 
    95921, 
    93882, 
    83688, 
    65340
   ], 
   [
    55146, 
    36797, 
    53107, 
    73495, 
    85727, 
    71456, 
    75533, 
    95921, 
    0, 
    89805, 
    71456, 
    77572
   ], 
   [
    36797, 
    18448, 
    34758, 
    55146, 
    67378, 
    69417, 
    57185, 
    93882, 
    89805, 
    0, 
    69417, 
    59223
   ], 
   [
    18448, 
    100, 
    16410, 
    36797, 
    49030, 
    59223, 
    38836, 
    83688, 
    71456, 
    69417, 
    0, 
    40875
   ], 
   [
    69417, 
    51068, 
    83688, 
    87766, 
    99999, 
    71456, 
    89805, 
    65340, 
    77572, 
    59223, 
    40875, 
    0
   ]
  ], 
  "probability_matrix": [
   [
    0, 
    0.08660196343281526, 
    0.09815495299135756, 
    0.017414983230942194, 
    0.06873944076969916, 
    0.08492480173137032, 
    0.015373145275233329, 
    0.10048834808633583, 
    0.14598129117655156, 
    0.06390655039823959, 
    0.19222104473526125, 
    0.1261934781721939
   ], 
   [
    0.05047355031141545, 
    0, 
    0.10343736844164889, 
    0.17514061579937673, 
    0.0194594380088488, 
    0.002055542748522386, 
    0.10382173711409301, 
    0.17296965403202286, 
    0.09780751912514307, 
    0.08541801222476667, 
    0.0999638483055262, 
    0.08945271388863596
   ], 
   [
    0.19435806022516283, 
    0.13587309835517933, 
    0, 
    0.014561375879239766, 
    0.09969793187784003, 
    0.010617814726906372, 
    0.011696388689406088, 
    0.03445536300509271, 
    0.04662995467211189, 
    0.1940807861323064, 
    0.17255610316692474, 
    0.08547312326982989
   ], 
   [
    0.09499009212954009, 
    0.06931019923159966, 
    0.060037747815607174, 
    0, 
    0.15432381503569872, 
    0.018990822007345292, 
    0.11638577502879137, 
    0.1255440948526008, 
    0.14168404898945208, 
    0.10443361302568258, 
    0.018732213556686295, 
    0.09556757832699599
   ], 
   [
    0.1278433741321483, 
    0.12741904292261463, 
    0.0434379391899694, 
    0.16427767692376752, 
    0, 
    0.16000476052730583, 
    0.008321938575977175, 
    0.029112565849661827, 
    0.1928192103191138, 
    0.04146112888889441, 
    0.046580513651877875, 
    0.05872184901866919
   ], 
   [
    0.13750013686244636, 
    0.12047218132898921, 
    0.1131736300837206, 
    0.07500925122377561, 
    0.12869932083733687, 
    0, 
    0.13154762860275818, 
    0.017615285304989733, 
    0.16064637268929588, 
    0.060586313303139, 
    0.03543778959211232, 
    0.01931209017143631
   ], 
   [
    0.05847438097245071, 
    0.052207481386549404, 
    0.1291992070416345, 
    0.08096404786616364, 
    0.17661223394108197, 
    0.014777556704513336, 
    0, 
    0.06373690169142229, 
    0.011856086814719512, 
    0.17771198420033937, 
    0.15993000648916264, 
    0.07453011289196272
   ], 
   [
    0.11955845024934539, 
    0.042404743989260765, 
    0.10585300660294707, 
    0.13161324372479824, 
    0.13579003443788173, 
    0.11760338977329979, 
    0.11661159640274742, 
    0, 
    0.12339610808601356, 
    0.0311832915641203, 
    0.06934003598601474, 
    0.006646099183571062
   ], 
   [
    0.059574368919542334, 
    0.160568503594856, 
    0.09323042356793403, 
    0.08074388545492976, 
    0.12376363612823223, 
    0.10178398573457248, 
    0.0706900094375118, 
    0.13044668839617735, 
    0, 
    0.006729149779104624, 
    0.14688754173731483, 
    0.02558180724982473
   ], 
   [
    0.02718273360917359, 
    0.1126939344408588, 
    0.02049473510525008, 
    0.012040008141788265, 
    0.2163239508433036, 
    0.005384983811374213, 
    0.2348679718346379, 
    0.018589897596920348, 
    0.250707916774678, 
    0, 
    0.03797941835181752, 
    0.06373444949019771
   ], 
   [
    0.018591626370726335, 
    0.06960323892935207, 
    0.005820803959368684, 
    0.13116117904213206, 
    0.1152300126880662, 
    0.1292517258700129, 
    0.0987514596102797, 
    0.1914497481084376, 
    0.08171621842268995, 
    0.07226629500958479, 
    0, 
    0.0861576919893498
   ], 
   [
    0.10105298389419513, 
    0.07433803346134292, 
    0.0022448276575934667, 
    0.05382341630682783, 
    0.08788635926792353, 
    0.16522508374566977, 
    0.04611389286185073, 
    0.18477662267131356, 
    0.13808596185761587, 
    0.1293111206093393, 
    0.01714169766632781, 
    0
   ]
  ]
 }, 
 "vehicle_capacities": [
  5, 
  5, 
  5, 
  30, 
  30, 
  30, 
  30, 
  30, 
  30, 
  30, 
  30, 
  30
 ]
}