{
 "vehicle_cost_per_km": [
  5, 
  5, 
  5, 
  5, 
  5
 ], 
 "runs": [
  {
   "avg_task_cost_vs_number_of_task": [
    2050, 
    1325, 
    1483.3333333333333, 
    1275, 
    1260, 
    1308.3333333333333, 
    1178.5714285714287, 
    1075, 
    1022.2222222222222, 
    1055, 
    1222.7272727272727, 
    1254.1666666666667, 
    1234.6153846153845, 
    1289.2857142857142, 
    1296.6666666666667, 
    1259.375, 
    1332.3529411764705, 
    1336.111111111111, 
    1357.8947368421052, 
    1290, 
    1295.2380952380952, 
    1322.7272727272727, 
    1282.608695652174, 
    1270.8333333333333, 
    1324, 
    1317.3076923076924, 
    1346.2962962962963, 
    1362.5, 
    1331.0344827586207, 
    1323.3333333333333
   ], 
   "number_of_vehicles": 3
  }
 ], 
 "vehicle_starting_positions": [
  "Lausanne", 
  "Gen\u00e8ve", 
  "Sion", 
  "Neuch\u00e2tel", 
  "Bern", 
  "Basel", 
  "Fribourg", 
  "Z\u00fcrich", 
  "Aarau", 
  "Luzern", 
  "St-Gallen", 
  "Thun"
 ], 
 "task_distribution": {
  "distance_matrix": [
   [
    0, 
    90, 
    150, 
    100, 
    150, 
    290, 
    100, 
    320, 
    260, 
    350, 
    440, 
    190
   ], 
   [
    90, 
    0, 
    240, 
    190, 
    240, 
    380, 
    190, 
    410, 
    350, 
    440, 
    530, 
    280
   ], 
   [
    150, 
    240, 
    0, 
    220, 
    160, 
    300, 
    210, 
    330, 
    270, 
    360, 
    450, 
    120
   ], 
   [
    100, 
    190, 
    220, 
    0, 
    60, 
    200, 
    110, 
    230, 
    170, 
    260, 
    350, 
    100
   ], 
   [
    150, 
    240, 
    160, 
    60, 
    0, 
    140, 
    50, 
    170, 
    110, 
    200, 
    290, 
    40
   ], 
   [
    290, 
    380, 
    300, 
    200, 
    140, 
    0, 
    190, 
    120, 
    180, 
    190, 
    240, 
    180
   ], 
   [
    100, 
    190, 
    210, 
    110, 
    50, 
    190, 
    0, 
    220, 
    160, 
    250, 
    340, 
    90
   ], 
   [
    320, 
    410, 
    330, 
    230, 
    170, 
    120, 
    220, 
    0, 
    60, 
    70, 
    120, 
    210
   ], 
   [
    260, 
    350, 
    270, 
    170, 
    110, 
    180, 
    160, 
    60, 
    0, 
    90, 
    180, 
    150
   ], 
   [
    350, 
    440, 
    360, 
    260, 
    200, 
    190, 
    250, 
    70, 
    90, 
    0, 
    190, 
    240
   ], 
   [
    440, 
    530, 
    450, 
    350, 
    290, 
    240, 
    340, 
    120, 
    180, 
    190, 
    0, 
    330
   ], 
   [
    190, 
    280, 
    120, 
    100, 
    40, 
    180, 
    90, 
    210, 
    150, 
    240, 
    330, 
    0
   ]
  ], 
  "weight_matrix": [
   [
    0, 
    3, 
    3, 
    3, 
    3, 
    3, 
    3, 
    3, 
    3, 
    3, 
    3, 
    3
   ], 
   [
    3, 
    0, 
    3, 
    3, 
    3, 
    3, 
    3, 
    3, 
    3, 
    3, 
    3, 
    3
   ], 
   [
    3, 
    3, 
    0, 
    3, 
    3, 
    3, 
    3, 
    3, 
    3, 
    3, 
    3, 
    3
   ], 
   [
    3, 
    3, 
    3, 
    0, 
    3, 
    3, 
    3, 
    3, 
    3, 
    3, 
    3, 
    3
   ], 
   [
    3, 
    3, 
    3, 
    3, 
    0, 
    3, 
    3, 
    3, 
    3, 
    3, 
    3, 
    3
   ], 
   [
    3, 
    3, 
    3, 
    3, 
    3, 
    0, 
    3, 
    3, 
    3, 
    3, 
    3, 
    3
   ], 
   [
    3, 
    3, 
    3, 
    3, 
    3, 
    3, 
    0, 
    3, 
    3, 
    3, 
    3, 
    3
   ], 
   [
    3, 
    3, 
    3, 
    3, 
    3, 
    3, 
    3, 
    0, 
    3, 
    3, 
    3, 
    3
   ], 
   [
    3, 
    3, 
    3, 
    3, 
    3, 
    3, 
    3, 
    3, 
    0, 
    3, 
    3, 
    3
   ], 
   [
    3, 
    3, 
    3, 
    3, 
    3, 
    3, 
    3, 
    3, 
    3, 
    0, 
    3, 
    3
   ], 
   [
    3, 
    3, 
    3, 
    3, 
    3, 
    3, 
    3, 
    3, 
    3, 
    3, 
    0, 
    3
   ], 
   [
    3, 
    3, 
    3, 
    3, 
    3, 
    3, 
    3, 
    3, 
    3, 
    3, 
    3, 
    0
   ]
  ], 
  "city_names": [
   "Lausanne", 
   "Gen\u00e8ve", 
   "Sion", 
   "Neuch\u00e2tel", 
   "Bern", 
   "Basel", 
   "Fribourg", 
   "Z\u00fcrich", 
   "Aarau", 
   "Luzern", 
   "St-Gallen", 
   "Thun"
  ], 
  "reward_matrix": [
   [
    0, 
    89805, 
    77572, 
    87766, 
    77572, 
    49030, 
    87766, 
    42913, 
    55146, 
    36797, 
    18448, 
    69417
   ], 
   [
    89805, 
    0, 
    59223, 
    69417, 
    59223, 
    30681, 
    69417, 
    24565, 
    36797, 
    18448, 
    100, 
    51068
   ], 
   [
    77572, 
    59223, 
    0, 
    63301, 
    75533, 
    46991, 
    65340, 
    40875, 
    53107, 
    34758, 
    16410, 
    83688
   ], 
   [
    87766, 
    69417, 
    63301, 
    0, 
    95921, 
    67378, 
    85727, 
    61262, 
    73495, 
    55146, 
    36797, 
    87766
   ], 
   [
    77572, 
    59223, 
    75533, 
    95921, 
    0, 
    79611, 
    97960, 
    73495, 
    85727, 
    67378, 
    49030, 
    99999
   ], 
   [
    49030, 
    30681, 
    46991, 
    67378, 
    79611, 
    0, 
    69417, 
    83688, 
    71456, 
    69417, 
    59223, 
    71456
   ], 
   [
    87766, 
    69417, 
    65340, 
    85727, 
    97960, 
    69417, 
    0, 
    63301, 
    75533, 
    57185, 
    38836, 
    89805
   ], 
   [
    42913, 
    24565, 
    40875, 
    61262, 
    73495, 
    83688, 
    63301, 
    0, 
    95921, 
    93882, 
    83688, 
    65340
   ], 
   [
    55146, 
    36797, 
    53107, 
    73495, 
    85727, 
    71456, 
    75533, 
    95921, 
    0, 
    89805, 
    71456, 
    77572
   ], 
   [
    36797, 
    18448, 
    34758, 
    55146, 
    67378, 
    69417, 
    57185, 
    93882, 
    89805, 
    0, 
    69417, 
    59223
   ], 
   [
    18448, 
    100, 
    16410, 
    36797, 
    49030, 
    59223, 
    38836, 
    83688, 
    71456, 
    69417, 
    0, 
    40875
   ], 
   [
    69417, 
    51068, 
    83688, 
    87766, 
    99999, 
    71456, 
    89805, 
    65340, 
    77572, 
    59223, 
    40875, 
    0
   ]
  ], 
  "probability_matrix": [
   [
    0, 
    0.050357346823113526, 
    0.12001534256663018, 
    0.05312081724132291, 
    0.04912490591324427, 
    0.035524280452152515, 
    0.08158651657979595, 
    0.062415519092982444, 
    0.0718156349825109, 
    0.24495655463143068, 
    0.14961036468574865, 
    0.08147271703106777
   ], 
   [
    0.09643950922436408, 
    0, 
    0.15531030002889673, 
    0.042312488065052216, 
    0.1424705488855182, 
    0.09888281027557101, 
    0.005197578903101765, 
    0.134490215622492, 
    0.08798634688604215, 
    0.014728464587463522, 
    0.10535099689709018, 
    0.11683074062440814
   ], 
   [
    0.038777102627765715, 
    0.13404116820319997, 
    0, 
    0.015474234547157344, 
    0.17466806689182615, 
    0.06943403391053048, 
    0.10555429765878609, 
    0.035792842419823015, 
    0.12021535192579359, 
    0.07146829455015105, 
    0.1027344134229053, 
    0.13184019384206125
   ], 
   [
    0.0254800419768688, 
    0.04217208880101756, 
    0.11761107266685981, 
    0, 
    0.035183222252170125, 
    0.038064064430301615, 
    0.06794045937520067, 
    0.1308790242254656, 
    0.11727499894470941, 
    0.1862982807985792, 
    0.16536716854752917, 
    0.07372957798129817
   ], 
   [
    0.12374516687593944, 
    0.12205173454659705, 
    0.05626166270272904, 
    0.03267266104625649, 
    0, 
    0.08749786987858084, 
    0.14241790229118187, 
    0.12697622106902295, 
    0.0218062083614009, 
    0.14951979117835487, 
    0.12735621478415063, 
    0.009694567265785738
   ], 
   [
    0.11732275466110823, 
    0.11421369095739471, 
    0.0916978231659908, 
    0.08286586187356272, 
    0.05318223786208455, 
    0, 
    0.0975969054850832, 
    0.12853127607467052, 
    0.12597630810780666, 
    0.04081584771442811, 
    0.0677406136307666, 
    0.08005668046710382
   ], 
   [
    0.10700805757336121, 
    0.13709111486951508, 
    0.03395828473480389, 
    0.030774232962552734, 
    0.19972364411595178, 
    0.05990503799479027, 
    0, 
    0.10803285267388413, 
    0.03069389827679962, 
    0.1263671163871964, 
    0.07087030100808857, 
    0.09557545940305631
   ], 
   [
    0.14244472797987132, 
    0.07566466148686203, 
    0.10679531714319335, 
    0.05111345566240609, 
    0.05791136530057641, 
    0.14695246416223512, 
    0.06940482501719447, 
    0, 
    0.08341243458327709, 
    0.12858494186322583, 
    0.07279139673894547, 
    0.06492441006221267
   ], 
   [
    0.04929251956064523, 
    0.04643732633110694, 
    0.002408903540913615, 
    0.014062899122189384, 
    0.1520607698240323, 
    0.1033539712839392, 
    0.029507629249266573, 
    0.16773281799603512, 
    0, 
    0.1709433747189698, 
    0.10127937842680812, 
    0.16292040994609397
   ], 
   [
    0.03706772808070537, 
    0.08105579849928518, 
    0.043730303448356, 
    0.1445849500464063, 
    0.006253558392418647, 
    0.15569635733495021, 
    0.1344372697735031, 
    0.041258058188864875, 
    0.13074791626139126, 
    0, 
    0.09894656571110894, 
    0.12622149426301008
   ], 
   [
    0.15768032315174743, 
    0.08080386761649234, 
    0.05102001491050194, 
    0.07518753984562355, 
    0.14750573877397408, 
    0.030264567744499784, 
    0.12948943542389602, 
    0.1741517636441405, 
    0.027799540050217904, 
    0.08968934304551424, 
    0, 
    0.03640786579339228
   ], 
   [
    0.14099895250467925, 
    0.11916745124882272, 
    0.0510644594779854, 
    0.10000956203273152, 
    0.10250477123317597, 
    0.0134727950557163, 
    0.14319082167068475, 
    0.12968469712832986, 
    0.12389774235684821, 
    0.002313381108738264, 
    0.07369536618228795, 
    0
   ]
  ]
 }, 
 "vehicle_capacities": [
  5, 
  5, 
  5, 
  30, 
  30, 
  30, 
  30, 
  30, 
  30, 
  30, 
  30, 
  30
 ]
}