{
 "vehicle_cost_per_km": [
  10, 
  5, 
  5, 
  5, 
  5, 
  5, 
  5, 
  5, 
  5, 
  5, 
  5, 
  5
 ], 
 "runs": [
  {
   "avg_task_cost_vs_number_of_task": [
    1350, 
    1125, 
    1250, 
    1112.5, 
    1020, 
    1116.6666666666667, 
    1250, 
    1143.75, 
    1122.2222222222222, 
    1210, 
    1186.3636363636363, 
    1166.6666666666667, 
    1169.2307692307693, 
    1250, 
    1166.6666666666667, 
    1212.5, 
    1188.235294117647, 
    1211.111111111111, 
    1247.3684210526317, 
    1230, 
    1295.2380952380952, 
    1354.5454545454545, 
    1393.4782608695652, 
    1414.5833333333333, 
    1376, 
    1357.6923076923076, 
    1420.3703703703704, 
    1437.5, 
    1474.1379310344828, 
    1425
   ], 
   "number_of_vehicles": 3
  }
 ], 
 "vehicle_starting_positions": [
  "Lausanne", 
  "Gen\u00c3\u00a8ve", 
  "Sion", 
  "Neuch\u00c3\u00a2tel", 
  "Bern", 
  "Basel", 
  "Fribourg", 
  "Z\u00c3\u00bcrich", 
  "Aarau", 
  "Luzern", 
  "St-Gallen", 
  "Thun"
 ], 
 "task_distribution": {
  "distance_matrix": [
   [
    0, 
    90, 
    150, 
    100, 
    150, 
    290, 
    100, 
    320, 
    260, 
    350, 
    440, 
    190
   ], 
   [
    90, 
    0, 
    240, 
    190, 
    240, 
    380, 
    190, 
    410, 
    350, 
    440, 
    530, 
    280
   ], 
   [
    150, 
    240, 
    0, 
    220, 
    160, 
    300, 
    210, 
    330, 
    270, 
    360, 
    450, 
    120
   ], 
   [
    100, 
    190, 
    220, 
    0, 
    60, 
    200, 
    110, 
    230, 
    170, 
    260, 
    350, 
    100
   ], 
   [
    150, 
    240, 
    160, 
    60, 
    0, 
    140, 
    50, 
    170, 
    110, 
    200, 
    290, 
    40
   ], 
   [
    290, 
    380, 
    300, 
    200, 
    140, 
    0, 
    190, 
    120, 
    180, 
    190, 
    240, 
    180
   ], 
   [
    100, 
    190, 
    210, 
    110, 
    50, 
    190, 
    0, 
    220, 
    160, 
    250, 
    340, 
    90
   ], 
   [
    320, 
    410, 
    330, 
    230, 
    170, 
    120, 
    220, 
    0, 
    60, 
    70, 
    120, 
    210
   ], 
   [
    260, 
    350, 
    270, 
    170, 
    110, 
    180, 
    160, 
    60, 
    0, 
    90, 
    180, 
    150
   ], 
   [
    350, 
    440, 
    360, 
    260, 
    200, 
    190, 
    250, 
    70, 
    90, 
    0, 
    190, 
    240
   ], 
   [
    440, 
    530, 
    450, 
    350, 
    290, 
    240, 
    340, 
    120, 
    180, 
    190, 
    0, 
    330
   ], 
   [
    190, 
    280, 
    120, 
    100, 
    40, 
    180, 
    90, 
    210, 
    150, 
    240, 
    330, 
    0
   ]
  ], 
  "weight_matrix": [
   [
    0, 
    3, 
    3, 
    3, 
    3, 
    3, 
    3, 
    3, 
    3, 
    3, 
    3, 
    3
   ], 
   [
    3, 
    0, 
    3, 
    3, 
    3, 
    3, 
    3, 
    3, 
    3, 
    3, 
    3, 
    3
   ], 
   [
    3, 
    3, 
    0, 
    3, 
    3, 
    3, 
    3, 
    3, 
    3, 
    3, 
    3, 
    3
   ], 
   [
    3, 
    3, 
    3, 
    0, 
    3, 
    3, 
    3, 
    3, 
    3, 
    3, 
    3, 
    3
   ], 
   [
    3, 
    3, 
    3, 
    3, 
    0, 
    3, 
    3, 
    3, 
    3, 
    3, 
    3, 
    3
   ], 
   [
    3, 
    3, 
    3, 
    3, 
    3, 
    0, 
    3, 
    3, 
    3, 
    3, 
    3, 
    3
   ], 
   [
    3, 
    3, 
    3, 
    3, 
    3, 
    3, 
    0, 
    3, 
    3, 
    3, 
    3, 
    3
   ], 
   [
    3, 
    3, 
    3, 
    3, 
    3, 
    3, 
    3, 
    0, 
    3, 
    3, 
    3, 
    3
   ], 
   [
    3, 
    3, 
    3, 
    3, 
    3, 
    3, 
    3, 
    3, 
    0, 
    3, 
    3, 
    3
   ], 
   [
    3, 
    3, 
    3, 
    3, 
    3, 
    3, 
    3, 
    3, 
    3, 
    0, 
    3, 
    3
   ], 
   [
    3, 
    3, 
    3, 
    3, 
    3, 
    3, 
    3, 
    3, 
    3, 
    3, 
    0, 
    3
   ], 
   [
    3, 
    3, 
    3, 
    3, 
    3, 
    3, 
    3, 
    3, 
    3, 
    3, 
    3, 
    0
   ]
  ], 
  "city_names": [
   "Lausanne", 
   "Gen\u00c3\u00a8ve", 
   "Sion", 
   "Neuch\u00c3\u00a2tel", 
   "Bern", 
   "Basel", 
   "Fribourg", 
   "Z\u00c3\u00bcrich", 
   "Aarau", 
   "Luzern", 
   "St-Gallen", 
   "Thun"
  ], 
  "reward_matrix": [
   [
    0, 
    89805, 
    77572, 
    87766, 
    77572, 
    49030, 
    87766, 
    42913, 
    55146, 
    36797, 
    18448, 
    69417
   ], 
   [
    89805, 
    0, 
    59223, 
    69417, 
    59223, 
    30681, 
    69417, 
    24565, 
    36797, 
    18448, 
    100, 
    51068
   ], 
   [
    77572, 
    59223, 
    0, 
    63301, 
    75533, 
    46991, 
    65340, 
    40875, 
    53107, 
    34758, 
    16410, 
    83688
   ], 
   [
    87766, 
    69417, 
    63301, 
    0, 
    95921, 
    67378, 
    85727, 
    61262, 
    73495, 
    55146, 
    36797, 
    87766
   ], 
   [
    77572, 
    59223, 
    75533, 
    95921, 
    0, 
    79611, 
    97960, 
    73495, 
    85727, 
    67378, 
    49030, 
    99999
   ], 
   [
    49030, 
    30681, 
    46991, 
    67378, 
    79611, 
    0, 
    69417, 
    83688, 
    71456, 
    69417, 
    59223, 
    71456
   ], 
   [
    87766, 
    69417, 
    65340, 
    85727, 
    97960, 
    69417, 
    0, 
    63301, 
    75533, 
    57185, 
    38836, 
    89805
   ], 
   [
    42913, 
    24565, 
    40875, 
    61262, 
    73495, 
    83688, 
    63301, 
    0, 
    95921, 
    93882, 
    83688, 
    65340
   ], 
   [
    55146, 
    36797, 
    53107, 
    73495, 
    85727, 
    71456, 
    75533, 
    95921, 
    0, 
    89805, 
    71456, 
    77572
   ], 
   [
    36797, 
    18448, 
    34758, 
    55146, 
    67378, 
    69417, 
    57185, 
    93882, 
    89805, 
    0, 
    69417, 
    59223
   ], 
   [
    18448, 
    100, 
    16410, 
    36797, 
    49030, 
    59223, 
    38836, 
    83688, 
    71456, 
    69417, 
    0, 
    40875
   ], 
   [
    69417, 
    51068, 
    83688, 
    87766, 
    99999, 
    71456, 
    89805, 
    65340, 
    77572, 
    59223, 
    40875, 
    0
   ]
  ], 
  "probability_matrix": [
   [
    0, 
    0.04038733679670097, 
    0.13772823994401004, 
    0.08009761044100898, 
    0.15981697380292142, 
    0.10766563962734699, 
    0.04648692943526799, 
    0.10089142934185376, 
    0.09931056756762445, 
    0.0737718833721062, 
    0.047807092201694934, 
    0.10603629746946443
   ], 
   [
    0.0035387052076981743, 
    0, 
    0.08369978522455868, 
    0.1130508020070635, 
    0.10693173606709812, 
    0.12125858298208969, 
    0.044700183931537484, 
    0.13506024894597932, 
    0.10365183741003883, 
    0.13270878223563548, 
    0.029278406221772215, 
    0.1261209297665287
   ], 
   [
    0.1181879005721024, 
    0.033967611309255547, 
    0, 
    0.05267523240492305, 
    0.11702007628506561, 
    0.08477288973860252, 
    0.1298891785552691, 
    0.10699654412678705, 
    0.15518634768416914, 
    0.03679186426397516, 
    0.14709147110011198, 
    0.017420883959738457
   ], 
   [
    0.14495825733888174, 
    0.16423093175836959, 
    0.040437911821983204, 
    0, 
    0.015402640391392705, 
    0.09636783536550696, 
    0.06588280590108946, 
    0.11441688205974257, 
    0.0020207755855769054, 
    0.09769440454683523, 
    0.13816176948821735, 
    0.12042578574240427
   ], 
   [
    0.07457783130999188, 
    0.11480324993099188, 
    0.031009350222450837, 
    0.1394076858239969, 
    0, 
    0.02240057470077222, 
    0.11168073193391435, 
    0.10317106490332095, 
    0.14108710823427062, 
    0.13305238497104674, 
    0.018470494941120363, 
    0.11033952302812333
   ], 
   [
    0.14642137161600716, 
    0.0563643995785263, 
    0.05810869100903019, 
    0.1242590848936917, 
    0.10784747572944174, 
    0, 
    0.12815346269976166, 
    0.0472539026654572, 
    0.11925852138235352, 
    0.04842770346308784, 
    0.0289067885685155, 
    0.13499859839412717
   ], 
   [
    0.084996936756367, 
    0.16267655512613535, 
    0.04991820934022656, 
    0.11465936827551514, 
    0.003826002857726025, 
    0.08812818508804897, 
    0, 
    0.007818675194770412, 
    0.07854913020455304, 
    0.14091467857973902, 
    0.15892675119089542, 
    0.10958550738602296
   ], 
   [
    0.04883383366327772, 
    0.020846393061867877, 
    0.10529103591612152, 
    0.068570981598853, 
    0.16230591510974338, 
    0.15222489150870497, 
    0.10574600337502331, 
    0, 
    0.0029886620374464028, 
    0.05755351315256514, 
    0.16651996760356289, 
    0.10911880297283397
   ], 
   [
    0.003120272586605901, 
    0.0020557771908126087, 
    0.1920553288781778, 
    0.192226077841977, 
    0.04659610501589385, 
    0.09739246461793151, 
    0.025485404248890616, 
    0.07772907803025872, 
    0, 
    0.21637638746834215, 
    0.05788346179020241, 
    0.08907964233090729
   ], 
   [
    0.04402528998455732, 
    0.2037202597503162, 
    0.20433754353565464, 
    0.0028253591968032195, 
    0.044486798290656986, 
    0.03174821714668153, 
    0.051360361058067926, 
    0.18980521218214463, 
    0.010166255048046326, 
    0, 
    0.18826820129727168, 
    0.02925650250979963
   ], 
   [
    0.11699723196310115, 
    0.018349421545963817, 
    0.11141907524051703, 
    0.13920253254637385, 
    0.14209781149966144, 
    0.02272817452417928, 
    0.019496670771940817, 
    0.10590562205667219, 
    0.15499591786877076, 
    0.025712253761145037, 
    0, 
    0.14309528822167455
   ], 
   [
    0.017818561543006546, 
    0.010773979198087341, 
    0.052364816231388465, 
    0.14022195454928738, 
    0.1563124619973621, 
    0.12658457391739256, 
    0.13233168395338896, 
    0.08759456660275668, 
    0.055101686834733855, 
    0.07906374374878163, 
    0.14183197142381443, 
    0
   ]
  ]
 }, 
 "vehicle_capacities": [
  5, 
  5, 
  5, 
  30, 
  30, 
  30, 
  30, 
  30, 
  30, 
  30, 
  30, 
  30
 ]
}