{
 "vehicle_cost_per_km": [
  5, 
  15, 
  10, 
  5, 
  5, 
  5, 
  5, 
  5, 
  5, 
  5, 
  5, 
  5
 ], 
 "runs": [
  {
   "avg_task_cost_vs_number_of_task": [
    2150, 
    2025, 
    1350, 
    1275, 
    1020, 
    900, 
    942.8571428571429, 
    825, 
    933.3333333333334, 
    850, 
    804.5454545454545, 
    779.1666666666666, 
    773.0769230769231, 
    728.5714285714286, 
    770, 
    865.625, 
    858.8235294117648, 
    908.3333333333334, 
    797.3684210526316, 
    815, 
    835.7142857142857, 
    822.7272727272727, 
    800, 
    691.6666666666666, 
    776, 
    686.5384615384615, 
    694.4444444444445, 
    707.1428571428571, 
    744.8275862068965, 
    836.6666666666666
   ], 
   "number_of_vehicles": 3
  }
 ], 
 "vehicle_starting_positions": [
  "Lausanne", 
  "Gen\u00c3\u00a8ve", 
  "Sion", 
  "Neuch\u00c3\u00a2tel", 
  "Bern", 
  "Basel", 
  "Fribourg", 
  "Z\u00c3\u00bcrich", 
  "Aarau", 
  "Luzern", 
  "St-Gallen", 
  "Thun"
 ], 
 "task_distribution": {
  "distance_matrix": [
   [
    0, 
    90, 
    150, 
    100, 
    150, 
    290, 
    100, 
    320, 
    260, 
    350, 
    440, 
    190
   ], 
   [
    90, 
    0, 
    240, 
    190, 
    240, 
    380, 
    190, 
    410, 
    350, 
    440, 
    530, 
    280
   ], 
   [
    150, 
    240, 
    0, 
    220, 
    160, 
    300, 
    210, 
    330, 
    270, 
    360, 
    450, 
    120
   ], 
   [
    100, 
    190, 
    220, 
    0, 
    60, 
    200, 
    110, 
    230, 
    170, 
    260, 
    350, 
    100
   ], 
   [
    150, 
    240, 
    160, 
    60, 
    0, 
    140, 
    50, 
    170, 
    110, 
    200, 
    290, 
    40
   ], 
   [
    290, 
    380, 
    300, 
    200, 
    140, 
    0, 
    190, 
    120, 
    180, 
    190, 
    240, 
    180
   ], 
   [
    100, 
    190, 
    210, 
    110, 
    50, 
    190, 
    0, 
    220, 
    160, 
    250, 
    340, 
    90
   ], 
   [
    320, 
    410, 
    330, 
    230, 
    170, 
    120, 
    220, 
    0, 
    60, 
    70, 
    120, 
    210
   ], 
   [
    260, 
    350, 
    270, 
    170, 
    110, 
    180, 
    160, 
    60, 
    0, 
    90, 
    180, 
    150
   ], 
   [
    350, 
    440, 
    360, 
    260, 
    200, 
    190, 
    250, 
    70, 
    90, 
    0, 
    190, 
    240
   ], 
   [
    440, 
    530, 
    450, 
    350, 
    290, 
    240, 
    340, 
    120, 
    180, 
    190, 
    0, 
    330
   ], 
   [
    190, 
    280, 
    120, 
    100, 
    40, 
    180, 
    90, 
    210, 
    150, 
    240, 
    330, 
    0
   ]
  ], 
  "weight_matrix": [
   [
    0, 
    3, 
    3, 
    3, 
    3, 
    3, 
    3, 
    3, 
    3, 
    3, 
    3, 
    3
   ], 
   [
    3, 
    0, 
    3, 
    3, 
    3, 
    3, 
    3, 
    3, 
    3, 
    3, 
    3, 
    3
   ], 
   [
    3, 
    3, 
    0, 
    3, 
    3, 
    3, 
    3, 
    3, 
    3, 
    3, 
    3, 
    3
   ], 
   [
    3, 
    3, 
    3, 
    0, 
    3, 
    3, 
    3, 
    3, 
    3, 
    3, 
    3, 
    3
   ], 
   [
    3, 
    3, 
    3, 
    3, 
    0, 
    3, 
    3, 
    3, 
    3, 
    3, 
    3, 
    3
   ], 
   [
    3, 
    3, 
    3, 
    3, 
    3, 
    0, 
    3, 
    3, 
    3, 
    3, 
    3, 
    3
   ], 
   [
    3, 
    3, 
    3, 
    3, 
    3, 
    3, 
    0, 
    3, 
    3, 
    3, 
    3, 
    3
   ], 
   [
    3, 
    3, 
    3, 
    3, 
    3, 
    3, 
    3, 
    0, 
    3, 
    3, 
    3, 
    3
   ], 
   [
    3, 
    3, 
    3, 
    3, 
    3, 
    3, 
    3, 
    3, 
    0, 
    3, 
    3, 
    3
   ], 
   [
    3, 
    3, 
    3, 
    3, 
    3, 
    3, 
    3, 
    3, 
    3, 
    0, 
    3, 
    3
   ], 
   [
    3, 
    3, 
    3, 
    3, 
    3, 
    3, 
    3, 
    3, 
    3, 
    3, 
    0, 
    3
   ], 
   [
    3, 
    3, 
    3, 
    3, 
    3, 
    3, 
    3, 
    3, 
    3, 
    3, 
    3, 
    0
   ]
  ], 
  "city_names": [
   "Lausanne", 
   "Gen\u00c3\u00a8ve", 
   "Sion", 
   "Neuch\u00c3\u00a2tel", 
   "Bern", 
   "Basel", 
   "Fribourg", 
   "Z\u00c3\u00bcrich", 
   "Aarau", 
   "Luzern", 
   "St-Gallen", 
   "Thun"
  ], 
  "reward_matrix": [
   [
    0, 
    89805, 
    77572, 
    87766, 
    77572, 
    49030, 
    87766, 
    42913, 
    55146, 
    36797, 
    18448, 
    69417
   ], 
   [
    89805, 
    0, 
    59223, 
    69417, 
    59223, 
    30681, 
    69417, 
    24565, 
    36797, 
    18448, 
    100, 
    51068
   ], 
   [
    77572, 
    59223, 
    0, 
    63301, 
    75533, 
    46991, 
    65340, 
    40875, 
    53107, 
    34758, 
    16410, 
    83688
   ], 
   [
    87766, 
    69417, 
    63301, 
    0, 
    95921, 
    67378, 
    85727, 
    61262, 
    73495, 
    55146, 
    36797, 
    87766
   ], 
   [
    77572, 
    59223, 
    75533, 
    95921, 
    0, 
    79611, 
    97960, 
    73495, 
    85727, 
    67378, 
    49030, 
    99999
   ], 
   [
    49030, 
    30681, 
    46991, 
    67378, 
    79611, 
    0, 
    69417, 
    83688, 
    71456, 
    69417, 
    59223, 
    71456
   ], 
   [
    87766, 
    69417, 
    65340, 
    85727, 
    97960, 
    69417, 
    0, 
    63301, 
    75533, 
    57185, 
    38836, 
    89805
   ], 
   [
    42913, 
    24565, 
    40875, 
    61262, 
    73495, 
    83688, 
    63301, 
    0, 
    95921, 
    93882, 
    83688, 
    65340
   ], 
   [
    55146, 
    36797, 
    53107, 
    73495, 
    85727, 
    71456, 
    75533, 
    95921, 
    0, 
    89805, 
    71456, 
    77572
   ], 
   [
    36797, 
    18448, 
    34758, 
    55146, 
    67378, 
    69417, 
    57185, 
    93882, 
    89805, 
    0, 
    69417, 
    59223
   ], 
   [
    18448, 
    100, 
    16410, 
    36797, 
    49030, 
    59223, 
    38836, 
    83688, 
    71456, 
    69417, 
    0, 
    40875
   ], 
   [
    69417, 
    51068, 
    83688, 
    87766, 
    99999, 
    71456, 
    89805, 
    65340, 
    77572, 
    59223, 
    40875, 
    0
   ]
  ], 
  "probability_matrix": [
   [
    0, 
    0.06879600868542857, 
    0.1311908838121365, 
    0.13083913482435708, 
    0.03266491399870575, 
    0.00836332181734318, 
    0.1575289663093532, 
    0.10879406294562853, 
    0.12056908460796247, 
    0.03963080112502423, 
    0.13756624544535553, 
    0.06405657642870484
   ], 
   [
    0.14490334793122334, 
    0, 
    0.029717451514741297, 
    0.10209959947914966, 
    0.19527590665423408, 
    0.0815246837056237, 
    0.044166890491890994, 
    0.10216136674554428, 
    0.058726044392801685, 
    0.06154178307726651, 
    0.09548595479890709, 
    0.0843969712086173
   ], 
   [
    0.09091606721363703, 
    0.0908382951958704, 
    0, 
    0.12883020115591973, 
    0.13222829811531983, 
    0.10340940258830537, 
    0.10249198372921597, 
    0.12205116164273218, 
    0.03181132918572569, 
    0.07764061297869437, 
    0.009135446355407, 
    0.11064720183917243
   ], 
   [
    0.05741043088820255, 
    0.12665050857449575, 
    0.12714638001761736, 
    0, 
    0.1577589495414544, 
    0.044351868410192404, 
    0.06797693483380363, 
    0.020258348543656497, 
    0.0741975025447562, 
    0.12986047320723137, 
    0.1555318139228881, 
    0.03885678951570176
   ], 
   [
    0.06798415151179953, 
    0.08735251503693717, 
    0.11945862128392667, 
    0.01502027240075306, 
    0, 
    0.11371268806915412, 
    0.17327198509516462, 
    0.13462225882915185, 
    0.008662366117279717, 
    0.15731060883392786, 
    0.11276645609759818, 
    0.009838076724307166
   ], 
   [
    0.07721545957585285, 
    0.010917423488955948, 
    0.012593631384867857, 
    0.15294060314411295, 
    0.02113781912070138, 
    0, 
    0.11445137746864202, 
    0.04425972719451475, 
    0.20705623583577837, 
    0.219768013524955, 
    0.012159754327467787, 
    0.12749995493415103
   ], 
   [
    0.08811661743576253, 
    0.07344601675263754, 
    0.027525417664860694, 
    0.14754006055356647, 
    0.15350815480809035, 
    0.055324395049754484, 
    0, 
    0.0691388676898067, 
    0.0570694616822311, 
    0.03244492160106546, 
    0.14612805556935163, 
    0.149758031192873
   ], 
   [
    0.1640015946483584, 
    0.16140506030813884, 
    0.11883390827294865, 
    0.16020063572615587, 
    0.008012296806558185, 
    0.044022606012920865, 
    0.04751166795773164, 
    0, 
    0.051461104117121695, 
    0.13825772977875808, 
    0.06977432292179855, 
    0.0365190734495091
   ], 
   [
    0.17300721627752613, 
    0.10572692095192068, 
    0.13298440130268196, 
    0.0427230167327745, 
    0.17327596924457894, 
    0.11784388641705389, 
    0.058034496670762166, 
    0.07042136192321886, 
    0, 
    0.04542412005800506, 
    0.07700010531300984, 
    0.003558505108468083
   ], 
   [
    0.1497016384940798, 
    0.05798479557078935, 
    0.16474407690102832, 
    0.08994928030201278, 
    0.15920766652759236, 
    0.10673916822915328, 
    0.026241922298946514, 
    0.1356420766969113, 
    0.05011305601516107, 
    0, 
    0.04098023914251077, 
    0.018696079821814374
   ], 
   [
    0.10217149577398996, 
    0.16929338555997123, 
    0.06861763523390127, 
    0.0296488663229237, 
    0.13126538474590907, 
    0.16627221333567496, 
    0.05005207482297208, 
    0.10536859829853387, 
    0.015613413358730179, 
    0.1593925732885648, 
    0, 
    0.002304359258828911
   ], 
   [
    0.010273454130945808, 
    0.046320681414169056, 
    0.06448999828398788, 
    0.06319381147037649, 
    0.01848599567511851, 
    0.14863970815260513, 
    0.04722003142034935, 
    0.1860685235232933, 
    0.17058658533043944, 
    0.1278412543837572, 
    0.1168799562149579, 
    0
   ]
  ]
 }, 
 "vehicle_capacities": [
  15, 
  15, 
  15, 
  30, 
  30, 
  30, 
  30, 
  30, 
  30, 
  30, 
  30, 
  30
 ]
}