{
 "vehicle_cost_per_km": [
  10, 
  5, 
  10, 
  5, 
  5, 
  5, 
  5, 
  5, 
  5, 
  5, 
  5, 
  5
 ], 
 "runs": [
  {
   "avg_task_cost_vs_number_of_task": [
    2600, 
    1300, 
    1300, 
    1425, 
    1190, 
    1041.6666666666667, 
    1028.5714285714287, 
    950, 
    966.6666666666666, 
    910, 
    927.2727272727273, 
    900, 
    888.4615384615385, 
    889.2857142857143, 
    806.6666666666666, 
    762.5, 
    808.8235294117648, 
    794.4444444444445, 
    736.8421052631579, 
    792.5, 
    723.8095238095239, 
    740.9090909090909, 
    895.6521739130435, 
    766.6666666666666, 
    768, 
    800, 
    720.3703703703703, 
    707.1428571428571, 
    777.5862068965517, 
    738.3333333333334
   ], 
   "number_of_vehicles": 3
  }
 ], 
 "vehicle_starting_positions": [
  "Lausanne", 
  "Gen\u00c3\u00a8ve", 
  "Sion", 
  "Neuch\u00c3\u00a2tel", 
  "Bern", 
  "Basel", 
  "Fribourg", 
  "Z\u00c3\u00bcrich", 
  "Aarau", 
  "Luzern", 
  "St-Gallen", 
  "Thun"
 ], 
 "task_distribution": {
  "distance_matrix": [
   [
    0, 
    90, 
    150, 
    100, 
    150, 
    290, 
    100, 
    320, 
    260, 
    350, 
    440, 
    190
   ], 
   [
    90, 
    0, 
    240, 
    190, 
    240, 
    380, 
    190, 
    410, 
    350, 
    440, 
    530, 
    280
   ], 
   [
    150, 
    240, 
    0, 
    220, 
    160, 
    300, 
    210, 
    330, 
    270, 
    360, 
    450, 
    120
   ], 
   [
    100, 
    190, 
    220, 
    0, 
    60, 
    200, 
    110, 
    230, 
    170, 
    260, 
    350, 
    100
   ], 
   [
    150, 
    240, 
    160, 
    60, 
    0, 
    140, 
    50, 
    170, 
    110, 
    200, 
    290, 
    40
   ], 
   [
    290, 
    380, 
    300, 
    200, 
    140, 
    0, 
    190, 
    120, 
    180, 
    190, 
    240, 
    180
   ], 
   [
    100, 
    190, 
    210, 
    110, 
    50, 
    190, 
    0, 
    220, 
    160, 
    250, 
    340, 
    90
   ], 
   [
    320, 
    410, 
    330, 
    230, 
    170, 
    120, 
    220, 
    0, 
    60, 
    70, 
    120, 
    210
   ], 
   [
    260, 
    350, 
    270, 
    170, 
    110, 
    180, 
    160, 
    60, 
    0, 
    90, 
    180, 
    150
   ], 
   [
    350, 
    440, 
    360, 
    260, 
    200, 
    190, 
    250, 
    70, 
    90, 
    0, 
    190, 
    240
   ], 
   [
    440, 
    530, 
    450, 
    350, 
    290, 
    240, 
    340, 
    120, 
    180, 
    190, 
    0, 
    330
   ], 
   [
    190, 
    280, 
    120, 
    100, 
    40, 
    180, 
    90, 
    210, 
    150, 
    240, 
    330, 
    0
   ]
  ], 
  "weight_matrix": [
   [
    0, 
    3, 
    3, 
    3, 
    3, 
    3, 
    3, 
    3, 
    3, 
    3, 
    3, 
    3
   ], 
   [
    3, 
    0, 
    3, 
    3, 
    3, 
    3, 
    3, 
    3, 
    3, 
    3, 
    3, 
    3
   ], 
   [
    3, 
    3, 
    0, 
    3, 
    3, 
    3, 
    3, 
    3, 
    3, 
    3, 
    3, 
    3
   ], 
   [
    3, 
    3, 
    3, 
    0, 
    3, 
    3, 
    3, 
    3, 
    3, 
    3, 
    3, 
    3
   ], 
   [
    3, 
    3, 
    3, 
    3, 
    0, 
    3, 
    3, 
    3, 
    3, 
    3, 
    3, 
    3
   ], 
   [
    3, 
    3, 
    3, 
    3, 
    3, 
    0, 
    3, 
    3, 
    3, 
    3, 
    3, 
    3
   ], 
   [
    3, 
    3, 
    3, 
    3, 
    3, 
    3, 
    0, 
    3, 
    3, 
    3, 
    3, 
    3
   ], 
   [
    3, 
    3, 
    3, 
    3, 
    3, 
    3, 
    3, 
    0, 
    3, 
    3, 
    3, 
    3
   ], 
   [
    3, 
    3, 
    3, 
    3, 
    3, 
    3, 
    3, 
    3, 
    0, 
    3, 
    3, 
    3
   ], 
   [
    3, 
    3, 
    3, 
    3, 
    3, 
    3, 
    3, 
    3, 
    3, 
    0, 
    3, 
    3
   ], 
   [
    3, 
    3, 
    3, 
    3, 
    3, 
    3, 
    3, 
    3, 
    3, 
    3, 
    0, 
    3
   ], 
   [
    3, 
    3, 
    3, 
    3, 
    3, 
    3, 
    3, 
    3, 
    3, 
    3, 
    3, 
    0
   ]
  ], 
  "city_names": [
   "Lausanne", 
   "Gen\u00c3\u00a8ve", 
   "Sion", 
   "Neuch\u00c3\u00a2tel", 
   "Bern", 
   "Basel", 
   "Fribourg", 
   "Z\u00c3\u00bcrich", 
   "Aarau", 
   "Luzern", 
   "St-Gallen", 
   "Thun"
  ], 
  "reward_matrix": [
   [
    0, 
    89805, 
    77572, 
    87766, 
    77572, 
    49030, 
    87766, 
    42913, 
    55146, 
    36797, 
    18448, 
    69417
   ], 
   [
    89805, 
    0, 
    59223, 
    69417, 
    59223, 
    30681, 
    69417, 
    24565, 
    36797, 
    18448, 
    100, 
    51068
   ], 
   [
    77572, 
    59223, 
    0, 
    63301, 
    75533, 
    46991, 
    65340, 
    40875, 
    53107, 
    34758, 
    16410, 
    83688
   ], 
   [
    87766, 
    69417, 
    63301, 
    0, 
    95921, 
    67378, 
    85727, 
    61262, 
    73495, 
    55146, 
    36797, 
    87766
   ], 
   [
    77572, 
    59223, 
    75533, 
    95921, 
    0, 
    79611, 
    97960, 
    73495, 
    85727, 
    67378, 
    49030, 
    99999
   ], 
   [
    49030, 
    30681, 
    46991, 
    67378, 
    79611, 
    0, 
    69417, 
    83688, 
    71456, 
    69417, 
    59223, 
    71456
   ], 
   [
    87766, 
    69417, 
    65340, 
    85727, 
    97960, 
    69417, 
    0, 
    63301, 
    75533, 
    57185, 
    38836, 
    89805
   ], 
   [
    42913, 
    24565, 
    40875, 
    61262, 
    73495, 
    83688, 
    63301, 
    0, 
    95921, 
    93882, 
    83688, 
    65340
   ], 
   [
    55146, 
    36797, 
    53107, 
    73495, 
    85727, 
    71456, 
    75533, 
    95921, 
    0, 
    89805, 
    71456, 
    77572
   ], 
   [
    36797, 
    18448, 
    34758, 
    55146, 
    67378, 
    69417, 
    57185, 
    93882, 
    89805, 
    0, 
    69417, 
    59223
   ], 
   [
    18448, 
    100, 
    16410, 
    36797, 
    49030, 
    59223, 
    38836, 
    83688, 
    71456, 
    69417, 
    0, 
    40875
   ], 
   [
    69417, 
    51068, 
    83688, 
    87766, 
    99999, 
    71456, 
    89805, 
    65340, 
    77572, 
    59223, 
    40875, 
    0
   ]
  ], 
  "probability_matrix": [
   [
    0, 
    0.13129055556511907, 
    0.00895582985542799, 
    0.0900795495576566, 
    0.0882509102822326, 
    0.1614120662328896, 
    0.09623601531353143, 
    0.024348513533226528, 
    0.11109781632543346, 
    0.134221352972112, 
    0.05365483787838028, 
    0.10045255248399045
   ], 
   [
    0.05304164867019992, 
    0, 
    0.13774330593474296, 
    0.023517850827639238, 
    0.11994119391471877, 
    0.04901553241986973, 
    0.04677802637710011, 
    0.09160083781859843, 
    0.13397960326521846, 
    0.0998275174959704, 
    0.1055245570396822, 
    0.13902992623625982
   ], 
   [
    0.14280655453747426, 
    0.15466288234147924, 
    0, 
    0.13664842775906755, 
    0.05976165581576516, 
    0.006145587306587532, 
    0.07617484184671025, 
    0.11468974619935914, 
    0.11768284622586808, 
    0.12495591381467626, 
    0.017878420062871395, 
    0.04859312409014118
   ], 
   [
    0.11971966867568101, 
    0.16015645680264853, 
    0.10947033111178221, 
    0, 
    0.15623635406002873, 
    0.04207519972700688, 
    0.07216921374905888, 
    0.12534984606436098, 
    0.148203321200022, 
    0.0029728076297325244, 
    0.04016506888121125, 
    0.023481732098466934
   ], 
   [
    0.10431137522501317, 
    0.0772096378526787, 
    0.07075488008941039, 
    0.17820848640219092, 
    0, 
    0.03225192903108493, 
    0.10151372959717617, 
    0.08782768418992185, 
    0.025766524463690956, 
    0.016891832841614513, 
    0.1589347810368028, 
    0.14632913927041577
   ], 
   [
    0.11242104207647645, 
    0.030069318288269017, 
    0.12170749500011085, 
    0.1338491232057514, 
    0.06445082394181553, 
    0, 
    0.15483570642877312, 
    0.10661785123729788, 
    0.008330788644404124, 
    0.14888458974659824, 
    0.00010493613295464655, 
    0.11872832529754851
   ], 
   [
    0.10033066158528511, 
    0.10264855965074633, 
    0.050109113188060196, 
    0.022435676031189303, 
    0.04700052892482201, 
    0.12232083126080744, 
    0, 
    0.14582280376772275, 
    0.13736236541131305, 
    0.1744434101815294, 
    0.04737733084240013, 
    0.05014871915612427
   ], 
   [
    0.1284380556054586, 
    0.15975144988581338, 
    0.0790709522700929, 
    0.03713351914987518, 
    0.16437597840586096, 
    0.0670067899273512, 
    0.10053250512841284, 
    0, 
    0.10016184003637428, 
    0.035319891654588084, 
    0.0068963952139355755, 
    0.12131262272223715
   ], 
   [
    0.04438330075108918, 
    0.027263411600961997, 
    0.02693868091478419, 
    0.1671488477478231, 
    0.04922845425411145, 
    0.04873452678836284, 
    0.14074860372772793, 
    0.08134936569156538, 
    0, 
    0.16154034704360426, 
    0.16615567706670006, 
    0.08650878441326953
   ], 
   [
    0.010045022625727767, 
    0.04564683263191262, 
    0.07066247082961176, 
    0.09779269354107006, 
    0.1054536905786105, 
    0.1339106199382645, 
    0.12178516671666212, 
    0.047699096411297694, 
    0.16656968001108605, 
    0, 
    0.19226281761249941, 
    0.008171909103257718
   ], 
   [
    0.12171611901397562, 
    0.174860118252244, 
    0.009012406260341806, 
    0.06020510219646986, 
    0.18655002580474833, 
    0.14386599688050933, 
    0.10857286724668552, 
    0.02037657905318385, 
    0.00554715637701956, 
    0.14828140366631873, 
    0, 
    0.02101222524850346
   ], 
   [
    0.039367516946137444, 
    0.035572558586385285, 
    0.0549690809345203, 
    0.04423800854226766, 
    0.07637256070731197, 
    0.1211624838706216, 
    0.07373599203947208, 
    0.16428612204292226, 
    0.1768291126436227, 
    0.07273095112160115, 
    0.14073561256513767, 
    0
   ]
  ]
 }, 
 "vehicle_capacities": [
  10, 
  10, 
  10, 
  30, 
  30, 
  30, 
  30, 
  30, 
  30, 
  30, 
  30, 
  30
 ]
}