{
 "vehicle_cost_per_km": [
  15, 
  10, 
  15, 
  5, 
  5, 
  5, 
  5, 
  5, 
  5, 
  5, 
  5, 
  5
 ], 
 "runs": [
  {
   "avg_task_cost_vs_number_of_task": [
    6200, 
    3100, 
    2066.6666666666665, 
    1550, 
    1880, 
    1566.6666666666667, 
    1514.2857142857142, 
    1487.5, 
    1322.2222222222222, 
    1380, 
    1254.5454545454545, 
    1266.6666666666667, 
    1438.4615384615386, 
    1371.4285714285713, 
    1346.6666666666667, 
    1368.75, 
    1482.3529411764705, 
    1311.111111111111, 
    1226.3157894736842, 
    1415, 
    1271.4285714285713, 
    1218.1818181818182, 
    1186.9565217391305, 
    1258.3333333333333, 
    1160, 
    1211.5384615384614, 
    1214.8148148148148, 
    1082.142857142857, 
    1365.5172413793102, 
    1155
   ], 
   "number_of_vehicles": 3
  }
 ], 
 "vehicle_starting_positions": [
  "Lausanne", 
  "Gen\u00c3\u00a8ve", 
  "Sion", 
  "Neuch\u00c3\u00a2tel", 
  "Bern", 
  "Basel", 
  "Fribourg", 
  "Z\u00c3\u00bcrich", 
  "Aarau", 
  "Luzern", 
  "St-Gallen", 
  "Thun"
 ], 
 "task_distribution": {
  "distance_matrix": [
   [
    0, 
    90, 
    150, 
    100, 
    150, 
    290, 
    100, 
    320, 
    260, 
    350, 
    440, 
    190
   ], 
   [
    90, 
    0, 
    240, 
    190, 
    240, 
    380, 
    190, 
    410, 
    350, 
    440, 
    530, 
    280
   ], 
   [
    150, 
    240, 
    0, 
    220, 
    160, 
    300, 
    210, 
    330, 
    270, 
    360, 
    450, 
    120
   ], 
   [
    100, 
    190, 
    220, 
    0, 
    60, 
    200, 
    110, 
    230, 
    170, 
    260, 
    350, 
    100
   ], 
   [
    150, 
    240, 
    160, 
    60, 
    0, 
    140, 
    50, 
    170, 
    110, 
    200, 
    290, 
    40
   ], 
   [
    290, 
    380, 
    300, 
    200, 
    140, 
    0, 
    190, 
    120, 
    180, 
    190, 
    240, 
    180
   ], 
   [
    100, 
    190, 
    210, 
    110, 
    50, 
    190, 
    0, 
    220, 
    160, 
    250, 
    340, 
    90
   ], 
   [
    320, 
    410, 
    330, 
    230, 
    170, 
    120, 
    220, 
    0, 
    60, 
    70, 
    120, 
    210
   ], 
   [
    260, 
    350, 
    270, 
    170, 
    110, 
    180, 
    160, 
    60, 
    0, 
    90, 
    180, 
    150
   ], 
   [
    350, 
    440, 
    360, 
    260, 
    200, 
    190, 
    250, 
    70, 
    90, 
    0, 
    190, 
    240
   ], 
   [
    440, 
    530, 
    450, 
    350, 
    290, 
    240, 
    340, 
    120, 
    180, 
    190, 
    0, 
    330
   ], 
   [
    190, 
    280, 
    120, 
    100, 
    40, 
    180, 
    90, 
    210, 
    150, 
    240, 
    330, 
    0
   ]
  ], 
  "weight_matrix": [
   [
    0, 
    3, 
    3, 
    3, 
    3, 
    3, 
    3, 
    3, 
    3, 
    3, 
    3, 
    3
   ], 
   [
    3, 
    0, 
    3, 
    3, 
    3, 
    3, 
    3, 
    3, 
    3, 
    3, 
    3, 
    3
   ], 
   [
    3, 
    3, 
    0, 
    3, 
    3, 
    3, 
    3, 
    3, 
    3, 
    3, 
    3, 
    3
   ], 
   [
    3, 
    3, 
    3, 
    0, 
    3, 
    3, 
    3, 
    3, 
    3, 
    3, 
    3, 
    3
   ], 
   [
    3, 
    3, 
    3, 
    3, 
    0, 
    3, 
    3, 
    3, 
    3, 
    3, 
    3, 
    3
   ], 
   [
    3, 
    3, 
    3, 
    3, 
    3, 
    0, 
    3, 
    3, 
    3, 
    3, 
    3, 
    3
   ], 
   [
    3, 
    3, 
    3, 
    3, 
    3, 
    3, 
    0, 
    3, 
    3, 
    3, 
    3, 
    3
   ], 
   [
    3, 
    3, 
    3, 
    3, 
    3, 
    3, 
    3, 
    0, 
    3, 
    3, 
    3, 
    3
   ], 
   [
    3, 
    3, 
    3, 
    3, 
    3, 
    3, 
    3, 
    3, 
    0, 
    3, 
    3, 
    3
   ], 
   [
    3, 
    3, 
    3, 
    3, 
    3, 
    3, 
    3, 
    3, 
    3, 
    0, 
    3, 
    3
   ], 
   [
    3, 
    3, 
    3, 
    3, 
    3, 
    3, 
    3, 
    3, 
    3, 
    3, 
    0, 
    3
   ], 
   [
    3, 
    3, 
    3, 
    3, 
    3, 
    3, 
    3, 
    3, 
    3, 
    3, 
    3, 
    0
   ]
  ], 
  "city_names": [
   "Lausanne", 
   "Gen\u00c3\u00a8ve", 
   "Sion", 
   "Neuch\u00c3\u00a2tel", 
   "Bern", 
   "Basel", 
   "Fribourg", 
   "Z\u00c3\u00bcrich", 
   "Aarau", 
   "Luzern", 
   "St-Gallen", 
   "Thun"
  ], 
  "reward_matrix": [
   [
    0, 
    89805, 
    77572, 
    87766, 
    77572, 
    49030, 
    87766, 
    42913, 
    55146, 
    36797, 
    18448, 
    69417
   ], 
   [
    89805, 
    0, 
    59223, 
    69417, 
    59223, 
    30681, 
    69417, 
    24565, 
    36797, 
    18448, 
    100, 
    51068
   ], 
   [
    77572, 
    59223, 
    0, 
    63301, 
    75533, 
    46991, 
    65340, 
    40875, 
    53107, 
    34758, 
    16410, 
    83688
   ], 
   [
    87766, 
    69417, 
    63301, 
    0, 
    95921, 
    67378, 
    85727, 
    61262, 
    73495, 
    55146, 
    36797, 
    87766
   ], 
   [
    77572, 
    59223, 
    75533, 
    95921, 
    0, 
    79611, 
    97960, 
    73495, 
    85727, 
    67378, 
    49030, 
    99999
   ], 
   [
    49030, 
    30681, 
    46991, 
    67378, 
    79611, 
    0, 
    69417, 
    83688, 
    71456, 
    69417, 
    59223, 
    71456
   ], 
   [
    87766, 
    69417, 
    65340, 
    85727, 
    97960, 
    69417, 
    0, 
    63301, 
    75533, 
    57185, 
    38836, 
    89805
   ], 
   [
    42913, 
    24565, 
    40875, 
    61262, 
    73495, 
    83688, 
    63301, 
    0, 
    95921, 
    93882, 
    83688, 
    65340
   ], 
   [
    55146, 
    36797, 
    53107, 
    73495, 
    85727, 
    71456, 
    75533, 
    95921, 
    0, 
    89805, 
    71456, 
    77572
   ], 
   [
    36797, 
    18448, 
    34758, 
    55146, 
    67378, 
    69417, 
    57185, 
    93882, 
    89805, 
    0, 
    69417, 
    59223
   ], 
   [
    18448, 
    100, 
    16410, 
    36797, 
    49030, 
    59223, 
    38836, 
    83688, 
    71456, 
    69417, 
    0, 
    40875
   ], 
   [
    69417, 
    51068, 
    83688, 
    87766, 
    99999, 
    71456, 
    89805, 
    65340, 
    77572, 
    59223, 
    40875, 
    0
   ]
  ], 
  "probability_matrix": [
   [
    0, 
    0.057874728268991475, 
    0.08348768764923284, 
    0.06562547133632261, 
    0.09684353891151677, 
    0.02008035644269074, 
    0.13232587910254337, 
    0.15483031757896695, 
    0.11576961212903479, 
    0.05151450009103651, 
    0.033253388430165495, 
    0.18839452005949844
   ], 
   [
    0.06531767637183002, 
    0, 
    0.10400929855037458, 
    0.061261618316343344, 
    0.14523434167095825, 
    0.11381352365808604, 
    0.03686038277590487, 
    0.13133821657699124, 
    0.09023810095462052, 
    0.12535373436461533, 
    0.02924067821453303, 
    0.09733242854574266
   ], 
   [
    0.08080834776774411, 
    0.15919532939227451, 
    0, 
    0.08116784657418805, 
    0.11327296653648078, 
    0.015486030588368793, 
    0.01376543939553906, 
    0.11278976804083139, 
    0.12317601593377908, 
    0.05347427622557512, 
    0.1680310237207566, 
    0.07883295582446229
   ], 
   [
    0.010460090183247568, 
    0.08824773276831441, 
    0.05517113631570156, 
    0, 
    0.1757992002311887, 
    0.02125947914894426, 
    0.1808805859260432, 
    0.16637277280698565, 
    0.008067208588171795, 
    0.05208251077521795, 
    0.03554249182970946, 
    0.20611679142647543
   ], 
   [
    0.16301022642134752, 
    0.038038324968217754, 
    0.11919811211151736, 
    0.02331301598879242, 
    0, 
    0.03970201563415805, 
    0.0993812280292983, 
    0.12558969025435146, 
    0.1408397891795473, 
    0.16021520961089625, 
    0.02701880897427742, 
    0.06369357882759634
   ], 
   [
    0.11860184975539173, 
    0.11261140137880556, 
    0.08090645067101514, 
    0.04680036347007164, 
    0.09931326293794622, 
    0, 
    6.886277161762852e-05, 
    0.11624549183987078, 
    0.0321377338700495, 
    0.1647266657861785, 
    0.11198733444103055, 
    0.11660058307802267
   ], 
   [
    0.07140122051188187, 
    0.10683021054303823, 
    0.12786796103457862, 
    0.03660617194729499, 
    0.05691716400834004, 
    0.16282160733011977, 
    0, 
    0.07689446368113373, 
    0.15155113065776238, 
    0.05601801691918067, 
    0.0536286913011029, 
    0.09946336206556682
   ], 
   [
    0.14293260756956436, 
    0.06948040222651633, 
    0.03803798362407324, 
    0.17430193119169501, 
    0.024893322749601574, 
    0.1888243629179813, 
    0.12782062705174377, 
    0, 
    0.04647851418548092, 
    0.05589966558807158, 
    0.017681602434701297, 
    0.11364898046057074
   ], 
   [
    0.19794229097293708, 
    0.1936705275720926, 
    0.11711602970781179, 
    0.08843612931732737, 
    0.045138201079463106, 
    0.031175430485366296, 
    0.009558877355013717, 
    0.15412762216863993, 
    0, 
    0.155659189335828, 
    0.0047032995838668275, 
    0.0024724024216532716
   ], 
   [
    0.006742874570092707, 
    0.09201694102113114, 
    0.0032263610146437338, 
    0.11095404082694117, 
    0.12988518180198205, 
    0.12577608484612457, 
    0.020301110425313507, 
    0.12167534357500435, 
    0.12257217354582114, 
    0, 
    0.12304764342099488, 
    0.1438022449519509
   ], 
   [
    0.12803606224236916, 
    0.05795082341075123, 
    0.09045753615196254, 
    0.06948834556309613, 
    0.013200780329649902, 
    0.14379013717097786, 
    0.11760210933571454, 
    0.09003406728055224, 
    0.0969856695188063, 
    0.024942435243735885, 
    0, 
    0.16751203375238435
   ], 
   [
    0.04106015895352651, 
    0.008164800061112613, 
    0.08801676726751145, 
    0.048096087525289835, 
    0.08454297317325482, 
    0.06641308759361816, 
    0.19468647565798913, 
    0.10418939535411696, 
    0.10635659408647583, 
    0.13077962235838494, 
    0.12769403796871967, 
    0
   ]
  ]
 }, 
 "vehicle_capacities": [
  15, 
  15, 
  15, 
  30, 
  30, 
  30, 
  30, 
  30, 
  30, 
  30, 
  30, 
  30
 ]
}