{
 "vehicle_cost_per_km": [
  5, 
  15, 
  15, 
  5, 
  5, 
  5, 
  5, 
  5, 
  5, 
  5, 
  5, 
  5
 ], 
 "runs": [
  {
   "avg_task_cost_vs_number_of_task": [
    3950, 
    4225, 
    3350, 
    2787.5, 
    2440, 
    2100, 
    1864.2857142857142, 
    1831.25, 
    1694.4444444444443, 
    1570, 
    1509.090909090909, 
    1479.1666666666667, 
    1365.3846153846155, 
    1417.857142857143, 
    1300, 
    1250, 
    1238.235294117647, 
    1375, 
    1342.1052631578948, 
    1490, 
    1245.2380952380952, 
    1384.090909090909, 
    1478.2608695652175, 
    1400, 
    1454, 
    1419.2307692307693, 
    1448.148148148148, 
    1417.857142857143, 
    1548.2758620689656, 
    1470
   ], 
   "number_of_vehicles": 3
  }
 ], 
 "vehicle_starting_positions": [
  "Lausanne", 
  "Gen\u00c3\u00a8ve", 
  "Sion", 
  "Neuch\u00c3\u00a2tel", 
  "Bern", 
  "Basel", 
  "Fribourg", 
  "Z\u00c3\u00bcrich", 
  "Aarau", 
  "Luzern", 
  "St-Gallen", 
  "Thun"
 ], 
 "task_distribution": {
  "distance_matrix": [
   [
    0, 
    90, 
    150, 
    100, 
    150, 
    290, 
    100, 
    320, 
    260, 
    350, 
    440, 
    190
   ], 
   [
    90, 
    0, 
    240, 
    190, 
    240, 
    380, 
    190, 
    410, 
    350, 
    440, 
    530, 
    280
   ], 
   [
    150, 
    240, 
    0, 
    220, 
    160, 
    300, 
    210, 
    330, 
    270, 
    360, 
    450, 
    120
   ], 
   [
    100, 
    190, 
    220, 
    0, 
    60, 
    200, 
    110, 
    230, 
    170, 
    260, 
    350, 
    100
   ], 
   [
    150, 
    240, 
    160, 
    60, 
    0, 
    140, 
    50, 
    170, 
    110, 
    200, 
    290, 
    40
   ], 
   [
    290, 
    380, 
    300, 
    200, 
    140, 
    0, 
    190, 
    120, 
    180, 
    190, 
    240, 
    180
   ], 
   [
    100, 
    190, 
    210, 
    110, 
    50, 
    190, 
    0, 
    220, 
    160, 
    250, 
    340, 
    90
   ], 
   [
    320, 
    410, 
    330, 
    230, 
    170, 
    120, 
    220, 
    0, 
    60, 
    70, 
    120, 
    210
   ], 
   [
    260, 
    350, 
    270, 
    170, 
    110, 
    180, 
    160, 
    60, 
    0, 
    90, 
    180, 
    150
   ], 
   [
    350, 
    440, 
    360, 
    260, 
    200, 
    190, 
    250, 
    70, 
    90, 
    0, 
    190, 
    240
   ], 
   [
    440, 
    530, 
    450, 
    350, 
    290, 
    240, 
    340, 
    120, 
    180, 
    190, 
    0, 
    330
   ], 
   [
    190, 
    280, 
    120, 
    100, 
    40, 
    180, 
    90, 
    210, 
    150, 
    240, 
    330, 
    0
   ]
  ], 
  "weight_matrix": [
   [
    0, 
    3, 
    3, 
    3, 
    3, 
    3, 
    3, 
    3, 
    3, 
    3, 
    3, 
    3
   ], 
   [
    3, 
    0, 
    3, 
    3, 
    3, 
    3, 
    3, 
    3, 
    3, 
    3, 
    3, 
    3
   ], 
   [
    3, 
    3, 
    0, 
    3, 
    3, 
    3, 
    3, 
    3, 
    3, 
    3, 
    3, 
    3
   ], 
   [
    3, 
    3, 
    3, 
    0, 
    3, 
    3, 
    3, 
    3, 
    3, 
    3, 
    3, 
    3
   ], 
   [
    3, 
    3, 
    3, 
    3, 
    0, 
    3, 
    3, 
    3, 
    3, 
    3, 
    3, 
    3
   ], 
   [
    3, 
    3, 
    3, 
    3, 
    3, 
    0, 
    3, 
    3, 
    3, 
    3, 
    3, 
    3
   ], 
   [
    3, 
    3, 
    3, 
    3, 
    3, 
    3, 
    0, 
    3, 
    3, 
    3, 
    3, 
    3
   ], 
   [
    3, 
    3, 
    3, 
    3, 
    3, 
    3, 
    3, 
    0, 
    3, 
    3, 
    3, 
    3
   ], 
   [
    3, 
    3, 
    3, 
    3, 
    3, 
    3, 
    3, 
    3, 
    0, 
    3, 
    3, 
    3
   ], 
   [
    3, 
    3, 
    3, 
    3, 
    3, 
    3, 
    3, 
    3, 
    3, 
    0, 
    3, 
    3
   ], 
   [
    3, 
    3, 
    3, 
    3, 
    3, 
    3, 
    3, 
    3, 
    3, 
    3, 
    0, 
    3
   ], 
   [
    3, 
    3, 
    3, 
    3, 
    3, 
    3, 
    3, 
    3, 
    3, 
    3, 
    3, 
    0
   ]
  ], 
  "city_names": [
   "Lausanne", 
   "Gen\u00c3\u00a8ve", 
   "Sion", 
   "Neuch\u00c3\u00a2tel", 
   "Bern", 
   "Basel", 
   "Fribourg", 
   "Z\u00c3\u00bcrich", 
   "Aarau", 
   "Luzern", 
   "St-Gallen", 
   "Thun"
  ], 
  "reward_matrix": [
   [
    0, 
    89805, 
    77572, 
    87766, 
    77572, 
    49030, 
    87766, 
    42913, 
    55146, 
    36797, 
    18448, 
    69417
   ], 
   [
    89805, 
    0, 
    59223, 
    69417, 
    59223, 
    30681, 
    69417, 
    24565, 
    36797, 
    18448, 
    100, 
    51068
   ], 
   [
    77572, 
    59223, 
    0, 
    63301, 
    75533, 
    46991, 
    65340, 
    40875, 
    53107, 
    34758, 
    16410, 
    83688
   ], 
   [
    87766, 
    69417, 
    63301, 
    0, 
    95921, 
    67378, 
    85727, 
    61262, 
    73495, 
    55146, 
    36797, 
    87766
   ], 
   [
    77572, 
    59223, 
    75533, 
    95921, 
    0, 
    79611, 
    97960, 
    73495, 
    85727, 
    67378, 
    49030, 
    99999
   ], 
   [
    49030, 
    30681, 
    46991, 
    67378, 
    79611, 
    0, 
    69417, 
    83688, 
    71456, 
    69417, 
    59223, 
    71456
   ], 
   [
    87766, 
    69417, 
    65340, 
    85727, 
    97960, 
    69417, 
    0, 
    63301, 
    75533, 
    57185, 
    38836, 
    89805
   ], 
   [
    42913, 
    24565, 
    40875, 
    61262, 
    73495, 
    83688, 
    63301, 
    0, 
    95921, 
    93882, 
    83688, 
    65340
   ], 
   [
    55146, 
    36797, 
    53107, 
    73495, 
    85727, 
    71456, 
    75533, 
    95921, 
    0, 
    89805, 
    71456, 
    77572
   ], 
   [
    36797, 
    18448, 
    34758, 
    55146, 
    67378, 
    69417, 
    57185, 
    93882, 
    89805, 
    0, 
    69417, 
    59223
   ], 
   [
    18448, 
    100, 
    16410, 
    36797, 
    49030, 
    59223, 
    38836, 
    83688, 
    71456, 
    69417, 
    0, 
    40875
   ], 
   [
    69417, 
    51068, 
    83688, 
    87766, 
    99999, 
    71456, 
    89805, 
    65340, 
    77572, 
    59223, 
    40875, 
    0
   ]
  ], 
  "probability_matrix": [
   [
    0, 
    0.15431986918575819, 
    0.05287715903769169, 
    0.0008044257869338724, 
    0.058456269304158405, 
    0.03928279948037054, 
    0.029411610724246723, 
    0.022104661775380036, 
    0.14896433442020313, 
    0.16098614934591068, 
    0.16932634690982984, 
    0.16346637402951686
   ], 
   [
    0.17611951066152165, 
    0, 
    0.01727007978460353, 
    0.08473593288031389, 
    0.016315559732646708, 
    0.16862267376035725, 
    0.03559628939160586, 
    0.022717996510131476, 
    0.02292644336735058, 
    0.20835813082655882, 
    0.08709607606253965, 
    0.16024130702237055
   ], 
   [
    0.04822030901074476, 
    0.15982834526344317, 
    0, 
    0.0988120691804384, 
    0.13054219158306427, 
    0.03861340053130729, 
    0.10089907763867711, 
    0.21063594742373498, 
    0.06616828493214762, 
    0.07888039798439063, 
    0.042783902441359004, 
    0.024616074010692914
   ], 
   [
    0.042891782124714666, 
    0.07177020342760775, 
    0.03251989634062972, 
    0, 
    0.05382153778912454, 
    0.18177053402343266, 
    0.10614949588646845, 
    0.0090157250885126, 
    0.21440270183979304, 
    0.18296210170186736, 
    0.09833181937325244, 
    0.006364202404596776
   ], 
   [
    0.0644394796756911, 
    0.12783655513462147, 
    0.12563060296777284, 
    0.00014710991870979246, 
    0, 
    0.079781327093282, 
    0.11375285002376485, 
    0.07303781520452612, 
    0.12155012367511665, 
    0.11737824681056075, 
    0.0985000573142281, 
    0.07794583218172613
   ], 
   [
    0.09179471179382542, 
    0.07355691606991628, 
    0.1029453726503215, 
    0.1684187599159011, 
    0.08992775593613124, 
    0, 
    0.13279870317703232, 
    0.16225935149200962, 
    0.05326575126932998, 
    0.04069161123000352, 
    0.03567662074629785, 
    0.04866444571923123
   ], 
   [
    0.143674979512137, 
    0.15626100221463052, 
    0.06440387999322657, 
    0.027901667229019832, 
    0.11026431704366853, 
    0.08320214721908892, 
    0, 
    0.08264356974479013, 
    0.1636740520843633, 
    0.14124713236078978, 
    0.01931999863445978, 
    0.007407253963825433
   ], 
   [
    0.13779819706338461, 
    0.12100602883109615, 
    0.004630493932087818, 
    0.15558863159019692, 
    0.17794049991886102, 
    0.013109911701604287, 
    0.009660633582277714, 
    0, 
    0.16157248407357852, 
    0.08315938992029395, 
    0.03824343309366458, 
    0.09729029629295438
   ], 
   [
    0.018239156067284268, 
    0.0378380334312968, 
    0.06760058675459851, 
    0.042374082428346733, 
    0.1709142983855681, 
    0.16792284360121998, 
    0.1353938943676662, 
    0.11047656462325668, 
    0, 
    0.007315422971814285, 
    0.12858403455217118, 
    0.11334108281677735
   ], 
   [
    0.08293377040386872, 
    0.10834802674732852, 
    0.06740287619021197, 
    0.09174540526541612, 
    0.11064792727916856, 
    0.029961074567964763, 
    0.10449303345516424, 
    0.17972611761023485, 
    0.05280107718784673, 
    0, 
    0.13971860483816012, 
    0.032222086454635264
   ], 
   [
    0.053342490938294816, 
    0.12386690391816915, 
    0.13935351381373717, 
    0.034620513298948184, 
    0.01743413663866104, 
    0.1677059430659558, 
    0.041900669352109406, 
    0.1663357177249006, 
    0.004650481283456621, 
    0.07796458636714046, 
    0, 
    0.17282504359862677
   ], 
   [
    0.07304407052934683, 
    0.056042012151832424, 
    0.14844874951457135, 
    0.17925092314358518, 
    0.052885702495508925, 
    0.09376881928900124, 
    0.18893372243636616, 
    0.1657205521360516, 
    0.016221913278061228, 
    0.009131397678661939, 
    0.016552137347013014, 
    0
   ]
  ]
 }, 
 "vehicle_capacities": [
  5, 
  5, 
  5, 
  30, 
  30, 
  30, 
  30, 
  30, 
  30, 
  30, 
  30, 
  30
 ]
}