{
 "vehicle_cost_per_km": [
  5, 
  5, 
  5, 
  5, 
  5
 ], 
 "runs": [
  {
   "avg_task_cost_vs_number_of_task": [
    2750, 
    1575, 
    1200, 
    1025, 
    900, 
    833.3333333333334, 
    978.5714285714286, 
    800, 
    800, 
    720, 
    704.5454545454545, 
    670.8333333333334, 
    673.0769230769231, 
    617.8571428571429, 
    626.6666666666666, 
    687.5, 
    617.6470588235294, 
    600, 
    623.6842105263158, 
    560, 
    500, 
    540.9090909090909, 
    534.7826086956521, 
    566.6666666666666, 
    500, 
    513.4615384615385, 
    501.85185185185185, 
    517.8571428571429, 
    474.13793103448273, 
    458.3333333333333
   ], 
   "number_of_vehicles": 3
  }
 ], 
 "vehicle_starting_positions": [
  "Lausanne", 
  "Gen\u00e8ve", 
  "Sion", 
  "Neuch\u00e2tel", 
  "Bern", 
  "Basel", 
  "Fribourg", 
  "Z\u00fcrich", 
  "Aarau", 
  "Luzern", 
  "St-Gallen", 
  "Thun"
 ], 
 "task_distribution": {
  "distance_matrix": [
   [
    0, 
    90, 
    150, 
    100, 
    150, 
    290, 
    100, 
    320, 
    260, 
    350, 
    440, 
    190
   ], 
   [
    90, 
    0, 
    240, 
    190, 
    240, 
    380, 
    190, 
    410, 
    350, 
    440, 
    530, 
    280
   ], 
   [
    150, 
    240, 
    0, 
    220, 
    160, 
    300, 
    210, 
    330, 
    270, 
    360, 
    450, 
    120
   ], 
   [
    100, 
    190, 
    220, 
    0, 
    60, 
    200, 
    110, 
    230, 
    170, 
    260, 
    350, 
    100
   ], 
   [
    150, 
    240, 
    160, 
    60, 
    0, 
    140, 
    50, 
    170, 
    110, 
    200, 
    290, 
    40
   ], 
   [
    290, 
    380, 
    300, 
    200, 
    140, 
    0, 
    190, 
    120, 
    180, 
    190, 
    240, 
    180
   ], 
   [
    100, 
    190, 
    210, 
    110, 
    50, 
    190, 
    0, 
    220, 
    160, 
    250, 
    340, 
    90
   ], 
   [
    320, 
    410, 
    330, 
    230, 
    170, 
    120, 
    220, 
    0, 
    60, 
    70, 
    120, 
    210
   ], 
   [
    260, 
    350, 
    270, 
    170, 
    110, 
    180, 
    160, 
    60, 
    0, 
    90, 
    180, 
    150
   ], 
   [
    350, 
    440, 
    360, 
    260, 
    200, 
    190, 
    250, 
    70, 
    90, 
    0, 
    190, 
    240
   ], 
   [
    440, 
    530, 
    450, 
    350, 
    290, 
    240, 
    340, 
    120, 
    180, 
    190, 
    0, 
    330
   ], 
   [
    190, 
    280, 
    120, 
    100, 
    40, 
    180, 
    90, 
    210, 
    150, 
    240, 
    330, 
    0
   ]
  ], 
  "weight_matrix": [
   [
    0, 
    3, 
    3, 
    3, 
    3, 
    3, 
    3, 
    3, 
    3, 
    3, 
    3, 
    3
   ], 
   [
    3, 
    0, 
    3, 
    3, 
    3, 
    3, 
    3, 
    3, 
    3, 
    3, 
    3, 
    3
   ], 
   [
    3, 
    3, 
    0, 
    3, 
    3, 
    3, 
    3, 
    3, 
    3, 
    3, 
    3, 
    3
   ], 
   [
    3, 
    3, 
    3, 
    0, 
    3, 
    3, 
    3, 
    3, 
    3, 
    3, 
    3, 
    3
   ], 
   [
    3, 
    3, 
    3, 
    3, 
    0, 
    3, 
    3, 
    3, 
    3, 
    3, 
    3, 
    3
   ], 
   [
    3, 
    3, 
    3, 
    3, 
    3, 
    0, 
    3, 
    3, 
    3, 
    3, 
    3, 
    3
   ], 
   [
    3, 
    3, 
    3, 
    3, 
    3, 
    3, 
    0, 
    3, 
    3, 
    3, 
    3, 
    3
   ], 
   [
    3, 
    3, 
    3, 
    3, 
    3, 
    3, 
    3, 
    0, 
    3, 
    3, 
    3, 
    3
   ], 
   [
    3, 
    3, 
    3, 
    3, 
    3, 
    3, 
    3, 
    3, 
    0, 
    3, 
    3, 
    3
   ], 
   [
    3, 
    3, 
    3, 
    3, 
    3, 
    3, 
    3, 
    3, 
    3, 
    0, 
    3, 
    3
   ], 
   [
    3, 
    3, 
    3, 
    3, 
    3, 
    3, 
    3, 
    3, 
    3, 
    3, 
    0, 
    3
   ], 
   [
    3, 
    3, 
    3, 
    3, 
    3, 
    3, 
    3, 
    3, 
    3, 
    3, 
    3, 
    0
   ]
  ], 
  "city_names": [
   "Lausanne", 
   "Gen\u00e8ve", 
   "Sion", 
   "Neuch\u00e2tel", 
   "Bern", 
   "Basel", 
   "Fribourg", 
   "Z\u00fcrich", 
   "Aarau", 
   "Luzern", 
   "St-Gallen", 
   "Thun"
  ], 
  "reward_matrix": [
   [
    0, 
    89805, 
    77572, 
    87766, 
    77572, 
    49030, 
    87766, 
    42913, 
    55146, 
    36797, 
    18448, 
    69417
   ], 
   [
    89805, 
    0, 
    59223, 
    69417, 
    59223, 
    30681, 
    69417, 
    24565, 
    36797, 
    18448, 
    100, 
    51068
   ], 
   [
    77572, 
    59223, 
    0, 
    63301, 
    75533, 
    46991, 
    65340, 
    40875, 
    53107, 
    34758, 
    16410, 
    83688
   ], 
   [
    87766, 
    69417, 
    63301, 
    0, 
    95921, 
    67378, 
    85727, 
    61262, 
    73495, 
    55146, 
    36797, 
    87766
   ], 
   [
    77572, 
    59223, 
    75533, 
    95921, 
    0, 
    79611, 
    97960, 
    73495, 
    85727, 
    67378, 
    49030, 
    99999
   ], 
   [
    49030, 
    30681, 
    46991, 
    67378, 
    79611, 
    0, 
    69417, 
    83688, 
    71456, 
    69417, 
    59223, 
    71456
   ], 
   [
    87766, 
    69417, 
    65340, 
    85727, 
    97960, 
    69417, 
    0, 
    63301, 
    75533, 
    57185, 
    38836, 
    89805
   ], 
   [
    42913, 
    24565, 
    40875, 
    61262, 
    73495, 
    83688, 
    63301, 
    0, 
    95921, 
    93882, 
    83688, 
    65340
   ], 
   [
    55146, 
    36797, 
    53107, 
    73495, 
    85727, 
    71456, 
    75533, 
    95921, 
    0, 
    89805, 
    71456, 
    77572
   ], 
   [
    36797, 
    18448, 
    34758, 
    55146, 
    67378, 
    69417, 
    57185, 
    93882, 
    89805, 
    0, 
    69417, 
    59223
   ], 
   [
    18448, 
    100, 
    16410, 
    36797, 
    49030, 
    59223, 
    38836, 
    83688, 
    71456, 
    69417, 
    0, 
    40875
   ], 
   [
    69417, 
    51068, 
    83688, 
    87766, 
    99999, 
    71456, 
    89805, 
    65340, 
    77572, 
    59223, 
    40875, 
    0
   ]
  ], 
  "probability_matrix": [
   [
    0, 
    0.17657592143488188, 
    0.07699907197198505, 
    0.07396925653770081, 
    0.03790938924748918, 
    0.07911819833344644, 
    0.10227167326822159, 
    0.20450946346210913, 
    0.008284206349819386, 
    0.008287047985618402, 
    0.06433385518253776, 
    0.1677419162261903
   ], 
   [
    0.11455760667826781, 
    0, 
    0.0842776233483037, 
    0.07899350222054367, 
    0.08823339431830174, 
    0.05029297174144816, 
    0.18483455982139088, 
    0.09342053737864722, 
    0.0015766866608571558, 
    0.01647236628113353, 
    0.19462995161170152, 
    0.09271079993940452
   ], 
   [
    0.01247577655109382, 
    0.08316166777660643, 
    0, 
    0.1377793537798316, 
    0.16826774460106356, 
    0.09962175427617538, 
    0.13893293696868417, 
    0.061573180945856544, 
    0.025647211231017177, 
    0.058326810137970676, 
    0.17089149096884879, 
    0.043322072762851896
   ], 
   [
    0.15147606976855865, 
    0.08441292610543866, 
    0.08872304173010466, 
    0, 
    0.1379396966081125, 
    0.16158551833860654, 
    0.07562727719659955, 
    0.1181425721027295, 
    0.04654424843909514, 
    0.012668006538650717, 
    0.007102564224819126, 
    0.11577807894728506
   ], 
   [
    0.1290846647088635, 
    0.05203147827646917, 
    0.079898952595127, 
    0.12297050265410248, 
    0, 
    0.05416847332912691, 
    0.10441040303086939, 
    0.08505620079074015, 
    0.040771814088992234, 
    0.07049319116995556, 
    0.12944636080476093, 
    0.13166795855099278
   ], 
   [
    0.022447057438259203, 
    0.027166062487134733, 
    0.1874653089394015, 
    0.09250098063397315, 
    0.1626621734793609, 
    0, 
    0.01974363729581942, 
    0.09458121707527346, 
    0.11746283789009737, 
    0.01960437158035268, 
    0.16944420798984222, 
    0.08692214519048527
   ], 
   [
    0.0932267442063751, 
    0.004372659191381215, 
    0.1225828681771048, 
    0.14596907562174313, 
    0.0790598168110649, 
    0.03178849029777644, 
    0, 
    0.13189638218423572, 
    0.08669877747716177, 
    0.10010537896140052, 
    0.11181559243702296, 
    0.09248421463473357
   ], 
   [
    0.13416075945685182, 
    0.08240231357408943, 
    0.08375282283273836, 
    0.09953517546177122, 
    0.10826550579326813, 
    0.003247203958917503, 
    0.11196629017469216, 
    0, 
    0.10592782376780568, 
    0.09472909688482309, 
    0.08789453069123868, 
    0.0881184774038039
   ], 
   [
    0.1104166664102691, 
    0.058361581831496714, 
    0.006669955924105734, 
    0.18526830836533184, 
    0.1407595705603473, 
    0.0690991142448595, 
    0.18403984520951888, 
    0.05756056039393827, 
    0, 
    0.08400746161437411, 
    0.05102921877860311, 
    0.05278771666715562
   ], 
   [
    0.11004129146775579, 
    0.1143937183075395, 
    0.07909572774067881, 
    0.026622654365013175, 
    0.12920703276806267, 
    0.1064925642900397, 
    0.08648024613758178, 
    0.044742718157344895, 
    0.12552046882213405, 
    0, 
    0.11436384344980569, 
    0.06303973449404396
   ], 
   [
    0.011504159235152585, 
    0.03435300965637508, 
    0.13359090707477742, 
    0.13914183084377102, 
    0.1691138695897021, 
    0.03449939998441075, 
    0.10140044310154397, 
    0.008938577148277643, 
    0.13232821939098055, 
    0.08207060894543886, 
    0, 
    0.15305897502957005
   ], 
   [
    0.0971324804286772, 
    0.0018459416126074284, 
    0.13841261335453847, 
    0.09461655459680826, 
    0.05215990588540504, 
    0.12921297287926806, 
    0.041227636473161966, 
    0.10563979002464385, 
    0.06728563922911293, 
    0.13896191857394324, 
    0.13350454694183347, 
    0
   ]
  ]
 }, 
 "vehicle_capacities": [
  15, 
  15, 
  15, 
  30, 
  30, 
  30, 
  30, 
  30, 
  30, 
  30, 
  30, 
  30
 ]
}