{
 "vehicle_cost_per_km": [
  10, 
  5, 
  5, 
  5, 
  5, 
  5, 
  5, 
  5, 
  5, 
  5, 
  5, 
  5
 ], 
 "runs": [
  {
   "avg_task_cost_vs_number_of_task": [
    1550, 
    1575, 
    1050, 
    1050, 
    1120, 
    941.6666666666666, 
    871.4285714285714, 
    762.5, 
    872.2222222222222, 
    825, 
    804.5454545454545, 
    825, 
    765.3846153846154, 
    760.7142857142857, 
    660, 
    687.5, 
    732.3529411764706, 
    711.1111111111111, 
    684.2105263157895, 
    710, 
    626.1904761904761, 
    704.5454545454545, 
    654.3478260869565, 
    620.8333333333334, 
    632, 
    676.9230769230769, 
    701.8518518518518, 
    712.5, 
    698.2758620689655, 
    715
   ], 
   "number_of_vehicles": 3
  }
 ], 
 "vehicle_starting_positions": [
  "Lausanne", 
  "Gen\u00c3\u00a8ve", 
  "Sion", 
  "Neuch\u00c3\u00a2tel", 
  "Bern", 
  "Basel", 
  "Fribourg", 
  "Z\u00c3\u00bcrich", 
  "Aarau", 
  "Luzern", 
  "St-Gallen", 
  "Thun"
 ], 
 "task_distribution": {
  "distance_matrix": [
   [
    0, 
    90, 
    150, 
    100, 
    150, 
    290, 
    100, 
    320, 
    260, 
    350, 
    440, 
    190
   ], 
   [
    90, 
    0, 
    240, 
    190, 
    240, 
    380, 
    190, 
    410, 
    350, 
    440, 
    530, 
    280
   ], 
   [
    150, 
    240, 
    0, 
    220, 
    160, 
    300, 
    210, 
    330, 
    270, 
    360, 
    450, 
    120
   ], 
   [
    100, 
    190, 
    220, 
    0, 
    60, 
    200, 
    110, 
    230, 
    170, 
    260, 
    350, 
    100
   ], 
   [
    150, 
    240, 
    160, 
    60, 
    0, 
    140, 
    50, 
    170, 
    110, 
    200, 
    290, 
    40
   ], 
   [
    290, 
    380, 
    300, 
    200, 
    140, 
    0, 
    190, 
    120, 
    180, 
    190, 
    240, 
    180
   ], 
   [
    100, 
    190, 
    210, 
    110, 
    50, 
    190, 
    0, 
    220, 
    160, 
    250, 
    340, 
    90
   ], 
   [
    320, 
    410, 
    330, 
    230, 
    170, 
    120, 
    220, 
    0, 
    60, 
    70, 
    120, 
    210
   ], 
   [
    260, 
    350, 
    270, 
    170, 
    110, 
    180, 
    160, 
    60, 
    0, 
    90, 
    180, 
    150
   ], 
   [
    350, 
    440, 
    360, 
    260, 
    200, 
    190, 
    250, 
    70, 
    90, 
    0, 
    190, 
    240
   ], 
   [
    440, 
    530, 
    450, 
    350, 
    290, 
    240, 
    340, 
    120, 
    180, 
    190, 
    0, 
    330
   ], 
   [
    190, 
    280, 
    120, 
    100, 
    40, 
    180, 
    90, 
    210, 
    150, 
    240, 
    330, 
    0
   ]
  ], 
  "weight_matrix": [
   [
    0, 
    3, 
    3, 
    3, 
    3, 
    3, 
    3, 
    3, 
    3, 
    3, 
    3, 
    3
   ], 
   [
    3, 
    0, 
    3, 
    3, 
    3, 
    3, 
    3, 
    3, 
    3, 
    3, 
    3, 
    3
   ], 
   [
    3, 
    3, 
    0, 
    3, 
    3, 
    3, 
    3, 
    3, 
    3, 
    3, 
    3, 
    3
   ], 
   [
    3, 
    3, 
    3, 
    0, 
    3, 
    3, 
    3, 
    3, 
    3, 
    3, 
    3, 
    3
   ], 
   [
    3, 
    3, 
    3, 
    3, 
    0, 
    3, 
    3, 
    3, 
    3, 
    3, 
    3, 
    3
   ], 
   [
    3, 
    3, 
    3, 
    3, 
    3, 
    0, 
    3, 
    3, 
    3, 
    3, 
    3, 
    3
   ], 
   [
    3, 
    3, 
    3, 
    3, 
    3, 
    3, 
    0, 
    3, 
    3, 
    3, 
    3, 
    3
   ], 
   [
    3, 
    3, 
    3, 
    3, 
    3, 
    3, 
    3, 
    0, 
    3, 
    3, 
    3, 
    3
   ], 
   [
    3, 
    3, 
    3, 
    3, 
    3, 
    3, 
    3, 
    3, 
    0, 
    3, 
    3, 
    3
   ], 
   [
    3, 
    3, 
    3, 
    3, 
    3, 
    3, 
    3, 
    3, 
    3, 
    0, 
    3, 
    3
   ], 
   [
    3, 
    3, 
    3, 
    3, 
    3, 
    3, 
    3, 
    3, 
    3, 
    3, 
    0, 
    3
   ], 
   [
    3, 
    3, 
    3, 
    3, 
    3, 
    3, 
    3, 
    3, 
    3, 
    3, 
    3, 
    0
   ]
  ], 
  "city_names": [
   "Lausanne", 
   "Gen\u00c3\u00a8ve", 
   "Sion", 
   "Neuch\u00c3\u00a2tel", 
   "Bern", 
   "Basel", 
   "Fribourg", 
   "Z\u00c3\u00bcrich", 
   "Aarau", 
   "Luzern", 
   "St-Gallen", 
   "Thun"
  ], 
  "reward_matrix": [
   [
    0, 
    89805, 
    77572, 
    87766, 
    77572, 
    49030, 
    87766, 
    42913, 
    55146, 
    36797, 
    18448, 
    69417
   ], 
   [
    89805, 
    0, 
    59223, 
    69417, 
    59223, 
    30681, 
    69417, 
    24565, 
    36797, 
    18448, 
    100, 
    51068
   ], 
   [
    77572, 
    59223, 
    0, 
    63301, 
    75533, 
    46991, 
    65340, 
    40875, 
    53107, 
    34758, 
    16410, 
    83688
   ], 
   [
    87766, 
    69417, 
    63301, 
    0, 
    95921, 
    67378, 
    85727, 
    61262, 
    73495, 
    55146, 
    36797, 
    87766
   ], 
   [
    77572, 
    59223, 
    75533, 
    95921, 
    0, 
    79611, 
    97960, 
    73495, 
    85727, 
    67378, 
    49030, 
    99999
   ], 
   [
    49030, 
    30681, 
    46991, 
    67378, 
    79611, 
    0, 
    69417, 
    83688, 
    71456, 
    69417, 
    59223, 
    71456
   ], 
   [
    87766, 
    69417, 
    65340, 
    85727, 
    97960, 
    69417, 
    0, 
    63301, 
    75533, 
    57185, 
    38836, 
    89805
   ], 
   [
    42913, 
    24565, 
    40875, 
    61262, 
    73495, 
    83688, 
    63301, 
    0, 
    95921, 
    93882, 
    83688, 
    65340
   ], 
   [
    55146, 
    36797, 
    53107, 
    73495, 
    85727, 
    71456, 
    75533, 
    95921, 
    0, 
    89805, 
    71456, 
    77572
   ], 
   [
    36797, 
    18448, 
    34758, 
    55146, 
    67378, 
    69417, 
    57185, 
    93882, 
    89805, 
    0, 
    69417, 
    59223
   ], 
   [
    18448, 
    100, 
    16410, 
    36797, 
    49030, 
    59223, 
    38836, 
    83688, 
    71456, 
    69417, 
    0, 
    40875
   ], 
   [
    69417, 
    51068, 
    83688, 
    87766, 
    99999, 
    71456, 
    89805, 
    65340, 
    77572, 
    59223, 
    40875, 
    0
   ]
  ], 
  "probability_matrix": [
   [
    0, 
    0.010248935650550732, 
    0.14587843803536532, 
    0.11791222196042725, 
    0.14096048761694555, 
    0.13956915953140703, 
    0.13579510952834245, 
    0.0946033041829172, 
    0.011635450238935696, 
    0.07674494481849044, 
    0.08972152592891625, 
    0.03693042250770205
   ], 
   [
    0.0560503537468181, 
    0, 
    0.1252161724454288, 
    0.18674120818389583, 
    0.06720922098444052, 
    0.09269339450410612, 
    0.00881119992473771, 
    0.04208421262834615, 
    0.14754938259251962, 
    0.04308840970376782, 
    0.05995572000705113, 
    0.17060072527888825
   ], 
   [
    0.030568113805153885, 
    0.06041597581860522, 
    0, 
    0.11187359220415471, 
    0.03569302867940574, 
    0.10440138526913574, 
    0.16056342383707023, 
    0.08528307448428564, 
    0.20043049221499343, 
    0.12364786814121363, 
    0.02165049775124698, 
    0.06547254779473487
   ], 
   [
    0.14454389851044458, 
    0.12063058307862988, 
    0.09671937548758085, 
    0, 
    0.0274338741478646, 
    0.11154872616671185, 
    0.1343492669074857, 
    0.031447180590901146, 
    0.12285502925234679, 
    0.10384086283240829, 
    0.05124120917200247, 
    0.05538999385362382
   ], 
   [
    0.19849004418878471, 
    0.018014844560877583, 
    0.0765205774941262, 
    0.07688506197306354, 
    0, 
    0.11374869122802807, 
    0.12020584711106976, 
    0.1880601725057646, 
    0.005723338868674933, 
    0.03257237180519455, 
    0.09418120859965737, 
    0.07559784166475887
   ], 
   [
    0.06463772508816311, 
    0.20075667130356362, 
    0.10239435901735043, 
    0.09430495151342672, 
    0.18549631065725578, 
    0, 
    0.02606163238365458, 
    0.00821403373515651, 
    0.0249369834620438, 
    0.03293159981126273, 
    0.1304439505103255, 
    0.12982178251779738
   ], 
   [
    0.019485441051700438, 
    0.1297372082975706, 
    0.12455103347463772, 
    0.026922058018390295, 
    0.06109874953372497, 
    0.10239325438686483, 
    0, 
    0.13781757169652029, 
    0.1111593576415221, 
    0.07633774816803299, 
    0.12374453974214798, 
    0.08675303798888778
   ], 
   [
    0.11636252538185754, 
    0.18083280344493144, 
    0.19434281323976582, 
    0.027597952556561837, 
    0.13247770430919212, 
    0.0833794347179325, 
    0.010174347247793968, 
    0, 
    0.05667533323265647, 
    0.014451643558917326, 
    0.051234421852802456, 
    0.1324710204575886
   ], 
   [
    0.059775025353241536, 
    0.12896774298705177, 
    0.07539978968620988, 
    0.1266383688607393, 
    0.007520049423273953, 
    0.10321296180102861, 
    0.08417753573675575, 
    0.15126628569390377, 
    0, 
    0.0635304194738697, 
    0.05922822284591486, 
    0.14028359813801083
   ], 
   [
    0.0141465323228523, 
    0.13533272937048366, 
    0.1248806402647942, 
    0.09237764892457055, 
    0.13330676217535803, 
    0.0076739363778056905, 
    0.1395436782032545, 
    0.09600664551628132, 
    0.10534022804791121, 
    0, 
    0.08264481643180799, 
    0.0687463823648806
   ], 
   [
    0.026001042666751743, 
    0.05369631618264264, 
    0.13505239500101807, 
    0.18328602678394496, 
    0.06061507492159136, 
    0.028490891730689208, 
    0.17920988898189505, 
    0.07219385887089483, 
    0.1715262064195844, 
    0.044178977625706474, 
    0, 
    0.04574932081528144
   ], 
   [
    0.05836390134651861, 
    0.06664490604154623, 
    0.10486401775900642, 
    0.13568443018227763, 
    0.08961587689246381, 
    0.15669128922924444, 
    0.12172928313065473, 
    0.13003610159789808, 
    0.03231869506487274, 
    0.03090118991328484, 
    0.07315030884223239, 
    0
   ]
  ]
 }, 
 "vehicle_capacities": [
  10, 
  10, 
  10, 
  30, 
  30, 
  30, 
  30, 
  30, 
  30, 
  30, 
  30, 
  30
 ]
}