{
 "vehicle_cost_per_km": [
  5, 
  5, 
  5, 
  5, 
  5
 ], 
 "runs": [
  {
   "avg_task_cost_vs_number_of_task": [
    1600, 
    825, 
    1050, 
    787.5, 
    1160, 
    1233.3333333333333, 
    1307.142857142857, 
    1256.25, 
    1227.7777777777778, 
    1265, 
    1309.090909090909, 
    1200, 
    1280.7692307692307, 
    1303.5714285714287, 
    1350, 
    1312.5, 
    1282.3529411764705, 
    1333.3333333333333, 
    1347.3684210526317, 
    1325, 
    1307.142857142857, 
    1320.4545454545455, 
    1341.304347826087, 
    1322.9166666666667, 
    1358, 
    1415.3846153846155, 
    1355.5555555555557, 
    1378.5714285714287, 
    1446.551724137931, 
    1416.6666666666667
   ], 
   "number_of_vehicles": 3
  }
 ], 
 "vehicle_starting_positions": [
  "Lausanne", 
  "Gen\u00e8ve", 
  "Sion", 
  "Neuch\u00e2tel", 
  "Bern", 
  "Basel", 
  "Fribourg", 
  "Z\u00fcrich", 
  "Aarau", 
  "Luzern", 
  "St-Gallen", 
  "Thun"
 ], 
 "task_distribution": {
  "distance_matrix": [
   [
    0, 
    90, 
    150, 
    100, 
    150, 
    290, 
    100, 
    320, 
    260, 
    350, 
    440, 
    190
   ], 
   [
    90, 
    0, 
    240, 
    190, 
    240, 
    380, 
    190, 
    410, 
    350, 
    440, 
    530, 
    280
   ], 
   [
    150, 
    240, 
    0, 
    220, 
    160, 
    300, 
    210, 
    330, 
    270, 
    360, 
    450, 
    120
   ], 
   [
    100, 
    190, 
    220, 
    0, 
    60, 
    200, 
    110, 
    230, 
    170, 
    260, 
    350, 
    100
   ], 
   [
    150, 
    240, 
    160, 
    60, 
    0, 
    140, 
    50, 
    170, 
    110, 
    200, 
    290, 
    40
   ], 
   [
    290, 
    380, 
    300, 
    200, 
    140, 
    0, 
    190, 
    120, 
    180, 
    190, 
    240, 
    180
   ], 
   [
    100, 
    190, 
    210, 
    110, 
    50, 
    190, 
    0, 
    220, 
    160, 
    250, 
    340, 
    90
   ], 
   [
    320, 
    410, 
    330, 
    230, 
    170, 
    120, 
    220, 
    0, 
    60, 
    70, 
    120, 
    210
   ], 
   [
    260, 
    350, 
    270, 
    170, 
    110, 
    180, 
    160, 
    60, 
    0, 
    90, 
    180, 
    150
   ], 
   [
    350, 
    440, 
    360, 
    260, 
    200, 
    190, 
    250, 
    70, 
    90, 
    0, 
    190, 
    240
   ], 
   [
    440, 
    530, 
    450, 
    350, 
    290, 
    240, 
    340, 
    120, 
    180, 
    190, 
    0, 
    330
   ], 
   [
    190, 
    280, 
    120, 
    100, 
    40, 
    180, 
    90, 
    210, 
    150, 
    240, 
    330, 
    0
   ]
  ], 
  "weight_matrix": [
   [
    0, 
    3, 
    3, 
    3, 
    3, 
    3, 
    3, 
    3, 
    3, 
    3, 
    3, 
    3
   ], 
   [
    3, 
    0, 
    3, 
    3, 
    3, 
    3, 
    3, 
    3, 
    3, 
    3, 
    3, 
    3
   ], 
   [
    3, 
    3, 
    0, 
    3, 
    3, 
    3, 
    3, 
    3, 
    3, 
    3, 
    3, 
    3
   ], 
   [
    3, 
    3, 
    3, 
    0, 
    3, 
    3, 
    3, 
    3, 
    3, 
    3, 
    3, 
    3
   ], 
   [
    3, 
    3, 
    3, 
    3, 
    0, 
    3, 
    3, 
    3, 
    3, 
    3, 
    3, 
    3
   ], 
   [
    3, 
    3, 
    3, 
    3, 
    3, 
    0, 
    3, 
    3, 
    3, 
    3, 
    3, 
    3
   ], 
   [
    3, 
    3, 
    3, 
    3, 
    3, 
    3, 
    0, 
    3, 
    3, 
    3, 
    3, 
    3
   ], 
   [
    3, 
    3, 
    3, 
    3, 
    3, 
    3, 
    3, 
    0, 
    3, 
    3, 
    3, 
    3
   ], 
   [
    3, 
    3, 
    3, 
    3, 
    3, 
    3, 
    3, 
    3, 
    0, 
    3, 
    3, 
    3
   ], 
   [
    3, 
    3, 
    3, 
    3, 
    3, 
    3, 
    3, 
    3, 
    3, 
    0, 
    3, 
    3
   ], 
   [
    3, 
    3, 
    3, 
    3, 
    3, 
    3, 
    3, 
    3, 
    3, 
    3, 
    0, 
    3
   ], 
   [
    3, 
    3, 
    3, 
    3, 
    3, 
    3, 
    3, 
    3, 
    3, 
    3, 
    3, 
    0
   ]
  ], 
  "city_names": [
   "Lausanne", 
   "Gen\u00e8ve", 
   "Sion", 
   "Neuch\u00e2tel", 
   "Bern", 
   "Basel", 
   "Fribourg", 
   "Z\u00fcrich", 
   "Aarau", 
   "Luzern", 
   "St-Gallen", 
   "Thun"
  ], 
  "reward_matrix": [
   [
    0, 
    89805, 
    77572, 
    87766, 
    77572, 
    49030, 
    87766, 
    42913, 
    55146, 
    36797, 
    18448, 
    69417
   ], 
   [
    89805, 
    0, 
    59223, 
    69417, 
    59223, 
    30681, 
    69417, 
    24565, 
    36797, 
    18448, 
    100, 
    51068
   ], 
   [
    77572, 
    59223, 
    0, 
    63301, 
    75533, 
    46991, 
    65340, 
    40875, 
    53107, 
    34758, 
    16410, 
    83688
   ], 
   [
    87766, 
    69417, 
    63301, 
    0, 
    95921, 
    67378, 
    85727, 
    61262, 
    73495, 
    55146, 
    36797, 
    87766
   ], 
   [
    77572, 
    59223, 
    75533, 
    95921, 
    0, 
    79611, 
    97960, 
    73495, 
    85727, 
    67378, 
    49030, 
    99999
   ], 
   [
    49030, 
    30681, 
    46991, 
    67378, 
    79611, 
    0, 
    69417, 
    83688, 
    71456, 
    69417, 
    59223, 
    71456
   ], 
   [
    87766, 
    69417, 
    65340, 
    85727, 
    97960, 
    69417, 
    0, 
    63301, 
    75533, 
    57185, 
    38836, 
    89805
   ], 
   [
    42913, 
    24565, 
    40875, 
    61262, 
    73495, 
    83688, 
    63301, 
    0, 
    95921, 
    93882, 
    83688, 
    65340
   ], 
   [
    55146, 
    36797, 
    53107, 
    73495, 
    85727, 
    71456, 
    75533, 
    95921, 
    0, 
    89805, 
    71456, 
    77572
   ], 
   [
    36797, 
    18448, 
    34758, 
    55146, 
    67378, 
    69417, 
    57185, 
    93882, 
    89805, 
    0, 
    69417, 
    59223
   ], 
   [
    18448, 
    100, 
    16410, 
    36797, 
    49030, 
    59223, 
    38836, 
    83688, 
    71456, 
    69417, 
    0, 
    40875
   ], 
   [
    69417, 
    51068, 
    83688, 
    87766, 
    99999, 
    71456, 
    89805, 
    65340, 
    77572, 
    59223, 
    40875, 
    0
   ]
  ], 
  "probability_matrix": [
   [
    0, 
    0.1369223484438348, 
    0.06245912994694728, 
    0.056820912111356064, 
    0.09434109493410352, 
    0.004273452244838394, 
    0.03571115058262057, 
    0.09619514466264216, 
    0.08360147940259371, 
    0.19320016244238455, 
    0.17707672344120334, 
    0.05939840178747549
   ], 
   [
    0.012739899659243974, 
    0, 
    0.11289827325846538, 
    0.0011286917879268954, 
    0.14272368668451305, 
    0.08377398695105946, 
    0.18374441029506172, 
    0.11551590145576021, 
    0.14318238789592588, 
    0.1837450420102339, 
    0.003966238565249222, 
    0.016581481436560207
   ], 
   [
    0.03427905562001306, 
    0.02958360906998052, 
    0, 
    0.10322681088546849, 
    0.09930850533903571, 
    0.10764129974765745, 
    0.06862613447178977, 
    0.1356512813137834, 
    0.13905124804946703, 
    0.11263482793967305, 
    0.08376995586224813, 
    0.0862272717008834
   ], 
   [
    0.05352033057973468, 
    0.06396277363891459, 
    0.1628756785578032, 
    0, 
    0.10030412428057525, 
    0.1666414577575956, 
    0.016114615965004204, 
    0.0012613464903509096, 
    0.1221616630089667, 
    0.07024767517939348, 
    0.12642418620722065, 
    0.11648614833444065
   ], 
   [
    0.10159126260768243, 
    0.1297893754652146, 
    0.12102520101795346, 
    0.11542564698734466, 
    0, 
    0.13212220755653808, 
    0.03911725647479609, 
    0.12325943769256942, 
    0.06957374067113252, 
    0.015537323190029916, 
    0.1014456389130758, 
    0.051112909423663165
   ], 
   [
    0.05758988539079245, 
    0.12145218259809101, 
    0.1187417043006855, 
    0.11451933412099895, 
    0.043378047280108266, 
    0, 
    0.0808084129253608, 
    0.11284869810938734, 
    0.011831976123915443, 
    0.10480389615916808, 
    0.020213521111799297, 
    0.21381234187969303
   ], 
   [
    0.017662295471792686, 
    0.0478589472581996, 
    0.035824488919442586, 
    0.24716814309941687, 
    0.08437260786345403, 
    0.07638714862427196, 
    0, 
    0.16208337611118348, 
    0.23531826580902848, 
    0.007109772114431517, 
    0.0765955739290912, 
    0.00961938079968755
   ], 
   [
    0.10582105921699934, 
    0.020920663729300744, 
    0.004649299659081585, 
    0.19175992487478993, 
    0.02955724462420341, 
    0.19519692577588107, 
    0.05654653478874498, 
    0, 
    0.07849017599623022, 
    0.11614866142263894, 
    0.08165978859015363, 
    0.11924972132197613
   ], 
   [
    0.12690359642011495, 
    0.13962412456881265, 
    0.1340123056433735, 
    0.11500629280722145, 
    0.00995544566419647, 
    0.06802239036602122, 
    0.0242278984353668, 
    0.11252549039732587, 
    0, 
    0.04490443364795482, 
    0.11281732806081414, 
    0.11200069398879803
   ], 
   [
    0.10927612315600757, 
    0.060450813958211884, 
    0.04433690077908845, 
    0.09162391911674493, 
    0.04902245141020491, 
    0.11498474233335418, 
    0.05681483335278036, 
    0.12121504078469073, 
    0.09686029597857312, 
    0, 
    0.13924887799671307, 
    0.11616600113363093
   ], 
   [
    0.09871478979700785, 
    0.09312560630658467, 
    0.07980324154689163, 
    0.17227600456101136, 
    0.08079284168338971, 
    0.06266008783800009, 
    0.05908403222541969, 
    0.007550587498894129, 
    0.20864308976351303, 
    0.06176232616201598, 
    0, 
    0.07558739261727179
   ], 
   [
    0.07672813051100702, 
    0.09017545868927979, 
    0.16958348999993594, 
    0.1769386860954038, 
    0.019337368086034645, 
    0.07860457846457188, 
    0.10289865579541854, 
    0.10957643570307157, 
    0.1375275344461562, 
    0.008025300674582667, 
    0.03060436153453776, 
    0
   ]
  ]
 }, 
 "vehicle_capacities": [
  5, 
  5, 
  5, 
  30, 
  30, 
  30, 
  30, 
  30, 
  30, 
  30, 
  30, 
  30
 ]
}