{
 "vehicle_cost_per_km": [
  5, 
  5, 
  5, 
  5, 
  5
 ], 
 "runs": [
  {
   "avg_task_cost_vs_number_of_task": [
    4450, 
    2525, 
    1733.3333333333333, 
    1412.5, 
    1210, 
    1158.3333333333333, 
    1057.142857142857, 
    1000, 
    944.4444444444445, 
    790, 
    750, 
    733.3333333333334, 
    753.8461538461538, 
    753.5714285714286, 
    630, 
    643.75, 
    564.7058823529412, 
    547.2222222222222, 
    497.36842105263156, 
    627.5, 
    657.1428571428571, 
    543.1818181818181, 
    621.7391304347826, 
    545.8333333333334, 
    564, 
    607.6923076923077, 
    511.1111111111111, 
    535.7142857142857, 
    584.4827586206897, 
    548.3333333333334
   ], 
   "number_of_vehicles": 3
  }
 ], 
 "vehicle_starting_positions": [
  "Lausanne", 
  "Gen\u00e8ve", 
  "Sion", 
  "Neuch\u00e2tel", 
  "Bern", 
  "Basel", 
  "Fribourg", 
  "Z\u00fcrich", 
  "Aarau", 
  "Luzern", 
  "St-Gallen", 
  "Thun"
 ], 
 "task_distribution": {
  "distance_matrix": [
   [
    0, 
    90, 
    150, 
    100, 
    150, 
    290, 
    100, 
    320, 
    260, 
    350, 
    440, 
    190
   ], 
   [
    90, 
    0, 
    240, 
    190, 
    240, 
    380, 
    190, 
    410, 
    350, 
    440, 
    530, 
    280
   ], 
   [
    150, 
    240, 
    0, 
    220, 
    160, 
    300, 
    210, 
    330, 
    270, 
    360, 
    450, 
    120
   ], 
   [
    100, 
    190, 
    220, 
    0, 
    60, 
    200, 
    110, 
    230, 
    170, 
    260, 
    350, 
    100
   ], 
   [
    150, 
    240, 
    160, 
    60, 
    0, 
    140, 
    50, 
    170, 
    110, 
    200, 
    290, 
    40
   ], 
   [
    290, 
    380, 
    300, 
    200, 
    140, 
    0, 
    190, 
    120, 
    180, 
    190, 
    240, 
    180
   ], 
   [
    100, 
    190, 
    210, 
    110, 
    50, 
    190, 
    0, 
    220, 
    160, 
    250, 
    340, 
    90
   ], 
   [
    320, 
    410, 
    330, 
    230, 
    170, 
    120, 
    220, 
    0, 
    60, 
    70, 
    120, 
    210
   ], 
   [
    260, 
    350, 
    270, 
    170, 
    110, 
    180, 
    160, 
    60, 
    0, 
    90, 
    180, 
    150
   ], 
   [
    350, 
    440, 
    360, 
    260, 
    200, 
    190, 
    250, 
    70, 
    90, 
    0, 
    190, 
    240
   ], 
   [
    440, 
    530, 
    450, 
    350, 
    290, 
    240, 
    340, 
    120, 
    180, 
    190, 
    0, 
    330
   ], 
   [
    190, 
    280, 
    120, 
    100, 
    40, 
    180, 
    90, 
    210, 
    150, 
    240, 
    330, 
    0
   ]
  ], 
  "weight_matrix": [
   [
    0, 
    3, 
    3, 
    3, 
    3, 
    3, 
    3, 
    3, 
    3, 
    3, 
    3, 
    3
   ], 
   [
    3, 
    0, 
    3, 
    3, 
    3, 
    3, 
    3, 
    3, 
    3, 
    3, 
    3, 
    3
   ], 
   [
    3, 
    3, 
    0, 
    3, 
    3, 
    3, 
    3, 
    3, 
    3, 
    3, 
    3, 
    3
   ], 
   [
    3, 
    3, 
    3, 
    0, 
    3, 
    3, 
    3, 
    3, 
    3, 
    3, 
    3, 
    3
   ], 
   [
    3, 
    3, 
    3, 
    3, 
    0, 
    3, 
    3, 
    3, 
    3, 
    3, 
    3, 
    3
   ], 
   [
    3, 
    3, 
    3, 
    3, 
    3, 
    0, 
    3, 
    3, 
    3, 
    3, 
    3, 
    3
   ], 
   [
    3, 
    3, 
    3, 
    3, 
    3, 
    3, 
    0, 
    3, 
    3, 
    3, 
    3, 
    3
   ], 
   [
    3, 
    3, 
    3, 
    3, 
    3, 
    3, 
    3, 
    0, 
    3, 
    3, 
    3, 
    3
   ], 
   [
    3, 
    3, 
    3, 
    3, 
    3, 
    3, 
    3, 
    3, 
    0, 
    3, 
    3, 
    3
   ], 
   [
    3, 
    3, 
    3, 
    3, 
    3, 
    3, 
    3, 
    3, 
    3, 
    0, 
    3, 
    3
   ], 
   [
    3, 
    3, 
    3, 
    3, 
    3, 
    3, 
    3, 
    3, 
    3, 
    3, 
    0, 
    3
   ], 
   [
    3, 
    3, 
    3, 
    3, 
    3, 
    3, 
    3, 
    3, 
    3, 
    3, 
    3, 
    0
   ]
  ], 
  "city_names": [
   "Lausanne", 
   "Gen\u00e8ve", 
   "Sion", 
   "Neuch\u00e2tel", 
   "Bern", 
   "Basel", 
   "Fribourg", 
   "Z\u00fcrich", 
   "Aarau", 
   "Luzern", 
   "St-Gallen", 
   "Thun"
  ], 
  "reward_matrix": [
   [
    0, 
    89805, 
    77572, 
    87766, 
    77572, 
    49030, 
    87766, 
    42913, 
    55146, 
    36797, 
    18448, 
    69417
   ], 
   [
    89805, 
    0, 
    59223, 
    69417, 
    59223, 
    30681, 
    69417, 
    24565, 
    36797, 
    18448, 
    100, 
    51068
   ], 
   [
    77572, 
    59223, 
    0, 
    63301, 
    75533, 
    46991, 
    65340, 
    40875, 
    53107, 
    34758, 
    16410, 
    83688
   ], 
   [
    87766, 
    69417, 
    63301, 
    0, 
    95921, 
    67378, 
    85727, 
    61262, 
    73495, 
    55146, 
    36797, 
    87766
   ], 
   [
    77572, 
    59223, 
    75533, 
    95921, 
    0, 
    79611, 
    97960, 
    73495, 
    85727, 
    67378, 
    49030, 
    99999
   ], 
   [
    49030, 
    30681, 
    46991, 
    67378, 
    79611, 
    0, 
    69417, 
    83688, 
    71456, 
    69417, 
    59223, 
    71456
   ], 
   [
    87766, 
    69417, 
    65340, 
    85727, 
    97960, 
    69417, 
    0, 
    63301, 
    75533, 
    57185, 
    38836, 
    89805
   ], 
   [
    42913, 
    24565, 
    40875, 
    61262, 
    73495, 
    83688, 
    63301, 
    0, 
    95921, 
    93882, 
    83688, 
    65340
   ], 
   [
    55146, 
    36797, 
    53107, 
    73495, 
    85727, 
    71456, 
    75533, 
    95921, 
    0, 
    89805, 
    71456, 
    77572
   ], 
   [
    36797, 
    18448, 
    34758, 
    55146, 
    67378, 
    69417, 
    57185, 
    93882, 
    89805, 
    0, 
    69417, 
    59223
   ], 
   [
    18448, 
    100, 
    16410, 
    36797, 
    49030, 
    59223, 
    38836, 
    83688, 
    71456, 
    69417, 
    0, 
    40875
   ], 
   [
    69417, 
    51068, 
    83688, 
    87766, 
    99999, 
    71456, 
    89805, 
    65340, 
    77572, 
    59223, 
    40875, 
    0
   ]
  ], 
  "probability_matrix": [
   [
    0, 
    0.14409513168206498, 
    0.035692285848197294, 
    0.11570829676041701, 
    0.08394304454487399, 
    0.12093243590469985, 
    0.07681765396647247, 
    0.15059409267487928, 
    0.079331258411758, 
    0.010643512877272889, 
    0.09682121186994264, 
    0.08542107545942182
   ], 
   [
    0.1014590714866532, 
    0, 
    0.020552084662415038, 
    0.03574272005042038, 
    0.15740481523867442, 
    0.14125095495254736, 
    0.039381797416643306, 
    0.04196773469811233, 
    0.11710440041928652, 
    0.14063878853021206, 
    0.16249002543060573, 
    0.04200760711442983
   ], 
   [
    0.03974048113708452, 
    0.10426960064401133, 
    0, 
    0.09284989755503438, 
    0.015944286764007137, 
    0.18223587075305347, 
    0.0908515028820742, 
    0.1898465067270142, 
    0.06482634093321192, 
    0.07929191353908711, 
    0.016093295863129752, 
    0.12405030320229203
   ], 
   [
    0.1689777465098513, 
    0.10490666901879427, 
    0.048767329888840444, 
    0, 
    0.07090869263993735, 
    0.09984918520619847, 
    0.06334012444304118, 
    0.03272562690951891, 
    0.13856367123901456, 
    0.10271453863756859, 
    0.11124773225720119, 
    0.05799868325003375
   ], 
   [
    0.01961446891715897, 
    0.14341746778299738, 
    0.09153498627312713, 
    0.17768877121693796, 
    0, 
    0.05088415088587426, 
    0.0848566909652711, 
    0.0802665941536321, 
    0.006811362788367501, 
    0.1947124494004719, 
    0.035217065669948505, 
    0.11499599194621321
   ], 
   [
    0.045853051746147414, 
    0.07015937796637499, 
    0.055777763046245196, 
    0.13588979438338258, 
    0.1340082439446202, 
    0, 
    0.06650241106049085, 
    0.06680723981674888, 
    0.1944284945856317, 
    0.10417729862953826, 
    0.016828639774917782, 
    0.10956768504590209
   ], 
   [
    0.15916700962150435, 
    0.0045262203274505095, 
    0.006936163250198587, 
    0.15977668893462482, 
    0.12292187994057985, 
    0.07332271060829236, 
    0, 
    0.07661950855396078, 
    0.10100845574353591, 
    0.09417874402907822, 
    0.03665952469940767, 
    0.1648830942913669
   ], 
   [
    0.012669826651424555, 
    0.09276741146224846, 
    0.13279892743857358, 
    0.09317987696733587, 
    0.06379191818032152, 
    0.10473871666531309, 
    0.13888251095824025, 
    0, 
    0.08993511783872282, 
    0.1096262573520811, 
    0.031865095027536504, 
    0.12974434145820232
   ], 
   [
    0.219669490101784, 
    0.03480249290024045, 
    0.09038871887876607, 
    0.043638759849233356, 
    0.16885786046169404, 
    0.005871127024455333, 
    0.000624917655860192, 
    0.11509411201871368, 
    0, 
    0.06490129123697319, 
    0.1996337537156917, 
    0.05651747615658793
   ], 
   [
    0.02369405333074444, 
    0.09278159012416103, 
    0.09685550896178953, 
    0.062189384748794894, 
    0.1090760603871755, 
    0.06734777964269408, 
    0.1436157357788705, 
    0.13232257311037873, 
    0.014195481719219335, 
    0, 
    0.1400073546086231, 
    0.11791447758754899
   ], 
   [
    0.011673630040154, 
    0.12354631959551683, 
    0.10890035119664548, 
    0.050995299157696475, 
    0.15475871402832872, 
    0.167383880091122, 
    0.004071762578819887, 
    0.0789678831493555, 
    0.14802999481625978, 
    0.12198731975077425, 
    0, 
    0.029684845595327015
   ], 
   [
    0.11816903973710678, 
    0.03308292931225065, 
    0.12842324778688322, 
    0.12276909216664517, 
    0.06017344078908172, 
    0.05144345683867746, 
    0.14239956850196886, 
    0.05220735982201637, 
    0.003953153776240018, 
    0.1843595368835958, 
    0.10301917438553392, 
    0
   ]
  ]
 }, 
 "vehicle_capacities": [
  15, 
  15, 
  15, 
  30, 
  30, 
  30, 
  30, 
  30, 
  30, 
  30, 
  30, 
  30
 ]
}