{
 "vehicle_cost_per_km": [
  5, 
  5, 
  5, 
  5, 
  5
 ], 
 "runs": [
  {
   "avg_task_cost_vs_number_of_task": [
    1700, 
    1825, 
    1700, 
    1600, 
    1280, 
    1158.3333333333333, 
    1021.4285714285714, 
    918.75, 
    922.2222222222222, 
    830, 
    800, 
    754.1666666666666, 
    696.1538461538462, 
    675, 
    593.3333333333334, 
    556.25, 
    582.3529411764706, 
    563.8888888888889, 
    573.6842105263158, 
    540, 
    473.8095238095238, 
    436.3636363636364, 
    432.60869565217394, 
    470.8333333333333, 
    434, 
    432.6923076923077, 
    451.85185185185185, 
    433.92857142857144, 
    503.44827586206895, 
    425
   ], 
   "number_of_vehicles": 2
  }, 
  {
   "avg_task_cost_vs_number_of_task": [
    1600, 
    1650, 
    1583.3333333333333, 
    1512.5, 
    1280, 
    1158.3333333333333, 
    1021.4285714285714, 
    918.75, 
    922.2222222222222, 
    830, 
    822.7272727272727, 
    741.6666666666666, 
    700, 
    675, 
    593.3333333333334, 
    606.25, 
    523.5294117647059, 
    597.2222222222222, 
    507.89473684210526, 
    495, 
    509.5238095238095, 
    438.6363636363636, 
    423.9130434782609, 
    533.3333333333334, 
    462, 
    426.9230769230769, 
    538.8888888888889, 
    398.2142857142857, 
    443.1034482758621, 
    513.3333333333334
   ], 
   "number_of_vehicles": 3
  }, 
  {
   "avg_task_cost_vs_number_of_task": [
    1000, 
    1650, 
    1583.3333333333333, 
    1512.5, 
    1280, 
    1116.6666666666667, 
    957.1428571428571, 
    918.75, 
    922.2222222222222, 
    890, 
    822.7272727272727, 
    754.1666666666666, 
    684.6153846153846, 
    675, 
    593.3333333333334, 
    621.875, 
    594.1176470588235, 
    561.1111111111111, 
    542.1052631578947, 
    497.5, 
    566.6666666666666, 
    431.8181818181818, 
    465.2173913043478, 
    410.4166666666667, 
    416, 
    415.38461538461536, 
    422.22222222222223, 
    448.2142857142857, 
    522.4137931034483, 
    411.6666666666667
   ], 
   "number_of_vehicles": 4
  }, 
  {
   "avg_task_cost_vs_number_of_task": [
    1000, 
    1650, 
    1583.3333333333333, 
    1500, 
    1270, 
    1108.3333333333333, 
    1021.4285714285714, 
    918.75, 
    922.2222222222222, 
    905, 
    822.7272727272727, 
    741.6666666666666, 
    726.9230769230769, 
    646.4285714285714, 
    660, 
    593.75, 
    535.2941176470588, 
    530.5555555555555, 
    526.3157894736842, 
    495, 
    504.76190476190476, 
    452.27272727272725, 
    491.30434782608694, 
    462.5, 
    454, 
    396.15384615384613, 
    442.5925925925926, 
    430.35714285714283, 
    422.41379310344826, 
    423.3333333333333
   ], 
   "number_of_vehicles": 5
  }
 ], 
 "vehicle_starting_positions": [
  "Bern", 
  "Luzern", 
  "Z\u00fcrich", 
  "Basel", 
  "Gen\u00e8ve", 
  "Fribourg", 
  "St-Gallen", 
  "Thun", 
  "Aarau", 
  "Sion", 
  "Lausanne", 
  "Neuch\u00e2tel"
 ], 
 "task_distribution": {
  "distance_matrix": [
   [
    0, 
    90, 
    150, 
    100, 
    150, 
    290, 
    100, 
    320, 
    260, 
    350, 
    440, 
    190
   ], 
   [
    90, 
    0, 
    240, 
    190, 
    240, 
    380, 
    190, 
    410, 
    350, 
    440, 
    530, 
    280
   ], 
   [
    150, 
    240, 
    0, 
    220, 
    160, 
    300, 
    210, 
    330, 
    270, 
    360, 
    450, 
    120
   ], 
   [
    100, 
    190, 
    220, 
    0, 
    60, 
    200, 
    110, 
    230, 
    170, 
    260, 
    350, 
    100
   ], 
   [
    150, 
    240, 
    160, 
    60, 
    0, 
    140, 
    50, 
    170, 
    110, 
    200, 
    290, 
    40
   ], 
   [
    290, 
    380, 
    300, 
    200, 
    140, 
    0, 
    190, 
    120, 
    180, 
    190, 
    240, 
    180
   ], 
   [
    100, 
    190, 
    210, 
    110, 
    50, 
    190, 
    0, 
    220, 
    160, 
    250, 
    340, 
    90
   ], 
   [
    320, 
    410, 
    330, 
    230, 
    170, 
    120, 
    220, 
    0, 
    60, 
    70, 
    120, 
    210
   ], 
   [
    260, 
    350, 
    270, 
    170, 
    110, 
    180, 
    160, 
    60, 
    0, 
    90, 
    180, 
    150
   ], 
   [
    350, 
    440, 
    360, 
    260, 
    200, 
    190, 
    250, 
    70, 
    90, 
    0, 
    190, 
    240
   ], 
   [
    440, 
    530, 
    450, 
    350, 
    290, 
    240, 
    340, 
    120, 
    180, 
    190, 
    0, 
    330
   ], 
   [
    190, 
    280, 
    120, 
    100, 
    40, 
    180, 
    90, 
    210, 
    150, 
    240, 
    330, 
    0
   ]
  ], 
  "weight_matrix": [
   [
    0, 
    3, 
    3, 
    3, 
    3, 
    3, 
    3, 
    3, 
    3, 
    3, 
    3, 
    3
   ], 
   [
    3, 
    0, 
    3, 
    3, 
    3, 
    3, 
    3, 
    3, 
    3, 
    3, 
    3, 
    3
   ], 
   [
    3, 
    3, 
    0, 
    3, 
    3, 
    3, 
    3, 
    3, 
    3, 
    3, 
    3, 
    3
   ], 
   [
    3, 
    3, 
    3, 
    0, 
    3, 
    3, 
    3, 
    3, 
    3, 
    3, 
    3, 
    3
   ], 
   [
    3, 
    3, 
    3, 
    3, 
    0, 
    3, 
    3, 
    3, 
    3, 
    3, 
    3, 
    3
   ], 
   [
    3, 
    3, 
    3, 
    3, 
    3, 
    0, 
    3, 
    3, 
    3, 
    3, 
    3, 
    3
   ], 
   [
    3, 
    3, 
    3, 
    3, 
    3, 
    3, 
    0, 
    3, 
    3, 
    3, 
    3, 
    3
   ], 
   [
    3, 
    3, 
    3, 
    3, 
    3, 
    3, 
    3, 
    0, 
    3, 
    3, 
    3, 
    3
   ], 
   [
    3, 
    3, 
    3, 
    3, 
    3, 
    3, 
    3, 
    3, 
    0, 
    3, 
    3, 
    3
   ], 
   [
    3, 
    3, 
    3, 
    3, 
    3, 
    3, 
    3, 
    3, 
    3, 
    0, 
    3, 
    3
   ], 
   [
    3, 
    3, 
    3, 
    3, 
    3, 
    3, 
    3, 
    3, 
    3, 
    3, 
    0, 
    3
   ], 
   [
    3, 
    3, 
    3, 
    3, 
    3, 
    3, 
    3, 
    3, 
    3, 
    3, 
    3, 
    0
   ]
  ], 
  "city_names": [
   "Lausanne", 
   "Gen\u00e8ve", 
   "Sion", 
   "Neuch\u00e2tel", 
   "Bern", 
   "Basel", 
   "Fribourg", 
   "Z\u00fcrich", 
   "Aarau", 
   "Luzern", 
   "St-Gallen", 
   "Thun"
  ], 
  "reward_matrix": [
   [
    0, 
    89805, 
    77572, 
    87766, 
    77572, 
    49030, 
    87766, 
    42913, 
    55146, 
    36797, 
    18448, 
    69417
   ], 
   [
    89805, 
    0, 
    59223, 
    69417, 
    59223, 
    30681, 
    69417, 
    24565, 
    36797, 
    18448, 
    100, 
    51068
   ], 
   [
    77572, 
    59223, 
    0, 
    63301, 
    75533, 
    46991, 
    65340, 
    40875, 
    53107, 
    34758, 
    16410, 
    83688
   ], 
   [
    87766, 
    69417, 
    63301, 
    0, 
    95921, 
    67378, 
    85727, 
    61262, 
    73495, 
    55146, 
    36797, 
    87766
   ], 
   [
    77572, 
    59223, 
    75533, 
    95921, 
    0, 
    79611, 
    97960, 
    73495, 
    85727, 
    67378, 
    49030, 
    99999
   ], 
   [
    49030, 
    30681, 
    46991, 
    67378, 
    79611, 
    0, 
    69417, 
    83688, 
    71456, 
    69417, 
    59223, 
    71456
   ], 
   [
    87766, 
    69417, 
    65340, 
    85727, 
    97960, 
    69417, 
    0, 
    63301, 
    75533, 
    57185, 
    38836, 
    89805
   ], 
   [
    42913, 
    24565, 
    40875, 
    61262, 
    73495, 
    83688, 
    63301, 
    0, 
    95921, 
    93882, 
    83688, 
    65340
   ], 
   [
    55146, 
    36797, 
    53107, 
    73495, 
    85727, 
    71456, 
    75533, 
    95921, 
    0, 
    89805, 
    71456, 
    77572
   ], 
   [
    36797, 
    18448, 
    34758, 
    55146, 
    67378, 
    69417, 
    57185, 
    93882, 
    89805, 
    0, 
    69417, 
    59223
   ], 
   [
    18448, 
    100, 
    16410, 
    36797, 
    49030, 
    59223, 
    38836, 
    83688, 
    71456, 
    69417, 
    0, 
    40875
   ], 
   [
    69417, 
    51068, 
    83688, 
    87766, 
    99999, 
    71456, 
    89805, 
    65340, 
    77572, 
    59223, 
    40875, 
    0
   ]
  ], 
  "probability_matrix": [
   [
    0, 
    0.1049114498171012, 
    0.1028963330701493, 
    0.12207876780530917, 
    0.0017773048325705654, 
    0.16142166197567534, 
    0.041754305014416716, 
    0.129798530811112, 
    0.053551842100901234, 
    0.10391708217057002, 
    0.056341858165157896, 
    0.12155086423703663
   ], 
   [
    0.07524695239841739, 
    0, 
    0.10519591152528576, 
    0.05789914499918156, 
    0.12969594056284844, 
    0.022272134694476184, 
    0.13723373362896835, 
    0.0078353399630593, 
    0.13982026192807276, 
    0.11800967078269077, 
    0.09909194429580527, 
    0.10769896522119413
   ], 
   [
    0.10348195714978956, 
    0.10072070194327608, 
    0, 
    0.045564358005700877, 
    0.018519682052474735, 
    0.10813446431355393, 
    0.017420760971393612, 
    0.10286768275176524, 
    0.1202516071521287, 
    0.15196917119157052, 
    0.12179045879503823, 
    0.10927915567330873
   ], 
   [
    0.18437008793602203, 
    0.06879816663087317, 
    0.15984364749620333, 
    0, 
    0.12593128994337593, 
    0.035596727046367876, 
    0.01430334894029523, 
    0.0163185553522202, 
    0.09626200610207174, 
    0.10207125803980392, 
    0.0644774961180736, 
    0.1320274163946931
   ], 
   [
    0.039842677829464455, 
    0.05053133515057897, 
    0.10217111920666035, 
    0.10007820145073089, 
    0, 
    0.2014545135500599, 
    0.01953908231947082, 
    0.05004062183036715, 
    0.0685019647553803, 
    0.11034855298458267, 
    0.093973249330418, 
    0.1635186815922865
   ], 
   [
    0.014995906748186478, 
    0.08113229037459649, 
    0.1406786139468189, 
    0.15621854375600389, 
    0.1111126609551924, 
    0, 
    0.16346912145142065, 
    0.037241098481896974, 
    0.1395575484450128, 
    0.019544630343411445, 
    0.04926956618155357, 
    0.08678001931590645
   ], 
   [
    0.13596070560583423, 
    0.08215163476406352, 
    0.02136207901121649, 
    0.11997414641326812, 
    0.06652341724874336, 
    0.12792803100125202, 
    0, 
    0.0982521977281558, 
    0.03115697131604125, 
    0.10894058481888921, 
    0.07423761916563706, 
    0.1335126129268988
   ], 
   [
    0.04547802399222915, 
    0.012212383352060936, 
    0.1941613247773777, 
    0.1031342952389019, 
    0.17166287840529257, 
    0.0186726157638002, 
    0.04957212928109674, 
    0, 
    0.12553768338618923, 
    0.024465556167314044, 
    0.1668925784185435, 
    0.08821053121719413
   ], 
   [
    0.007912550463577991, 
    0.1549974818338543, 
    0.023203218864973115, 
    0.1742217380432353, 
    0.08832822740652392, 
    0.08158284805154695, 
    0.09879326419491648, 
    0.03420211329084673, 
    0, 
    0.10875016391544427, 
    0.05617462873503306, 
    0.17183376520004773
   ], 
   [
    0.15214766934749646, 
    0.03229515778422897, 
    0.0055859473673905615, 
    0.1428616915280692, 
    0.1595605932969895, 
    0.14998660239306402, 
    0.16110471460857828, 
    0.013413199986320089, 
    0.02761321822745562, 
    0, 
    0.11837915784622227, 
    0.03705204761418503
   ], 
   [
    0.09282264339336388, 
    0.03428193999427968, 
    0.014655231771914573, 
    0.016860283268570704, 
    0.09625738764768524, 
    0.16408067943975446, 
    0.11617500455508518, 
    0.15089299381122007, 
    0.10089365281012186, 
    0.11975082805019328, 
    0, 
    0.09332935525781107
   ], 
   [
    0.15162801697556522, 
    0.07528223170560465, 
    0.029307436223971015, 
    0.14151232754387363, 
    0.0997044285174903, 
    0.11250540581082516, 
    0.14802694922616716, 
    0.05249006880113352, 
    0.06548761928345143, 
    0.11347438091312424, 
    0.010581134998793582, 
    0
   ]
  ]
 }, 
 "vehicle_capacities": [
  30, 
  30, 
  30, 
  30, 
  30
 ]
}