{
 "vehicle_cost_per_km": [
  5, 
  15, 
  15, 
  5, 
  5, 
  5, 
  5, 
  5, 
  5, 
  5, 
  5, 
  5
 ], 
 "runs": [
  {
   "avg_task_cost_vs_number_of_task": [
    2400, 
    1700, 
    1133.3333333333333, 
    987.5, 
    790, 
    658.3333333333334, 
    564.2857142857143, 
    706.25, 
    777.7777777777778, 
    705, 
    727.2727272727273, 
    775, 
    696.1538461538462, 
    721.4285714285714, 
    733.3333333333334, 
    775, 
    867.6470588235294, 
    813.8888888888889, 
    873.6842105263158, 
    800, 
    850, 
    893.1818181818181, 
    841.304347826087, 
    860.4166666666666, 
    876, 
    905.7692307692307, 
    862.9629629629629, 
    805.3571428571429, 
    893.1034482758621, 
    825
   ], 
   "number_of_vehicles": 3
  }
 ], 
 "vehicle_starting_positions": [
  "Lausanne", 
  "Gen\u00c3\u00a8ve", 
  "Sion", 
  "Neuch\u00c3\u00a2tel", 
  "Bern", 
  "Basel", 
  "Fribourg", 
  "Z\u00c3\u00bcrich", 
  "Aarau", 
  "Luzern", 
  "St-Gallen", 
  "Thun"
 ], 
 "task_distribution": {
  "distance_matrix": [
   [
    0, 
    90, 
    150, 
    100, 
    150, 
    290, 
    100, 
    320, 
    260, 
    350, 
    440, 
    190
   ], 
   [
    90, 
    0, 
    240, 
    190, 
    240, 
    380, 
    190, 
    410, 
    350, 
    440, 
    530, 
    280
   ], 
   [
    150, 
    240, 
    0, 
    220, 
    160, 
    300, 
    210, 
    330, 
    270, 
    360, 
    450, 
    120
   ], 
   [
    100, 
    190, 
    220, 
    0, 
    60, 
    200, 
    110, 
    230, 
    170, 
    260, 
    350, 
    100
   ], 
   [
    150, 
    240, 
    160, 
    60, 
    0, 
    140, 
    50, 
    170, 
    110, 
    200, 
    290, 
    40
   ], 
   [
    290, 
    380, 
    300, 
    200, 
    140, 
    0, 
    190, 
    120, 
    180, 
    190, 
    240, 
    180
   ], 
   [
    100, 
    190, 
    210, 
    110, 
    50, 
    190, 
    0, 
    220, 
    160, 
    250, 
    340, 
    90
   ], 
   [
    320, 
    410, 
    330, 
    230, 
    170, 
    120, 
    220, 
    0, 
    60, 
    70, 
    120, 
    210
   ], 
   [
    260, 
    350, 
    270, 
    170, 
    110, 
    180, 
    160, 
    60, 
    0, 
    90, 
    180, 
    150
   ], 
   [
    350, 
    440, 
    360, 
    260, 
    200, 
    190, 
    250, 
    70, 
    90, 
    0, 
    190, 
    240
   ], 
   [
    440, 
    530, 
    450, 
    350, 
    290, 
    240, 
    340, 
    120, 
    180, 
    190, 
    0, 
    330
   ], 
   [
    190, 
    280, 
    120, 
    100, 
    40, 
    180, 
    90, 
    210, 
    150, 
    240, 
    330, 
    0
   ]
  ], 
  "weight_matrix": [
   [
    0, 
    3, 
    3, 
    3, 
    3, 
    3, 
    3, 
    3, 
    3, 
    3, 
    3, 
    3
   ], 
   [
    3, 
    0, 
    3, 
    3, 
    3, 
    3, 
    3, 
    3, 
    3, 
    3, 
    3, 
    3
   ], 
   [
    3, 
    3, 
    0, 
    3, 
    3, 
    3, 
    3, 
    3, 
    3, 
    3, 
    3, 
    3
   ], 
   [
    3, 
    3, 
    3, 
    0, 
    3, 
    3, 
    3, 
    3, 
    3, 
    3, 
    3, 
    3
   ], 
   [
    3, 
    3, 
    3, 
    3, 
    0, 
    3, 
    3, 
    3, 
    3, 
    3, 
    3, 
    3
   ], 
   [
    3, 
    3, 
    3, 
    3, 
    3, 
    0, 
    3, 
    3, 
    3, 
    3, 
    3, 
    3
   ], 
   [
    3, 
    3, 
    3, 
    3, 
    3, 
    3, 
    0, 
    3, 
    3, 
    3, 
    3, 
    3
   ], 
   [
    3, 
    3, 
    3, 
    3, 
    3, 
    3, 
    3, 
    0, 
    3, 
    3, 
    3, 
    3
   ], 
   [
    3, 
    3, 
    3, 
    3, 
    3, 
    3, 
    3, 
    3, 
    0, 
    3, 
    3, 
    3
   ], 
   [
    3, 
    3, 
    3, 
    3, 
    3, 
    3, 
    3, 
    3, 
    3, 
    0, 
    3, 
    3
   ], 
   [
    3, 
    3, 
    3, 
    3, 
    3, 
    3, 
    3, 
    3, 
    3, 
    3, 
    0, 
    3
   ], 
   [
    3, 
    3, 
    3, 
    3, 
    3, 
    3, 
    3, 
    3, 
    3, 
    3, 
    3, 
    0
   ]
  ], 
  "city_names": [
   "Lausanne", 
   "Gen\u00c3\u00a8ve", 
   "Sion", 
   "Neuch\u00c3\u00a2tel", 
   "Bern", 
   "Basel", 
   "Fribourg", 
   "Z\u00c3\u00bcrich", 
   "Aarau", 
   "Luzern", 
   "St-Gallen", 
   "Thun"
  ], 
  "reward_matrix": [
   [
    0, 
    89805, 
    77572, 
    87766, 
    77572, 
    49030, 
    87766, 
    42913, 
    55146, 
    36797, 
    18448, 
    69417
   ], 
   [
    89805, 
    0, 
    59223, 
    69417, 
    59223, 
    30681, 
    69417, 
    24565, 
    36797, 
    18448, 
    100, 
    51068
   ], 
   [
    77572, 
    59223, 
    0, 
    63301, 
    75533, 
    46991, 
    65340, 
    40875, 
    53107, 
    34758, 
    16410, 
    83688
   ], 
   [
    87766, 
    69417, 
    63301, 
    0, 
    95921, 
    67378, 
    85727, 
    61262, 
    73495, 
    55146, 
    36797, 
    87766
   ], 
   [
    77572, 
    59223, 
    75533, 
    95921, 
    0, 
    79611, 
    97960, 
    73495, 
    85727, 
    67378, 
    49030, 
    99999
   ], 
   [
    49030, 
    30681, 
    46991, 
    67378, 
    79611, 
    0, 
    69417, 
    83688, 
    71456, 
    69417, 
    59223, 
    71456
   ], 
   [
    87766, 
    69417, 
    65340, 
    85727, 
    97960, 
    69417, 
    0, 
    63301, 
    75533, 
    57185, 
    38836, 
    89805
   ], 
   [
    42913, 
    24565, 
    40875, 
    61262, 
    73495, 
    83688, 
    63301, 
    0, 
    95921, 
    93882, 
    83688, 
    65340
   ], 
   [
    55146, 
    36797, 
    53107, 
    73495, 
    85727, 
    71456, 
    75533, 
    95921, 
    0, 
    89805, 
    71456, 
    77572
   ], 
   [
    36797, 
    18448, 
    34758, 
    55146, 
    67378, 
    69417, 
    57185, 
    93882, 
    89805, 
    0, 
    69417, 
    59223
   ], 
   [
    18448, 
    100, 
    16410, 
    36797, 
    49030, 
    59223, 
    38836, 
    83688, 
    71456, 
    69417, 
    0, 
    40875
   ], 
   [
    69417, 
    51068, 
    83688, 
    87766, 
    99999, 
    71456, 
    89805, 
    65340, 
    77572, 
    59223, 
    40875, 
    0
   ]
  ], 
  "probability_matrix": [
   [
    0, 
    0.002635863580413129, 
    0.14487823864362878, 
    0.07885835472745648, 
    0.11779327055740423, 
    0.12387757566525968, 
    0.10095443658936909, 
    0.0859276526781258, 
    0.12441841044881251, 
    0.020375252545287135, 
    0.05767684002873064, 
    0.14260410453551242
   ], 
   [
    0.1363186167133268, 
    0, 
    0.03806943680328764, 
    0.06970550582355531, 
    0.1665546288730394, 
    0.16021098358847732, 
    0.07922175467699295, 
    0.04905786930527167, 
    0.16916704037614635, 
    0.044136340083536306, 
    0.03637719693638098, 
    0.051180626819985316
   ], 
   [
    0.03388520602708479, 
    0.13969096145985582, 
    0, 
    0.08669433465865724, 
    0.12284456130769951, 
    0.133231963445312, 
    0.19640060862152278, 
    0.07594862730370028, 
    0.0757872447168696, 
    0.07734935416693482, 
    0.01441253536824323, 
    0.043754602924119784
   ], 
   [
    0.09601784450251499, 
    0.018741932547926044, 
    0.11219056911364421, 
    0, 
    0.1437332591103115, 
    0.07099785592526071, 
    0.1563783852107888, 
    0.11741765261927527, 
    0.09935118723768696, 
    0.06490735461427447, 
    0.0393388682727534, 
    0.08092509084556365
   ], 
   [
    0.0393837204796322, 
    0.16228168460417017, 
    0.05036697035251713, 
    0.15127226196876756, 
    0, 
    0.05161473848894737, 
    0.12891335835986978, 
    0.10738706642441101, 
    0.15328927557223596, 
    0.052834285768246655, 
    0.018125887336166796, 
    0.08453075064503544
   ], 
   [
    0.14286590868069024, 
    0.17450663656556795, 
    0.05443943463688055, 
    0.16817687216795874, 
    0.013710949139467434, 
    0, 
    0.01426504640714089, 
    0.07814086918162945, 
    0.009404390773438964, 
    0.13547752053736972, 
    0.13585571773586763, 
    0.07315665417398852
   ], 
   [
    0.10161569491525778, 
    0.0449170819906835, 
    0.0837322141828589, 
    0.10260130763402574, 
    0.08120654120814381, 
    0.11597981269809537, 
    0, 
    0.08074511738681919, 
    0.08933764196450607, 
    0.08096545386861989, 
    0.12511171303233962, 
    0.09378742111865003
   ], 
   [
    0.1756620151607679, 
    0.12423986325245638, 
    0.08342649670681934, 
    0.05157569052832228, 
    0.041934105105892384, 
    0.1756333687020717, 
    0.12695383564832485, 
    0, 
    0.07865187919247593, 
    0.046202203085329824, 
    0.02503144961382855, 
    0.07068909300371097
   ], 
   [
    0.012032087422060795, 
    0.15191249196414489, 
    0.17858625255736146, 
    0.13575320065668023, 
    0.027512840723786767, 
    0.08271267853098889, 
    0.011255310980321396, 
    0.0482946778300329, 
    0, 
    0.022136340828741743, 
    0.14441035288569212, 
    0.18539376562018892
   ], 
   [
    0.010601586855255444, 
    0.09260174151625214, 
    0.10412835957079425, 
    0.16039209404682464, 
    0.007110514152638144, 
    0.1971955582612231, 
    0.04278933030220226, 
    0.1865572247829271, 
    0.02705465373848999, 
    0, 
    0.011583456559685176, 
    0.15998548021370784
   ], 
   [
    0.1526872165510958, 
    0.18652845470690332, 
    0.14994803926774955, 
    0.05514135795290884, 
    0.07518486079867838, 
    0.1357282283971744, 
    0.001195263735624624, 
    0.008027273357965091, 
    0.005311913497204231, 
    0.17595205995930865, 
    0, 
    0.05429533177538728
   ], 
   [
    0.06087476832566799, 
    0.05720402717881782, 
    0.037411711211063466, 
    0.06141167880927389, 
    0.1654531821107206, 
    0.10575439139490783, 
    0.16623136647694486, 
    0.04941482932569334, 
    0.09760613193825914, 
    0.1456264480499817, 
    0.05301146517866958, 
    0
   ]
  ]
 }, 
 "vehicle_capacities": [
  15, 
  15, 
  15, 
  30, 
  30, 
  30, 
  30, 
  30, 
  30, 
  30, 
  30, 
  30
 ]
}