{
 "vehicle_cost_per_km": [
  5, 
  5, 
  5, 
  5, 
  5
 ], 
 "runs": [
  {
   "avg_task_cost_vs_number_of_task": [
    2650, 
    1825, 
    1233.3333333333333, 
    1275, 
    1020, 
    850, 
    778.5714285714286, 
    843.75, 
    861.1111111111111, 
    775, 
    704.5454545454545, 
    662.5, 
    619.2307692307693, 
    653.5714285714286, 
    536.6666666666666, 
    515.625, 
    550, 
    552.7777777777778, 
    447.36842105263156, 
    530, 
    500, 
    547.7272727272727, 
    476.0869565217391, 
    489.5833333333333, 
    494, 
    457.6923076923077, 
    442.5925925925926, 
    460.7142857142857, 
    484.48275862068965, 
    403.3333333333333
   ], 
   "number_of_vehicles": 2
  }, 
  {
   "avg_task_cost_vs_number_of_task": [
    2650, 
    1825, 
    1233.3333333333333, 
    1275, 
    1020, 
    850, 
    792.8571428571429, 
    850, 
    861.1111111111111, 
    805, 
    731.8181818181819, 
    737.5, 
    619.2307692307693, 
    575, 
    556.6666666666666, 
    600, 
    520.5882352941177, 
    527.7777777777778, 
    447.36842105263156, 
    537.5, 
    435.7142857142857, 
    515.9090909090909, 
    445.6521739130435, 
    504.1666666666667, 
    554, 
    490.38461538461536, 
    505.55555555555554, 
    414.2857142857143, 
    391.37931034482756, 
    416.6666666666667
   ], 
   "number_of_vehicles": 3
  }, 
  {
   "avg_task_cost_vs_number_of_task": [
    2200, 
    1600, 
    1083.3333333333333, 
    1162.5, 
    1020, 
    850, 
    728.5714285714286, 
    818.75, 
    811.1111111111111, 
    805, 
    731.8181818181819, 
    695.8333333333334, 
    619.2307692307693, 
    603.5714285714286, 
    536.6666666666666, 
    503.125, 
    520.5882352941177, 
    472.22222222222223, 
    500, 
    525, 
    466.6666666666667, 
    465.90909090909093, 
    445.6521739130435, 
    468.75, 
    516, 
    484.61538461538464, 
    414.81481481481484, 
    433.92857142857144, 
    481.0344827586207, 
    468.3333333333333
   ], 
   "number_of_vehicles": 4
  }, 
  {
   "avg_task_cost_vs_number_of_task": [
    2200, 
    1600, 
    1083.3333333333333, 
    1162.5, 
    930, 
    850, 
    792.8571428571429, 
    850, 
    861.1111111111111, 
    770, 
    731.8181818181819, 
    670.8333333333334, 
    584.6153846153846, 
    542.8571428571429, 
    590, 
    528.125, 
    520.5882352941177, 
    491.6666666666667, 
    539.4736842105264, 
    495, 
    511.9047619047619, 
    465.90909090909093, 
    480.4347826086956, 
    491.6666666666667, 
    490, 
    440.38461538461536, 
    416.6666666666667, 
    480.35714285714283, 
    470.6896551724138, 
    428.3333333333333
   ], 
   "number_of_vehicles": 5
  }
 ], 
 "vehicle_starting_positions": [
  "Lausanne", 
  "Z\u00fcrich", 
  "Thun", 
  "Gen\u00e8ve", 
  "Fribourg", 
  "Bern", 
  "Aarau", 
  "St-Gallen", 
  "Luzern", 
  "Neuch\u00e2tel", 
  "Sion", 
  "Basel"
 ], 
 "task_distribution": {
  "distance_matrix": [
   [
    0, 
    90, 
    150, 
    100, 
    150, 
    290, 
    100, 
    320, 
    260, 
    350, 
    440, 
    190
   ], 
   [
    90, 
    0, 
    240, 
    190, 
    240, 
    380, 
    190, 
    410, 
    350, 
    440, 
    530, 
    280
   ], 
   [
    150, 
    240, 
    0, 
    220, 
    160, 
    300, 
    210, 
    330, 
    270, 
    360, 
    450, 
    120
   ], 
   [
    100, 
    190, 
    220, 
    0, 
    60, 
    200, 
    110, 
    230, 
    170, 
    260, 
    350, 
    100
   ], 
   [
    150, 
    240, 
    160, 
    60, 
    0, 
    140, 
    50, 
    170, 
    110, 
    200, 
    290, 
    40
   ], 
   [
    290, 
    380, 
    300, 
    200, 
    140, 
    0, 
    190, 
    120, 
    180, 
    190, 
    240, 
    180
   ], 
   [
    100, 
    190, 
    210, 
    110, 
    50, 
    190, 
    0, 
    220, 
    160, 
    250, 
    340, 
    90
   ], 
   [
    320, 
    410, 
    330, 
    230, 
    170, 
    120, 
    220, 
    0, 
    60, 
    70, 
    120, 
    210
   ], 
   [
    260, 
    350, 
    270, 
    170, 
    110, 
    180, 
    160, 
    60, 
    0, 
    90, 
    180, 
    150
   ], 
   [
    350, 
    440, 
    360, 
    260, 
    200, 
    190, 
    250, 
    70, 
    90, 
    0, 
    190, 
    240
   ], 
   [
    440, 
    530, 
    450, 
    350, 
    290, 
    240, 
    340, 
    120, 
    180, 
    190, 
    0, 
    330
   ], 
   [
    190, 
    280, 
    120, 
    100, 
    40, 
    180, 
    90, 
    210, 
    150, 
    240, 
    330, 
    0
   ]
  ], 
  "weight_matrix": [
   [
    0, 
    3, 
    3, 
    3, 
    3, 
    3, 
    3, 
    3, 
    3, 
    3, 
    3, 
    3
   ], 
   [
    3, 
    0, 
    3, 
    3, 
    3, 
    3, 
    3, 
    3, 
    3, 
    3, 
    3, 
    3
   ], 
   [
    3, 
    3, 
    0, 
    3, 
    3, 
    3, 
    3, 
    3, 
    3, 
    3, 
    3, 
    3
   ], 
   [
    3, 
    3, 
    3, 
    0, 
    3, 
    3, 
    3, 
    3, 
    3, 
    3, 
    3, 
    3
   ], 
   [
    3, 
    3, 
    3, 
    3, 
    0, 
    3, 
    3, 
    3, 
    3, 
    3, 
    3, 
    3
   ], 
   [
    3, 
    3, 
    3, 
    3, 
    3, 
    0, 
    3, 
    3, 
    3, 
    3, 
    3, 
    3
   ], 
   [
    3, 
    3, 
    3, 
    3, 
    3, 
    3, 
    0, 
    3, 
    3, 
    3, 
    3, 
    3
   ], 
   [
    3, 
    3, 
    3, 
    3, 
    3, 
    3, 
    3, 
    0, 
    3, 
    3, 
    3, 
    3
   ], 
   [
    3, 
    3, 
    3, 
    3, 
    3, 
    3, 
    3, 
    3, 
    0, 
    3, 
    3, 
    3
   ], 
   [
    3, 
    3, 
    3, 
    3, 
    3, 
    3, 
    3, 
    3, 
    3, 
    0, 
    3, 
    3
   ], 
   [
    3, 
    3, 
    3, 
    3, 
    3, 
    3, 
    3, 
    3, 
    3, 
    3, 
    0, 
    3
   ], 
   [
    3, 
    3, 
    3, 
    3, 
    3, 
    3, 
    3, 
    3, 
    3, 
    3, 
    3, 
    0
   ]
  ], 
  "city_names": [
   "Lausanne", 
   "Gen\u00e8ve", 
   "Sion", 
   "Neuch\u00e2tel", 
   "Bern", 
   "Basel", 
   "Fribourg", 
   "Z\u00fcrich", 
   "Aarau", 
   "Luzern", 
   "St-Gallen", 
   "Thun"
  ], 
  "reward_matrix": [
   [
    0, 
    89805, 
    77572, 
    87766, 
    77572, 
    49030, 
    87766, 
    42913, 
    55146, 
    36797, 
    18448, 
    69417
   ], 
   [
    89805, 
    0, 
    59223, 
    69417, 
    59223, 
    30681, 
    69417, 
    24565, 
    36797, 
    18448, 
    100, 
    51068
   ], 
   [
    77572, 
    59223, 
    0, 
    63301, 
    75533, 
    46991, 
    65340, 
    40875, 
    53107, 
    34758, 
    16410, 
    83688
   ], 
   [
    87766, 
    69417, 
    63301, 
    0, 
    95921, 
    67378, 
    85727, 
    61262, 
    73495, 
    55146, 
    36797, 
    87766
   ], 
   [
    77572, 
    59223, 
    75533, 
    95921, 
    0, 
    79611, 
    97960, 
    73495, 
    85727, 
    67378, 
    49030, 
    99999
   ], 
   [
    49030, 
    30681, 
    46991, 
    67378, 
    79611, 
    0, 
    69417, 
    83688, 
    71456, 
    69417, 
    59223, 
    71456
   ], 
   [
    87766, 
    69417, 
    65340, 
    85727, 
    97960, 
    69417, 
    0, 
    63301, 
    75533, 
    57185, 
    38836, 
    89805
   ], 
   [
    42913, 
    24565, 
    40875, 
    61262, 
    73495, 
    83688, 
    63301, 
    0, 
    95921, 
    93882, 
    83688, 
    65340
   ], 
   [
    55146, 
    36797, 
    53107, 
    73495, 
    85727, 
    71456, 
    75533, 
    95921, 
    0, 
    89805, 
    71456, 
    77572
   ], 
   [
    36797, 
    18448, 
    34758, 
    55146, 
    67378, 
    69417, 
    57185, 
    93882, 
    89805, 
    0, 
    69417, 
    59223
   ], 
   [
    18448, 
    100, 
    16410, 
    36797, 
    49030, 
    59223, 
    38836, 
    83688, 
    71456, 
    69417, 
    0, 
    40875
   ], 
   [
    69417, 
    51068, 
    83688, 
    87766, 
    99999, 
    71456, 
    89805, 
    65340, 
    77572, 
    59223, 
    40875, 
    0
   ]
  ], 
  "probability_matrix": [
   [
    0, 
    0.15299048916946767, 
    0.10105145958269915, 
    0.06231856723219206, 
    0.06936082754569542, 
    0.07370736451937736, 
    0.11483398596969507, 
    0.1470044349047767, 
    0.14365940418974035, 
    0.08708685193412277, 
    0.03949793945255036, 
    0.008488675499683067
   ], 
   [
    0.14763278944090463, 
    0, 
    0.10773184264773991, 
    0.11970905151590369, 
    0.00789045522960349, 
    0.053459064716984146, 
    0.10957461311200144, 
    0.07487336842989448, 
    0.029302470547803446, 
    0.12139043454985383, 
    0.10374451382525299, 
    0.12469139598405812
   ], 
   [
    0.08495963964919746, 
    0.15172263732553928, 
    0, 
    0.10624328608593923, 
    0.012970434965934908, 
    0.11938964873902491, 
    0.043630395246016265, 
    0.035767737724728625, 
    0.06459801101418267, 
    0.17182285067082104, 
    0.16796721582910012, 
    0.04092814274951555
   ], 
   [
    0.07771626327204054, 
    0.09778307447703113, 
    0.06971668982777748, 
    0, 
    0.11604149722320045, 
    0.06865963425656722, 
    0.06030105928714468, 
    0.10137532592026847, 
    0.10712493475515768, 
    0.0834080007357295, 
    0.10781010062703468, 
    0.11006341961804814
   ], 
   [
    0.05156623699777508, 
    0.01390355430621397, 
    0.14690919487350018, 
    0.08006002965901081, 
    0, 
    0.11730678668341772, 
    0.08147532978251093, 
    0.08788765870551185, 
    0.11540192282944543, 
    0.10708522713498392, 
    0.136713723050996, 
    0.06169033597663394
   ], 
   [
    0.06923006398685955, 
    0.09312586931277514, 
    0.005386548760714868, 
    0.09021326314260547, 
    0.13667464429309892, 
    0, 
    0.12573807102135473, 
    0.019446376300342873, 
    0.13367145250075813, 
    0.13339800709117053, 
    0.06635405790662272, 
    0.12676164568369716
   ], 
   [
    0.10759003573866742, 
    0.017348391338400902, 
    0.02663348639403655, 
    0.18399156006789394, 
    0.07043434121945753, 
    0.21236684584972695, 
    0, 
    0.16083481315519124, 
    0.11722532919831194, 
    0.018222877104956643, 
    0.014147855150862474, 
    0.07120446478249441
   ], 
   [
    0.037842846492296606, 
    0.05923977477695602, 
    0.17105961386901108, 
    0.016244577359082236, 
    0.18281409901816797, 
    0.026366253031328054, 
    0.0038643856355127493, 
    0, 
    0.16557439174721333, 
    0.10575871663256302, 
    0.06468739514792309, 
    0.1665479462899458
   ], 
   [
    0.11235525998104517, 
    0.12123039651567429, 
    0.11656952802398472, 
    0.034586530899990475, 
    0.00946982848572686, 
    0.22658707544103118, 
    0.05764848888369914, 
    0.011175712930203703, 
    0, 
    0.10458863181219019, 
    0.08176578099863267, 
    0.12402276602782161
   ], 
   [
    0.11249506317997768, 
    0.16987303424100786, 
    0.013767986559597389, 
    0.05664893772909183, 
    0.1646617133065684, 
    0.08681016648810977, 
    0.06434367223316516, 
    0.11415902957205587, 
    0.01474436890701111, 
    0, 
    0.09900517321637432, 
    0.1034908545670405
   ], 
   [
    0.014412956253672924, 
    0.14462692678016337, 
    0.0523772055899119, 
    0.02887340469402376, 
    0.13548367203203654, 
    0.019755351430656015, 
    0.06254672571692697, 
    0.07910041799967106, 
    0.14705297887792612, 
    0.08191184184323039, 
    0, 
    0.23385851878178085
   ], 
   [
    0.035904054263480825, 
    0.019588362421714096, 
    0.1252125108498604, 
    0.07054182271355738, 
    0.1486529478367126, 
    0.073668626496042, 
    0.09408640335326479, 
    0.006392588524905297, 
    0.1638856887729869, 
    0.13359881626820855, 
    0.12846817849926717, 
    0
   ]
  ]
 }, 
 "vehicle_capacities": [
  30, 
  30, 
  30, 
  30, 
  30
 ]
}