{
 "vehicle_cost_per_km": [
  5, 
  5, 
  5, 
  5, 
  5, 
  5, 
  5, 
  5, 
  5, 
  5, 
  5, 
  5
 ], 
 "runs": [
  {
   "avg_task_cost_vs_number_of_task": [
    450, 
    1425, 
    966.6666666666666, 
    725, 
    700, 
    583.3333333333334, 
    557.1428571428571, 
    606.25, 
    605.5555555555555, 
    630, 
    572.7272727272727, 
    633.3333333333334, 
    576.9230769230769, 
    560.7142857142857, 
    563.3333333333334, 
    562.5, 
    505.88235294117646, 
    572.2222222222222, 
    557.8947368421053, 
    515, 
    533.3333333333334, 
    520.4545454545455, 
    495.6521739130435, 
    495.8333333333333, 
    480, 
    488.46153846153845, 
    470.3703703703704, 
    453.57142857142856, 
    481.0344827586207, 
    461.6666666666667
   ], 
   "number_of_vehicles": 3
  }
 ], 
 "vehicle_starting_positions": [
  "Lausanne", 
  "Gen\u00c3\u00a8ve", 
  "Sion", 
  "Neuch\u00c3\u00a2tel", 
  "Bern", 
  "Basel", 
  "Fribourg", 
  "Z\u00c3\u00bcrich", 
  "Aarau", 
  "Luzern", 
  "St-Gallen", 
  "Thun"
 ], 
 "task_distribution": {
  "distance_matrix": [
   [
    0, 
    90, 
    150, 
    100, 
    150, 
    290, 
    100, 
    320, 
    260, 
    350, 
    440, 
    190
   ], 
   [
    90, 
    0, 
    240, 
    190, 
    240, 
    380, 
    190, 
    410, 
    350, 
    440, 
    530, 
    280
   ], 
   [
    150, 
    240, 
    0, 
    220, 
    160, 
    300, 
    210, 
    330, 
    270, 
    360, 
    450, 
    120
   ], 
   [
    100, 
    190, 
    220, 
    0, 
    60, 
    200, 
    110, 
    230, 
    170, 
    260, 
    350, 
    100
   ], 
   [
    150, 
    240, 
    160, 
    60, 
    0, 
    140, 
    50, 
    170, 
    110, 
    200, 
    290, 
    40
   ], 
   [
    290, 
    380, 
    300, 
    200, 
    140, 
    0, 
    190, 
    120, 
    180, 
    190, 
    240, 
    180
   ], 
   [
    100, 
    190, 
    210, 
    110, 
    50, 
    190, 
    0, 
    220, 
    160, 
    250, 
    340, 
    90
   ], 
   [
    320, 
    410, 
    330, 
    230, 
    170, 
    120, 
    220, 
    0, 
    60, 
    70, 
    120, 
    210
   ], 
   [
    260, 
    350, 
    270, 
    170, 
    110, 
    180, 
    160, 
    60, 
    0, 
    90, 
    180, 
    150
   ], 
   [
    350, 
    440, 
    360, 
    260, 
    200, 
    190, 
    250, 
    70, 
    90, 
    0, 
    190, 
    240
   ], 
   [
    440, 
    530, 
    450, 
    350, 
    290, 
    240, 
    340, 
    120, 
    180, 
    190, 
    0, 
    330
   ], 
   [
    190, 
    280, 
    120, 
    100, 
    40, 
    180, 
    90, 
    210, 
    150, 
    240, 
    330, 
    0
   ]
  ], 
  "weight_matrix": [
   [
    0, 
    3, 
    3, 
    3, 
    3, 
    3, 
    3, 
    3, 
    3, 
    3, 
    3, 
    3
   ], 
   [
    3, 
    0, 
    3, 
    3, 
    3, 
    3, 
    3, 
    3, 
    3, 
    3, 
    3, 
    3
   ], 
   [
    3, 
    3, 
    0, 
    3, 
    3, 
    3, 
    3, 
    3, 
    3, 
    3, 
    3, 
    3
   ], 
   [
    3, 
    3, 
    3, 
    0, 
    3, 
    3, 
    3, 
    3, 
    3, 
    3, 
    3, 
    3
   ], 
   [
    3, 
    3, 
    3, 
    3, 
    0, 
    3, 
    3, 
    3, 
    3, 
    3, 
    3, 
    3
   ], 
   [
    3, 
    3, 
    3, 
    3, 
    3, 
    0, 
    3, 
    3, 
    3, 
    3, 
    3, 
    3
   ], 
   [
    3, 
    3, 
    3, 
    3, 
    3, 
    3, 
    0, 
    3, 
    3, 
    3, 
    3, 
    3
   ], 
   [
    3, 
    3, 
    3, 
    3, 
    3, 
    3, 
    3, 
    0, 
    3, 
    3, 
    3, 
    3
   ], 
   [
    3, 
    3, 
    3, 
    3, 
    3, 
    3, 
    3, 
    3, 
    0, 
    3, 
    3, 
    3
   ], 
   [
    3, 
    3, 
    3, 
    3, 
    3, 
    3, 
    3, 
    3, 
    3, 
    0, 
    3, 
    3
   ], 
   [
    3, 
    3, 
    3, 
    3, 
    3, 
    3, 
    3, 
    3, 
    3, 
    3, 
    0, 
    3
   ], 
   [
    3, 
    3, 
    3, 
    3, 
    3, 
    3, 
    3, 
    3, 
    3, 
    3, 
    3, 
    0
   ]
  ], 
  "city_names": [
   "Lausanne", 
   "Gen\u00c3\u00a8ve", 
   "Sion", 
   "Neuch\u00c3\u00a2tel", 
   "Bern", 
   "Basel", 
   "Fribourg", 
   "Z\u00c3\u00bcrich", 
   "Aarau", 
   "Luzern", 
   "St-Gallen", 
   "Thun"
  ], 
  "reward_matrix": [
   [
    0, 
    89805, 
    77572, 
    87766, 
    77572, 
    49030, 
    87766, 
    42913, 
    55146, 
    36797, 
    18448, 
    69417
   ], 
   [
    89805, 
    0, 
    59223, 
    69417, 
    59223, 
    30681, 
    69417, 
    24565, 
    36797, 
    18448, 
    100, 
    51068
   ], 
   [
    77572, 
    59223, 
    0, 
    63301, 
    75533, 
    46991, 
    65340, 
    40875, 
    53107, 
    34758, 
    16410, 
    83688
   ], 
   [
    87766, 
    69417, 
    63301, 
    0, 
    95921, 
    67378, 
    85727, 
    61262, 
    73495, 
    55146, 
    36797, 
    87766
   ], 
   [
    77572, 
    59223, 
    75533, 
    95921, 
    0, 
    79611, 
    97960, 
    73495, 
    85727, 
    67378, 
    49030, 
    99999
   ], 
   [
    49030, 
    30681, 
    46991, 
    67378, 
    79611, 
    0, 
    69417, 
    83688, 
    71456, 
    69417, 
    59223, 
    71456
   ], 
   [
    87766, 
    69417, 
    65340, 
    85727, 
    97960, 
    69417, 
    0, 
    63301, 
    75533, 
    57185, 
    38836, 
    89805
   ], 
   [
    42913, 
    24565, 
    40875, 
    61262, 
    73495, 
    83688, 
    63301, 
    0, 
    95921, 
    93882, 
    83688, 
    65340
   ], 
   [
    55146, 
    36797, 
    53107, 
    73495, 
    85727, 
    71456, 
    75533, 
    95921, 
    0, 
    89805, 
    71456, 
    77572
   ], 
   [
    36797, 
    18448, 
    34758, 
    55146, 
    67378, 
    69417, 
    57185, 
    93882, 
    89805, 
    0, 
    69417, 
    59223
   ], 
   [
    18448, 
    100, 
    16410, 
    36797, 
    49030, 
    59223, 
    38836, 
    83688, 
    71456, 
    69417, 
    0, 
    40875
   ], 
   [
    69417, 
    51068, 
    83688, 
    87766, 
    99999, 
    71456, 
    89805, 
    65340, 
    77572, 
    59223, 
    40875, 
    0
   ]
  ], 
  "probability_matrix": [
   [
    0, 
    0.006656609897326318, 
    0.09316085298287227, 
    0.06463412066929106, 
    0.1858996824639422, 
    0.012341421264182584, 
    0.017801641155312423, 
    0.05977338335305406, 
    0.10871685443142114, 
    0.13754291236343777, 
    0.1891283489706049, 
    0.12434417244855532
   ], 
   [
    0.10692565929987129, 
    0, 
    0.14448541151317626, 
    0.136821328836114, 
    0.162464214482522, 
    0.12256839658855558, 
    0.018554926791881966, 
    0.04138941010343245, 
    0.026785533802940055, 
    0.047206489063322365, 
    0.17682934891526791, 
    0.015969280602916098
   ], 
   [
    0.014218357877907081, 
    0.1072215435702442, 
    0, 
    0.13352092215613462, 
    0.14781421635483658, 
    0.10372336821808531, 
    0.03704109953755364, 
    0.04125133835089545, 
    0.07484347935702379, 
    0.11697591760821902, 
    0.13510383749310603, 
    0.08828591947599418
   ], 
   [
    0.02081128837787686, 
    0.18342276426682227, 
    0.21839848517363855, 
    0, 
    0.1490988203262501, 
    0.019658779001427686, 
    0.008324442952313226, 
    0.0692138807902374, 
    0.14828210598793473, 
    0.059862058233087476, 
    0.07086539231386937, 
    0.052061982576542196
   ], 
   [
    0.07301557196390036, 
    0.020923990952589195, 
    0.16374833552848123, 
    0.04604795137671082, 
    0, 
    0.09668902149598174, 
    0.10127115620219553, 
    0.16953771934245612, 
    0.02471669498938588, 
    0.1753713231915207, 
    0.0879435231980171, 
    0.04073471175876116
   ], 
   [
    0.11313828648771146, 
    0.11564260447457325, 
    0.03709452920691643, 
    0.017196687837861078, 
    0.09943099837545943, 
    0, 
    0.12246213498821884, 
    0.07937692645717051, 
    0.13614386996847078, 
    0.10167960194671524, 
    0.04081858117220946, 
    0.13701577908469348
   ], 
   [
    0.08514870238445213, 
    0.10276695633867092, 
    0.13014542985316083, 
    0.06954655054157304, 
    0.002280032933299731, 
    0.05653123681845238, 
    0, 
    0.2002652801398921, 
    0.11390538977911725, 
    0.014798805670180866, 
    0.09883697516651568, 
    0.12577464037468508
   ], 
   [
    0.012438108479064635, 
    0.1399500337896251, 
    0.05860572196834232, 
    0.03668452804378528, 
    0.09749397095750952, 
    0.09186982674101812, 
    0.13189577172531491, 
    0, 
    0.05913144066811841, 
    0.08088402457693519, 
    0.1360383842844619, 
    0.15500818876582448
   ], 
   [
    0.0870464956024038, 
    0.04558377431506671, 
    0.051561198019771874, 
    0.03806675300836393, 
    0.016152463805025545, 
    0.10980964884944412, 
    0.09704718033209946, 
    0.21422810806043185, 
    0, 
    0.14903779454077237, 
    0.06718909428379274, 
    0.12427748918282759
   ], 
   [
    0.20824366840976058, 
    0.041128541910014804, 
    0.037012215877220714, 
    0.09889700936738696, 
    0.21598828719741392, 
    0.06680576122162557, 
    0.04771194686841731, 
    0.04636003221725708, 
    0.009200646554730484, 
    0, 
    0.19268371824265879, 
    0.03596817213351393
   ], 
   [
    0.13571751857794198, 
    0.16474916915656873, 
    0.15262824469241068, 
    0.12355710500794778, 
    0.007155485629865854, 
    0.09193887679782177, 
    0.07487886158099956, 
    0.030213783653069575, 
    0.03618770666971899, 
    0.17314127711932836, 
    0, 
    0.009831971114326772
   ], 
   [
    0.10931046920998272, 
    0.1844860390097764, 
    0.15700504871033255, 
    0.00401965495763419, 
    0.018884405240126297, 
    0.2508625568202328, 
    0.025704753903745894, 
    0.04692767818711129, 
    0.13497621171130197, 
    0.01778318656377527, 
    0.05003999568598076, 
    0
   ]
  ]
 }, 
 "vehicle_capacities": [
  15, 
  15, 
  15, 
  30, 
  30, 
  30, 
  30, 
  30, 
  30, 
  30, 
  30, 
  30
 ]
}