{
 "vehicle_cost_per_km": [
  5, 
  5, 
  5, 
  5, 
  5
 ], 
 "runs": [
  {
   "avg_task_cost_vs_number_of_task": [
    3650, 
    2625, 
    2383.3333333333335, 
    1937.5, 
    1790, 
    1608.3333333333333, 
    1435.7142857142858, 
    1431.25, 
    1383.3333333333333, 
    1390, 
    1404.5454545454545, 
    1312.5, 
    1434.6153846153845, 
    1382.142857142857, 
    1323.3333333333333, 
    1284.375, 
    1273.5294117647059, 
    1202.7777777777778, 
    1160.5263157894738, 
    1195, 
    1176.1904761904761, 
    1213.6363636363637, 
    1160.8695652173913, 
    1185.4166666666667, 
    1126, 
    1153.8461538461538, 
    1135.1851851851852, 
    1223.2142857142858, 
    1244.8275862068965, 
    1236.6666666666667
   ], 
   "number_of_vehicles": 3
  }
 ], 
 "vehicle_starting_positions": [
  "Lausanne", 
  "Gen\u00e8ve", 
  "Sion", 
  "Neuch\u00e2tel", 
  "Bern", 
  "Basel", 
  "Fribourg", 
  "Z\u00fcrich", 
  "Aarau", 
  "Luzern", 
  "St-Gallen", 
  "Thun"
 ], 
 "task_distribution": {
  "distance_matrix": [
   [
    0, 
    90, 
    150, 
    100, 
    150, 
    290, 
    100, 
    320, 
    260, 
    350, 
    440, 
    190
   ], 
   [
    90, 
    0, 
    240, 
    190, 
    240, 
    380, 
    190, 
    410, 
    350, 
    440, 
    530, 
    280
   ], 
   [
    150, 
    240, 
    0, 
    220, 
    160, 
    300, 
    210, 
    330, 
    270, 
    360, 
    450, 
    120
   ], 
   [
    100, 
    190, 
    220, 
    0, 
    60, 
    200, 
    110, 
    230, 
    170, 
    260, 
    350, 
    100
   ], 
   [
    150, 
    240, 
    160, 
    60, 
    0, 
    140, 
    50, 
    170, 
    110, 
    200, 
    290, 
    40
   ], 
   [
    290, 
    380, 
    300, 
    200, 
    140, 
    0, 
    190, 
    120, 
    180, 
    190, 
    240, 
    180
   ], 
   [
    100, 
    190, 
    210, 
    110, 
    50, 
    190, 
    0, 
    220, 
    160, 
    250, 
    340, 
    90
   ], 
   [
    320, 
    410, 
    330, 
    230, 
    170, 
    120, 
    220, 
    0, 
    60, 
    70, 
    120, 
    210
   ], 
   [
    260, 
    350, 
    270, 
    170, 
    110, 
    180, 
    160, 
    60, 
    0, 
    90, 
    180, 
    150
   ], 
   [
    350, 
    440, 
    360, 
    260, 
    200, 
    190, 
    250, 
    70, 
    90, 
    0, 
    190, 
    240
   ], 
   [
    440, 
    530, 
    450, 
    350, 
    290, 
    240, 
    340, 
    120, 
    180, 
    190, 
    0, 
    330
   ], 
   [
    190, 
    280, 
    120, 
    100, 
    40, 
    180, 
    90, 
    210, 
    150, 
    240, 
    330, 
    0
   ]
  ], 
  "weight_matrix": [
   [
    0, 
    3, 
    3, 
    3, 
    3, 
    3, 
    3, 
    3, 
    3, 
    3, 
    3, 
    3
   ], 
   [
    3, 
    0, 
    3, 
    3, 
    3, 
    3, 
    3, 
    3, 
    3, 
    3, 
    3, 
    3
   ], 
   [
    3, 
    3, 
    0, 
    3, 
    3, 
    3, 
    3, 
    3, 
    3, 
    3, 
    3, 
    3
   ], 
   [
    3, 
    3, 
    3, 
    0, 
    3, 
    3, 
    3, 
    3, 
    3, 
    3, 
    3, 
    3
   ], 
   [
    3, 
    3, 
    3, 
    3, 
    0, 
    3, 
    3, 
    3, 
    3, 
    3, 
    3, 
    3
   ], 
   [
    3, 
    3, 
    3, 
    3, 
    3, 
    0, 
    3, 
    3, 
    3, 
    3, 
    3, 
    3
   ], 
   [
    3, 
    3, 
    3, 
    3, 
    3, 
    3, 
    0, 
    3, 
    3, 
    3, 
    3, 
    3
   ], 
   [
    3, 
    3, 
    3, 
    3, 
    3, 
    3, 
    3, 
    0, 
    3, 
    3, 
    3, 
    3
   ], 
   [
    3, 
    3, 
    3, 
    3, 
    3, 
    3, 
    3, 
    3, 
    0, 
    3, 
    3, 
    3
   ], 
   [
    3, 
    3, 
    3, 
    3, 
    3, 
    3, 
    3, 
    3, 
    3, 
    0, 
    3, 
    3
   ], 
   [
    3, 
    3, 
    3, 
    3, 
    3, 
    3, 
    3, 
    3, 
    3, 
    3, 
    0, 
    3
   ], 
   [
    3, 
    3, 
    3, 
    3, 
    3, 
    3, 
    3, 
    3, 
    3, 
    3, 
    3, 
    0
   ]
  ], 
  "city_names": [
   "Lausanne", 
   "Gen\u00e8ve", 
   "Sion", 
   "Neuch\u00e2tel", 
   "Bern", 
   "Basel", 
   "Fribourg", 
   "Z\u00fcrich", 
   "Aarau", 
   "Luzern", 
   "St-Gallen", 
   "Thun"
  ], 
  "reward_matrix": [
   [
    0, 
    89805, 
    77572, 
    87766, 
    77572, 
    49030, 
    87766, 
    42913, 
    55146, 
    36797, 
    18448, 
    69417
   ], 
   [
    89805, 
    0, 
    59223, 
    69417, 
    59223, 
    30681, 
    69417, 
    24565, 
    36797, 
    18448, 
    100, 
    51068
   ], 
   [
    77572, 
    59223, 
    0, 
    63301, 
    75533, 
    46991, 
    65340, 
    40875, 
    53107, 
    34758, 
    16410, 
    83688
   ], 
   [
    87766, 
    69417, 
    63301, 
    0, 
    95921, 
    67378, 
    85727, 
    61262, 
    73495, 
    55146, 
    36797, 
    87766
   ], 
   [
    77572, 
    59223, 
    75533, 
    95921, 
    0, 
    79611, 
    97960, 
    73495, 
    85727, 
    67378, 
    49030, 
    99999
   ], 
   [
    49030, 
    30681, 
    46991, 
    67378, 
    79611, 
    0, 
    69417, 
    83688, 
    71456, 
    69417, 
    59223, 
    71456
   ], 
   [
    87766, 
    69417, 
    65340, 
    85727, 
    97960, 
    69417, 
    0, 
    63301, 
    75533, 
    57185, 
    38836, 
    89805
   ], 
   [
    42913, 
    24565, 
    40875, 
    61262, 
    73495, 
    83688, 
    63301, 
    0, 
    95921, 
    93882, 
    83688, 
    65340
   ], 
   [
    55146, 
    36797, 
    53107, 
    73495, 
    85727, 
    71456, 
    75533, 
    95921, 
    0, 
    89805, 
    71456, 
    77572
   ], 
   [
    36797, 
    18448, 
    34758, 
    55146, 
    67378, 
    69417, 
    57185, 
    93882, 
    89805, 
    0, 
    69417, 
    59223
   ], 
   [
    18448, 
    100, 
    16410, 
    36797, 
    49030, 
    59223, 
    38836, 
    83688, 
    71456, 
    69417, 
    0, 
    40875
   ], 
   [
    69417, 
    51068, 
    83688, 
    87766, 
    99999, 
    71456, 
    89805, 
    65340, 
    77572, 
    59223, 
    40875, 
    0
   ]
  ], 
  "probability_matrix": [
   [
    0, 
    0.1381370895956836, 
    0.15223865145371937, 
    0.010264050095192176, 
    0.09733371245842018, 
    0.11696968929303578, 
    0.08282143712366585, 
    0.0947710831221994, 
    0.015498923909133402, 
    0.10945504249384927, 
    0.09596397728458778, 
    0.08654634317051321
   ], 
   [
    0.17756115758515137, 
    0, 
    0.06919494216074337, 
    0.0892963854623909, 
    0.005238762710026345, 
    0.03992313407881802, 
    0.1575048730441865, 
    0.14516013889123822, 
    0.0280260751679854, 
    0.044562736687704115, 
    0.14747139492324718, 
    0.09606039928850878
   ], 
   [
    0.0851924664786958, 
    0.23947788408969092, 
    0, 
    0.02280934019488244, 
    0.07599431461383857, 
    0.033754851628908004, 
    0.2185441000160668, 
    0.003907320410772568, 
    0.018439581882491642, 
    0.039863916386124396, 
    0.1052980874844266, 
    0.15671813681410227
   ], 
   [
    0.13456794042910034, 
    0.17909195279918783, 
    0.09556575126499435, 
    0, 
    0.07768069332856439, 
    0.08458198984946581, 
    0.10661689842041919, 
    0.031761130632701584, 
    0.10955718049386949, 
    0.02053000534847185, 
    0.028948090768040054, 
    0.13109836666518523
   ], 
   [
    0.042674659318285624, 
    0.070322913373428, 
    0.06957778818303648, 
    0.13156538016005595, 
    0, 
    0.042639754836799784, 
    0.09740834312703806, 
    0.10870917113423786, 
    0.08959656938158497, 
    0.10752155827401465, 
    0.11434280211094176, 
    0.12564106010057696
   ], 
   [
    0.07254515134665143, 
    0.12592281230787805, 
    0.08329761559433466, 
    0.12205960489459713, 
    0.13111411571949183, 
    0, 
    0.12243894202042672, 
    0.014543746497384774, 
    0.10908712225344487, 
    0.05715391880172578, 
    0.0818698121331299, 
    0.0799671584309346
   ], 
   [
    0.03129133950758385, 
    0.03692729916798368, 
    0.06023135117400171, 
    0.17400104117191734, 
    0.09293270112915229, 
    0.046425918546316496, 
    0, 
    0.14679981400264808, 
    0.08177941991944948, 
    0.13578888697777144, 
    0.02332591076303349, 
    0.1704963176401424
   ], 
   [
    0.00830400874091355, 
    0.061384035986854726, 
    0.022361299087014067, 
    0.19281106560876932, 
    0.0018359394251209022, 
    0.10087754120507558, 
    0.09585334879344094, 
    0, 
    0.19050002469996205, 
    0.2389231781402387, 
    0.06812877788193725, 
    0.019020780430673085
   ], 
   [
    0.14049771865644853, 
    0.13221633010667563, 
    0.09325821674714051, 
    0.09598957386440392, 
    0.04628003177414333, 
    0.08573659685897947, 
    0.08379178455111977, 
    0.06643754308295784, 
    0, 
    0.11585287259846311, 
    0.0350722097291828, 
    0.10486712203048507
   ], 
   [
    0.12666538822317994, 
    0.060700138464741954, 
    0.017471865098394556, 
    0.14517167117673288, 
    0.08618551746301735, 
    0.12120981836759485, 
    0.013335380713286075, 
    0.10871414494395584, 
    0.04842656045373081, 
    0, 
    0.1390211497164544, 
    0.13309836537891126
   ], 
   [
    0.04190583754085752, 
    0.11835724998016567, 
    0.14351380553503318, 
    0.03938469862715824, 
    0.14863665579637148, 
    0.02709239880726969, 
    0.09086805373671622, 
    0.15933627513227686, 
    0.037064059601534215, 
    0.13586783886464499, 
    0, 
    0.0579731263779719
   ], 
   [
    0.16144764057230473, 
    0.032450476051723895, 
    0.03250023197977212, 
    0.14996936875357872, 
    0.0846153615706413, 
    0.06532402576546449, 
    0.0897817102596875, 
    0.11392173680165575, 
    0.07140018639980211, 
    0.03677612204147962, 
    0.16181313980388984, 
    0
   ]
  ]
 }, 
 "vehicle_capacities": [
  5, 
  5, 
  5, 
  30, 
  30, 
  30, 
  30, 
  30, 
  30, 
  30, 
  30, 
  30
 ]
}