{
 "vehicle_cost_per_km": [
  5, 
  5, 
  5, 
  5, 
  5
 ], 
 "runs": [
  {
   "avg_task_cost_vs_number_of_task": [
    1341.5, 
    784.75, 
    757.1666666666666, 
    651.875, 
    705.6999999999999, 
    588.0833333333334, 
    518.3571428571429, 
    473.5625, 
    519.0555555555555, 
    478.7, 
    471.6818181818182, 
    406.8333333333333, 
    410.8846153846155, 
    429.60714285714283, 
    326.03333333333336, 
    452.71875000000006, 
    323.55882352941177, 
    301.52777777777777, 
    294.10526315789474, 
    285.85, 
    329.3333333333333, 
    319.3181818181818, 
    281.5217391304348, 
    229.625, 
    241.64, 
    284.3076923076923, 
    244.53703703703704, 
    296.64285714285717, 
    289.32758620689657, 
    225.66666666666666
   ], 
   "number_of_vehicles": 5
  }
 ], 
 "vehicle_starting_positions": [
  "Amsterdam", 
  "Rotterdam", 
  "Den Haag", 
  "Utrecht", 
  "Eindhoven", 
  "Almere", 
  "Groningen", 
  "Nijmegen", 
  "Breda", 
  "Apeldoorn"
 ], 
 "task_distribution": {
  "distance_matrix": [
   [
    0, 
    90.6, 
    65.2, 
    45.6, 
    137.5, 
    31.9, 
    185.9, 
    132, 
    119.1, 
    90.2
   ], 
   [
    90.6, 
    0, 
    25.4, 
    62.3, 
    110.8, 
    105.6, 
    259.6, 
    112, 
    48.6, 
    129.3
   ], 
   [
    65.2, 
    25.4, 
    0, 
    87.7, 
    136.2, 
    97.1, 
    251.1, 
    137.4, 
    74, 
    154.7
   ], 
   [
    45.6, 
    62.3, 
    87.7, 
    0, 
    91.9, 
    43.3, 
    197.3, 
    86.4, 
    73.5, 
    67
   ], 
   [
    137.5, 
    110.8, 
    136.2, 
    91.9, 
    0, 
    135.2, 
    268.3, 
    70.2, 
    62.2, 
    127.3
   ], 
   [
    31.9, 
    105.6, 
    97.1, 
    43.3, 
    135.2, 
    0, 
    154, 
    129.7, 
    116.8, 
    80.1
   ], 
   [
    185.9, 
    259.6, 
    251.1, 
    197.3, 
    268.3, 
    154, 
    0, 
    198.1, 
    270.8, 
    141
   ], 
   [
    132, 
    112, 
    137.4, 
    86.4, 
    70.2, 
    129.7, 
    198.1, 
    0, 
    96.2, 
    57.1
   ], 
   [
    119.1, 
    48.6, 
    74, 
    73.5, 
    62.2, 
    116.8, 
    270.8, 
    96.2, 
    0, 
    140.5
   ], 
   [
    90.2, 
    129.3, 
    154.7, 
    67, 
    127.3, 
    80.1, 
    141, 
    57.1, 
    140.5, 
    0
   ]
  ], 
  "weight_matrix": [
   [
    0, 
    3, 
    3, 
    3, 
    3, 
    3, 
    3, 
    3, 
    3, 
    3
   ], 
   [
    3, 
    0, 
    3, 
    3, 
    3, 
    3, 
    3, 
    3, 
    3, 
    3
   ], 
   [
    3, 
    3, 
    0, 
    3, 
    3, 
    3, 
    3, 
    3, 
    3, 
    3
   ], 
   [
    3, 
    3, 
    3, 
    0, 
    3, 
    3, 
    3, 
    3, 
    3, 
    3
   ], 
   [
    3, 
    3, 
    3, 
    3, 
    0, 
    3, 
    3, 
    3, 
    3, 
    3
   ], 
   [
    3, 
    3, 
    3, 
    3, 
    3, 
    0, 
    3, 
    3, 
    3, 
    3
   ], 
   [
    3, 
    3, 
    3, 
    3, 
    3, 
    3, 
    0, 
    3, 
    3, 
    3
   ], 
   [
    3, 
    3, 
    3, 
    3, 
    3, 
    3, 
    3, 
    0, 
    3, 
    3
   ], 
   [
    3, 
    3, 
    3, 
    3, 
    3, 
    3, 
    3, 
    3, 
    0, 
    3
   ], 
   [
    3, 
    3, 
    3, 
    3, 
    3, 
    3, 
    3, 
    3, 
    3, 
    0
   ]
  ], 
  "city_names": [
   "Amsterdam", 
   "Rotterdam", 
   "Den Haag", 
   "Utrecht", 
   "Eindhoven", 
   "Almere", 
   "Groningen", 
   "Nijmegen", 
   "Breda", 
   "Apeldoorn"
  ], 
  "reward_matrix": [
   [
    0, 
    73456, 
    83796, 
    91775, 
    54364, 
    97352, 
    34661, 
    56603, 
    61855, 
    73619
   ], 
   [
    73456, 
    0, 
    99999, 
    84977, 
    65233, 
    67350, 
    4659, 
    64745, 
    90554, 
    57702
   ], 
   [
    83796, 
    99999, 
    0, 
    74637, 
    54893, 
    70810, 
    8119, 
    54405, 
    80214, 
    47362
   ], 
   [
    91775, 
    84977, 
    74637, 
    0, 
    72927, 
    92712, 
    30020, 
    75166, 
    80418, 
    83064
   ], 
   [
    54364, 
    65233, 
    54893, 
    72927, 
    0, 
    55300, 
    1117, 
    81761, 
    85018, 
    58516
   ], 
   [
    97352, 
    67350, 
    70810, 
    92712, 
    55300, 
    0, 
    47647, 
    57539, 
    62791, 
    77731
   ], 
   [
    34661, 
    4659, 
    8119, 
    30020, 
    1117, 
    47647, 
    0, 
    29695, 
    100, 
    52939
   ], 
   [
    56603, 
    64745, 
    54405, 
    75166, 
    81761, 
    57539, 
    29695, 
    0, 
    71177, 
    87094
   ], 
   [
    61855, 
    90554, 
    80214, 
    80418, 
    85018, 
    62791, 
    100, 
    71177, 
    0, 
    53143
   ], 
   [
    73619, 
    57702, 
    47362, 
    83064, 
    58516, 
    77731, 
    52939, 
    87094, 
    53143, 
    0
   ]
  ], 
  "probability_matrix": [
   [
    0, 
    0.12672105089646052, 
    0.13628977697624745, 
    0.1935148997969595, 
    0.019063413883889397, 
    0.032682515002094764, 
    0.0945071130140824, 
    0.17446857522925202, 
    0.09161880198266029, 
    0.13113385321835377
   ], 
   [
    0.02249388847802468, 
    0, 
    0.06703788371005004, 
    0.07813866795484219, 
    0.3042029533895721, 
    0.004559132894403521, 
    0.08158346920316656, 
    0.1562576372054943, 
    0.09895622894547883, 
    0.18677013821896765
   ], 
   [
    0.1527165178446706, 
    0.005267214568175157, 
    0, 
    0.015237801767127333, 
    0.10520019469816101, 
    0.19857229022427028, 
    0.21661492118377032, 
    0.05949716913843613, 
    0.18394057692789642, 
    0.06295331364749286
   ], 
   [
    0.11284964082948357, 
    0.009429418607007276, 
    0.1639471718693097, 
    0, 
    0.10985858456956293, 
    0.039784557572897956, 
    0.11118904093616686, 
    0.15700643413371065, 
    0.15330129300349607, 
    0.14263385847836504
   ], 
   [
    0.14725273675825815, 
    0.18285598146555723, 
    0.15707448500515048, 
    0.09450442348851171, 
    0, 
    0.07335686365668166, 
    0.08257949882109299, 
    0.16107381731682846, 
    0.0881957548423388, 
    0.013106438645580464
   ], 
   [
    0.16049899355332106, 
    0.17476731661783845, 
    0.01215646533355936, 
    0.005967717927682859, 
    0.006803374831056121, 
    0, 
    0.1912468520794476, 
    0.20074433701617586, 
    0.03467319592352355, 
    0.21314174671739503
   ], 
   [
    0.21011675900111187, 
    0.010689818870361665, 
    0.17115557696848524, 
    0.20839836878876888, 
    0.013345322944658452, 
    0.2254718776418941, 
    0, 
    0.0334266065902828, 
    0.0952338089095771, 
    0.032161860284859754
   ], 
   [
    0.13691760166286104, 
    0.1828275134871361, 
    0.07519646760938714, 
    0.19192493920893033, 
    0.09403403249612058, 
    0.02897812321718808, 
    0.11747229506090973, 
    0, 
    0.007254541655702626, 
    0.16539448560176426
   ], 
   [
    0.06583600085149635, 
    0.17274236284923852, 
    0.20602674045488847, 
    0.07072388328384717, 
    0.06113128483804743, 
    0.13008460726201543, 
    0.06874542748206361, 
    0.19306662302371302, 
    0, 
    0.031643069954690003
   ], 
   [
    0.04674614983733241, 
    0.0486816201684581, 
    0.012865784696166532, 
    0.10110171474440194, 
    0.1488315687842416, 
    0.248886687743588, 
    0.10529208979449384, 
    0.2618985256783534, 
    0.025695858552964374, 
    0
   ]
  ]
 }, 
 "vehicle_capacities": [
  10, 
  10, 
  20, 
  20, 
  30, 
  30, 
  30, 
  30, 
  30, 
  30
 ]
}