{
 "vehicle_cost_per_km": [
  5, 
  5, 
  5, 
  5, 
  5
 ], 
 "runs": [
  {
   "avg_task_cost_vs_number_of_task": [
    986.5, 
    815.75, 
    667.1666666666666, 
    710.375, 
    606.8, 
    508, 
    492.64285714285717, 
    381, 
    414.5, 
    373.05, 
    339.1363636363636, 
    324.1666666666667, 
    331.5769230769231, 
    317.5357142857143, 
    344.3, 
    316.09375, 
    316.05882352941177, 
    324.94444444444446, 
    358.7368421052632, 
    299.9, 
    333.6190476190476, 
    287.90909090909093, 
    306.45652173913044, 
    315.6041666666667, 
    269.8, 
    280.5192307692308, 
    277.9074074074074, 
    303.3392857142857, 
    290.86206896551727, 
    267.3833333333333
   ], 
   "number_of_vehicles": 5
  }
 ], 
 "vehicle_starting_positions": [
  "Amsterdam", 
  "Rotterdam", 
  "Den Haag", 
  "Utrecht", 
  "Eindhoven", 
  "Almere", 
  "Groningen", 
  "Nijmegen", 
  "Breda", 
  "Apeldoorn"
 ], 
 "task_distribution": {
  "distance_matrix": [
   [
    0, 
    90.6, 
    65.2, 
    45.6, 
    137.5, 
    31.9, 
    185.9, 
    132, 
    119.1, 
    90.2
   ], 
   [
    90.6, 
    0, 
    25.4, 
    62.3, 
    110.8, 
    105.6, 
    259.6, 
    112, 
    48.6, 
    129.3
   ], 
   [
    65.2, 
    25.4, 
    0, 
    87.7, 
    136.2, 
    97.1, 
    251.1, 
    137.4, 
    74, 
    154.7
   ], 
   [
    45.6, 
    62.3, 
    87.7, 
    0, 
    91.9, 
    43.3, 
    197.3, 
    86.4, 
    73.5, 
    67
   ], 
   [
    137.5, 
    110.8, 
    136.2, 
    91.9, 
    0, 
    135.2, 
    268.3, 
    70.2, 
    62.2, 
    127.3
   ], 
   [
    31.9, 
    105.6, 
    97.1, 
    43.3, 
    135.2, 
    0, 
    154, 
    129.7, 
    116.8, 
    80.1
   ], 
   [
    185.9, 
    259.6, 
    251.1, 
    197.3, 
    268.3, 
    154, 
    0, 
    198.1, 
    270.8, 
    141
   ], 
   [
    132, 
    112, 
    137.4, 
    86.4, 
    70.2, 
    129.7, 
    198.1, 
    0, 
    96.2, 
    57.1
   ], 
   [
    119.1, 
    48.6, 
    74, 
    73.5, 
    62.2, 
    116.8, 
    270.8, 
    96.2, 
    0, 
    140.5
   ], 
   [
    90.2, 
    129.3, 
    154.7, 
    67, 
    127.3, 
    80.1, 
    141, 
    57.1, 
    140.5, 
    0
   ]
  ], 
  "weight_matrix": [
   [
    0, 
    3, 
    3, 
    3, 
    3, 
    3, 
    3, 
    3, 
    3, 
    3
   ], 
   [
    3, 
    0, 
    3, 
    3, 
    3, 
    3, 
    3, 
    3, 
    3, 
    3
   ], 
   [
    3, 
    3, 
    0, 
    3, 
    3, 
    3, 
    3, 
    3, 
    3, 
    3
   ], 
   [
    3, 
    3, 
    3, 
    0, 
    3, 
    3, 
    3, 
    3, 
    3, 
    3
   ], 
   [
    3, 
    3, 
    3, 
    3, 
    0, 
    3, 
    3, 
    3, 
    3, 
    3
   ], 
   [
    3, 
    3, 
    3, 
    3, 
    3, 
    0, 
    3, 
    3, 
    3, 
    3
   ], 
   [
    3, 
    3, 
    3, 
    3, 
    3, 
    3, 
    0, 
    3, 
    3, 
    3
   ], 
   [
    3, 
    3, 
    3, 
    3, 
    3, 
    3, 
    3, 
    0, 
    3, 
    3
   ], 
   [
    3, 
    3, 
    3, 
    3, 
    3, 
    3, 
    3, 
    3, 
    0, 
    3
   ], 
   [
    3, 
    3, 
    3, 
    3, 
    3, 
    3, 
    3, 
    3, 
    3, 
    0
   ]
  ], 
  "city_names": [
   "Amsterdam", 
   "Rotterdam", 
   "Den Haag", 
   "Utrecht", 
   "Eindhoven", 
   "Almere", 
   "Groningen", 
   "Nijmegen", 
   "Breda", 
   "Apeldoorn"
  ], 
  "reward_matrix": [
   [
    0, 
    73456, 
    83796, 
    91775, 
    54364, 
    97352, 
    34661, 
    56603, 
    61855, 
    73619
   ], 
   [
    73456, 
    0, 
    99999, 
    84977, 
    65233, 
    67350, 
    4659, 
    64745, 
    90554, 
    57702
   ], 
   [
    83796, 
    99999, 
    0, 
    74637, 
    54893, 
    70810, 
    8119, 
    54405, 
    80214, 
    47362
   ], 
   [
    91775, 
    84977, 
    74637, 
    0, 
    72927, 
    92712, 
    30020, 
    75166, 
    80418, 
    83064
   ], 
   [
    54364, 
    65233, 
    54893, 
    72927, 
    0, 
    55300, 
    1117, 
    81761, 
    85018, 
    58516
   ], 
   [
    97352, 
    67350, 
    70810, 
    92712, 
    55300, 
    0, 
    47647, 
    57539, 
    62791, 
    77731
   ], 
   [
    34661, 
    4659, 
    8119, 
    30020, 
    1117, 
    47647, 
    0, 
    29695, 
    100, 
    52939
   ], 
   [
    56603, 
    64745, 
    54405, 
    75166, 
    81761, 
    57539, 
    29695, 
    0, 
    71177, 
    87094
   ], 
   [
    61855, 
    90554, 
    80214, 
    80418, 
    85018, 
    62791, 
    100, 
    71177, 
    0, 
    53143
   ], 
   [
    73619, 
    57702, 
    47362, 
    83064, 
    58516, 
    77731, 
    52939, 
    87094, 
    53143, 
    0
   ]
  ], 
  "probability_matrix": [
   [
    0, 
    0.16660002187748021, 
    0.12952479577613701, 
    0.1427281473597526, 
    0.10751093802916775, 
    0.1476043136271943, 
    0.10806906021706322, 
    0.14858544222578676, 
    0.006188740859484738, 
    0.043188540027933334
   ], 
   [
    0.0633006491551522, 
    0, 
    0.1583605773413024, 
    0.002785346877220143, 
    0.1506996169486615, 
    0.048910411113992816, 
    0.1675028770330444, 
    0.15836233926679588, 
    0.11082575693865909, 
    0.13925242532517182
   ], 
   [
    0.06549929685514874, 
    0.0013912616046329426, 
    0, 
    0.029440949104114458, 
    0.20468131916490775, 
    0.1865001683298397, 
    0.10542474074930717, 
    0.20505125825360745, 
    0.19717214028745336, 
    0.004838865650988379
   ], 
   [
    0.044124441879647196, 
    0.18751115288348047, 
    0.0819815459354987, 
    0, 
    0.1456520332983661, 
    0.11596326760717969, 
    0.20038810540942462, 
    0.018969720506533543, 
    0.18341564370508878, 
    0.021994088774780866
   ], 
   [
    0.060244035606715464, 
    0.14574277025022667, 
    0.016015016223726947, 
    0.12135901228582975, 
    0, 
    0.08166264466272756, 
    0.14712316232427225, 
    0.14468701657369787, 
    0.15062061900399948, 
    0.13254572306880405
   ], 
   [
    0.10312541999705485, 
    0.1402302769103076, 
    0.12086464499264978, 
    0.0499905093230467, 
    0.12058210752252924, 
    0, 
    0.093572712955036, 
    0.08110324726916039, 
    0.13968635999269594, 
    0.15084472103751959
   ], 
   [
    0.0022882596674443046, 
    0.24641844524137424, 
    0.004960021223678802, 
    0.2419799950102161, 
    0.08550844219880205, 
    0.05647836969358903, 
    0, 
    0.07321257082502267, 
    0.0799758803496069, 
    0.20917801579026593
   ], 
   [
    0.01160426522945415, 
    0.2351636046359571, 
    0.03689689052138815, 
    0.00330850109161392, 
    0.07311116324790909, 
    0.035312316950254594, 
    0.1480331485786685, 
    0, 
    0.21507911818577619, 
    0.24149099155897832
   ], 
   [
    0.14827424786348833, 
    0.04631075116890505, 
    0.031030756941104312, 
    0.153906911823975, 
    0.03352084379044942, 
    0.19333942782501548, 
    0.024426391287868374, 
    0.1808549896085313, 
    0, 
    0.18833567969066264
   ], 
   [
    0.06433084279915002, 
    0.07743587817399099, 
    0.09331024264123938, 
    0.09617775420221701, 
    0.07807981860538482, 
    0.11811147014648103, 
    0.18632837705660435, 
    0.1328450057995028, 
    0.1533806105754297, 
    0
   ]
  ]
 }, 
 "vehicle_capacities": [
  10, 
  10, 
  10, 
  20, 
  20, 
  30, 
  30, 
  30, 
  30, 
  30
 ]
}