{
 "vehicle_cost_per_km": [
  5, 
  5, 
  5, 
  5, 
  5
 ], 
 "runs": [
  {
   "avg_task_cost_vs_number_of_task": [
    2227.5, 
    1319.7500000000002, 
    879.8333333333335, 
    681, 
    620.1999999999999, 
    516.8333333333333, 
    487.49999999999994, 
    430.93749999999994, 
    393.2777777777777, 
    408.1, 
    371.00000000000006, 
    333.25, 
    329, 
    296.92857142857144, 
    290.26666666666665, 
    297.4375, 
    252.9117647058823, 
    234.83333333333334, 
    249.42105263157896, 
    297.425, 
    227.23809523809524, 
    240.79545454545453, 
    225.2391304347826, 
    282.8125, 
    227.14, 
    209.32692307692307, 
    230.24074074074076, 
    204.07142857142853, 
    243.75862068965517, 
    199.15
   ], 
   "number_of_vehicles": 5
  }
 ], 
 "vehicle_starting_positions": [
  "Amsterdam", 
  "Rotterdam", 
  "Den Haag", 
  "Utrecht", 
  "Eindhoven", 
  "Almere", 
  "Groningen", 
  "Nijmegen", 
  "Breda", 
  "Apeldoorn"
 ], 
 "task_distribution": {
  "distance_matrix": [
   [
    0, 
    90.6, 
    65.2, 
    45.6, 
    137.5, 
    31.9, 
    185.9, 
    132, 
    119.1, 
    90.2
   ], 
   [
    90.6, 
    0, 
    25.4, 
    62.3, 
    110.8, 
    105.6, 
    259.6, 
    112, 
    48.6, 
    129.3
   ], 
   [
    65.2, 
    25.4, 
    0, 
    87.7, 
    136.2, 
    97.1, 
    251.1, 
    137.4, 
    74, 
    154.7
   ], 
   [
    45.6, 
    62.3, 
    87.7, 
    0, 
    91.9, 
    43.3, 
    197.3, 
    86.4, 
    73.5, 
    67
   ], 
   [
    137.5, 
    110.8, 
    136.2, 
    91.9, 
    0, 
    135.2, 
    268.3, 
    70.2, 
    62.2, 
    127.3
   ], 
   [
    31.9, 
    105.6, 
    97.1, 
    43.3, 
    135.2, 
    0, 
    154, 
    129.7, 
    116.8, 
    80.1
   ], 
   [
    185.9, 
    259.6, 
    251.1, 
    197.3, 
    268.3, 
    154, 
    0, 
    198.1, 
    270.8, 
    141
   ], 
   [
    132, 
    112, 
    137.4, 
    86.4, 
    70.2, 
    129.7, 
    198.1, 
    0, 
    96.2, 
    57.1
   ], 
   [
    119.1, 
    48.6, 
    74, 
    73.5, 
    62.2, 
    116.8, 
    270.8, 
    96.2, 
    0, 
    140.5
   ], 
   [
    90.2, 
    129.3, 
    154.7, 
    67, 
    127.3, 
    80.1, 
    141, 
    57.1, 
    140.5, 
    0
   ]
  ], 
  "weight_matrix": [
   [
    0, 
    3, 
    3, 
    3, 
    3, 
    3, 
    3, 
    3, 
    3, 
    3
   ], 
   [
    3, 
    0, 
    3, 
    3, 
    3, 
    3, 
    3, 
    3, 
    3, 
    3
   ], 
   [
    3, 
    3, 
    0, 
    3, 
    3, 
    3, 
    3, 
    3, 
    3, 
    3
   ], 
   [
    3, 
    3, 
    3, 
    0, 
    3, 
    3, 
    3, 
    3, 
    3, 
    3
   ], 
   [
    3, 
    3, 
    3, 
    3, 
    0, 
    3, 
    3, 
    3, 
    3, 
    3
   ], 
   [
    3, 
    3, 
    3, 
    3, 
    3, 
    0, 
    3, 
    3, 
    3, 
    3
   ], 
   [
    3, 
    3, 
    3, 
    3, 
    3, 
    3, 
    0, 
    3, 
    3, 
    3
   ], 
   [
    3, 
    3, 
    3, 
    3, 
    3, 
    3, 
    3, 
    0, 
    3, 
    3
   ], 
   [
    3, 
    3, 
    3, 
    3, 
    3, 
    3, 
    3, 
    3, 
    0, 
    3
   ], 
   [
    3, 
    3, 
    3, 
    3, 
    3, 
    3, 
    3, 
    3, 
    3, 
    0
   ]
  ], 
  "city_names": [
   "Amsterdam", 
   "Rotterdam", 
   "Den Haag", 
   "Utrecht", 
   "Eindhoven", 
   "Almere", 
   "Groningen", 
   "Nijmegen", 
   "Breda", 
   "Apeldoorn"
  ], 
  "reward_matrix": [
   [
    0, 
    73456, 
    83796, 
    91775, 
    54364, 
    97352, 
    34661, 
    56603, 
    61855, 
    73619
   ], 
   [
    73456, 
    0, 
    99999, 
    84977, 
    65233, 
    67350, 
    4659, 
    64745, 
    90554, 
    57702
   ], 
   [
    83796, 
    99999, 
    0, 
    74637, 
    54893, 
    70810, 
    8119, 
    54405, 
    80214, 
    47362
   ], 
   [
    91775, 
    84977, 
    74637, 
    0, 
    72927, 
    92712, 
    30020, 
    75166, 
    80418, 
    83064
   ], 
   [
    54364, 
    65233, 
    54893, 
    72927, 
    0, 
    55300, 
    1117, 
    81761, 
    85018, 
    58516
   ], 
   [
    97352, 
    67350, 
    70810, 
    92712, 
    55300, 
    0, 
    47647, 
    57539, 
    62791, 
    77731
   ], 
   [
    34661, 
    4659, 
    8119, 
    30020, 
    1117, 
    47647, 
    0, 
    29695, 
    100, 
    52939
   ], 
   [
    56603, 
    64745, 
    54405, 
    75166, 
    81761, 
    57539, 
    29695, 
    0, 
    71177, 
    87094
   ], 
   [
    61855, 
    90554, 
    80214, 
    80418, 
    85018, 
    62791, 
    100, 
    71177, 
    0, 
    53143
   ], 
   [
    73619, 
    57702, 
    47362, 
    83064, 
    58516, 
    77731, 
    52939, 
    87094, 
    53143, 
    0
   ]
  ], 
  "probability_matrix": [
   [
    0, 
    0.017325028114272237, 
    0.17495013124374292, 
    0.1951943811227996, 
    0.10359794651056563, 
    0.05644502193171125, 
    0.10568066418818849, 
    0.17461702635053009, 
    0.08137517216868281, 
    0.0908146283695071
   ], 
   [
    0.042467281183525996, 
    0, 
    0.13467688469621095, 
    0.05913334408673208, 
    0.23521359152317348, 
    0.02045704833367311, 
    0.035950697484839034, 
    0.20723451224752543, 
    0.1641139674547395, 
    0.10075267298958046
   ], 
   [
    0.12961214370591073, 
    0.09023740849523508, 
    0, 
    0.14867745485415654, 
    0.18494973364386932, 
    0.1234623893031712, 
    0.009128913683500436, 
    0.05447247857563025, 
    0.08940290296439278, 
    0.17005657477413372
   ], 
   [
    0.07307901619343593, 
    0.1342427454447105, 
    0.04944146914990011, 
    0, 
    0.28664088768192825, 
    0.02455153403208454, 
    0.03881352186873678, 
    0.17128502563513037, 
    0.04742702484055817, 
    0.1745187751535155
   ], 
   [
    0.0036356237628743897, 
    0.05150590136267844, 
    0.23179312264408125, 
    0.11555169305906053, 
    0, 
    0.15048718608137454, 
    0.072322565106291, 
    0.02306486177878168, 
    0.15164119033979234, 
    0.19999785586506563
   ], 
   [
    0.2246815787842855, 
    0.062314177937835495, 
    0.016003942565413008, 
    0.0709646028580827, 
    0.032733520848264995, 
    0, 
    0.18240608676069922, 
    0.1925536664242867, 
    0.186771533513142, 
    0.031570890307990526
   ], 
   [
    0.17565048145525083, 
    0.2049771089600412, 
    0.06535152683924418, 
    0.0348647318209084, 
    0.15376499977660377, 
    0.018257272289675348, 
    0, 
    0.07391835684497729, 
    0.17233775680342445, 
    0.10087776520987457
   ], 
   [
    0.019918613409908484, 
    0.20436500919878064, 
    0.1190464675768778, 
    0.13110210628277455, 
    0.12618419648352686, 
    0.0533252911162454, 
    0.11861752518647457, 
    0, 
    0.1985350106877769, 
    0.02890578005763462
   ], 
   [
    0.08255387417774518, 
    0.13110861908692542, 
    0.12770598735824343, 
    0.04308599565537588, 
    0.08808438298864855, 
    0.12853245756112977, 
    0.14996543778527252, 
    0.12056663955075489, 
    0, 
    0.12839660583590431
   ], 
   [
    0.1678222915421368, 
    0.06087595482233185, 
    0.009274331792162705, 
    0.09592766558600874, 
    0.1509361382070546, 
    0.17940100922477067, 
    0.07804420437095382, 
    0.09434883402978377, 
    0.163369570424797, 
    0
   ]
  ]
 }, 
 "vehicle_capacities": [
  5, 
  25, 
  25, 
  25, 
  25, 
  30, 
  30, 
  30, 
  30, 
  30
 ]
}