{
 "vehicle_cost_per_km": [
  5, 
  5, 
  5, 
  5, 
  5
 ], 
 "runs": [
  {
   "avg_task_cost_vs_number_of_task": [
    646.5, 
    464.25, 
    901.8333333333334, 
    768.875, 
    632, 
    537.3333333333334, 
    460.5714285714286, 
    461.18750000000006, 
    485.72222222222223, 
    455.25, 
    369.6363636363636, 
    394.4166666666667, 
    381.5, 
    398.42857142857144, 
    328.70000000000005, 
    322.96875000000006, 
    326.9117647058824, 
    297.6666666666667, 
    278.3157894736842, 
    307.4, 
    276.85714285714283, 
    257.25000000000006, 
    338.30434782608694, 
    258.87500000000006, 
    313.92, 
    278.13461538461536, 
    297.74074074074076, 
    243.99999999999997, 
    272.7413793103449, 
    275.6833333333334
   ], 
   "number_of_vehicles": 5
  }
 ], 
 "vehicle_starting_positions": [
  "Amsterdam", 
  "Rotterdam", 
  "Den Haag", 
  "Utrecht", 
  "Eindhoven", 
  "Almere", 
  "Groningen", 
  "Nijmegen", 
  "Breda", 
  "Apeldoorn"
 ], 
 "task_distribution": {
  "distance_matrix": [
   [
    0, 
    90.6, 
    65.2, 
    45.6, 
    137.5, 
    31.9, 
    185.9, 
    132, 
    119.1, 
    90.2
   ], 
   [
    90.6, 
    0, 
    25.4, 
    62.3, 
    110.8, 
    105.6, 
    259.6, 
    112, 
    48.6, 
    129.3
   ], 
   [
    65.2, 
    25.4, 
    0, 
    87.7, 
    136.2, 
    97.1, 
    251.1, 
    137.4, 
    74, 
    154.7
   ], 
   [
    45.6, 
    62.3, 
    87.7, 
    0, 
    91.9, 
    43.3, 
    197.3, 
    86.4, 
    73.5, 
    67
   ], 
   [
    137.5, 
    110.8, 
    136.2, 
    91.9, 
    0, 
    135.2, 
    268.3, 
    70.2, 
    62.2, 
    127.3
   ], 
   [
    31.9, 
    105.6, 
    97.1, 
    43.3, 
    135.2, 
    0, 
    154, 
    129.7, 
    116.8, 
    80.1
   ], 
   [
    185.9, 
    259.6, 
    251.1, 
    197.3, 
    268.3, 
    154, 
    0, 
    198.1, 
    270.8, 
    141
   ], 
   [
    132, 
    112, 
    137.4, 
    86.4, 
    70.2, 
    129.7, 
    198.1, 
    0, 
    96.2, 
    57.1
   ], 
   [
    119.1, 
    48.6, 
    74, 
    73.5, 
    62.2, 
    116.8, 
    270.8, 
    96.2, 
    0, 
    140.5
   ], 
   [
    90.2, 
    129.3, 
    154.7, 
    67, 
    127.3, 
    80.1, 
    141, 
    57.1, 
    140.5, 
    0
   ]
  ], 
  "weight_matrix": [
   [
    0, 
    3, 
    3, 
    3, 
    3, 
    3, 
    3, 
    3, 
    3, 
    3
   ], 
   [
    3, 
    0, 
    3, 
    3, 
    3, 
    3, 
    3, 
    3, 
    3, 
    3
   ], 
   [
    3, 
    3, 
    0, 
    3, 
    3, 
    3, 
    3, 
    3, 
    3, 
    3
   ], 
   [
    3, 
    3, 
    3, 
    0, 
    3, 
    3, 
    3, 
    3, 
    3, 
    3
   ], 
   [
    3, 
    3, 
    3, 
    3, 
    0, 
    3, 
    3, 
    3, 
    3, 
    3
   ], 
   [
    3, 
    3, 
    3, 
    3, 
    3, 
    0, 
    3, 
    3, 
    3, 
    3
   ], 
   [
    3, 
    3, 
    3, 
    3, 
    3, 
    3, 
    0, 
    3, 
    3, 
    3
   ], 
   [
    3, 
    3, 
    3, 
    3, 
    3, 
    3, 
    3, 
    0, 
    3, 
    3
   ], 
   [
    3, 
    3, 
    3, 
    3, 
    3, 
    3, 
    3, 
    3, 
    0, 
    3
   ], 
   [
    3, 
    3, 
    3, 
    3, 
    3, 
    3, 
    3, 
    3, 
    3, 
    0
   ]
  ], 
  "city_names": [
   "Amsterdam", 
   "Rotterdam", 
   "Den Haag", 
   "Utrecht", 
   "Eindhoven", 
   "Almere", 
   "Groningen", 
   "Nijmegen", 
   "Breda", 
   "Apeldoorn"
  ], 
  "reward_matrix": [
   [
    0, 
    73456, 
    83796, 
    91775, 
    54364, 
    97352, 
    34661, 
    56603, 
    61855, 
    73619
   ], 
   [
    73456, 
    0, 
    99999, 
    84977, 
    65233, 
    67350, 
    4659, 
    64745, 
    90554, 
    57702
   ], 
   [
    83796, 
    99999, 
    0, 
    74637, 
    54893, 
    70810, 
    8119, 
    54405, 
    80214, 
    47362
   ], 
   [
    91775, 
    84977, 
    74637, 
    0, 
    72927, 
    92712, 
    30020, 
    75166, 
    80418, 
    83064
   ], 
   [
    54364, 
    65233, 
    54893, 
    72927, 
    0, 
    55300, 
    1117, 
    81761, 
    85018, 
    58516
   ], 
   [
    97352, 
    67350, 
    70810, 
    92712, 
    55300, 
    0, 
    47647, 
    57539, 
    62791, 
    77731
   ], 
   [
    34661, 
    4659, 
    8119, 
    30020, 
    1117, 
    47647, 
    0, 
    29695, 
    100, 
    52939
   ], 
   [
    56603, 
    64745, 
    54405, 
    75166, 
    81761, 
    57539, 
    29695, 
    0, 
    71177, 
    87094
   ], 
   [
    61855, 
    90554, 
    80214, 
    80418, 
    85018, 
    62791, 
    100, 
    71177, 
    0, 
    53143
   ], 
   [
    73619, 
    57702, 
    47362, 
    83064, 
    58516, 
    77731, 
    52939, 
    87094, 
    53143, 
    0
   ]
  ], 
  "probability_matrix": [
   [
    0, 
    0.19899749251265206, 
    0.17686393166227946, 
    0.13093015896872987, 
    0.02860960926045906, 
    0.09511908706144459, 
    0.1705371968892162, 
    0.04410030182602614, 
    0.10499047768721574, 
    0.049851744131976926
   ], 
   [
    0.1551545467935572, 
    0, 
    0.10599013613237074, 
    0.00042733512122373335, 
    0.15745979144803635, 
    0.07138423752650525, 
    0.1681926965686205, 
    0.05640472596571677, 
    0.09738442991799058, 
    0.18760210052597903
   ], 
   [
    0.18039998238590418, 
    0.12547563632285233, 
    0, 
    0.1412434786246483, 
    0.09981326905488325, 
    0.11091123568997321, 
    0.0021244993465822266, 
    0.09021546912699978, 
    0.048065725809425384, 
    0.20175070363873118
   ], 
   [
    0.10630725943887119, 
    0.07804579843096855, 
    0.012482270477469418, 
    0, 
    0.14893712999550365, 
    0.1888132272890899, 
    0.05709504623038368, 
    0.19600725261869198, 
    0.09730597856821638, 
    0.1150060369508052
   ], 
   [
    0.13594962403383062, 
    0.11683532659779762, 
    0.15617380036187456, 
    0.04633344538244418, 
    0, 
    0.03905845733905528, 
    0.011940111289139913, 
    0.10213796201205327, 
    0.177883868511255, 
    0.21368740447254958
   ], 
   [
    0.055770734392104594, 
    0.07347138508585753, 
    0.022800543098418363, 
    0.10612075623472106, 
    0.021306809419649554, 
    0, 
    0.25393673416455637, 
    0.23684515786477203, 
    0.19383918587176524, 
    0.03590869386815525
   ], 
   [
    0.12785497094687534, 
    0.1041608983602481, 
    0.14158293026916846, 
    0.08439601096090146, 
    0.037691687851057976, 
    0.1522826962520072, 
    0, 
    0.16079125056931248, 
    0.06553732944854247, 
    0.12570222534188652
   ], 
   [
    0.16955508974200056, 
    0.04647430141434259, 
    0.06924906289321348, 
    0.1221052760246879, 
    0.197163566059006, 
    0.10018415302821257, 
    0.08643277888887091, 
    0, 
    0.14406327145167203, 
    0.06477250049799399
   ], 
   [
    0.13946270202720662, 
    0.2401748796289139, 
    0.1510695152176206, 
    0.020875215906710872, 
    0.07117950326583741, 
    0.08063615171037632, 
    0.1759791129485934, 
    0.07205853304284926, 
    0, 
    0.04856438625189181
   ], 
   [
    0.051468071974059955, 
    0.051726147962496055, 
    0.2182994181456881, 
    0.2320696081664825, 
    0.005366004976920808, 
    0.031883558222289936, 
    0.03704132524455134, 
    0.18693462748696707, 
    0.1852112378205443, 
    0
   ]
  ]
 }, 
 "vehicle_capacities": [
  10, 
  20, 
  20, 
  20, 
  25, 
  30, 
  30, 
  30, 
  30, 
  30
 ]
}