{
 "vehicle_cost_per_km": [
  5, 
  5, 
  5, 
  5, 
  5
 ], 
 "runs": [
  {
   "avg_task_cost_vs_number_of_task": [
    335, 
    467, 
    858, 
    643.5, 
    625.5999999999999, 
    521.3333333333333, 
    499.2142857142856, 
    436.8124999999999, 
    402.7777777777777, 
    362.49999999999994, 
    358.95454545454544, 
    329.04166666666663, 
    324.88461538461536, 
    305.5714285714286, 
    297.26666666666665, 
    281.40625000000006, 
    273.44117647058823, 
    264.44444444444446, 
    249.57894736842104, 
    296.975, 
    248.952380952381, 
    239.52272727272728, 
    252.93478260869566, 
    249.9375, 
    246.74000000000007, 
    226.82692307692312, 
    255.40740740740742, 
    241.82142857142853, 
    209.77586206896558, 
    246.4
   ], 
   "number_of_vehicles": 2
  }, 
  {
   "avg_task_cost_vs_number_of_task": [
    335, 
    467, 
    858, 
    643.5, 
    625.5999999999999, 
    521.3333333333333, 
    520.1428571428571, 
    436.8124999999999, 
    402.7777777777777, 
    362.49999999999994, 
    387.22727272727275, 
    329.04166666666663, 
    303.73076923076917, 
    305.57142857142856, 
    285.3666666666667, 
    274.68750000000006, 
    282.02941176470586, 
    278.6388888888889, 
    275.94736842105266, 
    297.62500000000006, 
    269.1666666666667, 
    260.0454545454546, 
    260.80434782608694, 
    233.45833333333337, 
    260.3, 
    240.1153846153846, 
    235.2777777777778, 
    236.6964285714286, 
    203.41379310344828, 
    247.05
   ], 
   "number_of_vehicles": 3
  }, 
  {
   "avg_task_cost_vs_number_of_task": [
    335, 
    467, 
    858, 
    643.5, 
    625.5999999999999, 
    553.9166666666666, 
    499.2142857142856, 
    463.49999999999994, 
    436.3333333333333, 
    362.49999999999994, 
    361.45454545454544, 
    329.04166666666663, 
    303.73076923076917, 
    318.9285714285715, 
    346.6, 
    288.37500000000006, 
    263.9117647058824, 
    290.41666666666674, 
    279.3421052631579, 
    280.725, 
    265.1666666666667, 
    267.59090909090907, 
    249.1304347826087, 
    261.9166666666667, 
    260.26, 
    211.42307692307693, 
    243.94444444444449, 
    220.96428571428572, 
    248.96551724137933, 
    239.28333333333333
   ], 
   "number_of_vehicles": 4
  }, 
  {
   "avg_task_cost_vs_number_of_task": [
    335, 
    467, 
    692.8333333333334, 
    519.625, 
    544.1999999999999, 
    453.49999999999994, 
    429, 
    375.375, 
    428.6111111111111, 
    322.2, 
    362.22727272727275, 
    297.75000000000006, 
    303.73076923076917, 
    255.21428571428572, 
    275.8333333333333, 
    277.96875, 
    263.3529411764706, 
    261.6111111111111, 
    292.421052631579, 
    240.8, 
    270.3333333333333, 
    227.9318181818182, 
    254.7826086956522, 
    243.58333333333334, 
    260.02, 
    225.5, 
    210.0185185185185, 
    208.55357142857142, 
    244.5, 
    213.66666666666666
   ], 
   "number_of_vehicles": 5
  }
 ], 
 "vehicle_starting_positions": [
  "Breda", 
  "Apeldoorn", 
  "Eindhoven", 
  "Rotterdam", 
  "Groningen", 
  "Den Haag", 
  "Almere", 
  "Nijmegen", 
  "Utrecht", 
  "Amsterdam"
 ], 
 "task_distribution": {
  "distance_matrix": [
   [
    0, 
    90.6, 
    65.2, 
    45.6, 
    137.5, 
    31.9, 
    185.9, 
    132, 
    119.1, 
    90.2
   ], 
   [
    90.6, 
    0, 
    25.4, 
    62.3, 
    110.8, 
    105.6, 
    259.6, 
    112, 
    48.6, 
    129.3
   ], 
   [
    65.2, 
    25.4, 
    0, 
    87.7, 
    136.2, 
    97.1, 
    251.1, 
    137.4, 
    74, 
    154.7
   ], 
   [
    45.6, 
    62.3, 
    87.7, 
    0, 
    91.9, 
    43.3, 
    197.3, 
    86.4, 
    73.5, 
    67
   ], 
   [
    137.5, 
    110.8, 
    136.2, 
    91.9, 
    0, 
    135.2, 
    268.3, 
    70.2, 
    62.2, 
    127.3
   ], 
   [
    31.9, 
    105.6, 
    97.1, 
    43.3, 
    135.2, 
    0, 
    154, 
    129.7, 
    116.8, 
    80.1
   ], 
   [
    185.9, 
    259.6, 
    251.1, 
    197.3, 
    268.3, 
    154, 
    0, 
    198.1, 
    270.8, 
    141
   ], 
   [
    132, 
    112, 
    137.4, 
    86.4, 
    70.2, 
    129.7, 
    198.1, 
    0, 
    96.2, 
    57.1
   ], 
   [
    119.1, 
    48.6, 
    74, 
    73.5, 
    62.2, 
    116.8, 
    270.8, 
    96.2, 
    0, 
    140.5
   ], 
   [
    90.2, 
    129.3, 
    154.7, 
    67, 
    127.3, 
    80.1, 
    141, 
    57.1, 
    140.5, 
    0
   ]
  ], 
  "weight_matrix": [
   [
    0, 
    3, 
    3, 
    3, 
    3, 
    3, 
    3, 
    3, 
    3, 
    3
   ], 
   [
    3, 
    0, 
    3, 
    3, 
    3, 
    3, 
    3, 
    3, 
    3, 
    3
   ], 
   [
    3, 
    3, 
    0, 
    3, 
    3, 
    3, 
    3, 
    3, 
    3, 
    3
   ], 
   [
    3, 
    3, 
    3, 
    0, 
    3, 
    3, 
    3, 
    3, 
    3, 
    3
   ], 
   [
    3, 
    3, 
    3, 
    3, 
    0, 
    3, 
    3, 
    3, 
    3, 
    3
   ], 
   [
    3, 
    3, 
    3, 
    3, 
    3, 
    0, 
    3, 
    3, 
    3, 
    3
   ], 
   [
    3, 
    3, 
    3, 
    3, 
    3, 
    3, 
    0, 
    3, 
    3, 
    3
   ], 
   [
    3, 
    3, 
    3, 
    3, 
    3, 
    3, 
    3, 
    0, 
    3, 
    3
   ], 
   [
    3, 
    3, 
    3, 
    3, 
    3, 
    3, 
    3, 
    3, 
    0, 
    3
   ], 
   [
    3, 
    3, 
    3, 
    3, 
    3, 
    3, 
    3, 
    3, 
    3, 
    0
   ]
  ], 
  "city_names": [
   "Amsterdam", 
   "Rotterdam", 
   "Den Haag", 
   "Utrecht", 
   "Eindhoven", 
   "Almere", 
   "Groningen", 
   "Nijmegen", 
   "Breda", 
   "Apeldoorn"
  ], 
  "reward_matrix": [
   [
    0, 
    73456, 
    83796, 
    91775, 
    54364, 
    97352, 
    34661, 
    56603, 
    61855, 
    73619
   ], 
   [
    73456, 
    0, 
    99999, 
    84977, 
    65233, 
    67350, 
    4659, 
    64745, 
    90554, 
    57702
   ], 
   [
    83796, 
    99999, 
    0, 
    74637, 
    54893, 
    70810, 
    8119, 
    54405, 
    80214, 
    47362
   ], 
   [
    91775, 
    84977, 
    74637, 
    0, 
    72927, 
    92712, 
    30020, 
    75166, 
    80418, 
    83064
   ], 
   [
    54364, 
    65233, 
    54893, 
    72927, 
    0, 
    55300, 
    1117, 
    81761, 
    85018, 
    58516
   ], 
   [
    97352, 
    67350, 
    70810, 
    92712, 
    55300, 
    0, 
    47647, 
    57539, 
    62791, 
    77731
   ], 
   [
    34661, 
    4659, 
    8119, 
    30020, 
    1117, 
    47647, 
    0, 
    29695, 
    100, 
    52939
   ], 
   [
    56603, 
    64745, 
    54405, 
    75166, 
    81761, 
    57539, 
    29695, 
    0, 
    71177, 
    87094
   ], 
   [
    61855, 
    90554, 
    80214, 
    80418, 
    85018, 
    62791, 
    100, 
    71177, 
    0, 
    53143
   ], 
   [
    73619, 
    57702, 
    47362, 
    83064, 
    58516, 
    77731, 
    52939, 
    87094, 
    53143, 
    0
   ]
  ], 
  "probability_matrix": [
   [
    0, 
    0.16109782895997074, 
    0.013350246231080054, 
    0.12191681764851142, 
    0.07724928611179042, 
    0.09849217095739356, 
    0.09431044942625377, 
    0.17503547506789363, 
    0.18075636274781576, 
    0.07779136284929064
   ], 
   [
    0.028678985038612173, 
    0, 
    0.10085812423625341, 
    0.17080801178700597, 
    0.02435265041575901, 
    0.1687937535241378, 
    0.14294923052351435, 
    0.11362522097331812, 
    0.05302025230009427, 
    0.19691377120130496
   ], 
   [
    0.14078348933269522, 
    0.025940312093302508, 
    0, 
    0.03710146895004048, 
    0.11668875115213055, 
    0.20652141722416079, 
    0.034351423777603196, 
    0.1790719512017065, 
    0.15381717738933667, 
    0.1057240088790241
   ], 
   [
    0.13437142820446485, 
    0.05973156594931572, 
    0.1995125778964426, 
    0, 
    0.18057793433582967, 
    0.1029320864333991, 
    0.07741443829284664, 
    0.08452974248664985, 
    0.15166046570413444, 
    0.009269760696917165
   ], 
   [
    0.1323006141683, 
    0.06328565119514785, 
    0.024750534211665256, 
    0.12756815596800813, 
    0, 
    0.1544845166398922, 
    0.11741329314863046, 
    0.11311369604609876, 
    0.12115881139128537, 
    0.14592472723097205
   ], 
   [
    0.1438162810848626, 
    0.15959828062433898, 
    0.20354445071463845, 
    0.022996861091366283, 
    0.021797314329241004, 
    0, 
    0.12804674447855238, 
    0.1600309278138317, 
    0.151267129533131, 
    0.00890201033003757
   ], 
   [
    0.03900309862657985, 
    0.13946292138034713, 
    0.15947540568037488, 
    0.2318743280099744, 
    0.12427615457053932, 
    0.08383993825456404, 
    0, 
    0.11000218057793852, 
    0.07754466311007409, 
    0.03452130978960757
   ], 
   [
    0.15432924568411047, 
    0.16521274581290532, 
    0.010312891200999685, 
    0.117568541672304, 
    0.14921428032166267, 
    0.15254293668840296, 
    0.056857194084832974, 
    0, 
    0.04120423225658135, 
    0.15275793227820061
   ], 
   [
    0.0697027168955587, 
    0.13693286353073947, 
    0.014925465262550078, 
    0.16383150393461798, 
    0.16373030439875202, 
    0.07897545332503873, 
    0.15720373773228216, 
    0.16953324560264899, 
    0, 
    0.04516470931781173
   ], 
   [
    0.1550559959809385, 
    0.07452577808040829, 
    0.15720263447113048, 
    0.13361529929765478, 
    0.13757922803415285, 
    0.00017288317056826397, 
    0.0778717958633213, 
    0.0919742540412681, 
    0.1720021310605574, 
    0
   ]
  ]
 }, 
 "vehicle_capacities": [
  30, 
  30, 
  30, 
  30, 
  30
 ]
}