{
 "vehicle_cost_per_km": [
  5, 
  5, 
  5, 
  5, 
  5
 ], 
 "runs": [
  {
   "avg_task_cost_vs_number_of_task": [
    2283.5, 
    1332.75, 
    1046.5000000000002, 
    860, 
    665.5, 
    604.8333333333334, 
    659.2142857142857, 
    573.2500000000001, 
    455.44444444444446, 
    494.2, 
    425.0909090909092, 
    364.9583333333333, 
    380.3076923076924, 
    310.75000000000006, 
    304.0333333333334, 
    289.5, 
    353.0000000000001, 
    303.97222222222223, 
    262.6315789473685, 
    273.77500000000003, 
    287.73809523809524, 
    251.70454545454547, 
    228.2173913043478, 
    260.12500000000006, 
    265.6000000000001, 
    354.78846153846155, 
    261.85185185185185, 
    224.625, 
    224.79310344827587, 
    222.05
   ], 
   "number_of_vehicles": 5
  }
 ], 
 "vehicle_starting_positions": [
  "Amsterdam", 
  "Rotterdam", 
  "Den Haag", 
  "Utrecht", 
  "Eindhoven", 
  "Almere", 
  "Groningen", 
  "Nijmegen", 
  "Breda", 
  "Apeldoorn"
 ], 
 "task_distribution": {
  "distance_matrix": [
   [
    0, 
    90.6, 
    65.2, 
    45.6, 
    137.5, 
    31.9, 
    185.9, 
    132, 
    119.1, 
    90.2
   ], 
   [
    90.6, 
    0, 
    25.4, 
    62.3, 
    110.8, 
    105.6, 
    259.6, 
    112, 
    48.6, 
    129.3
   ], 
   [
    65.2, 
    25.4, 
    0, 
    87.7, 
    136.2, 
    97.1, 
    251.1, 
    137.4, 
    74, 
    154.7
   ], 
   [
    45.6, 
    62.3, 
    87.7, 
    0, 
    91.9, 
    43.3, 
    197.3, 
    86.4, 
    73.5, 
    67
   ], 
   [
    137.5, 
    110.8, 
    136.2, 
    91.9, 
    0, 
    135.2, 
    268.3, 
    70.2, 
    62.2, 
    127.3
   ], 
   [
    31.9, 
    105.6, 
    97.1, 
    43.3, 
    135.2, 
    0, 
    154, 
    129.7, 
    116.8, 
    80.1
   ], 
   [
    185.9, 
    259.6, 
    251.1, 
    197.3, 
    268.3, 
    154, 
    0, 
    198.1, 
    270.8, 
    141
   ], 
   [
    132, 
    112, 
    137.4, 
    86.4, 
    70.2, 
    129.7, 
    198.1, 
    0, 
    96.2, 
    57.1
   ], 
   [
    119.1, 
    48.6, 
    74, 
    73.5, 
    62.2, 
    116.8, 
    270.8, 
    96.2, 
    0, 
    140.5
   ], 
   [
    90.2, 
    129.3, 
    154.7, 
    67, 
    127.3, 
    80.1, 
    141, 
    57.1, 
    140.5, 
    0
   ]
  ], 
  "weight_matrix": [
   [
    0, 
    3, 
    3, 
    3, 
    3, 
    3, 
    3, 
    3, 
    3, 
    3
   ], 
   [
    3, 
    0, 
    3, 
    3, 
    3, 
    3, 
    3, 
    3, 
    3, 
    3
   ], 
   [
    3, 
    3, 
    0, 
    3, 
    3, 
    3, 
    3, 
    3, 
    3, 
    3
   ], 
   [
    3, 
    3, 
    3, 
    0, 
    3, 
    3, 
    3, 
    3, 
    3, 
    3
   ], 
   [
    3, 
    3, 
    3, 
    3, 
    0, 
    3, 
    3, 
    3, 
    3, 
    3
   ], 
   [
    3, 
    3, 
    3, 
    3, 
    3, 
    0, 
    3, 
    3, 
    3, 
    3
   ], 
   [
    3, 
    3, 
    3, 
    3, 
    3, 
    3, 
    0, 
    3, 
    3, 
    3
   ], 
   [
    3, 
    3, 
    3, 
    3, 
    3, 
    3, 
    3, 
    0, 
    3, 
    3
   ], 
   [
    3, 
    3, 
    3, 
    3, 
    3, 
    3, 
    3, 
    3, 
    0, 
    3
   ], 
   [
    3, 
    3, 
    3, 
    3, 
    3, 
    3, 
    3, 
    3, 
    3, 
    0
   ]
  ], 
  "city_names": [
   "Amsterdam", 
   "Rotterdam", 
   "Den Haag", 
   "Utrecht", 
   "Eindhoven", 
   "Almere", 
   "Groningen", 
   "Nijmegen", 
   "Breda", 
   "Apeldoorn"
  ], 
  "reward_matrix": [
   [
    0, 
    73456, 
    83796, 
    91775, 
    54364, 
    97352, 
    34661, 
    56603, 
    61855, 
    73619
   ], 
   [
    73456, 
    0, 
    99999, 
    84977, 
    65233, 
    67350, 
    4659, 
    64745, 
    90554, 
    57702
   ], 
   [
    83796, 
    99999, 
    0, 
    74637, 
    54893, 
    70810, 
    8119, 
    54405, 
    80214, 
    47362
   ], 
   [
    91775, 
    84977, 
    74637, 
    0, 
    72927, 
    92712, 
    30020, 
    75166, 
    80418, 
    83064
   ], 
   [
    54364, 
    65233, 
    54893, 
    72927, 
    0, 
    55300, 
    1117, 
    81761, 
    85018, 
    58516
   ], 
   [
    97352, 
    67350, 
    70810, 
    92712, 
    55300, 
    0, 
    47647, 
    57539, 
    62791, 
    77731
   ], 
   [
    34661, 
    4659, 
    8119, 
    30020, 
    1117, 
    47647, 
    0, 
    29695, 
    100, 
    52939
   ], 
   [
    56603, 
    64745, 
    54405, 
    75166, 
    81761, 
    57539, 
    29695, 
    0, 
    71177, 
    87094
   ], 
   [
    61855, 
    90554, 
    80214, 
    80418, 
    85018, 
    62791, 
    100, 
    71177, 
    0, 
    53143
   ], 
   [
    73619, 
    57702, 
    47362, 
    83064, 
    58516, 
    77731, 
    52939, 
    87094, 
    53143, 
    0
   ]
  ], 
  "probability_matrix": [
   [
    0, 
    0.11405434547501116, 
    0.054291610998903596, 
    0.022924701462803516, 
    0.12300058660354016, 
    0.1091980746802897, 
    0.07714163051099415, 
    0.26343814407212895, 
    0.19070049805759734, 
    0.04525040813873152
   ], 
   [
    0.1853566783366129, 
    0, 
    0.1536330210073398, 
    0.07738481099376036, 
    0.031537263089419, 
    0.06279870014839374, 
    0.1341140533738309, 
    0.20661278078186465, 
    0.09383125703869347, 
    0.054731435230085224
   ], 
   [
    0.09299237174334443, 
    0.1637077301870754, 
    0, 
    0.14400751656495453, 
    0.06804532367509275, 
    0.010382226142520391, 
    0.14883400204387515, 
    0.14101409684843916, 
    0.06188372986176526, 
    0.16913300293293299
   ], 
   [
    0.22033800340992, 
    0.21258947385223745, 
    0.15954033938837797, 
    0, 
    0.03710774381608938, 
    0.07285635860328754, 
    0.14568967208793177, 
    0.1061196899424516, 
    0.04318607721350188, 
    0.002572641686202466
   ], 
   [
    0.04389991290669283, 
    0.1534148903349717, 
    0.0008319058181004395, 
    0.1917529843964407, 
    0, 
    0.02173371262968134, 
    0.183623745439353, 
    0.18470545835760088, 
    0.10836723443175428, 
    0.11167015568540492
   ], 
   [
    0.018176145075351847, 
    0.048725529637852066, 
    0.13415566275989488, 
    0.060249766674294956, 
    0.11220841245595084, 
    0, 
    0.1604573912346762, 
    0.17005318069572115, 
    0.04562481510317339, 
    0.2503490963630847
   ], 
   [
    0.1521950334814474, 
    0.18765976256378142, 
    0.18386634145158726, 
    0.00649423823789564, 
    0.04518817655214022, 
    0.14589970758144194, 
    0, 
    0.15120631094355733, 
    0.07988883060154772, 
    0.047601598586601096
   ], 
   [
    0.20099486204136155, 
    0.18120984195904818, 
    0.06052562102469551, 
    0.10319200181464984, 
    0.08228901394469305, 
    0.02972555311647303, 
    0.13216585126922778, 
    0, 
    0.12280567130959504, 
    0.08709158352025603
   ], 
   [
    0.10468103131601691, 
    0.1479191594505715, 
    0.08914622299348429, 
    0.10929983675406663, 
    0.03473335841493512, 
    0.10398304345525475, 
    0.17092351905656475, 
    0.08891575517997206, 
    0, 
    0.15039807337913388
   ], 
   [
    0.10386152609004466, 
    0.157745371396126, 
    0.2085105305470469, 
    0.1918848211210263, 
    0.1565368152724862, 
    0.08208845986016912, 
    0.021935273019462388, 
    0.012761148173753562, 
    0.06467605451988497, 
    0
   ]
  ]
 }, 
 "vehicle_capacities": [
  10, 
  15, 
  20, 
  25, 
  25, 
  30, 
  30, 
  30, 
  30, 
  30
 ]
}