{
 "vehicle_cost_per_km": [
  5, 
  5, 
  5, 
  5, 
  5
 ], 
 "runs": [
  {
   "avg_task_cost_vs_number_of_task": [
    610.5, 
    976, 
    789, 
    591.75, 
    473.4, 
    423, 
    439.2857142857143, 
    393.93750000000006, 
    392.3888888888889, 
    353.15, 
    321.04545454545456, 
    305.8333333333333, 
    306.0769230769231, 
    303, 
    285.6, 
    284.96875, 
    340.2647058823529, 
    296.05555555555554, 
    312.7631578947368, 
    320.575, 
    301.0476190476191, 
    288.70454545454544, 
    293.6304347826087, 
    300.2916666666667, 
    273.54, 
    302.1730769230769, 
    306.35185185185185, 
    296.98214285714283, 
    277.7758620689655, 
    268.6166666666667
   ], 
   "number_of_vehicles": 5
  }
 ], 
 "vehicle_starting_positions": [
  "Amsterdam", 
  "Rotterdam", 
  "Den Haag", 
  "Utrecht", 
  "Eindhoven", 
  "Almere", 
  "Groningen", 
  "Nijmegen", 
  "Breda", 
  "Apeldoorn"
 ], 
 "task_distribution": {
  "distance_matrix": [
   [
    0, 
    90.6, 
    65.2, 
    45.6, 
    137.5, 
    31.9, 
    185.9, 
    132, 
    119.1, 
    90.2
   ], 
   [
    90.6, 
    0, 
    25.4, 
    62.3, 
    110.8, 
    105.6, 
    259.6, 
    112, 
    48.6, 
    129.3
   ], 
   [
    65.2, 
    25.4, 
    0, 
    87.7, 
    136.2, 
    97.1, 
    251.1, 
    137.4, 
    74, 
    154.7
   ], 
   [
    45.6, 
    62.3, 
    87.7, 
    0, 
    91.9, 
    43.3, 
    197.3, 
    86.4, 
    73.5, 
    67
   ], 
   [
    137.5, 
    110.8, 
    136.2, 
    91.9, 
    0, 
    135.2, 
    268.3, 
    70.2, 
    62.2, 
    127.3
   ], 
   [
    31.9, 
    105.6, 
    97.1, 
    43.3, 
    135.2, 
    0, 
    154, 
    129.7, 
    116.8, 
    80.1
   ], 
   [
    185.9, 
    259.6, 
    251.1, 
    197.3, 
    268.3, 
    154, 
    0, 
    198.1, 
    270.8, 
    141
   ], 
   [
    132, 
    112, 
    137.4, 
    86.4, 
    70.2, 
    129.7, 
    198.1, 
    0, 
    96.2, 
    57.1
   ], 
   [
    119.1, 
    48.6, 
    74, 
    73.5, 
    62.2, 
    116.8, 
    270.8, 
    96.2, 
    0, 
    140.5
   ], 
   [
    90.2, 
    129.3, 
    154.7, 
    67, 
    127.3, 
    80.1, 
    141, 
    57.1, 
    140.5, 
    0
   ]
  ], 
  "weight_matrix": [
   [
    0, 
    3, 
    3, 
    3, 
    3, 
    3, 
    3, 
    3, 
    3, 
    3
   ], 
   [
    3, 
    0, 
    3, 
    3, 
    3, 
    3, 
    3, 
    3, 
    3, 
    3
   ], 
   [
    3, 
    3, 
    0, 
    3, 
    3, 
    3, 
    3, 
    3, 
    3, 
    3
   ], 
   [
    3, 
    3, 
    3, 
    0, 
    3, 
    3, 
    3, 
    3, 
    3, 
    3
   ], 
   [
    3, 
    3, 
    3, 
    3, 
    0, 
    3, 
    3, 
    3, 
    3, 
    3
   ], 
   [
    3, 
    3, 
    3, 
    3, 
    3, 
    0, 
    3, 
    3, 
    3, 
    3
   ], 
   [
    3, 
    3, 
    3, 
    3, 
    3, 
    3, 
    0, 
    3, 
    3, 
    3
   ], 
   [
    3, 
    3, 
    3, 
    3, 
    3, 
    3, 
    3, 
    0, 
    3, 
    3
   ], 
   [
    3, 
    3, 
    3, 
    3, 
    3, 
    3, 
    3, 
    3, 
    0, 
    3
   ], 
   [
    3, 
    3, 
    3, 
    3, 
    3, 
    3, 
    3, 
    3, 
    3, 
    0
   ]
  ], 
  "city_names": [
   "Amsterdam", 
   "Rotterdam", 
   "Den Haag", 
   "Utrecht", 
   "Eindhoven", 
   "Almere", 
   "Groningen", 
   "Nijmegen", 
   "Breda", 
   "Apeldoorn"
  ], 
  "reward_matrix": [
   [
    0, 
    73456, 
    83796, 
    91775, 
    54364, 
    97352, 
    34661, 
    56603, 
    61855, 
    73619
   ], 
   [
    73456, 
    0, 
    99999, 
    84977, 
    65233, 
    67350, 
    4659, 
    64745, 
    90554, 
    57702
   ], 
   [
    83796, 
    99999, 
    0, 
    74637, 
    54893, 
    70810, 
    8119, 
    54405, 
    80214, 
    47362
   ], 
   [
    91775, 
    84977, 
    74637, 
    0, 
    72927, 
    92712, 
    30020, 
    75166, 
    80418, 
    83064
   ], 
   [
    54364, 
    65233, 
    54893, 
    72927, 
    0, 
    55300, 
    1117, 
    81761, 
    85018, 
    58516
   ], 
   [
    97352, 
    67350, 
    70810, 
    92712, 
    55300, 
    0, 
    47647, 
    57539, 
    62791, 
    77731
   ], 
   [
    34661, 
    4659, 
    8119, 
    30020, 
    1117, 
    47647, 
    0, 
    29695, 
    100, 
    52939
   ], 
   [
    56603, 
    64745, 
    54405, 
    75166, 
    81761, 
    57539, 
    29695, 
    0, 
    71177, 
    87094
   ], 
   [
    61855, 
    90554, 
    80214, 
    80418, 
    85018, 
    62791, 
    100, 
    71177, 
    0, 
    53143
   ], 
   [
    73619, 
    57702, 
    47362, 
    83064, 
    58516, 
    77731, 
    52939, 
    87094, 
    53143, 
    0
   ]
  ], 
  "probability_matrix": [
   [
    0, 
    0.19698978119603316, 
    0.10743479616236624, 
    0.1346894993814212, 
    0.05467673985563314, 
    0.07511069304023713, 
    0.13710401647004786, 
    0.09623206083844466, 
    0.015399240670115012, 
    0.18236317238570157
   ], 
   [
    0.13719609783812112, 
    0, 
    0.10515250080267154, 
    0.0723536566386229, 
    0.14365108466812032, 
    0.06001395607200095, 
    0.10202934711753357, 
    0.13769534405999798, 
    0.14535663022286605, 
    0.09655138258006554
   ], 
   [
    0.13072648003746706, 
    0.034995789563555715, 
    0, 
    0.2538095703410301, 
    0.021490889007844734, 
    0.04554116255485267, 
    0.16990390049905973, 
    0.06564263782189875, 
    0.012375632038205192, 
    0.26551393813608587
   ], 
   [
    0.19008866980619565, 
    0.09615976676246428, 
    0.09965582920993646, 
    0, 
    0.10087113224237583, 
    0.04341058093959986, 
    0.04600954900037989, 
    0.1295301867242667, 
    0.1023350737326775, 
    0.19193921158210397
   ], 
   [
    0.1867687267330836, 
    0.11912262432032546, 
    0.14811530656597718, 
    0.19627719810071362, 
    0, 
    0.013692881429835373, 
    0.006404392629625937, 
    0.14283411922504088, 
    0.1751495692093171, 
    0.011635181786080874
   ], 
   [
    0.1055044999349576, 
    0.021952212974235167, 
    0.1697752041412647, 
    0.15444325950247076, 
    0.15769628116283843, 
    0, 
    0.1508876620192916, 
    0.02665084996949974, 
    0.15005796340044175, 
    0.0630320668950003
   ], 
   [
    0.16426229727634992, 
    0.13692878331452077, 
    0.1481367966998473, 
    0.16859276260093883, 
    0.03074961396805952, 
    0.07357477330811216, 
    0, 
    0.04492859313106734, 
    0.12323639304848807, 
    0.10958998665261618
   ], 
   [
    0.06937371531631195, 
    0.12051479461929557, 
    0.09397588444630331, 
    0.1286191132627006, 
    0.15048391999355587, 
    0.1337662071131262, 
    0.1754488131881071, 
    0, 
    0.008320852131017931, 
    0.11949669992958169
   ], 
   [
    0.17123215113779477, 
    0.10470910338934775, 
    0.10854508734549125, 
    0.14283336122055929, 
    0.05741349684865122, 
    0.00011527364809529852, 
    0.15265699132253782, 
    0.09472589808730399, 
    0, 
    0.1677686370002186
   ], 
   [
    0.13785838026847871, 
    0.1472637375696543, 
    0.10887519145140473, 
    0.0765673789417181, 
    0.10215325292388093, 
    0.1502898987918159, 
    0.10356293598889481, 
    0.09583949341644615, 
    0.07758973064770629, 
    0
   ]
  ]
 }, 
 "vehicle_capacities": [
  10, 
  10, 
  15, 
  15, 
  15, 
  30, 
  30, 
  30, 
  30, 
  30
 ]
}