{
 "vehicle_cost_per_km": [
  5, 
  10, 
  5, 
  5, 
  5, 
  5, 
  5, 
  5, 
  5, 
  5
 ], 
 "runs": [
  {
   "avg_task_cost_vs_number_of_task": [
    595.5, 
    460.75, 
    869.8333333333334, 
    652.375, 
    578.9, 
    534.2500000000001, 
    498.8571428571428, 
    444.5625000000001, 
    395.6111111111111, 
    356.05, 
    387.45454545454544, 
    314.75000000000006, 
    353.1923076923077, 
    374.89285714285705, 
    320.2, 
    328.03124999999994, 
    272.7352941176471, 
    306.75, 
    289.5263157894737, 
    298.62500000000006, 
    291.42857142857144, 
    270.3409090909091, 
    278.3478260869565, 
    317.97916666666663, 
    296.78, 
    298.9230769230769, 
    306.0925925925926, 
    282.17857142857144, 
    322.0689655172414, 
    320.96666666666664
   ], 
   "number_of_vehicles": 3
  }
 ], 
 "vehicle_starting_positions": [
  "Amsterdam", 
  "Rotterdam", 
  "Den Haag", 
  "Utrecht", 
  "Eindhoven", 
  "Almere", 
  "Groningen", 
  "Nijmegen", 
  "Breda", 
  "Apeldoorn"
 ], 
 "task_distribution": {
  "distance_matrix": [
   [
    0, 
    90.6, 
    65.2, 
    45.6, 
    137.5, 
    31.9, 
    185.9, 
    132, 
    119.1, 
    90.2
   ], 
   [
    90.6, 
    0, 
    25.4, 
    62.3, 
    110.8, 
    105.6, 
    259.6, 
    112, 
    48.6, 
    129.3
   ], 
   [
    65.2, 
    25.4, 
    0, 
    87.7, 
    136.2, 
    97.1, 
    251.1, 
    137.4, 
    74, 
    154.7
   ], 
   [
    45.6, 
    62.3, 
    87.7, 
    0, 
    91.9, 
    43.3, 
    197.3, 
    86.4, 
    73.5, 
    67
   ], 
   [
    137.5, 
    110.8, 
    136.2, 
    91.9, 
    0, 
    135.2, 
    268.3, 
    70.2, 
    62.2, 
    127.3
   ], 
   [
    31.9, 
    105.6, 
    97.1, 
    43.3, 
    135.2, 
    0, 
    154, 
    129.7, 
    116.8, 
    80.1
   ], 
   [
    185.9, 
    259.6, 
    251.1, 
    197.3, 
    268.3, 
    154, 
    0, 
    198.1, 
    270.8, 
    141
   ], 
   [
    132, 
    112, 
    137.4, 
    86.4, 
    70.2, 
    129.7, 
    198.1, 
    0, 
    96.2, 
    57.1
   ], 
   [
    119.1, 
    48.6, 
    74, 
    73.5, 
    62.2, 
    116.8, 
    270.8, 
    96.2, 
    0, 
    140.5
   ], 
   [
    90.2, 
    129.3, 
    154.7, 
    67, 
    127.3, 
    80.1, 
    141, 
    57.1, 
    140.5, 
    0
   ]
  ], 
  "weight_matrix": [
   [
    0, 
    3, 
    3, 
    3, 
    3, 
    3, 
    3, 
    3, 
    3, 
    3
   ], 
   [
    3, 
    0, 
    3, 
    3, 
    3, 
    3, 
    3, 
    3, 
    3, 
    3
   ], 
   [
    3, 
    3, 
    0, 
    3, 
    3, 
    3, 
    3, 
    3, 
    3, 
    3
   ], 
   [
    3, 
    3, 
    3, 
    0, 
    3, 
    3, 
    3, 
    3, 
    3, 
    3
   ], 
   [
    3, 
    3, 
    3, 
    3, 
    0, 
    3, 
    3, 
    3, 
    3, 
    3
   ], 
   [
    3, 
    3, 
    3, 
    3, 
    3, 
    0, 
    3, 
    3, 
    3, 
    3
   ], 
   [
    3, 
    3, 
    3, 
    3, 
    3, 
    3, 
    0, 
    3, 
    3, 
    3
   ], 
   [
    3, 
    3, 
    3, 
    3, 
    3, 
    3, 
    3, 
    0, 
    3, 
    3
   ], 
   [
    3, 
    3, 
    3, 
    3, 
    3, 
    3, 
    3, 
    3, 
    0, 
    3
   ], 
   [
    3, 
    3, 
    3, 
    3, 
    3, 
    3, 
    3, 
    3, 
    3, 
    0
   ]
  ], 
  "city_names": [
   "Amsterdam", 
   "Rotterdam", 
   "Den Haag", 
   "Utrecht", 
   "Eindhoven", 
   "Almere", 
   "Groningen", 
   "Nijmegen", 
   "Breda", 
   "Apeldoorn"
  ], 
  "reward_matrix": [
   [
    0, 
    73456, 
    83796, 
    91775, 
    54364, 
    97352, 
    34661, 
    56603, 
    61855, 
    73619
   ], 
   [
    73456, 
    0, 
    99999, 
    84977, 
    65233, 
    67350, 
    4659, 
    64745, 
    90554, 
    57702
   ], 
   [
    83796, 
    99999, 
    0, 
    74637, 
    54893, 
    70810, 
    8119, 
    54405, 
    80214, 
    47362
   ], 
   [
    91775, 
    84977, 
    74637, 
    0, 
    72927, 
    92712, 
    30020, 
    75166, 
    80418, 
    83064
   ], 
   [
    54364, 
    65233, 
    54893, 
    72927, 
    0, 
    55300, 
    1117, 
    81761, 
    85018, 
    58516
   ], 
   [
    97352, 
    67350, 
    70810, 
    92712, 
    55300, 
    0, 
    47647, 
    57539, 
    62791, 
    77731
   ], 
   [
    34661, 
    4659, 
    8119, 
    30020, 
    1117, 
    47647, 
    0, 
    29695, 
    100, 
    52939
   ], 
   [
    56603, 
    64745, 
    54405, 
    75166, 
    81761, 
    57539, 
    29695, 
    0, 
    71177, 
    87094
   ], 
   [
    61855, 
    90554, 
    80214, 
    80418, 
    85018, 
    62791, 
    100, 
    71177, 
    0, 
    53143
   ], 
   [
    73619, 
    57702, 
    47362, 
    83064, 
    58516, 
    77731, 
    52939, 
    87094, 
    53143, 
    0
   ]
  ], 
  "probability_matrix": [
   [
    0, 
    0.11611344866943904, 
    0.10857635124659588, 
    0.028719726047943553, 
    0.07111440957985164, 
    0.010314238687653366, 
    0.19357705638629677, 
    0.21134497082737913, 
    0.13920922152955495, 
    0.12103057702528563
   ], 
   [
    0.011913378326759356, 
    0, 
    0.09934574289957697, 
    0.31758718999084246, 
    0.10010925393321697, 
    0.05512277719245337, 
    0.16696809345156166, 
    0.12100530681902961, 
    0.07316575440450283, 
    0.05478250298205673
   ], 
   [
    0.05014123869018023, 
    0.15398151251416042, 
    0, 
    0.1580887167167637, 
    0.05811597497035318, 
    0.13663131497077918, 
    0.1533916000243268, 
    0.11013194873255162, 
    0.024611596180682007, 
    0.15490609720020285
   ], 
   [
    0.014095423502883597, 
    0.1454442267664928, 
    0.0022435219572062965, 
    0, 
    0.21319812035667193, 
    0.11034374612671327, 
    0.1772134378321627, 
    0.03967397313538316, 
    0.021088701782769215, 
    0.27669884853971694
   ], 
   [
    0.09923175127417552, 
    0.039429911244308107, 
    0.022704716056922664, 
    0.21230512040198699, 
    0, 
    0.056583594218988655, 
    0.1910979570516473, 
    0.07574691963628669, 
    0.1894952158529713, 
    0.11340481426271284
   ], 
   [
    0.16657158789092538, 
    0.18149149944759038, 
    0.17505087549385487, 
    0.029154441180256757, 
    0.042322520041822694, 
    0, 
    0.0804466222968933, 
    0.08286796292929166, 
    0.10473061793698206, 
    0.1373638727823831
   ], 
   [
    0.057123700244326135, 
    0.12759780175233915, 
    0.1524155937311363, 
    0.14812282650770983, 
    0.10723574335316936, 
    0.06980085831952164, 
    0, 
    0.05353858551477029, 
    0.14425859682122555, 
    0.13990629375580177
   ], 
   [
    0.014228463586417701, 
    0.2256644456142691, 
    0.08870934890688482, 
    0.011025560146247152, 
    0.17962528610061054, 
    0.2867506610590741, 
    0.020812329779530174, 
    0, 
    0.023680203440239245, 
    0.14950370136672725
   ], 
   [
    0.15901910359397067, 
    0.15617591069384268, 
    0.11453925665337739, 
    0.05022049187743721, 
    0.07662987582464174, 
    0.14527907581247623, 
    0.016194498342973755, 
    0.1689518659871138, 
    0, 
    0.11298992121416647
   ], 
   [
    0.008246864379485045, 
    0.18680817168470723, 
    0.008396469037009063, 
    0.042846599197180125, 
    0.07995169063709791, 
    0.24604556236403066, 
    0.23891632507938812, 
    0.14994309784673923, 
    0.038845219774362574, 
    0
   ]
  ]
 }, 
 "vehicle_capacities": [
  15, 
  15, 
  15, 
  5, 
  20, 
  30, 
  30, 
  30, 
  30, 
  30
 ]
}