{
 "vehicle_cost_per_km": [
  5, 
  5, 
  5, 
  5, 
  5
 ], 
 "runs": [
  {
   "avg_task_cost_vs_number_of_task": [
    2271, 
    1328.5, 
    885.6666666666666, 
    719, 
    637.5, 
    588.5833333333334, 
    533.4285714285714, 
    466.75000000000006, 
    457.8333333333333, 
    405.55000000000007, 
    378.86363636363643, 
    447.4166666666667, 
    417.2307692307692, 
    355.0357142857143, 
    349.9, 
    357.84375, 
    308.7352941176471, 
    311.1388888888889, 
    328.89473684210526, 
    308.3, 
    316.5952380952381, 
    313.8863636363636, 
    314.30434782608694, 
    284.75, 
    316.82000000000005, 
    290.4423076923077, 
    318.25925925925924, 
    301.85714285714283, 
    301.63793103448273, 
    262.5833333333333
   ], 
   "number_of_vehicles": 5
  }
 ], 
 "vehicle_starting_positions": [
  "Amsterdam", 
  "Rotterdam", 
  "Den Haag", 
  "Utrecht", 
  "Eindhoven", 
  "Almere", 
  "Groningen", 
  "Nijmegen", 
  "Breda", 
  "Apeldoorn"
 ], 
 "task_distribution": {
  "distance_matrix": [
   [
    0, 
    90.6, 
    65.2, 
    45.6, 
    137.5, 
    31.9, 
    185.9, 
    132, 
    119.1, 
    90.2
   ], 
   [
    90.6, 
    0, 
    25.4, 
    62.3, 
    110.8, 
    105.6, 
    259.6, 
    112, 
    48.6, 
    129.3
   ], 
   [
    65.2, 
    25.4, 
    0, 
    87.7, 
    136.2, 
    97.1, 
    251.1, 
    137.4, 
    74, 
    154.7
   ], 
   [
    45.6, 
    62.3, 
    87.7, 
    0, 
    91.9, 
    43.3, 
    197.3, 
    86.4, 
    73.5, 
    67
   ], 
   [
    137.5, 
    110.8, 
    136.2, 
    91.9, 
    0, 
    135.2, 
    268.3, 
    70.2, 
    62.2, 
    127.3
   ], 
   [
    31.9, 
    105.6, 
    97.1, 
    43.3, 
    135.2, 
    0, 
    154, 
    129.7, 
    116.8, 
    80.1
   ], 
   [
    185.9, 
    259.6, 
    251.1, 
    197.3, 
    268.3, 
    154, 
    0, 
    198.1, 
    270.8, 
    141
   ], 
   [
    132, 
    112, 
    137.4, 
    86.4, 
    70.2, 
    129.7, 
    198.1, 
    0, 
    96.2, 
    57.1
   ], 
   [
    119.1, 
    48.6, 
    74, 
    73.5, 
    62.2, 
    116.8, 
    270.8, 
    96.2, 
    0, 
    140.5
   ], 
   [
    90.2, 
    129.3, 
    154.7, 
    67, 
    127.3, 
    80.1, 
    141, 
    57.1, 
    140.5, 
    0
   ]
  ], 
  "weight_matrix": [
   [
    0, 
    3, 
    3, 
    3, 
    3, 
    3, 
    3, 
    3, 
    3, 
    3
   ], 
   [
    3, 
    0, 
    3, 
    3, 
    3, 
    3, 
    3, 
    3, 
    3, 
    3
   ], 
   [
    3, 
    3, 
    0, 
    3, 
    3, 
    3, 
    3, 
    3, 
    3, 
    3
   ], 
   [
    3, 
    3, 
    3, 
    0, 
    3, 
    3, 
    3, 
    3, 
    3, 
    3
   ], 
   [
    3, 
    3, 
    3, 
    3, 
    0, 
    3, 
    3, 
    3, 
    3, 
    3
   ], 
   [
    3, 
    3, 
    3, 
    3, 
    3, 
    0, 
    3, 
    3, 
    3, 
    3
   ], 
   [
    3, 
    3, 
    3, 
    3, 
    3, 
    3, 
    0, 
    3, 
    3, 
    3
   ], 
   [
    3, 
    3, 
    3, 
    3, 
    3, 
    3, 
    3, 
    0, 
    3, 
    3
   ], 
   [
    3, 
    3, 
    3, 
    3, 
    3, 
    3, 
    3, 
    3, 
    0, 
    3
   ], 
   [
    3, 
    3, 
    3, 
    3, 
    3, 
    3, 
    3, 
    3, 
    3, 
    0
   ]
  ], 
  "city_names": [
   "Amsterdam", 
   "Rotterdam", 
   "Den Haag", 
   "Utrecht", 
   "Eindhoven", 
   "Almere", 
   "Groningen", 
   "Nijmegen", 
   "Breda", 
   "Apeldoorn"
  ], 
  "reward_matrix": [
   [
    0, 
    73456, 
    83796, 
    91775, 
    54364, 
    97352, 
    34661, 
    56603, 
    61855, 
    73619
   ], 
   [
    73456, 
    0, 
    99999, 
    84977, 
    65233, 
    67350, 
    4659, 
    64745, 
    90554, 
    57702
   ], 
   [
    83796, 
    99999, 
    0, 
    74637, 
    54893, 
    70810, 
    8119, 
    54405, 
    80214, 
    47362
   ], 
   [
    91775, 
    84977, 
    74637, 
    0, 
    72927, 
    92712, 
    30020, 
    75166, 
    80418, 
    83064
   ], 
   [
    54364, 
    65233, 
    54893, 
    72927, 
    0, 
    55300, 
    1117, 
    81761, 
    85018, 
    58516
   ], 
   [
    97352, 
    67350, 
    70810, 
    92712, 
    55300, 
    0, 
    47647, 
    57539, 
    62791, 
    77731
   ], 
   [
    34661, 
    4659, 
    8119, 
    30020, 
    1117, 
    47647, 
    0, 
    29695, 
    100, 
    52939
   ], 
   [
    56603, 
    64745, 
    54405, 
    75166, 
    81761, 
    57539, 
    29695, 
    0, 
    71177, 
    87094
   ], 
   [
    61855, 
    90554, 
    80214, 
    80418, 
    85018, 
    62791, 
    100, 
    71177, 
    0, 
    53143
   ], 
   [
    73619, 
    57702, 
    47362, 
    83064, 
    58516, 
    77731, 
    52939, 
    87094, 
    53143, 
    0
   ]
  ], 
  "probability_matrix": [
   [
    0, 
    0.24574247951577138, 
    0.0586477810764548, 
    0.12207654144008699, 
    0.1739653386208574, 
    0.014475877678517123, 
    0.18213680869756688, 
    0.12064087477923591, 
    0.030175934275181143, 
    0.052138363916328145
   ], 
   [
    0.053642517037877334, 
    0, 
    0.1764999500540369, 
    0.009795883278470963, 
    0.16869214897042564, 
    0.1803360887068788, 
    0.13668968791606456, 
    0.02552098410003174, 
    0.16578509524157692, 
    0.0830376446946371
   ], 
   [
    0.15514357797937742, 
    0.1260468560886434, 
    0, 
    0.012760119371387907, 
    0.14911744839699909, 
    0.09167863185249482, 
    0.1276111686616287, 
    0.12983536585128636, 
    0.09497393423010408, 
    0.11283289756807839
   ], 
   [
    0.19265966271394738, 
    0.10296276361622378, 
    0.014101372217503965, 
    0, 
    0.16245450362985062, 
    0.13599962526952952, 
    0.1551511844720281, 
    0.03441023159829455, 
    0.11141906295706834, 
    0.09084159352555367
   ], 
   [
    0.1378739541680875, 
    0.041557892389602225, 
    0.035442782797371064, 
    0.04946398338144105, 
    0, 
    0.10372098889131848, 
    0.23099435886971442, 
    0.23716368221153267, 
    0.07662624238573253, 
    0.0871561149052
   ], 
   [
    0.1741856096133783, 
    0.11758411636999365, 
    0.1367121154765364, 
    0.06270200659464323, 
    0.202352688223388, 
    0, 
    0.09911421392573884, 
    0.026931966462297622, 
    0.11405328165851278, 
    0.06636400167551099
   ], 
   [
    0.021936059653926178, 
    0.2048693177687344, 
    0.14112380911083747, 
    0.12546347123033086, 
    0.11678411615645787, 
    0.027683847634472233, 
    0, 
    0.16976320795036604, 
    0.0004390817403403709, 
    0.19193708875453452
   ], 
   [
    0.004227006511126899, 
    0.10883425152764155, 
    0.14223598751837818, 
    0.13418868124806618, 
    0.13560237034190367, 
    0.14423444101762034, 
    0.01318799815030994, 
    0, 
    0.2336559558388804, 
    0.08383330784607274
   ], 
   [
    0.0769671886228918, 
    0.051995164251159826, 
    0.21434230129884538, 
    0.1025840005519309, 
    0.0035970996345180005, 
    0.1345984882171942, 
    0.17866586517150648, 
    0.054578938255318905, 
    0, 
    0.18267095399663438
   ], 
   [
    0.11463013594807693, 
    0.037185608501756506, 
    0.14556864746117745, 
    0.05577663596454258, 
    0.20496296890625038, 
    0.07053863937594838, 
    0.10954645969245172, 
    0.13309488311446496, 
    0.1286960210353312, 
    0
   ]
  ]
 }, 
 "vehicle_capacities": [
  5, 
  10, 
  10, 
  15, 
  15, 
  30, 
  30, 
  30, 
  30, 
  30
 ]
}