{
 "vehicle_cost_per_km": [
  5, 
  5, 
  5, 
  5, 
  5
 ], 
 "runs": [
  {
   "avg_task_cost_vs_number_of_task": [
    560, 
    585.25, 
    432.5, 
    500.625, 
    462.8, 
    506.75, 
    487, 
    472.375, 
    436.2777777777777, 
    400.05, 
    434.8181818181818, 
    399.625, 
    375.2307692307692, 
    345.03571428571433, 
    334.3333333333333, 
    326.3125, 
    332.52941176470586, 
    321.5, 
    326.2105263157894, 
    339.87500000000006, 
    302.19047619047615, 
    302.15909090909093, 
    325.4347826086956, 
    315.3541666666667, 
    337.04, 
    312.9807692307692, 
    330.75925925925924, 
    314.48214285714283, 
    294.5, 
    326.05
   ], 
   "number_of_vehicles": 3
  }
 ], 
 "vehicle_starting_positions": [
  "Amsterdam", 
  "Rotterdam", 
  "Den Haag", 
  "Utrecht", 
  "Eindhoven", 
  "Almere", 
  "Groningen", 
  "Nijmegen", 
  "Breda", 
  "Apeldoorn"
 ], 
 "task_distribution": {
  "distance_matrix": [
   [
    0, 
    90.6, 
    65.2, 
    45.6, 
    137.5, 
    31.9, 
    185.9, 
    132, 
    119.1, 
    90.2
   ], 
   [
    90.6, 
    0, 
    25.4, 
    62.3, 
    110.8, 
    105.6, 
    259.6, 
    112, 
    48.6, 
    129.3
   ], 
   [
    65.2, 
    25.4, 
    0, 
    87.7, 
    136.2, 
    97.1, 
    251.1, 
    137.4, 
    74, 
    154.7
   ], 
   [
    45.6, 
    62.3, 
    87.7, 
    0, 
    91.9, 
    43.3, 
    197.3, 
    86.4, 
    73.5, 
    67
   ], 
   [
    137.5, 
    110.8, 
    136.2, 
    91.9, 
    0, 
    135.2, 
    268.3, 
    70.2, 
    62.2, 
    127.3
   ], 
   [
    31.9, 
    105.6, 
    97.1, 
    43.3, 
    135.2, 
    0, 
    154, 
    129.7, 
    116.8, 
    80.1
   ], 
   [
    185.9, 
    259.6, 
    251.1, 
    197.3, 
    268.3, 
    154, 
    0, 
    198.1, 
    270.8, 
    141
   ], 
   [
    132, 
    112, 
    137.4, 
    86.4, 
    70.2, 
    129.7, 
    198.1, 
    0, 
    96.2, 
    57.1
   ], 
   [
    119.1, 
    48.6, 
    74, 
    73.5, 
    62.2, 
    116.8, 
    270.8, 
    96.2, 
    0, 
    140.5
   ], 
   [
    90.2, 
    129.3, 
    154.7, 
    67, 
    127.3, 
    80.1, 
    141, 
    57.1, 
    140.5, 
    0
   ]
  ], 
  "weight_matrix": [
   [
    0, 
    3, 
    3, 
    3, 
    3, 
    3, 
    3, 
    3, 
    3, 
    3
   ], 
   [
    3, 
    0, 
    3, 
    3, 
    3, 
    3, 
    3, 
    3, 
    3, 
    3
   ], 
   [
    3, 
    3, 
    0, 
    3, 
    3, 
    3, 
    3, 
    3, 
    3, 
    3
   ], 
   [
    3, 
    3, 
    3, 
    0, 
    3, 
    3, 
    3, 
    3, 
    3, 
    3
   ], 
   [
    3, 
    3, 
    3, 
    3, 
    0, 
    3, 
    3, 
    3, 
    3, 
    3
   ], 
   [
    3, 
    3, 
    3, 
    3, 
    3, 
    0, 
    3, 
    3, 
    3, 
    3
   ], 
   [
    3, 
    3, 
    3, 
    3, 
    3, 
    3, 
    0, 
    3, 
    3, 
    3
   ], 
   [
    3, 
    3, 
    3, 
    3, 
    3, 
    3, 
    3, 
    0, 
    3, 
    3
   ], 
   [
    3, 
    3, 
    3, 
    3, 
    3, 
    3, 
    3, 
    3, 
    0, 
    3
   ], 
   [
    3, 
    3, 
    3, 
    3, 
    3, 
    3, 
    3, 
    3, 
    3, 
    0
   ]
  ], 
  "city_names": [
   "Amsterdam", 
   "Rotterdam", 
   "Den Haag", 
   "Utrecht", 
   "Eindhoven", 
   "Almere", 
   "Groningen", 
   "Nijmegen", 
   "Breda", 
   "Apeldoorn"
  ], 
  "reward_matrix": [
   [
    0, 
    73456, 
    83796, 
    91775, 
    54364, 
    97352, 
    34661, 
    56603, 
    61855, 
    73619
   ], 
   [
    73456, 
    0, 
    99999, 
    84977, 
    65233, 
    67350, 
    4659, 
    64745, 
    90554, 
    57702
   ], 
   [
    83796, 
    99999, 
    0, 
    74637, 
    54893, 
    70810, 
    8119, 
    54405, 
    80214, 
    47362
   ], 
   [
    91775, 
    84977, 
    74637, 
    0, 
    72927, 
    92712, 
    30020, 
    75166, 
    80418, 
    83064
   ], 
   [
    54364, 
    65233, 
    54893, 
    72927, 
    0, 
    55300, 
    1117, 
    81761, 
    85018, 
    58516
   ], 
   [
    97352, 
    67350, 
    70810, 
    92712, 
    55300, 
    0, 
    47647, 
    57539, 
    62791, 
    77731
   ], 
   [
    34661, 
    4659, 
    8119, 
    30020, 
    1117, 
    47647, 
    0, 
    29695, 
    100, 
    52939
   ], 
   [
    56603, 
    64745, 
    54405, 
    75166, 
    81761, 
    57539, 
    29695, 
    0, 
    71177, 
    87094
   ], 
   [
    61855, 
    90554, 
    80214, 
    80418, 
    85018, 
    62791, 
    100, 
    71177, 
    0, 
    53143
   ], 
   [
    73619, 
    57702, 
    47362, 
    83064, 
    58516, 
    77731, 
    52939, 
    87094, 
    53143, 
    0
   ]
  ], 
  "probability_matrix": [
   [
    0, 
    0.016999355315469096, 
    0.017236425373126446, 
    0.15466087411800825, 
    0.04082406408875408, 
    0.20304052619264543, 
    0.1653008640974051, 
    0.17592709727869335, 
    0.06841770639482617, 
    0.15759308714107217
   ], 
   [
    0.24610933625277964, 
    0, 
    0.221442807817235, 
    0.19092561819587925, 
    0.027371084602867638, 
    0.029686787818223457, 
    0.022928040190038378, 
    0.03860055261555613, 
    0.15510070791998531, 
    0.0678350645874353
   ], 
   [
    0.07357891072377115, 
    0.018471308252957157, 
    0, 
    0.12952912449928822, 
    0.2299810954557784, 
    0.08782985475007499, 
    0.044388912045846135, 
    0.02641223496547259, 
    0.16630416474466497, 
    0.22350439456214646
   ], 
   [
    0.18737499720324485, 
    0.12501365058201522, 
    0.19176998357189404, 
    0, 
    0.10473591326018637, 
    0.00036463939222860646, 
    0.056131830354414006, 
    0.10077517653791614, 
    0.030171644657622478, 
    0.2036621644404784
   ], 
   [
    0.02540811659843264, 
    0.20226356549338653, 
    0.053938237045644294, 
    0.15646346559982371, 
    0, 
    0.010788260646803856, 
    0.22037622212951935, 
    0.17903242998370414, 
    0.12862022613574264, 
    0.023109476366942917
   ], 
   [
    0.2520532295265713, 
    0.021508103733545683, 
    0.0517261161333063, 
    0.17718349874957723, 
    0.1752990869263157, 
    0, 
    0.0615092645749697, 
    0.03864988602557542, 
    0.0008390779701458936, 
    0.22123173635999258
   ], 
   [
    0.08773579358841505, 
    0.007075046642097084, 
    0.20660558061164877, 
    0.17180976943139792, 
    0.15892514716225223, 
    0.15716040399472497, 
    0, 
    0.019984558477314642, 
    0.021300077674948438, 
    0.16940362241720086
   ], 
   [
    0.1391083648235174, 
    0.024032482050451463, 
    0.16222739098248348, 
    0.1221030808249497, 
    0.08206294182430446, 
    0.08885833399355345, 
    0.20088865938745404, 
    0, 
    0.0923340978779522, 
    0.0883846482353338
   ], 
   [
    0.059895626080539624, 
    0.1704716167465493, 
    0.013127087048217766, 
    0.08178878465537107, 
    0.12576609919255632, 
    0.1006045305949993, 
    0.10048652410785443, 
    0.14104269271618533, 
    0, 
    0.206817038857727
   ], 
   [
    0.09911752292332682, 
    0.05679812560606291, 
    0.06456565084793689, 
    0.3405308796873281, 
    0.11959545791211894, 
    0.04929571024564929, 
    0.12619797895461116, 
    0.021158674888674914, 
    0.1227399989342909, 
    0
   ]
  ]
 }, 
 "vehicle_capacities": [
  10, 
  10, 
  10, 
  5, 
  20, 
  30, 
  30, 
  30, 
  30, 
  30
 ]
}