{
 "vehicle_cost_per_km": [
  5, 
  5, 
  5, 
  5, 
  5
 ], 
 "runs": [
  {
   "avg_task_cost_vs_number_of_task": [
    311, 
    1085, 
    911.1666666666666, 
    811, 
    658.7, 
    548.9166666666666, 
    515.1428571428571, 
    411.6875, 
    418.0555555555556, 
    374.30000000000007, 
    368.86363636363643, 
    383.9583333333333, 
    369.03846153846155, 
    376.8928571428572, 
    393.93333333333334, 
    325.3125, 
    287.47058823529414, 
    271.5, 
    290.8947368421052, 
    384.17499999999995, 
    259.2380952380953, 
    277.52272727272725, 
    275.6739130434783, 
    351.0416666666667, 
    277.54, 
    373.5961538461539, 
    283.6666666666667, 
    348.0357142857143, 
    259, 
    277.6666666666667
   ], 
   "number_of_vehicles": 5
  }
 ], 
 "vehicle_starting_positions": [
  "Amsterdam", 
  "Rotterdam", 
  "Den Haag", 
  "Utrecht", 
  "Eindhoven", 
  "Almere", 
  "Groningen", 
  "Nijmegen", 
  "Breda", 
  "Apeldoorn"
 ], 
 "task_distribution": {
  "distance_matrix": [
   [
    0, 
    90.6, 
    65.2, 
    45.6, 
    137.5, 
    31.9, 
    185.9, 
    132, 
    119.1, 
    90.2
   ], 
   [
    90.6, 
    0, 
    25.4, 
    62.3, 
    110.8, 
    105.6, 
    259.6, 
    112, 
    48.6, 
    129.3
   ], 
   [
    65.2, 
    25.4, 
    0, 
    87.7, 
    136.2, 
    97.1, 
    251.1, 
    137.4, 
    74, 
    154.7
   ], 
   [
    45.6, 
    62.3, 
    87.7, 
    0, 
    91.9, 
    43.3, 
    197.3, 
    86.4, 
    73.5, 
    67
   ], 
   [
    137.5, 
    110.8, 
    136.2, 
    91.9, 
    0, 
    135.2, 
    268.3, 
    70.2, 
    62.2, 
    127.3
   ], 
   [
    31.9, 
    105.6, 
    97.1, 
    43.3, 
    135.2, 
    0, 
    154, 
    129.7, 
    116.8, 
    80.1
   ], 
   [
    185.9, 
    259.6, 
    251.1, 
    197.3, 
    268.3, 
    154, 
    0, 
    198.1, 
    270.8, 
    141
   ], 
   [
    132, 
    112, 
    137.4, 
    86.4, 
    70.2, 
    129.7, 
    198.1, 
    0, 
    96.2, 
    57.1
   ], 
   [
    119.1, 
    48.6, 
    74, 
    73.5, 
    62.2, 
    116.8, 
    270.8, 
    96.2, 
    0, 
    140.5
   ], 
   [
    90.2, 
    129.3, 
    154.7, 
    67, 
    127.3, 
    80.1, 
    141, 
    57.1, 
    140.5, 
    0
   ]
  ], 
  "weight_matrix": [
   [
    0, 
    3, 
    3, 
    3, 
    3, 
    3, 
    3, 
    3, 
    3, 
    3
   ], 
   [
    3, 
    0, 
    3, 
    3, 
    3, 
    3, 
    3, 
    3, 
    3, 
    3
   ], 
   [
    3, 
    3, 
    0, 
    3, 
    3, 
    3, 
    3, 
    3, 
    3, 
    3
   ], 
   [
    3, 
    3, 
    3, 
    0, 
    3, 
    3, 
    3, 
    3, 
    3, 
    3
   ], 
   [
    3, 
    3, 
    3, 
    3, 
    0, 
    3, 
    3, 
    3, 
    3, 
    3
   ], 
   [
    3, 
    3, 
    3, 
    3, 
    3, 
    0, 
    3, 
    3, 
    3, 
    3
   ], 
   [
    3, 
    3, 
    3, 
    3, 
    3, 
    3, 
    0, 
    3, 
    3, 
    3
   ], 
   [
    3, 
    3, 
    3, 
    3, 
    3, 
    3, 
    3, 
    0, 
    3, 
    3
   ], 
   [
    3, 
    3, 
    3, 
    3, 
    3, 
    3, 
    3, 
    3, 
    0, 
    3
   ], 
   [
    3, 
    3, 
    3, 
    3, 
    3, 
    3, 
    3, 
    3, 
    3, 
    0
   ]
  ], 
  "city_names": [
   "Amsterdam", 
   "Rotterdam", 
   "Den Haag", 
   "Utrecht", 
   "Eindhoven", 
   "Almere", 
   "Groningen", 
   "Nijmegen", 
   "Breda", 
   "Apeldoorn"
  ], 
  "reward_matrix": [
   [
    0, 
    73456, 
    83796, 
    91775, 
    54364, 
    97352, 
    34661, 
    56603, 
    61855, 
    73619
   ], 
   [
    73456, 
    0, 
    99999, 
    84977, 
    65233, 
    67350, 
    4659, 
    64745, 
    90554, 
    57702
   ], 
   [
    83796, 
    99999, 
    0, 
    74637, 
    54893, 
    70810, 
    8119, 
    54405, 
    80214, 
    47362
   ], 
   [
    91775, 
    84977, 
    74637, 
    0, 
    72927, 
    92712, 
    30020, 
    75166, 
    80418, 
    83064
   ], 
   [
    54364, 
    65233, 
    54893, 
    72927, 
    0, 
    55300, 
    1117, 
    81761, 
    85018, 
    58516
   ], 
   [
    97352, 
    67350, 
    70810, 
    92712, 
    55300, 
    0, 
    47647, 
    57539, 
    62791, 
    77731
   ], 
   [
    34661, 
    4659, 
    8119, 
    30020, 
    1117, 
    47647, 
    0, 
    29695, 
    100, 
    52939
   ], 
   [
    56603, 
    64745, 
    54405, 
    75166, 
    81761, 
    57539, 
    29695, 
    0, 
    71177, 
    87094
   ], 
   [
    61855, 
    90554, 
    80214, 
    80418, 
    85018, 
    62791, 
    100, 
    71177, 
    0, 
    53143
   ], 
   [
    73619, 
    57702, 
    47362, 
    83064, 
    58516, 
    77731, 
    52939, 
    87094, 
    53143, 
    0
   ]
  ], 
  "probability_matrix": [
   [
    0, 
    0.0823670723041232, 
    0.11865688684966463, 
    0.021596752598014312, 
    0.02840747869359666, 
    0.17718606169251144, 
    0.20402474565154946, 
    0.07915726423723736, 
    0.09499930774458756, 
    0.1936044302287154
   ], 
   [
    0.2240420794797468, 
    0, 
    0.07927705690801942, 
    0.03473764256461697, 
    0.08304689941553167, 
    0.005242093389058304, 
    0.16649796764811967, 
    0.1966277587415317, 
    0.05800486213124099, 
    0.1525236397221345
   ], 
   [
    0.16399290701970476, 
    0.14822908893084352, 
    0, 
    0.15161624386984363, 
    0.08707962590106604, 
    0.15277709032922365, 
    0.02520115327130611, 
    0.15915984184328952, 
    0.030402428004028093, 
    0.08154162083069465
   ], 
   [
    0.14021852019287226, 
    0.13269249381052103, 
    0.14230474042000646, 
    0, 
    0.138712094224953, 
    0.11683097397159455, 
    0.038000183857449764, 
    0.12739646198904406, 
    0.11990673641235357, 
    0.04393779512120526
   ], 
   [
    0.05347368185937208, 
    0.01529182414934277, 
    0.1644013031763394, 
    0.1651461775852293, 
    0, 
    0.132312275441225, 
    0.12379067369775167, 
    0.1662760279973178, 
    0.09779827200058039, 
    0.08150976409284169
   ], 
   [
    0.144800071631497, 
    0.05657252655014785, 
    0.21420908475191372, 
    0.07615563445261392, 
    0.21564595680170892, 
    0, 
    0.00295870911142712, 
    0.19893442348219753, 
    0.05853787016342636, 
    0.0321857230550676
   ], 
   [
    0.14509355351707176, 
    0.06725794678237092, 
    0.13663279665019237, 
    0.011051487667129913, 
    0.130797967989259, 
    0.09851510743661812, 
    0, 
    0.15953672266053232, 
    0.09187468265859944, 
    0.1592397346382262
   ], 
   [
    0.032100137495246255, 
    0.14969973787751625, 
    0.16552082857275882, 
    0.1377204618996433, 
    0.009205816394512666, 
    0.09942290224603241, 
    0.17034716660829682, 
    0, 
    0.05169197971031335, 
    0.18429096919568017
   ], 
   [
    0.01257625268495894, 
    0.19287189821322648, 
    0.1291105802004821, 
    0.03930894064521972, 
    0.19420286464511186, 
    0.05429378973514734, 
    0.020016888640241055, 
    0.19468443749442987, 
    0, 
    0.1629343477411827
   ], 
   [
    0.07243890347675475, 
    0.18281995789969044, 
    0.0031467633987583713, 
    0.03608216929746861, 
    0.16540891839490166, 
    0.15937023171821368, 
    0.17126611464893585, 
    0.12310497487638582, 
    0.08636196628889076, 
    0
   ]
  ]
 }, 
 "vehicle_capacities": [
  15, 
  15, 
  25, 
  25, 
  25, 
  30, 
  30, 
  30, 
  30, 
  30
 ]
}