{
 "vehicle_cost_per_km": [
  5, 
  5, 
  5, 
  5, 
  5
 ], 
 "runs": [
  {
   "avg_task_cost_vs_number_of_task": [
    646.5, 
    1352.75, 
    1114.6666666666667, 
    861.8750000000001, 
    681.6, 
    605.3333333333334, 
    518.8571428571429, 
    485.56250000000006, 
    553.1666666666666, 
    523.6, 
    403.409090909091, 
    377.6666666666667, 
    360.46153846153845, 
    420.75, 
    387.3, 
    363.09375, 
    331.4117647058824, 
    331.1388888888889, 
    307.6842105263158, 
    317.275, 
    251.35714285714286, 
    298.3863636363636, 
    314.3478260869565, 
    269.66666666666663, 
    265.44, 
    266.44230769230774, 
    253.4814814814815, 
    257.64285714285717, 
    266.31034482758616, 
    241.5
   ], 
   "number_of_vehicles": 5
  }
 ], 
 "vehicle_starting_positions": [
  "Amsterdam", 
  "Rotterdam", 
  "Den Haag", 
  "Utrecht", 
  "Eindhoven", 
  "Almere", 
  "Groningen", 
  "Nijmegen", 
  "Breda", 
  "Apeldoorn"
 ], 
 "task_distribution": {
  "distance_matrix": [
   [
    0, 
    90.6, 
    65.2, 
    45.6, 
    137.5, 
    31.9, 
    185.9, 
    132, 
    119.1, 
    90.2
   ], 
   [
    90.6, 
    0, 
    25.4, 
    62.3, 
    110.8, 
    105.6, 
    259.6, 
    112, 
    48.6, 
    129.3
   ], 
   [
    65.2, 
    25.4, 
    0, 
    87.7, 
    136.2, 
    97.1, 
    251.1, 
    137.4, 
    74, 
    154.7
   ], 
   [
    45.6, 
    62.3, 
    87.7, 
    0, 
    91.9, 
    43.3, 
    197.3, 
    86.4, 
    73.5, 
    67
   ], 
   [
    137.5, 
    110.8, 
    136.2, 
    91.9, 
    0, 
    135.2, 
    268.3, 
    70.2, 
    62.2, 
    127.3
   ], 
   [
    31.9, 
    105.6, 
    97.1, 
    43.3, 
    135.2, 
    0, 
    154, 
    129.7, 
    116.8, 
    80.1
   ], 
   [
    185.9, 
    259.6, 
    251.1, 
    197.3, 
    268.3, 
    154, 
    0, 
    198.1, 
    270.8, 
    141
   ], 
   [
    132, 
    112, 
    137.4, 
    86.4, 
    70.2, 
    129.7, 
    198.1, 
    0, 
    96.2, 
    57.1
   ], 
   [
    119.1, 
    48.6, 
    74, 
    73.5, 
    62.2, 
    116.8, 
    270.8, 
    96.2, 
    0, 
    140.5
   ], 
   [
    90.2, 
    129.3, 
    154.7, 
    67, 
    127.3, 
    80.1, 
    141, 
    57.1, 
    140.5, 
    0
   ]
  ], 
  "weight_matrix": [
   [
    0, 
    3, 
    3, 
    3, 
    3, 
    3, 
    3, 
    3, 
    3, 
    3
   ], 
   [
    3, 
    0, 
    3, 
    3, 
    3, 
    3, 
    3, 
    3, 
    3, 
    3
   ], 
   [
    3, 
    3, 
    0, 
    3, 
    3, 
    3, 
    3, 
    3, 
    3, 
    3
   ], 
   [
    3, 
    3, 
    3, 
    0, 
    3, 
    3, 
    3, 
    3, 
    3, 
    3
   ], 
   [
    3, 
    3, 
    3, 
    3, 
    0, 
    3, 
    3, 
    3, 
    3, 
    3
   ], 
   [
    3, 
    3, 
    3, 
    3, 
    3, 
    0, 
    3, 
    3, 
    3, 
    3
   ], 
   [
    3, 
    3, 
    3, 
    3, 
    3, 
    3, 
    0, 
    3, 
    3, 
    3
   ], 
   [
    3, 
    3, 
    3, 
    3, 
    3, 
    3, 
    3, 
    0, 
    3, 
    3
   ], 
   [
    3, 
    3, 
    3, 
    3, 
    3, 
    3, 
    3, 
    3, 
    0, 
    3
   ], 
   [
    3, 
    3, 
    3, 
    3, 
    3, 
    3, 
    3, 
    3, 
    3, 
    0
   ]
  ], 
  "city_names": [
   "Amsterdam", 
   "Rotterdam", 
   "Den Haag", 
   "Utrecht", 
   "Eindhoven", 
   "Almere", 
   "Groningen", 
   "Nijmegen", 
   "Breda", 
   "Apeldoorn"
  ], 
  "reward_matrix": [
   [
    0, 
    73456, 
    83796, 
    91775, 
    54364, 
    97352, 
    34661, 
    56603, 
    61855, 
    73619
   ], 
   [
    73456, 
    0, 
    99999, 
    84977, 
    65233, 
    67350, 
    4659, 
    64745, 
    90554, 
    57702
   ], 
   [
    83796, 
    99999, 
    0, 
    74637, 
    54893, 
    70810, 
    8119, 
    54405, 
    80214, 
    47362
   ], 
   [
    91775, 
    84977, 
    74637, 
    0, 
    72927, 
    92712, 
    30020, 
    75166, 
    80418, 
    83064
   ], 
   [
    54364, 
    65233, 
    54893, 
    72927, 
    0, 
    55300, 
    1117, 
    81761, 
    85018, 
    58516
   ], 
   [
    97352, 
    67350, 
    70810, 
    92712, 
    55300, 
    0, 
    47647, 
    57539, 
    62791, 
    77731
   ], 
   [
    34661, 
    4659, 
    8119, 
    30020, 
    1117, 
    47647, 
    0, 
    29695, 
    100, 
    52939
   ], 
   [
    56603, 
    64745, 
    54405, 
    75166, 
    81761, 
    57539, 
    29695, 
    0, 
    71177, 
    87094
   ], 
   [
    61855, 
    90554, 
    80214, 
    80418, 
    85018, 
    62791, 
    100, 
    71177, 
    0, 
    53143
   ], 
   [
    73619, 
    57702, 
    47362, 
    83064, 
    58516, 
    77731, 
    52939, 
    87094, 
    53143, 
    0
   ]
  ], 
  "probability_matrix": [
   [
    0, 
    0.03349949560667012, 
    0.05890600736397281, 
    0.02206291338160613, 
    0.17567874117811674, 
    0.24343273548021002, 
    0.13144904641907956, 
    0.233095238470376, 
    0.06434004070848964, 
    0.03753578139147902
   ], 
   [
    0.10869075975995131, 
    0, 
    0.0942689574772136, 
    0.07096701448256512, 
    0.1013869008216705, 
    0.17326668028228945, 
    0.12098233056708554, 
    0.14590191893183138, 
    0.14656580304089303, 
    0.037969634636499994
   ], 
   [
    0.023623305461850836, 
    0.18224216340685387, 
    0, 
    0.035270479406889675, 
    0.08423342769873508, 
    0.050247577550084487, 
    0.02157971708501301, 
    0.16239430379458236, 
    0.214956238784748, 
    0.22545278681124278
   ], 
   [
    0.0880770479994593, 
    0.1959890429143602, 
    0.00779246063793219, 
    0, 
    0.12166413843361279, 
    0.16378693052573043, 
    0.16730419088111317, 
    0.09712573778748446, 
    0.004196063559462785, 
    0.15406438726084448
   ], 
   [
    0.00028360405035819197, 
    0.07506440401161563, 
    0.37276063982878926, 
    0.08880112523361662, 
    0, 
    0.06305804234237951, 
    0.08653039499765898, 
    0.03517141709914399, 
    0.12418877982106231, 
    0.1541415926153756
   ], 
   [
    0.1941467991486111, 
    0.06935938855819107, 
    0.09705579322978912, 
    0.10002035920610007, 
    0.05835241200335612, 
    0, 
    0.0738829956714519, 
    0.1969518165291295, 
    0.04038271747870728, 
    0.16984771817466393
   ], 
   [
    0.053087643350983, 
    0.008990428889492433, 
    0.01958741427508998, 
    0.23356346598575772, 
    0.20360347066605144, 
    0.20992746335533458, 
    0, 
    0.10543890091872658, 
    0.07358655815369892, 
    0.09221465440486534
   ], 
   [
    0.027360290116337047, 
    0.03393728869348211, 
    0.12613174085632858, 
    0.14405703620209848, 
    0.105546706507416, 
    0.07604253225918095, 
    0.2521964302152313, 
    0, 
    0.1959126437112924, 
    0.038815331438633124
   ], 
   [
    0.07127028293914706, 
    0.03199639712074367, 
    0.09424613979731312, 
    0.00023754545920973545, 
    0.18738437407143468, 
    0.14618331748211846, 
    0.1132221537091, 
    0.22801324984872065, 
    0, 
    0.12744653957221272
   ], 
   [
    0.06419981497644596, 
    0.0017286976359109953, 
    0.14022580941705065, 
    0.16762549232129828, 
    0.15924851186621602, 
    0.13661955025346947, 
    0.042232434387168734, 
    0.15278069109039957, 
    0.1353389980520403, 
    0
   ]
  ]
 }, 
 "vehicle_capacities": [
  5, 
  5, 
  10, 
  20, 
  30, 
  30, 
  30, 
  30, 
  30, 
  30
 ]
}