{
 "vehicle_cost_per_km": [
  5, 
  5, 
  5, 
  5, 
  5
 ], 
 "runs": [
  {
   "avg_task_cost_vs_number_of_task": [
    453, 
    691.25, 
    680.8333333333334, 
    607, 
    485.6, 
    404.6666666666667, 
    373.35714285714283, 
    356.875, 
    325, 
    385.45, 
    340.5, 
    329.8333333333333, 
    296.5, 
    297.00000000000006, 
    309.4, 
    278, 
    273.3235294117647, 
    282, 
    266.5263157894737, 
    255.97500000000005, 
    256.5952380952381, 
    295.34090909090907, 
    257.39130434782606, 
    292.4583333333333, 
    263.5, 
    244.59615384615384, 
    252.1851851851852, 
    268.6785714285714, 
    274.41379310344826, 
    228.28333333333336
   ], 
   "number_of_vehicles": 5
  }
 ], 
 "vehicle_starting_positions": [
  "Amsterdam", 
  "Rotterdam", 
  "Den Haag", 
  "Utrecht", 
  "Eindhoven", 
  "Almere", 
  "Groningen", 
  "Nijmegen", 
  "Breda", 
  "Apeldoorn"
 ], 
 "task_distribution": {
  "distance_matrix": [
   [
    0, 
    90.6, 
    65.2, 
    45.6, 
    137.5, 
    31.9, 
    185.9, 
    132, 
    119.1, 
    90.2
   ], 
   [
    90.6, 
    0, 
    25.4, 
    62.3, 
    110.8, 
    105.6, 
    259.6, 
    112, 
    48.6, 
    129.3
   ], 
   [
    65.2, 
    25.4, 
    0, 
    87.7, 
    136.2, 
    97.1, 
    251.1, 
    137.4, 
    74, 
    154.7
   ], 
   [
    45.6, 
    62.3, 
    87.7, 
    0, 
    91.9, 
    43.3, 
    197.3, 
    86.4, 
    73.5, 
    67
   ], 
   [
    137.5, 
    110.8, 
    136.2, 
    91.9, 
    0, 
    135.2, 
    268.3, 
    70.2, 
    62.2, 
    127.3
   ], 
   [
    31.9, 
    105.6, 
    97.1, 
    43.3, 
    135.2, 
    0, 
    154, 
    129.7, 
    116.8, 
    80.1
   ], 
   [
    185.9, 
    259.6, 
    251.1, 
    197.3, 
    268.3, 
    154, 
    0, 
    198.1, 
    270.8, 
    141
   ], 
   [
    132, 
    112, 
    137.4, 
    86.4, 
    70.2, 
    129.7, 
    198.1, 
    0, 
    96.2, 
    57.1
   ], 
   [
    119.1, 
    48.6, 
    74, 
    73.5, 
    62.2, 
    116.8, 
    270.8, 
    96.2, 
    0, 
    140.5
   ], 
   [
    90.2, 
    129.3, 
    154.7, 
    67, 
    127.3, 
    80.1, 
    141, 
    57.1, 
    140.5, 
    0
   ]
  ], 
  "weight_matrix": [
   [
    0, 
    3, 
    3, 
    3, 
    3, 
    3, 
    3, 
    3, 
    3, 
    3
   ], 
   [
    3, 
    0, 
    3, 
    3, 
    3, 
    3, 
    3, 
    3, 
    3, 
    3
   ], 
   [
    3, 
    3, 
    0, 
    3, 
    3, 
    3, 
    3, 
    3, 
    3, 
    3
   ], 
   [
    3, 
    3, 
    3, 
    0, 
    3, 
    3, 
    3, 
    3, 
    3, 
    3
   ], 
   [
    3, 
    3, 
    3, 
    3, 
    0, 
    3, 
    3, 
    3, 
    3, 
    3
   ], 
   [
    3, 
    3, 
    3, 
    3, 
    3, 
    0, 
    3, 
    3, 
    3, 
    3
   ], 
   [
    3, 
    3, 
    3, 
    3, 
    3, 
    3, 
    0, 
    3, 
    3, 
    3
   ], 
   [
    3, 
    3, 
    3, 
    3, 
    3, 
    3, 
    3, 
    0, 
    3, 
    3
   ], 
   [
    3, 
    3, 
    3, 
    3, 
    3, 
    3, 
    3, 
    3, 
    0, 
    3
   ], 
   [
    3, 
    3, 
    3, 
    3, 
    3, 
    3, 
    3, 
    3, 
    3, 
    0
   ]
  ], 
  "city_names": [
   "Amsterdam", 
   "Rotterdam", 
   "Den Haag", 
   "Utrecht", 
   "Eindhoven", 
   "Almere", 
   "Groningen", 
   "Nijmegen", 
   "Breda", 
   "Apeldoorn"
  ], 
  "reward_matrix": [
   [
    0, 
    73456, 
    83796, 
    91775, 
    54364, 
    97352, 
    34661, 
    56603, 
    61855, 
    73619
   ], 
   [
    73456, 
    0, 
    99999, 
    84977, 
    65233, 
    67350, 
    4659, 
    64745, 
    90554, 
    57702
   ], 
   [
    83796, 
    99999, 
    0, 
    74637, 
    54893, 
    70810, 
    8119, 
    54405, 
    80214, 
    47362
   ], 
   [
    91775, 
    84977, 
    74637, 
    0, 
    72927, 
    92712, 
    30020, 
    75166, 
    80418, 
    83064
   ], 
   [
    54364, 
    65233, 
    54893, 
    72927, 
    0, 
    55300, 
    1117, 
    81761, 
    85018, 
    58516
   ], 
   [
    97352, 
    67350, 
    70810, 
    92712, 
    55300, 
    0, 
    47647, 
    57539, 
    62791, 
    77731
   ], 
   [
    34661, 
    4659, 
    8119, 
    30020, 
    1117, 
    47647, 
    0, 
    29695, 
    100, 
    52939
   ], 
   [
    56603, 
    64745, 
    54405, 
    75166, 
    81761, 
    57539, 
    29695, 
    0, 
    71177, 
    87094
   ], 
   [
    61855, 
    90554, 
    80214, 
    80418, 
    85018, 
    62791, 
    100, 
    71177, 
    0, 
    53143
   ], 
   [
    73619, 
    57702, 
    47362, 
    83064, 
    58516, 
    77731, 
    52939, 
    87094, 
    53143, 
    0
   ]
  ], 
  "probability_matrix": [
   [
    0, 
    0.14504037653804436, 
    0.12818910945453663, 
    0.11198015617829653, 
    0.011665276782307598, 
    0.04676310232640808, 
    0.20684756615899938, 
    0.17032746839491145, 
    0.001187070562997375, 
    0.17799987360349864
   ], 
   [
    0.12368767473228538, 
    0, 
    0.13043115430245714, 
    0.14314332610756075, 
    0.11130339783984618, 
    0.10297390762949339, 
    0.11053823736410875, 
    0.020781462971825686, 
    0.15206815066135967, 
    0.10507268839106305
   ], 
   [
    0.15388793163542172, 
    0.16347653070500195, 
    0, 
    0.14988617184320036, 
    0.1749872377404318, 
    0.10578556073553932, 
    0.05685826894135727, 
    0.09272701108146042, 
    0.031163097281790616, 
    0.07122819003579667
   ], 
   [
    0.0959782379800759, 
    0.22060004219781165, 
    0.13554438996160417, 
    0, 
    0.052301951555062946, 
    0.002986397078139484, 
    0.06725052257303654, 
    0.03469975257645235, 
    0.2194303918457201, 
    0.17120831423209676
   ], 
   [
    0.07814959509474065, 
    0.19490474122765258, 
    0.12922544148793896, 
    0.0015765395837778597, 
    0, 
    0.14714738425946566, 
    0.118813558521115, 
    0.058812804753768384, 
    0.18586726703743126, 
    0.08550266803410973
   ], 
   [
    0.1396133821832948, 
    0.029960412322884687, 
    0.06594298961996496, 
    0.10773972074097818, 
    0.1818539510626527, 
    0, 
    0.1540756643657366, 
    0.15077248250856318, 
    0.04481208586635993, 
    0.1252293113295649
   ], 
   [
    0.1843696560232022, 
    0.09636384147978684, 
    0.06999178280839358, 
    0.09411498443823002, 
    0.12299414251674998, 
    0.19503904261362723, 
    0, 
    0.06031922025872351, 
    0.0076092874160766134, 
    0.16919804244521
   ], 
   [
    0.10865987646040043, 
    0.07799613254628912, 
    0.13886557332909022, 
    0.16115041823849702, 
    0.11116511112125205, 
    0.1447467076998398, 
    0.12055452042573112, 
    0, 
    0.001079108036872231, 
    0.13578255214202783
   ], 
   [
    0.15469398965570805, 
    0.07809551653421214, 
    0.0032434333576302774, 
    0.0344587292686292, 
    0.14640753794310019, 
    0.10198284207409929, 
    0.17076476702505639, 
    0.1541305389771006, 
    0, 
    0.15622264516446382
   ], 
   [
    0.029216569077810783, 
    0.044899220533648414, 
    0.07703555842865321, 
    0.14967679855322635, 
    0.050280700714344435, 
    0.05805424189347516, 
    0.09714800671163337, 
    0.1835259722887026, 
    0.3101629317985056, 
    0
   ]
  ]
 }, 
 "vehicle_capacities": [
  20, 
  20, 
  20, 
  20, 
  20, 
  30, 
  30, 
  30, 
  30, 
  30
 ]
}