{
 "vehicle_cost_per_km": [
  5, 
  5, 
  5, 
  5, 
  5
 ], 
 "runs": [
  {
   "avg_task_cost_vs_number_of_task": [
    459.5, 
    547, 
    364.6666666666667, 
    322.875, 
    395.7, 
    367.75, 
    399.14285714285717, 
    305.37499999999994, 
    322.49999999999994, 
    313.15, 
    293.04545454545456, 
    288.125, 
    312.38461538461536, 
    322.89285714285717, 
    314.2, 
    338.59375, 
    277.2352941176471, 
    320.52777777777777, 
    304.39473684210526, 
    292.375, 
    296.6666666666667, 
    303.9318181818182, 
    318.19565217391306, 
    304.56249999999994, 
    280.86, 
    311.0769230769231, 
    290.3518518518519, 
    297.94642857142856, 
    273.44827586206895, 
    296.51666666666665
   ], 
   "number_of_vehicles": 5
  }
 ], 
 "vehicle_starting_positions": [
  "Amsterdam", 
  "Rotterdam", 
  "Den Haag", 
  "Utrecht", 
  "Eindhoven", 
  "Almere", 
  "Groningen", 
  "Nijmegen", 
  "Breda", 
  "Apeldoorn"
 ], 
 "task_distribution": {
  "distance_matrix": [
   [
    0, 
    90.6, 
    65.2, 
    45.6, 
    137.5, 
    31.9, 
    185.9, 
    132, 
    119.1, 
    90.2
   ], 
   [
    90.6, 
    0, 
    25.4, 
    62.3, 
    110.8, 
    105.6, 
    259.6, 
    112, 
    48.6, 
    129.3
   ], 
   [
    65.2, 
    25.4, 
    0, 
    87.7, 
    136.2, 
    97.1, 
    251.1, 
    137.4, 
    74, 
    154.7
   ], 
   [
    45.6, 
    62.3, 
    87.7, 
    0, 
    91.9, 
    43.3, 
    197.3, 
    86.4, 
    73.5, 
    67
   ], 
   [
    137.5, 
    110.8, 
    136.2, 
    91.9, 
    0, 
    135.2, 
    268.3, 
    70.2, 
    62.2, 
    127.3
   ], 
   [
    31.9, 
    105.6, 
    97.1, 
    43.3, 
    135.2, 
    0, 
    154, 
    129.7, 
    116.8, 
    80.1
   ], 
   [
    185.9, 
    259.6, 
    251.1, 
    197.3, 
    268.3, 
    154, 
    0, 
    198.1, 
    270.8, 
    141
   ], 
   [
    132, 
    112, 
    137.4, 
    86.4, 
    70.2, 
    129.7, 
    198.1, 
    0, 
    96.2, 
    57.1
   ], 
   [
    119.1, 
    48.6, 
    74, 
    73.5, 
    62.2, 
    116.8, 
    270.8, 
    96.2, 
    0, 
    140.5
   ], 
   [
    90.2, 
    129.3, 
    154.7, 
    67, 
    127.3, 
    80.1, 
    141, 
    57.1, 
    140.5, 
    0
   ]
  ], 
  "weight_matrix": [
   [
    0, 
    3, 
    3, 
    3, 
    3, 
    3, 
    3, 
    3, 
    3, 
    3
   ], 
   [
    3, 
    0, 
    3, 
    3, 
    3, 
    3, 
    3, 
    3, 
    3, 
    3
   ], 
   [
    3, 
    3, 
    0, 
    3, 
    3, 
    3, 
    3, 
    3, 
    3, 
    3
   ], 
   [
    3, 
    3, 
    3, 
    0, 
    3, 
    3, 
    3, 
    3, 
    3, 
    3
   ], 
   [
    3, 
    3, 
    3, 
    3, 
    0, 
    3, 
    3, 
    3, 
    3, 
    3
   ], 
   [
    3, 
    3, 
    3, 
    3, 
    3, 
    0, 
    3, 
    3, 
    3, 
    3
   ], 
   [
    3, 
    3, 
    3, 
    3, 
    3, 
    3, 
    0, 
    3, 
    3, 
    3
   ], 
   [
    3, 
    3, 
    3, 
    3, 
    3, 
    3, 
    3, 
    0, 
    3, 
    3
   ], 
   [
    3, 
    3, 
    3, 
    3, 
    3, 
    3, 
    3, 
    3, 
    0, 
    3
   ], 
   [
    3, 
    3, 
    3, 
    3, 
    3, 
    3, 
    3, 
    3, 
    3, 
    0
   ]
  ], 
  "city_names": [
   "Amsterdam", 
   "Rotterdam", 
   "Den Haag", 
   "Utrecht", 
   "Eindhoven", 
   "Almere", 
   "Groningen", 
   "Nijmegen", 
   "Breda", 
   "Apeldoorn"
  ], 
  "reward_matrix": [
   [
    0, 
    73456, 
    83796, 
    91775, 
    54364, 
    97352, 
    34661, 
    56603, 
    61855, 
    73619
   ], 
   [
    73456, 
    0, 
    99999, 
    84977, 
    65233, 
    67350, 
    4659, 
    64745, 
    90554, 
    57702
   ], 
   [
    83796, 
    99999, 
    0, 
    74637, 
    54893, 
    70810, 
    8119, 
    54405, 
    80214, 
    47362
   ], 
   [
    91775, 
    84977, 
    74637, 
    0, 
    72927, 
    92712, 
    30020, 
    75166, 
    80418, 
    83064
   ], 
   [
    54364, 
    65233, 
    54893, 
    72927, 
    0, 
    55300, 
    1117, 
    81761, 
    85018, 
    58516
   ], 
   [
    97352, 
    67350, 
    70810, 
    92712, 
    55300, 
    0, 
    47647, 
    57539, 
    62791, 
    77731
   ], 
   [
    34661, 
    4659, 
    8119, 
    30020, 
    1117, 
    47647, 
    0, 
    29695, 
    100, 
    52939
   ], 
   [
    56603, 
    64745, 
    54405, 
    75166, 
    81761, 
    57539, 
    29695, 
    0, 
    71177, 
    87094
   ], 
   [
    61855, 
    90554, 
    80214, 
    80418, 
    85018, 
    62791, 
    100, 
    71177, 
    0, 
    53143
   ], 
   [
    73619, 
    57702, 
    47362, 
    83064, 
    58516, 
    77731, 
    52939, 
    87094, 
    53143, 
    0
   ]
  ], 
  "probability_matrix": [
   [
    0, 
    0.10736248367872259, 
    0.163299903629018, 
    0.15537190531081294, 
    0.10490410760125932, 
    0.08291539248366077, 
    0.13780738615307003, 
    0.1063038590211276, 
    0.09201308280965784, 
    0.050021879312671
   ], 
   [
    0.16085610788838728, 
    0, 
    0.1479000230536236, 
    0.08570655276222146, 
    0.19403039530907346, 
    0.11862919337260196, 
    0.0923694391659985, 
    0.17746998790746843, 
    0.007597843073159234, 
    0.015440457467465968
   ], 
   [
    0.14806549385002324, 
    0.029717280323816143, 
    0, 
    0.056085432710435215, 
    0.09472703866509043, 
    0.019546511941925894, 
    0.13592030333755892, 
    0.22565049688754762, 
    0.10803133562897581, 
    0.1822561066546269
   ], 
   [
    0.11140638338442367, 
    0.047762434382023544, 
    0.16960937872802023, 
    0, 
    0.24582915836859856, 
    0.17895624594917783, 
    0.011113051013392534, 
    0.014961285020890863, 
    0.1259883814983348, 
    0.09437368165513788
   ], 
   [
    0.016821949095242598, 
    0.05926877407211368, 
    0.21449600666063393, 
    0.0894934519211613, 
    0, 
    0.12658432694578928, 
    0.0425363630232, 
    0.01483527042027356, 
    0.20655600536770358, 
    0.22940785249388213
   ], 
   [
    0.15173622455498054, 
    0.009893448264765736, 
    0.1382893367597719, 
    0.09114932463939404, 
    0.11042595412419083, 
    0, 
    0.16542494756450152, 
    0.13308382905130825, 
    0.10893032082340373, 
    0.09106661421768336
   ], 
   [
    0.09428211462850614, 
    0.17955596749029665, 
    0.016360301215994907, 
    0.1875975880706151, 
    0.2027830945444694, 
    0.025677587772687423, 
    0, 
    0.09045629378730073, 
    0.13204271736628803, 
    0.07124433512384147
   ], 
   [
    0.15955789317900682, 
    0.06525917238559197, 
    0.18793842688067836, 
    0.1862600188745568, 
    0.10012361662214438, 
    0.11220259413598979, 
    0.00415174666531727, 
    0, 
    0.16999122409306275, 
    0.014515307163652064
   ], 
   [
    0.10989439010845464, 
    0.2006539161497998, 
    0.07908271433704664, 
    0.026562040074949955, 
    0.04525915844127395, 
    0.09138882467512434, 
    0.22228502244728798, 
    0.018917070270490475, 
    0, 
    0.2059568634955722
   ], 
   [
    0.10802116335406939, 
    0.04379390777220731, 
    0.2066345215379495, 
    0.18107697847863644, 
    0.09815014526956599, 
    0.03660056888626063, 
    0.13500906091517176, 
    0.15288858414140705, 
    0.0378250696447319, 
    0
   ]
  ]
 }, 
 "vehicle_capacities": [
  5, 
  5, 
  5, 
  10, 
  10, 
  30, 
  30, 
  30, 
  30, 
  30
 ]
}