{
 "vehicle_cost_per_km": [
  10, 
  15, 
  10, 
  5, 
  5, 
  5, 
  5, 
  5, 
  5, 
  5
 ], 
 "runs": [
  {
   "avg_task_cost_vs_number_of_task": [
    4370, 
    2470, 
    1646.6666666666667, 
    1420, 
    1136, 
    1087.3333333333333, 
    1087, 
    1035, 
    960.8888888888889, 
    828, 
    773, 
    720.6666666666666, 
    665.2307692307693, 
    638.6428571428571, 
    608.4666666666667, 
    570.4375, 
    574.9411764705883, 
    609.5555555555554, 
    576.8421052631579, 
    546.95, 
    567.9523809523811, 
    609.1363636363637, 
    579.4782608695652, 
    541.6666666666666, 
    571.12, 
    502.26923076923083, 
    540.7407407407408, 
    527.6428571428571, 
    640.8965517241379, 
    556.1333333333333
   ], 
   "number_of_vehicles": 3
  }
 ], 
 "vehicle_starting_positions": [
  "Amsterdam", 
  "Rotterdam", 
  "Den Haag", 
  "Utrecht", 
  "Eindhoven", 
  "Almere", 
  "Groningen", 
  "Nijmegen", 
  "Breda", 
  "Apeldoorn"
 ], 
 "task_distribution": {
  "distance_matrix": [
   [
    0, 
    90.6, 
    65.2, 
    45.6, 
    137.5, 
    31.9, 
    185.9, 
    132, 
    119.1, 
    90.2
   ], 
   [
    90.6, 
    0, 
    25.4, 
    62.3, 
    110.8, 
    105.6, 
    259.6, 
    112, 
    48.6, 
    129.3
   ], 
   [
    65.2, 
    25.4, 
    0, 
    87.7, 
    136.2, 
    97.1, 
    251.1, 
    137.4, 
    74, 
    154.7
   ], 
   [
    45.6, 
    62.3, 
    87.7, 
    0, 
    91.9, 
    43.3, 
    197.3, 
    86.4, 
    73.5, 
    67
   ], 
   [
    137.5, 
    110.8, 
    136.2, 
    91.9, 
    0, 
    135.2, 
    268.3, 
    70.2, 
    62.2, 
    127.3
   ], 
   [
    31.9, 
    105.6, 
    97.1, 
    43.3, 
    135.2, 
    0, 
    154, 
    129.7, 
    116.8, 
    80.1
   ], 
   [
    185.9, 
    259.6, 
    251.1, 
    197.3, 
    268.3, 
    154, 
    0, 
    198.1, 
    270.8, 
    141
   ], 
   [
    132, 
    112, 
    137.4, 
    86.4, 
    70.2, 
    129.7, 
    198.1, 
    0, 
    96.2, 
    57.1
   ], 
   [
    119.1, 
    48.6, 
    74, 
    73.5, 
    62.2, 
    116.8, 
    270.8, 
    96.2, 
    0, 
    140.5
   ], 
   [
    90.2, 
    129.3, 
    154.7, 
    67, 
    127.3, 
    80.1, 
    141, 
    57.1, 
    140.5, 
    0
   ]
  ], 
  "weight_matrix": [
   [
    0, 
    3, 
    3, 
    3, 
    3, 
    3, 
    3, 
    3, 
    3, 
    3
   ], 
   [
    3, 
    0, 
    3, 
    3, 
    3, 
    3, 
    3, 
    3, 
    3, 
    3
   ], 
   [
    3, 
    3, 
    0, 
    3, 
    3, 
    3, 
    3, 
    3, 
    3, 
    3
   ], 
   [
    3, 
    3, 
    3, 
    0, 
    3, 
    3, 
    3, 
    3, 
    3, 
    3
   ], 
   [
    3, 
    3, 
    3, 
    3, 
    0, 
    3, 
    3, 
    3, 
    3, 
    3
   ], 
   [
    3, 
    3, 
    3, 
    3, 
    3, 
    0, 
    3, 
    3, 
    3, 
    3
   ], 
   [
    3, 
    3, 
    3, 
    3, 
    3, 
    3, 
    0, 
    3, 
    3, 
    3
   ], 
   [
    3, 
    3, 
    3, 
    3, 
    3, 
    3, 
    3, 
    0, 
    3, 
    3
   ], 
   [
    3, 
    3, 
    3, 
    3, 
    3, 
    3, 
    3, 
    3, 
    0, 
    3
   ], 
   [
    3, 
    3, 
    3, 
    3, 
    3, 
    3, 
    3, 
    3, 
    3, 
    0
   ]
  ], 
  "city_names": [
   "Amsterdam", 
   "Rotterdam", 
   "Den Haag", 
   "Utrecht", 
   "Eindhoven", 
   "Almere", 
   "Groningen", 
   "Nijmegen", 
   "Breda", 
   "Apeldoorn"
  ], 
  "reward_matrix": [
   [
    0, 
    73456, 
    83796, 
    91775, 
    54364, 
    97352, 
    34661, 
    56603, 
    61855, 
    73619
   ], 
   [
    73456, 
    0, 
    99999, 
    84977, 
    65233, 
    67350, 
    4659, 
    64745, 
    90554, 
    57702
   ], 
   [
    83796, 
    99999, 
    0, 
    74637, 
    54893, 
    70810, 
    8119, 
    54405, 
    80214, 
    47362
   ], 
   [
    91775, 
    84977, 
    74637, 
    0, 
    72927, 
    92712, 
    30020, 
    75166, 
    80418, 
    83064
   ], 
   [
    54364, 
    65233, 
    54893, 
    72927, 
    0, 
    55300, 
    1117, 
    81761, 
    85018, 
    58516
   ], 
   [
    97352, 
    67350, 
    70810, 
    92712, 
    55300, 
    0, 
    47647, 
    57539, 
    62791, 
    77731
   ], 
   [
    34661, 
    4659, 
    8119, 
    30020, 
    1117, 
    47647, 
    0, 
    29695, 
    100, 
    52939
   ], 
   [
    56603, 
    64745, 
    54405, 
    75166, 
    81761, 
    57539, 
    29695, 
    0, 
    71177, 
    87094
   ], 
   [
    61855, 
    90554, 
    80214, 
    80418, 
    85018, 
    62791, 
    100, 
    71177, 
    0, 
    53143
   ], 
   [
    73619, 
    57702, 
    47362, 
    83064, 
    58516, 
    77731, 
    52939, 
    87094, 
    53143, 
    0
   ]
  ], 
  "probability_matrix": [
   [
    0, 
    0.1263016937793518, 
    0.14177624977138928, 
    0.15244250672412893, 
    0.11932163079538355, 
    0.0668513479518798, 
    0.06420144164635298, 
    0.0910195734403246, 
    0.11402799633941994, 
    0.12405755955176907
   ], 
   [
    0.08523409688649287, 
    0, 
    0.15765252898707885, 
    0.06876542076375965, 
    0.04129035115701566, 
    0.17818183916525232, 
    0.04302935746156404, 
    0.19832679583848226, 
    0.1289914775641739, 
    0.09852813217618038
   ], 
   [
    0.18046041078960018, 
    0.07761232387990832, 
    0, 
    0.07493886831170558, 
    0.22125616461869874, 
    0.21114755315884245, 
    0.02383815208409995, 
    0.08681511961664641, 
    0.07996149619813496, 
    0.0439699113423634
   ], 
   [
    0.02637324503872917, 
    0.17922988750868818, 
    0.06235592964903344, 
    0, 
    0.03621302486312488, 
    0.1541413650619328, 
    0.17854415391888942, 
    0.1840124603218991, 
    0.1599659318730539, 
    0.019164001764649087
   ], 
   [
    0.07162305830503017, 
    0.11968963486204712, 
    0.07228003318158903, 
    0.17913283060028554, 
    0, 
    0.21827906700678806, 
    0.13958337007457325, 
    0.16911322766828674, 
    0.016893295568252642, 
    0.01340548273314755
   ], 
   [
    0.05420045845853809, 
    0.0650998866055317, 
    0.16667357375437147, 
    0.10788718456631827, 
    0.14554930408114625, 
    0, 
    0.14198356046078728, 
    0.15066272953040283, 
    0.0822225224063071, 
    0.08572078013659706
   ], 
   [
    0.170134959159538, 
    0.04216619497922056, 
    0.1938199428563524, 
    0.013755841091455702, 
    0.11502944167058132, 
    0.19071570689132344, 
    0, 
    0.18321668118708176, 
    0.0509983060411289, 
    0.04016292612331782
   ], 
   [
    0.02641608149650847, 
    0.18732849134223134, 
    0.09528543550179407, 
    0.09363094949991375, 
    0.03532124832433568, 
    0.17669527870871535, 
    0.057072177697380974, 
    0, 
    0.15095759103973647, 
    0.17729274638938414
   ], 
   [
    0.020177188324290038, 
    0.11746577624990533, 
    0.12378703048272967, 
    0.13690142381328038, 
    0.02302842541314744, 
    0.1611226975037748, 
    0.13477025579680832, 
    0.2510062017353728, 
    0, 
    0.031741000680691335
   ], 
   [
    0.08527488155717103, 
    0.18267013247065428, 
    0.03312168621992478, 
    0.047105911930967824, 
    0.06348299326894871, 
    0.132952991924648, 
    0.24558059453967704, 
    0.16360704043900115, 
    0.046203767649007146, 
    0
   ]
  ]
 }, 
 "vehicle_capacities": [
  15, 
  15, 
  15, 
  5, 
  20, 
  30, 
  30, 
  30, 
  30, 
  30
 ]
}