{
 "vehicle_cost_per_km": [
  5, 
  5, 
  5, 
  5, 
  5
 ], 
 "runs": [
  {
   "avg_task_cost_vs_number_of_task": [
    827, 
    798.5, 
    775.3333333333334, 
    581.5, 
    561.6, 
    571.75, 
    519.5714285714286, 
    509.0625, 
    474.6111111111111, 
    359.45, 
    409.59090909090907, 
    360.0833333333333, 
    422.53846153846155, 
    308.64285714285717, 
    397.36666666666673, 
    317.06250000000006, 
    284.1176470588236, 
    319.30555555555554, 
    286.7894736842106, 
    284.09999999999997, 
    272.7857142857142, 
    282.54545454545456, 
    318.4565217391304, 
    240.66666666666666, 
    259.02, 
    255.46153846153845, 
    240.6666666666667, 
    217.5, 
    277.58620689655174, 
    283.71666666666664
   ], 
   "number_of_vehicles": 5
  }
 ], 
 "vehicle_starting_positions": [
  "Amsterdam", 
  "Rotterdam", 
  "Den Haag", 
  "Utrecht", 
  "Eindhoven", 
  "Almere", 
  "Groningen", 
  "Nijmegen", 
  "Breda", 
  "Apeldoorn"
 ], 
 "task_distribution": {
  "distance_matrix": [
   [
    0, 
    90.6, 
    65.2, 
    45.6, 
    137.5, 
    31.9, 
    185.9, 
    132, 
    119.1, 
    90.2
   ], 
   [
    90.6, 
    0, 
    25.4, 
    62.3, 
    110.8, 
    105.6, 
    259.6, 
    112, 
    48.6, 
    129.3
   ], 
   [
    65.2, 
    25.4, 
    0, 
    87.7, 
    136.2, 
    97.1, 
    251.1, 
    137.4, 
    74, 
    154.7
   ], 
   [
    45.6, 
    62.3, 
    87.7, 
    0, 
    91.9, 
    43.3, 
    197.3, 
    86.4, 
    73.5, 
    67
   ], 
   [
    137.5, 
    110.8, 
    136.2, 
    91.9, 
    0, 
    135.2, 
    268.3, 
    70.2, 
    62.2, 
    127.3
   ], 
   [
    31.9, 
    105.6, 
    97.1, 
    43.3, 
    135.2, 
    0, 
    154, 
    129.7, 
    116.8, 
    80.1
   ], 
   [
    185.9, 
    259.6, 
    251.1, 
    197.3, 
    268.3, 
    154, 
    0, 
    198.1, 
    270.8, 
    141
   ], 
   [
    132, 
    112, 
    137.4, 
    86.4, 
    70.2, 
    129.7, 
    198.1, 
    0, 
    96.2, 
    57.1
   ], 
   [
    119.1, 
    48.6, 
    74, 
    73.5, 
    62.2, 
    116.8, 
    270.8, 
    96.2, 
    0, 
    140.5
   ], 
   [
    90.2, 
    129.3, 
    154.7, 
    67, 
    127.3, 
    80.1, 
    141, 
    57.1, 
    140.5, 
    0
   ]
  ], 
  "weight_matrix": [
   [
    0, 
    3, 
    3, 
    3, 
    3, 
    3, 
    3, 
    3, 
    3, 
    3
   ], 
   [
    3, 
    0, 
    3, 
    3, 
    3, 
    3, 
    3, 
    3, 
    3, 
    3
   ], 
   [
    3, 
    3, 
    0, 
    3, 
    3, 
    3, 
    3, 
    3, 
    3, 
    3
   ], 
   [
    3, 
    3, 
    3, 
    0, 
    3, 
    3, 
    3, 
    3, 
    3, 
    3
   ], 
   [
    3, 
    3, 
    3, 
    3, 
    0, 
    3, 
    3, 
    3, 
    3, 
    3
   ], 
   [
    3, 
    3, 
    3, 
    3, 
    3, 
    0, 
    3, 
    3, 
    3, 
    3
   ], 
   [
    3, 
    3, 
    3, 
    3, 
    3, 
    3, 
    0, 
    3, 
    3, 
    3
   ], 
   [
    3, 
    3, 
    3, 
    3, 
    3, 
    3, 
    3, 
    0, 
    3, 
    3
   ], 
   [
    3, 
    3, 
    3, 
    3, 
    3, 
    3, 
    3, 
    3, 
    0, 
    3
   ], 
   [
    3, 
    3, 
    3, 
    3, 
    3, 
    3, 
    3, 
    3, 
    3, 
    0
   ]
  ], 
  "city_names": [
   "Amsterdam", 
   "Rotterdam", 
   "Den Haag", 
   "Utrecht", 
   "Eindhoven", 
   "Almere", 
   "Groningen", 
   "Nijmegen", 
   "Breda", 
   "Apeldoorn"
  ], 
  "reward_matrix": [
   [
    0, 
    73456, 
    83796, 
    91775, 
    54364, 
    97352, 
    34661, 
    56603, 
    61855, 
    73619
   ], 
   [
    73456, 
    0, 
    99999, 
    84977, 
    65233, 
    67350, 
    4659, 
    64745, 
    90554, 
    57702
   ], 
   [
    83796, 
    99999, 
    0, 
    74637, 
    54893, 
    70810, 
    8119, 
    54405, 
    80214, 
    47362
   ], 
   [
    91775, 
    84977, 
    74637, 
    0, 
    72927, 
    92712, 
    30020, 
    75166, 
    80418, 
    83064
   ], 
   [
    54364, 
    65233, 
    54893, 
    72927, 
    0, 
    55300, 
    1117, 
    81761, 
    85018, 
    58516
   ], 
   [
    97352, 
    67350, 
    70810, 
    92712, 
    55300, 
    0, 
    47647, 
    57539, 
    62791, 
    77731
   ], 
   [
    34661, 
    4659, 
    8119, 
    30020, 
    1117, 
    47647, 
    0, 
    29695, 
    100, 
    52939
   ], 
   [
    56603, 
    64745, 
    54405, 
    75166, 
    81761, 
    57539, 
    29695, 
    0, 
    71177, 
    87094
   ], 
   [
    61855, 
    90554, 
    80214, 
    80418, 
    85018, 
    62791, 
    100, 
    71177, 
    0, 
    53143
   ], 
   [
    73619, 
    57702, 
    47362, 
    83064, 
    58516, 
    77731, 
    52939, 
    87094, 
    53143, 
    0
   ]
  ], 
  "probability_matrix": [
   [
    0, 
    0.18933422820783158, 
    0.1077235018666851, 
    0.09499493836045762, 
    0.09477219966489919, 
    0.027888356116398158, 
    0.12208201600095106, 
    0.1923615562393552, 
    0.1584025038270773, 
    0.01244069971634462
   ], 
   [
    0.18947686535812158, 
    0, 
    0.07880056859954698, 
    0.10121070060300164, 
    0.1915517607208614, 
    0.02443340496185668, 
    0.07154782411389957, 
    0.15588034401241987, 
    0.01835961986174385, 
    0.16873891176854836
   ], 
   [
    0.01898133173314504, 
    0.10849689949089074, 
    0, 
    0.0711720422785952, 
    0.16753620403433553, 
    0.10019019640217727, 
    0.17323137243364217, 
    0.1749469499172327, 
    0.04665991750438473, 
    0.1387850862055966
   ], 
   [
    0.18855347471701348, 
    0.12004061803595943, 
    0.06708061977253042, 
    0, 
    0.08583650630733944, 
    0.09832719518685236, 
    0.03765862402021963, 
    0.1442135567127416, 
    0.02790291102494792, 
    0.23038649422239577
   ], 
   [
    0.12565135462399257, 
    0.04183785412520108, 
    0.1313165379902672, 
    0.004651134131933198, 
    0, 
    0.21694834960795636, 
    0.12008886866965918, 
    0.14519507542934176, 
    0.06131238220104599, 
    0.15299844322060263
   ], 
   [
    0.02944346407664571, 
    0.12179041420929772, 
    0.08394750542881767, 
    0.08659603751879956, 
    0.10362420249507702, 
    0, 
    0.05336013300878677, 
    0.060471721371090977, 
    0.22304954824564457, 
    0.23771697364583996
   ], 
   [
    0.07930239572421684, 
    0.20058481740188663, 
    0.02979762620029314, 
    0.124971506404367, 
    0.025974517091601517, 
    0.1648689172284392, 
    0, 
    0.07320027738882645, 
    0.18891019296162206, 
    0.11238974959874722
   ], 
   [
    0.1441372311550303, 
    0.11296109589599826, 
    0.04507926804216247, 
    0.08573969369808909, 
    0.16413627299487005, 
    0.06872792521598285, 
    0.1644730582536764, 
    0, 
    0.1512710276987128, 
    0.06347442704547772
   ], 
   [
    0.07640439778606696, 
    0.06275666962884452, 
    0.14206428193775522, 
    0.057205564883253825, 
    0.11901872497358758, 
    0.08568738697582368, 
    0.18090605178476363, 
    0.1011179334662109, 
    0, 
    0.17483898856369354
   ], 
   [
    0.13943349795959514, 
    0.04015837384730885, 
    0.020334645958903542, 
    0.14700057134965414, 
    0.15119003367717146, 
    0.07150984196037895, 
    0.10694850147045762, 
    0.18364060186903455, 
    0.13978393190749575, 
    0
   ]
  ]
 }, 
 "vehicle_capacities": [
  5, 
  10, 
  25, 
  25, 
  30, 
  30, 
  30, 
  30, 
  30, 
  30
 ]
}