{
 "vehicle_cost_per_km": [
  5, 
  5, 
  5, 
  5, 
  5
 ], 
 "runs": [
  {
   "avg_task_cost_vs_number_of_task": [
    620.5, 
    728, 
    570.9999999999999, 
    550.875, 
    470.9, 
    444.25, 
    380.7857142857143, 
    449.375, 
    453.6666666666667, 
    407.6, 
    371.1818181818182, 
    343, 
    316.61538461538464, 
    289.0714285714286, 
    275.5, 
    302.5625, 
    324.55882352941177, 
    249.11111111111111, 
    216.68421052631578, 
    282, 
    260.6666666666667, 
    227.5, 
    205.5, 
    283.7708333333333, 
    206.12000000000003, 
    208.13461538461542, 
    211.87037037037038, 
    236.98214285714286, 
    191.41379310344828, 
    240.4
   ], 
   "number_of_vehicles": 5
  }
 ], 
 "vehicle_starting_positions": [
  "Amsterdam", 
  "Rotterdam", 
  "Den Haag", 
  "Utrecht", 
  "Eindhoven", 
  "Almere", 
  "Groningen", 
  "Nijmegen", 
  "Breda", 
  "Apeldoorn"
 ], 
 "task_distribution": {
  "distance_matrix": [
   [
    0, 
    90.6, 
    65.2, 
    45.6, 
    137.5, 
    31.9, 
    185.9, 
    132, 
    119.1, 
    90.2
   ], 
   [
    90.6, 
    0, 
    25.4, 
    62.3, 
    110.8, 
    105.6, 
    259.6, 
    112, 
    48.6, 
    129.3
   ], 
   [
    65.2, 
    25.4, 
    0, 
    87.7, 
    136.2, 
    97.1, 
    251.1, 
    137.4, 
    74, 
    154.7
   ], 
   [
    45.6, 
    62.3, 
    87.7, 
    0, 
    91.9, 
    43.3, 
    197.3, 
    86.4, 
    73.5, 
    67
   ], 
   [
    137.5, 
    110.8, 
    136.2, 
    91.9, 
    0, 
    135.2, 
    268.3, 
    70.2, 
    62.2, 
    127.3
   ], 
   [
    31.9, 
    105.6, 
    97.1, 
    43.3, 
    135.2, 
    0, 
    154, 
    129.7, 
    116.8, 
    80.1
   ], 
   [
    185.9, 
    259.6, 
    251.1, 
    197.3, 
    268.3, 
    154, 
    0, 
    198.1, 
    270.8, 
    141
   ], 
   [
    132, 
    112, 
    137.4, 
    86.4, 
    70.2, 
    129.7, 
    198.1, 
    0, 
    96.2, 
    57.1
   ], 
   [
    119.1, 
    48.6, 
    74, 
    73.5, 
    62.2, 
    116.8, 
    270.8, 
    96.2, 
    0, 
    140.5
   ], 
   [
    90.2, 
    129.3, 
    154.7, 
    67, 
    127.3, 
    80.1, 
    141, 
    57.1, 
    140.5, 
    0
   ]
  ], 
  "weight_matrix": [
   [
    0, 
    3, 
    3, 
    3, 
    3, 
    3, 
    3, 
    3, 
    3, 
    3
   ], 
   [
    3, 
    0, 
    3, 
    3, 
    3, 
    3, 
    3, 
    3, 
    3, 
    3
   ], 
   [
    3, 
    3, 
    0, 
    3, 
    3, 
    3, 
    3, 
    3, 
    3, 
    3
   ], 
   [
    3, 
    3, 
    3, 
    0, 
    3, 
    3, 
    3, 
    3, 
    3, 
    3
   ], 
   [
    3, 
    3, 
    3, 
    3, 
    0, 
    3, 
    3, 
    3, 
    3, 
    3
   ], 
   [
    3, 
    3, 
    3, 
    3, 
    3, 
    0, 
    3, 
    3, 
    3, 
    3
   ], 
   [
    3, 
    3, 
    3, 
    3, 
    3, 
    3, 
    0, 
    3, 
    3, 
    3
   ], 
   [
    3, 
    3, 
    3, 
    3, 
    3, 
    3, 
    3, 
    0, 
    3, 
    3
   ], 
   [
    3, 
    3, 
    3, 
    3, 
    3, 
    3, 
    3, 
    3, 
    0, 
    3
   ], 
   [
    3, 
    3, 
    3, 
    3, 
    3, 
    3, 
    3, 
    3, 
    3, 
    0
   ]
  ], 
  "city_names": [
   "Amsterdam", 
   "Rotterdam", 
   "Den Haag", 
   "Utrecht", 
   "Eindhoven", 
   "Almere", 
   "Groningen", 
   "Nijmegen", 
   "Breda", 
   "Apeldoorn"
  ], 
  "reward_matrix": [
   [
    0, 
    73456, 
    83796, 
    91775, 
    54364, 
    97352, 
    34661, 
    56603, 
    61855, 
    73619
   ], 
   [
    73456, 
    0, 
    99999, 
    84977, 
    65233, 
    67350, 
    4659, 
    64745, 
    90554, 
    57702
   ], 
   [
    83796, 
    99999, 
    0, 
    74637, 
    54893, 
    70810, 
    8119, 
    54405, 
    80214, 
    47362
   ], 
   [
    91775, 
    84977, 
    74637, 
    0, 
    72927, 
    92712, 
    30020, 
    75166, 
    80418, 
    83064
   ], 
   [
    54364, 
    65233, 
    54893, 
    72927, 
    0, 
    55300, 
    1117, 
    81761, 
    85018, 
    58516
   ], 
   [
    97352, 
    67350, 
    70810, 
    92712, 
    55300, 
    0, 
    47647, 
    57539, 
    62791, 
    77731
   ], 
   [
    34661, 
    4659, 
    8119, 
    30020, 
    1117, 
    47647, 
    0, 
    29695, 
    100, 
    52939
   ], 
   [
    56603, 
    64745, 
    54405, 
    75166, 
    81761, 
    57539, 
    29695, 
    0, 
    71177, 
    87094
   ], 
   [
    61855, 
    90554, 
    80214, 
    80418, 
    85018, 
    62791, 
    100, 
    71177, 
    0, 
    53143
   ], 
   [
    73619, 
    57702, 
    47362, 
    83064, 
    58516, 
    77731, 
    52939, 
    87094, 
    53143, 
    0
   ]
  ], 
  "probability_matrix": [
   [
    0, 
    0.006408767153060569, 
    0.15941920356704214, 
    0.1577110456918214, 
    0.006901756456326387, 
    0.10424645105647441, 
    0.1425722339210014, 
    0.08890654074238044, 
    0.17094642385526787, 
    0.16288757755662525
   ], 
   [
    0.0012591742240721006, 
    0, 
    0.24487494238477656, 
    0.19292000441616147, 
    0.2274280775884525, 
    0.00917812969643545, 
    0.05047704683678507, 
    0.0568296075050204, 
    0.12710293035636305, 
    0.0899300869919336
   ], 
   [
    0.15290592346847157, 
    0.01846911068563009, 
    0, 
    0.14601849666128142, 
    0.20253090728268808, 
    0.017705119576780382, 
    0.17778236292087576, 
    0.03758592573606224, 
    0.15189887672569685, 
    0.0951032769425137
   ], 
   [
    0.12388282214165283, 
    0.16284572025065647, 
    0.17314339223951408, 
    0, 
    0.09831136254051741, 
    0.15536280706318098, 
    0.08913911684029933, 
    0.0911493840266364, 
    0.032942185259872844, 
    0.07322320963766982
   ], 
   [
    0.014976434209997702, 
    0.11612609294538914, 
    0.23745198205536056, 
    0.06170689764930058, 
    0, 
    0.028707662590062244, 
    0.14733408703560233, 
    0.19336553673305984, 
    0.06387357598962105, 
    0.13645773079160634
   ], 
   [
    0.09609719404057572, 
    0.005552247542551193, 
    0.14374465901265712, 
    0.13716131739116263, 
    0.2916424526101183, 
    0, 
    0.004596835850199394, 
    0.007778062471657595, 
    0.10787537557582386, 
    0.20555185550525418
   ], 
   [
    0.14478649553550182, 
    0.06969898969830421, 
    0.15286107156475728, 
    0.10805464134938678, 
    0.13279100252625484, 
    0.07981067112624304, 
    0, 
    0.10077111173508783, 
    0.10480742247659983, 
    0.10641859398786421
   ], 
   [
    0.03794568605210734, 
    0.16718371412221275, 
    0.09794235057234206, 
    0.12868312256975994, 
    0.1792575430876211, 
    0.06610171764071184, 
    0.11417951577515027, 
    0, 
    0.08995089082458874, 
    0.11875545935550604
   ], 
   [
    0.02670464677899961, 
    0.13240771762203032, 
    0.15525468313760177, 
    0.062088102173394506, 
    0.08978142306073639, 
    0.16102302167992047, 
    0.16354593616468924, 
    0.13044422867488892, 
    0, 
    0.07875024070773878
   ], 
   [
    0.1710903832212565, 
    0.05647180807762186, 
    0.11289546141763612, 
    0.3007228982355759, 
    0.02249892448761244, 
    0.025438646877362216, 
    0.10594056912167511, 
    0.2041989718641454, 
    0.0007423366971145887, 
    0
   ]
  ]
 }, 
 "vehicle_capacities": [
  5, 
  5, 
  5, 
  5, 
  30, 
  30, 
  30, 
  30, 
  30, 
  30
 ]
}