{
 "vehicle_cost_per_km": [
  5, 
  5, 
  5, 
  5, 
  5
 ], 
 "runs": [
  {
   "avg_task_cost_vs_number_of_task": [
    735.5, 
    674.25, 
    529.6666666666666, 
    665.75, 
    545.4, 
    517.1666666666666, 
    429.85714285714283, 
    387.87499999999994, 
    334.3333333333333, 
    318, 
    302.81818181818176, 
    265, 
    297.5, 
    315.60714285714283, 
    288.23333333333335, 
    265.65625, 
    305.0882352941176, 
    266.3611111111111, 
    284.5263157894737, 
    270.55, 
    293.2857142857143, 
    286.3636363636364, 
    282.82608695652175, 
    236.31250000000003, 
    231.28000000000003, 
    250.8653846153846, 
    259.8703703703704, 
    246.10714285714286, 
    252.79310344827584, 
    252.10000000000005
   ], 
   "number_of_vehicles": 5
  }
 ], 
 "vehicle_starting_positions": [
  "Amsterdam", 
  "Rotterdam", 
  "Den Haag", 
  "Utrecht", 
  "Eindhoven", 
  "Almere", 
  "Groningen", 
  "Nijmegen", 
  "Breda", 
  "Apeldoorn"
 ], 
 "task_distribution": {
  "distance_matrix": [
   [
    0, 
    90.6, 
    65.2, 
    45.6, 
    137.5, 
    31.9, 
    185.9, 
    132, 
    119.1, 
    90.2
   ], 
   [
    90.6, 
    0, 
    25.4, 
    62.3, 
    110.8, 
    105.6, 
    259.6, 
    112, 
    48.6, 
    129.3
   ], 
   [
    65.2, 
    25.4, 
    0, 
    87.7, 
    136.2, 
    97.1, 
    251.1, 
    137.4, 
    74, 
    154.7
   ], 
   [
    45.6, 
    62.3, 
    87.7, 
    0, 
    91.9, 
    43.3, 
    197.3, 
    86.4, 
    73.5, 
    67
   ], 
   [
    137.5, 
    110.8, 
    136.2, 
    91.9, 
    0, 
    135.2, 
    268.3, 
    70.2, 
    62.2, 
    127.3
   ], 
   [
    31.9, 
    105.6, 
    97.1, 
    43.3, 
    135.2, 
    0, 
    154, 
    129.7, 
    116.8, 
    80.1
   ], 
   [
    185.9, 
    259.6, 
    251.1, 
    197.3, 
    268.3, 
    154, 
    0, 
    198.1, 
    270.8, 
    141
   ], 
   [
    132, 
    112, 
    137.4, 
    86.4, 
    70.2, 
    129.7, 
    198.1, 
    0, 
    96.2, 
    57.1
   ], 
   [
    119.1, 
    48.6, 
    74, 
    73.5, 
    62.2, 
    116.8, 
    270.8, 
    96.2, 
    0, 
    140.5
   ], 
   [
    90.2, 
    129.3, 
    154.7, 
    67, 
    127.3, 
    80.1, 
    141, 
    57.1, 
    140.5, 
    0
   ]
  ], 
  "weight_matrix": [
   [
    0, 
    3, 
    3, 
    3, 
    3, 
    3, 
    3, 
    3, 
    3, 
    3
   ], 
   [
    3, 
    0, 
    3, 
    3, 
    3, 
    3, 
    3, 
    3, 
    3, 
    3
   ], 
   [
    3, 
    3, 
    0, 
    3, 
    3, 
    3, 
    3, 
    3, 
    3, 
    3
   ], 
   [
    3, 
    3, 
    3, 
    0, 
    3, 
    3, 
    3, 
    3, 
    3, 
    3
   ], 
   [
    3, 
    3, 
    3, 
    3, 
    0, 
    3, 
    3, 
    3, 
    3, 
    3
   ], 
   [
    3, 
    3, 
    3, 
    3, 
    3, 
    0, 
    3, 
    3, 
    3, 
    3
   ], 
   [
    3, 
    3, 
    3, 
    3, 
    3, 
    3, 
    0, 
    3, 
    3, 
    3
   ], 
   [
    3, 
    3, 
    3, 
    3, 
    3, 
    3, 
    3, 
    0, 
    3, 
    3
   ], 
   [
    3, 
    3, 
    3, 
    3, 
    3, 
    3, 
    3, 
    3, 
    0, 
    3
   ], 
   [
    3, 
    3, 
    3, 
    3, 
    3, 
    3, 
    3, 
    3, 
    3, 
    0
   ]
  ], 
  "city_names": [
   "Amsterdam", 
   "Rotterdam", 
   "Den Haag", 
   "Utrecht", 
   "Eindhoven", 
   "Almere", 
   "Groningen", 
   "Nijmegen", 
   "Breda", 
   "Apeldoorn"
  ], 
  "reward_matrix": [
   [
    0, 
    73456, 
    83796, 
    91775, 
    54364, 
    97352, 
    34661, 
    56603, 
    61855, 
    73619
   ], 
   [
    73456, 
    0, 
    99999, 
    84977, 
    65233, 
    67350, 
    4659, 
    64745, 
    90554, 
    57702
   ], 
   [
    83796, 
    99999, 
    0, 
    74637, 
    54893, 
    70810, 
    8119, 
    54405, 
    80214, 
    47362
   ], 
   [
    91775, 
    84977, 
    74637, 
    0, 
    72927, 
    92712, 
    30020, 
    75166, 
    80418, 
    83064
   ], 
   [
    54364, 
    65233, 
    54893, 
    72927, 
    0, 
    55300, 
    1117, 
    81761, 
    85018, 
    58516
   ], 
   [
    97352, 
    67350, 
    70810, 
    92712, 
    55300, 
    0, 
    47647, 
    57539, 
    62791, 
    77731
   ], 
   [
    34661, 
    4659, 
    8119, 
    30020, 
    1117, 
    47647, 
    0, 
    29695, 
    100, 
    52939
   ], 
   [
    56603, 
    64745, 
    54405, 
    75166, 
    81761, 
    57539, 
    29695, 
    0, 
    71177, 
    87094
   ], 
   [
    61855, 
    90554, 
    80214, 
    80418, 
    85018, 
    62791, 
    100, 
    71177, 
    0, 
    53143
   ], 
   [
    73619, 
    57702, 
    47362, 
    83064, 
    58516, 
    77731, 
    52939, 
    87094, 
    53143, 
    0
   ]
  ], 
  "probability_matrix": [
   [
    0, 
    0.23449104669559223, 
    0.0795888826481207, 
    0.016036738674011116, 
    0.07587854802473418, 
    0.08891749735866442, 
    0.07341219462740622, 
    0.14481224281168292, 
    0.2273611013172769, 
    0.05950174784251126
   ], 
   [
    0.1309368823288133, 
    0, 
    0.035701165414157486, 
    0.1445245918220651, 
    0.17928299182726365, 
    0.18107805490299045, 
    0.055297988511439036, 
    0.11607950439268767, 
    0.09898038654192061, 
    0.05811843425866279
   ], 
   [
    0.0953444794017066, 
    0.14361635891151905, 
    0, 
    0.05223812371235751, 
    0.20908054712707128, 
    0.1942623494257061, 
    0.2092202870639876, 
    0.018040399503647983, 
    0.012889404069359995, 
    0.06530805078464395
   ], 
   [
    0.07602633590215677, 
    0.05674131521474372, 
    0.11295063332217882, 
    0, 
    0.1546844470326519, 
    0.11530818315192413, 
    0.11507495923727329, 
    0.13791282706290586, 
    0.15593059896278522, 
    0.07537070011338036
   ], 
   [
    0.09526969885114532, 
    0.007860988120803396, 
    0.21153330927022918, 
    0.033184550811860815, 
    0, 
    0.06668566195724983, 
    0.13340607524517234, 
    0.12031667247772664, 
    0.14236271041509613, 
    0.18938033285071634
   ], 
   [
    0.11533728189259593, 
    0.11087634121745009, 
    0.14771056769285162, 
    0.10232619664127514, 
    0.12248532803160696, 
    0, 
    0.0824698163712503, 
    0.18676318799666408, 
    0.09222760739564877, 
    0.03980367276065699
   ], 
   [
    0.13883553418279337, 
    0.022790860516909362, 
    0.21611873800332196, 
    0.126941523379839, 
    0.04778171647813947, 
    0.11754323616582173, 
    0, 
    0.0016440200363785507, 
    0.22513290853000784, 
    0.1032114627067886
   ], 
   [
    0.02730217624994349, 
    0.1712560923623174, 
    0.09242308064174752, 
    0.1333747466515736, 
    0.1460871254766925, 
    0.18723528319042798, 
    0.030296209363629478, 
    0, 
    0.04145102496398674, 
    0.17057426109968124
   ], 
   [
    0.20397035382941958, 
    0.04779807191947567, 
    0.07937003373288659, 
    0.11759226195662716, 
    0.11475754846088845, 
    0.053832542985046423, 
    0.15837507758548253, 
    0.1659074834952077, 
    0, 
    0.05839662603496573
   ], 
   [
    0.09775010960467288, 
    0.1811131223586434, 
    0.007101364878026183, 
    0.1597666220677534, 
    0.17134767819910174, 
    0.1654829329350425, 
    0.10057484778731773, 
    0.019508732054241598, 
    0.0973545901152003, 
    0
   ]
  ]
 }, 
 "vehicle_capacities": [
  15, 
  15, 
  20, 
  20, 
  30, 
  30, 
  30, 
  30, 
  30, 
  30
 ]
}