{
 "vehicle_cost_per_km": [
  10, 
  15, 
  10, 
  5, 
  5, 
  5, 
  5, 
  5, 
  5, 
  5
 ], 
 "runs": [
  {
   "avg_task_cost_vs_number_of_task": [
    2470, 
    1750.5, 
    1341.3333333333333, 
    1370.5, 
    1219.4, 
    1206.5000000000002, 
    1034.1428571428573, 
    904.8750000000001, 
    876.7777777777779, 
    789.1000000000001, 
    808.1818181818184, 
    678.7500000000001, 
    706.0769230769231, 
    644.7857142857144, 
    596.7333333333333, 
    670.625, 
    604.5294117647059, 
    608.2777777777778, 
    624.5263157894738, 
    593.85, 
    573.2857142857143, 
    575.2727272727274, 
    583.608695652174, 
    554.7500000000001, 
    535.3600000000001, 
    675.5384615384615, 
    593.2222222222224, 
    476.25, 
    496.68965517241384, 
    516.8666666666666
   ], 
   "number_of_vehicles": 3
  }
 ], 
 "vehicle_starting_positions": [
  "Amsterdam", 
  "Rotterdam", 
  "Den Haag", 
  "Utrecht", 
  "Eindhoven", 
  "Almere", 
  "Groningen", 
  "Nijmegen", 
  "Breda", 
  "Apeldoorn"
 ], 
 "task_distribution": {
  "distance_matrix": [
   [
    0, 
    90.6, 
    65.2, 
    45.6, 
    137.5, 
    31.9, 
    185.9, 
    132, 
    119.1, 
    90.2
   ], 
   [
    90.6, 
    0, 
    25.4, 
    62.3, 
    110.8, 
    105.6, 
    259.6, 
    112, 
    48.6, 
    129.3
   ], 
   [
    65.2, 
    25.4, 
    0, 
    87.7, 
    136.2, 
    97.1, 
    251.1, 
    137.4, 
    74, 
    154.7
   ], 
   [
    45.6, 
    62.3, 
    87.7, 
    0, 
    91.9, 
    43.3, 
    197.3, 
    86.4, 
    73.5, 
    67
   ], 
   [
    137.5, 
    110.8, 
    136.2, 
    91.9, 
    0, 
    135.2, 
    268.3, 
    70.2, 
    62.2, 
    127.3
   ], 
   [
    31.9, 
    105.6, 
    97.1, 
    43.3, 
    135.2, 
    0, 
    154, 
    129.7, 
    116.8, 
    80.1
   ], 
   [
    185.9, 
    259.6, 
    251.1, 
    197.3, 
    268.3, 
    154, 
    0, 
    198.1, 
    270.8, 
    141
   ], 
   [
    132, 
    112, 
    137.4, 
    86.4, 
    70.2, 
    129.7, 
    198.1, 
    0, 
    96.2, 
    57.1
   ], 
   [
    119.1, 
    48.6, 
    74, 
    73.5, 
    62.2, 
    116.8, 
    270.8, 
    96.2, 
    0, 
    140.5
   ], 
   [
    90.2, 
    129.3, 
    154.7, 
    67, 
    127.3, 
    80.1, 
    141, 
    57.1, 
    140.5, 
    0
   ]
  ], 
  "weight_matrix": [
   [
    0, 
    3, 
    3, 
    3, 
    3, 
    3, 
    3, 
    3, 
    3, 
    3
   ], 
   [
    3, 
    0, 
    3, 
    3, 
    3, 
    3, 
    3, 
    3, 
    3, 
    3
   ], 
   [
    3, 
    3, 
    0, 
    3, 
    3, 
    3, 
    3, 
    3, 
    3, 
    3
   ], 
   [
    3, 
    3, 
    3, 
    0, 
    3, 
    3, 
    3, 
    3, 
    3, 
    3
   ], 
   [
    3, 
    3, 
    3, 
    3, 
    0, 
    3, 
    3, 
    3, 
    3, 
    3
   ], 
   [
    3, 
    3, 
    3, 
    3, 
    3, 
    0, 
    3, 
    3, 
    3, 
    3
   ], 
   [
    3, 
    3, 
    3, 
    3, 
    3, 
    3, 
    0, 
    3, 
    3, 
    3
   ], 
   [
    3, 
    3, 
    3, 
    3, 
    3, 
    3, 
    3, 
    0, 
    3, 
    3
   ], 
   [
    3, 
    3, 
    3, 
    3, 
    3, 
    3, 
    3, 
    3, 
    0, 
    3
   ], 
   [
    3, 
    3, 
    3, 
    3, 
    3, 
    3, 
    3, 
    3, 
    3, 
    0
   ]
  ], 
  "city_names": [
   "Amsterdam", 
   "Rotterdam", 
   "Den Haag", 
   "Utrecht", 
   "Eindhoven", 
   "Almere", 
   "Groningen", 
   "Nijmegen", 
   "Breda", 
   "Apeldoorn"
  ], 
  "reward_matrix": [
   [
    0, 
    73456, 
    83796, 
    91775, 
    54364, 
    97352, 
    34661, 
    56603, 
    61855, 
    73619
   ], 
   [
    73456, 
    0, 
    99999, 
    84977, 
    65233, 
    67350, 
    4659, 
    64745, 
    90554, 
    57702
   ], 
   [
    83796, 
    99999, 
    0, 
    74637, 
    54893, 
    70810, 
    8119, 
    54405, 
    80214, 
    47362
   ], 
   [
    91775, 
    84977, 
    74637, 
    0, 
    72927, 
    92712, 
    30020, 
    75166, 
    80418, 
    83064
   ], 
   [
    54364, 
    65233, 
    54893, 
    72927, 
    0, 
    55300, 
    1117, 
    81761, 
    85018, 
    58516
   ], 
   [
    97352, 
    67350, 
    70810, 
    92712, 
    55300, 
    0, 
    47647, 
    57539, 
    62791, 
    77731
   ], 
   [
    34661, 
    4659, 
    8119, 
    30020, 
    1117, 
    47647, 
    0, 
    29695, 
    100, 
    52939
   ], 
   [
    56603, 
    64745, 
    54405, 
    75166, 
    81761, 
    57539, 
    29695, 
    0, 
    71177, 
    87094
   ], 
   [
    61855, 
    90554, 
    80214, 
    80418, 
    85018, 
    62791, 
    100, 
    71177, 
    0, 
    53143
   ], 
   [
    73619, 
    57702, 
    47362, 
    83064, 
    58516, 
    77731, 
    52939, 
    87094, 
    53143, 
    0
   ]
  ], 
  "probability_matrix": [
   [
    0, 
    0.14087025580740042, 
    0.14726172140348262, 
    0.1146118295169128, 
    0.06058408155308193, 
    0.15534842041176114, 
    0.1458024773227686, 
    0.01688732709234254, 
    0.18380337551838022, 
    0.03483051137386946
   ], 
   [
    0.023305754935863197, 
    0, 
    0.13856094272979624, 
    0.16251369727561588, 
    0.006277153538188106, 
    0.1886202005817294, 
    0.1722291617402486, 
    0.10399739994778072, 
    0.18280006157990492, 
    0.021695627670872877
   ], 
   [
    0.14932629507418435, 
    0.04389339260577367, 
    0, 
    0.10395558328899004, 
    0.08125351178226126, 
    0.10249413633493848, 
    0.16060196581811834, 
    0.14602696007226854, 
    0.012721778281012992, 
    0.1997263767424524
   ], 
   [
    0.056270489320876346, 
    0.034674936108756764, 
    0.24743611214984668, 
    0, 
    0.07311225857095562, 
    0.18616783886232574, 
    0.04081490905721834, 
    0.07320372498932322, 
    0.20433121927412856, 
    0.083988511666569
   ], 
   [
    0.20082514685237013, 
    0.10098259884638931, 
    0.10834257352274701, 
    0.11292185753071449, 
    0, 
    0.17755645754870042, 
    0.009803351841291547, 
    0.011982829232108836, 
    0.21707133915703553, 
    0.060513845468643
   ], 
   [
    0.13177137767748742, 
    0.02870356710567363, 
    0.1595894700598154, 
    0.1846314665331026, 
    0.1420355285478275, 
    0, 
    0.1313954331564975, 
    0.04704950404577269, 
    0.11929679839114916, 
    0.05552685448267412
   ], 
   [
    0.13423635327864897, 
    0.04745036444220213, 
    0.2146761716006026, 
    0.0002104301207063099, 
    0.0942877236991022, 
    0.2052767362742861, 
    0, 
    0.19196252705623157, 
    0.045201266577373125, 
    0.06669842695084698
   ], 
   [
    0.15038030599113242, 
    0.10326487481276658, 
    0.11451141246616352, 
    0.01768775961324147, 
    0.1934795318186704, 
    0.07405357950607287, 
    0.11166198991949548, 
    0, 
    0.1211984384878237, 
    0.11376210738463341
   ], 
   [
    0.1761034753688579, 
    0.08414487029307573, 
    0.047263583530852464, 
    0.19148720075662573, 
    0.14683946986199217, 
    0.09833497765130143, 
    0.030617473990544222, 
    0.1563840601230453, 
    0, 
    0.06882488842370517
   ], 
   [
    0.07176525007760373, 
    0.08247142505531053, 
    0.15715587222528898, 
    0.243343943993956, 
    0.0015109568418911906, 
    0.07382142196321778, 
    0.2071766120526504, 
    0.029896646847672206, 
    0.13285787094240922, 
    0
   ]
  ]
 }, 
 "vehicle_capacities": [
  15, 
  15, 
  15, 
  5, 
  20, 
  30, 
  30, 
  30, 
  30, 
  30
 ]
}