{
 "vehicle_cost_per_km": [
  10, 
  15, 
  10, 
  5, 
  5, 
  5, 
  5, 
  5, 
  5, 
  5
 ], 
 "runs": [
  {
   "avg_task_cost_vs_number_of_task": [
    877, 
    2553.5, 
    2213.6666666666665, 
    1660.2499999999998, 
    1403.8, 
    1169.8333333333333, 
    1076.8571428571427, 
    1046.5, 
    961.2222222222221, 
    882.8, 
    855.1818181818181, 
    735.6666666666666, 
    736.9230769230768, 
    731.0714285714286, 
    729.5333333333334, 
    753.25, 
    744.1176470588235, 
    736.1666666666666, 
    708.6842105263158, 
    679.15, 
    666.8571428571429, 
    692.6818181818181, 
    664.3043478260869, 
    639.5416666666667, 
    588.64, 
    613.0384615384615, 
    601.2962962962964, 
    628.5714285714286, 
    616.4137931034483, 
    565.7
   ], 
   "number_of_vehicles": 3
  }
 ], 
 "vehicle_starting_positions": [
  "Amsterdam", 
  "Rotterdam", 
  "Den Haag", 
  "Utrecht", 
  "Eindhoven", 
  "Almere", 
  "Groningen", 
  "Nijmegen", 
  "Breda", 
  "Apeldoorn"
 ], 
 "task_distribution": {
  "distance_matrix": [
   [
    0, 
    90.6, 
    65.2, 
    45.6, 
    137.5, 
    31.9, 
    185.9, 
    132, 
    119.1, 
    90.2
   ], 
   [
    90.6, 
    0, 
    25.4, 
    62.3, 
    110.8, 
    105.6, 
    259.6, 
    112, 
    48.6, 
    129.3
   ], 
   [
    65.2, 
    25.4, 
    0, 
    87.7, 
    136.2, 
    97.1, 
    251.1, 
    137.4, 
    74, 
    154.7
   ], 
   [
    45.6, 
    62.3, 
    87.7, 
    0, 
    91.9, 
    43.3, 
    197.3, 
    86.4, 
    73.5, 
    67
   ], 
   [
    137.5, 
    110.8, 
    136.2, 
    91.9, 
    0, 
    135.2, 
    268.3, 
    70.2, 
    62.2, 
    127.3
   ], 
   [
    31.9, 
    105.6, 
    97.1, 
    43.3, 
    135.2, 
    0, 
    154, 
    129.7, 
    116.8, 
    80.1
   ], 
   [
    185.9, 
    259.6, 
    251.1, 
    197.3, 
    268.3, 
    154, 
    0, 
    198.1, 
    270.8, 
    141
   ], 
   [
    132, 
    112, 
    137.4, 
    86.4, 
    70.2, 
    129.7, 
    198.1, 
    0, 
    96.2, 
    57.1
   ], 
   [
    119.1, 
    48.6, 
    74, 
    73.5, 
    62.2, 
    116.8, 
    270.8, 
    96.2, 
    0, 
    140.5
   ], 
   [
    90.2, 
    129.3, 
    154.7, 
    67, 
    127.3, 
    80.1, 
    141, 
    57.1, 
    140.5, 
    0
   ]
  ], 
  "weight_matrix": [
   [
    0, 
    3, 
    3, 
    3, 
    3, 
    3, 
    3, 
    3, 
    3, 
    3
   ], 
   [
    3, 
    0, 
    3, 
    3, 
    3, 
    3, 
    3, 
    3, 
    3, 
    3
   ], 
   [
    3, 
    3, 
    0, 
    3, 
    3, 
    3, 
    3, 
    3, 
    3, 
    3
   ], 
   [
    3, 
    3, 
    3, 
    0, 
    3, 
    3, 
    3, 
    3, 
    3, 
    3
   ], 
   [
    3, 
    3, 
    3, 
    3, 
    0, 
    3, 
    3, 
    3, 
    3, 
    3
   ], 
   [
    3, 
    3, 
    3, 
    3, 
    3, 
    0, 
    3, 
    3, 
    3, 
    3
   ], 
   [
    3, 
    3, 
    3, 
    3, 
    3, 
    3, 
    0, 
    3, 
    3, 
    3
   ], 
   [
    3, 
    3, 
    3, 
    3, 
    3, 
    3, 
    3, 
    0, 
    3, 
    3
   ], 
   [
    3, 
    3, 
    3, 
    3, 
    3, 
    3, 
    3, 
    3, 
    0, 
    3
   ], 
   [
    3, 
    3, 
    3, 
    3, 
    3, 
    3, 
    3, 
    3, 
    3, 
    0
   ]
  ], 
  "city_names": [
   "Amsterdam", 
   "Rotterdam", 
   "Den Haag", 
   "Utrecht", 
   "Eindhoven", 
   "Almere", 
   "Groningen", 
   "Nijmegen", 
   "Breda", 
   "Apeldoorn"
  ], 
  "reward_matrix": [
   [
    0, 
    73456, 
    83796, 
    91775, 
    54364, 
    97352, 
    34661, 
    56603, 
    61855, 
    73619
   ], 
   [
    73456, 
    0, 
    99999, 
    84977, 
    65233, 
    67350, 
    4659, 
    64745, 
    90554, 
    57702
   ], 
   [
    83796, 
    99999, 
    0, 
    74637, 
    54893, 
    70810, 
    8119, 
    54405, 
    80214, 
    47362
   ], 
   [
    91775, 
    84977, 
    74637, 
    0, 
    72927, 
    92712, 
    30020, 
    75166, 
    80418, 
    83064
   ], 
   [
    54364, 
    65233, 
    54893, 
    72927, 
    0, 
    55300, 
    1117, 
    81761, 
    85018, 
    58516
   ], 
   [
    97352, 
    67350, 
    70810, 
    92712, 
    55300, 
    0, 
    47647, 
    57539, 
    62791, 
    77731
   ], 
   [
    34661, 
    4659, 
    8119, 
    30020, 
    1117, 
    47647, 
    0, 
    29695, 
    100, 
    52939
   ], 
   [
    56603, 
    64745, 
    54405, 
    75166, 
    81761, 
    57539, 
    29695, 
    0, 
    71177, 
    87094
   ], 
   [
    61855, 
    90554, 
    80214, 
    80418, 
    85018, 
    62791, 
    100, 
    71177, 
    0, 
    53143
   ], 
   [
    73619, 
    57702, 
    47362, 
    83064, 
    58516, 
    77731, 
    52939, 
    87094, 
    53143, 
    0
   ]
  ], 
  "probability_matrix": [
   [
    0, 
    0.08314805835959038, 
    0.04278766244022133, 
    0.10179500490493466, 
    0.08741904716176904, 
    0.21441333112394723, 
    0.032713212925215666, 
    0.1788909862466394, 
    0.108109327417049, 
    0.15072336942063333
   ], 
   [
    0.0035756826868277992, 
    0, 
    0.1802305542732473, 
    0.04495424618796726, 
    0.22722717153344107, 
    0.22284964384721656, 
    0.07676395688933772, 
    0.07193923654798189, 
    0.13256659370437027, 
    0.03989291432960992
   ], 
   [
    0.05845120768783439, 
    0.03621629492859585, 
    0, 
    0.1683432694703183, 
    0.10837229841888393, 
    0.11809866632065515, 
    0.12643174387829573, 
    0.17651661271475436, 
    0.12183844537831817, 
    0.08573146120234429
   ], 
   [
    0.1976610625532026, 
    0.12343131105428441, 
    0.035628932540320395, 
    0, 
    0.004007230260077932, 
    0.14916488083309262, 
    0.051479615733049315, 
    0.1435113509921508, 
    0.10627101983046756, 
    0.18884459620335434
   ], 
   [
    0.1018766911194977, 
    0.16973448609791084, 
    0.18590073965563833, 
    0.06724717418023707, 
    0, 
    0.13920247732537733, 
    0.07113726784900824, 
    0.03381238808610309, 
    0.1442103430660309, 
    0.08687843262019647
   ], 
   [
    0.13183816234033952, 
    0.016785758706662574, 
    0.12920785174788849, 
    0.16511169593135533, 
    0.03682179035751782, 
    0, 
    0.14440129635639504, 
    0.12594162768657752, 
    0.13677039685829495, 
    0.11312142001496876
   ], 
   [
    0.11515456151896343, 
    0.1694015076172209, 
    0.08545804820933295, 
    0.09440224917994626, 
    0.1624453649453989, 
    0.2240249802977019, 
    0, 
    0.08253259670385718, 
    0.06401327040464028, 
    0.0025674211229381864
   ], 
   [
    0.15283349365282276, 
    0.028418728467310216, 
    0.13009035270155173, 
    0.022561237590617213, 
    0.1185040433596272, 
    0.15097817450722115, 
    0.04368035082354661, 
    0, 
    0.15918361694150843, 
    0.19375000195579464
   ], 
   [
    0.05503292868720521, 
    0.1678939363688276, 
    0.12234774754119548, 
    0.11215030221571012, 
    0.19863586310598336, 
    0.10122832711170594, 
    0.04047666531056503, 
    0.1542318424390106, 
    0, 
    0.04800238721979668
   ], 
   [
    0.12009110107479076, 
    0.024442899244935083, 
    0.13087940687178906, 
    0.16722340359620078, 
    0.0986773104281578, 
    0.02727460435862769, 
    0.17051833718097206, 
    0.14619477951233656, 
    0.11469815773219028, 
    0
   ]
  ]
 }, 
 "vehicle_capacities": [
  10, 
  10, 
  10, 
  5, 
  20, 
  30, 
  30, 
  30, 
  30, 
  30
 ]
}