{
 "vehicle_cost_per_km": [
  10, 
  10, 
  5, 
  5, 
  5, 
  5, 
  5, 
  5, 
  5, 
  5
 ], 
 "runs": [
  {
   "avg_task_cost_vs_number_of_task": [
    701.9999999999999, 
    1350.75, 
    1018.8333333333334, 
    867.1249999999999, 
    725.3, 
    672.0833333333333, 
    622.1428571428571, 
    544.375, 
    575.9444444444443, 
    468.35, 
    460.77272727272725, 
    444.5, 
    422.7307692307693, 
    468.1071428571428, 
    439.46666666666664, 
    403.75, 
    417.0882352941176, 
    395.22222222222223, 
    419.9210526315789, 
    411.2500000000001, 
    411.6904761904762, 
    371.20454545454544, 
    380.5434782608695, 
    401.79166666666674, 
    443.26, 
    403.2692307692308, 
    464.9629629629629, 
    438.4464285714285, 
    413.6551724137931, 
    400.98333333333335
   ], 
   "number_of_vehicles": 3
  }
 ], 
 "vehicle_starting_positions": [
  "Amsterdam", 
  "Rotterdam", 
  "Den Haag", 
  "Utrecht", 
  "Eindhoven", 
  "Almere", 
  "Groningen", 
  "Nijmegen", 
  "Breda", 
  "Apeldoorn"
 ], 
 "task_distribution": {
  "distance_matrix": [
   [
    0, 
    90.6, 
    65.2, 
    45.6, 
    137.5, 
    31.9, 
    185.9, 
    132, 
    119.1, 
    90.2
   ], 
   [
    90.6, 
    0, 
    25.4, 
    62.3, 
    110.8, 
    105.6, 
    259.6, 
    112, 
    48.6, 
    129.3
   ], 
   [
    65.2, 
    25.4, 
    0, 
    87.7, 
    136.2, 
    97.1, 
    251.1, 
    137.4, 
    74, 
    154.7
   ], 
   [
    45.6, 
    62.3, 
    87.7, 
    0, 
    91.9, 
    43.3, 
    197.3, 
    86.4, 
    73.5, 
    67
   ], 
   [
    137.5, 
    110.8, 
    136.2, 
    91.9, 
    0, 
    135.2, 
    268.3, 
    70.2, 
    62.2, 
    127.3
   ], 
   [
    31.9, 
    105.6, 
    97.1, 
    43.3, 
    135.2, 
    0, 
    154, 
    129.7, 
    116.8, 
    80.1
   ], 
   [
    185.9, 
    259.6, 
    251.1, 
    197.3, 
    268.3, 
    154, 
    0, 
    198.1, 
    270.8, 
    141
   ], 
   [
    132, 
    112, 
    137.4, 
    86.4, 
    70.2, 
    129.7, 
    198.1, 
    0, 
    96.2, 
    57.1
   ], 
   [
    119.1, 
    48.6, 
    74, 
    73.5, 
    62.2, 
    116.8, 
    270.8, 
    96.2, 
    0, 
    140.5
   ], 
   [
    90.2, 
    129.3, 
    154.7, 
    67, 
    127.3, 
    80.1, 
    141, 
    57.1, 
    140.5, 
    0
   ]
  ], 
  "weight_matrix": [
   [
    0, 
    3, 
    3, 
    3, 
    3, 
    3, 
    3, 
    3, 
    3, 
    3
   ], 
   [
    3, 
    0, 
    3, 
    3, 
    3, 
    3, 
    3, 
    3, 
    3, 
    3
   ], 
   [
    3, 
    3, 
    0, 
    3, 
    3, 
    3, 
    3, 
    3, 
    3, 
    3
   ], 
   [
    3, 
    3, 
    3, 
    0, 
    3, 
    3, 
    3, 
    3, 
    3, 
    3
   ], 
   [
    3, 
    3, 
    3, 
    3, 
    0, 
    3, 
    3, 
    3, 
    3, 
    3
   ], 
   [
    3, 
    3, 
    3, 
    3, 
    3, 
    0, 
    3, 
    3, 
    3, 
    3
   ], 
   [
    3, 
    3, 
    3, 
    3, 
    3, 
    3, 
    0, 
    3, 
    3, 
    3
   ], 
   [
    3, 
    3, 
    3, 
    3, 
    3, 
    3, 
    3, 
    0, 
    3, 
    3
   ], 
   [
    3, 
    3, 
    3, 
    3, 
    3, 
    3, 
    3, 
    3, 
    0, 
    3
   ], 
   [
    3, 
    3, 
    3, 
    3, 
    3, 
    3, 
    3, 
    3, 
    3, 
    0
   ]
  ], 
  "city_names": [
   "Amsterdam", 
   "Rotterdam", 
   "Den Haag", 
   "Utrecht", 
   "Eindhoven", 
   "Almere", 
   "Groningen", 
   "Nijmegen", 
   "Breda", 
   "Apeldoorn"
  ], 
  "reward_matrix": [
   [
    0, 
    73456, 
    83796, 
    91775, 
    54364, 
    97352, 
    34661, 
    56603, 
    61855, 
    73619
   ], 
   [
    73456, 
    0, 
    99999, 
    84977, 
    65233, 
    67350, 
    4659, 
    64745, 
    90554, 
    57702
   ], 
   [
    83796, 
    99999, 
    0, 
    74637, 
    54893, 
    70810, 
    8119, 
    54405, 
    80214, 
    47362
   ], 
   [
    91775, 
    84977, 
    74637, 
    0, 
    72927, 
    92712, 
    30020, 
    75166, 
    80418, 
    83064
   ], 
   [
    54364, 
    65233, 
    54893, 
    72927, 
    0, 
    55300, 
    1117, 
    81761, 
    85018, 
    58516
   ], 
   [
    97352, 
    67350, 
    70810, 
    92712, 
    55300, 
    0, 
    47647, 
    57539, 
    62791, 
    77731
   ], 
   [
    34661, 
    4659, 
    8119, 
    30020, 
    1117, 
    47647, 
    0, 
    29695, 
    100, 
    52939
   ], 
   [
    56603, 
    64745, 
    54405, 
    75166, 
    81761, 
    57539, 
    29695, 
    0, 
    71177, 
    87094
   ], 
   [
    61855, 
    90554, 
    80214, 
    80418, 
    85018, 
    62791, 
    100, 
    71177, 
    0, 
    53143
   ], 
   [
    73619, 
    57702, 
    47362, 
    83064, 
    58516, 
    77731, 
    52939, 
    87094, 
    53143, 
    0
   ]
  ], 
  "probability_matrix": [
   [
    0, 
    0.15438652107518452, 
    0.19179765529069412, 
    0.08513686209018057, 
    0.15923069165948506, 
    0.13389732930861062, 
    0.15720722826795566, 
    0.06653079421737722, 
    0.0491047500967795, 
    0.002708167993732555
   ], 
   [
    0.1325121008703474, 
    0, 
    0.08827773317089029, 
    0.19029420207037426, 
    0.0960234145032082, 
    0.0281664591874175, 
    0.11161935419922218, 
    0.15866322243761788, 
    0.09160896571928491, 
    0.10283454784163758
   ], 
   [
    0.009405059869230048, 
    0.265533309836705, 
    0, 
    0.12686507065667296, 
    0.09966870731359835, 
    0.1469800210097183, 
    0.06939554059099608, 
    7.260922415980748e-05, 
    0.2502471894240897, 
    0.031832492074829966
   ], 
   [
    0.0860287507275217, 
    0.12007273518966122, 
    0.15533958887680543, 
    0, 
    0.12764233521030136, 
    0.037858367159030806, 
    0.14095366562130998, 
    0.16137109690895843, 
    0.13845493073776272, 
    0.032278529568648406
   ], 
   [
    0.1342244535080276, 
    0.09199115180019297, 
    0.04133603037939914, 
    0.15420363903949438, 
    0, 
    0.13489806278536104, 
    0.15366903844326044, 
    0.1146004725020462, 
    0.12919829303970104, 
    0.04587885850251708
   ], 
   [
    0.15212486949851078, 
    0.07307129207553381, 
    0.07077306544280755, 
    0.13649519523916234, 
    0.1602002622905658, 
    0, 
    0.08584566182159509, 
    0.10457548404962329, 
    0.06753230137854757, 
    0.14938186820365373
   ], 
   [
    0.1029824013777704, 
    0.10041336185909747, 
    0.060514731993578985, 
    0.02761237036286025, 
    0.1489851724853853, 
    0.1244103741217132, 
    0, 
    0.11215312461223301, 
    0.16163969497952843, 
    0.1612887682078329
   ], 
   [
    0.015255443082020153, 
    0.09423339535771104, 
    0.18369556539852122, 
    0.1593336275154963, 
    0.0049529849040941465, 
    0.1623272803252974, 
    0.061931685335083544, 
    0, 
    0.17874564092430814, 
    0.1395243771574682
   ], 
   [
    0.20743914376226216, 
    0.06268740968739234, 
    0.08768164214680942, 
    0.00866759161825556, 
    0.15843641854440835, 
    0.20487700565384245, 
    0.03568064307114811, 
    0.10681281260655523, 
    0, 
    0.12771733290932644
   ], 
   [
    0.24420723223524338, 
    0.1369144583538267, 
    0.02506399027855593, 
    0.22409629579335377, 
    0.062367481128237034, 
    0.23080178789223985, 
    0.003474928540493631, 
    0.01240580756933011, 
    0.06066801820871963, 
    0
   ]
  ]
 }, 
 "vehicle_capacities": [
  10, 
  10, 
  10, 
  5, 
  20, 
  30, 
  30, 
  30, 
  30, 
  30
 ]
}