{
 "vehicle_cost_per_km": [
  5, 
  5, 
  5, 
  5, 
  5
 ], 
 "runs": [
  {
   "avg_task_cost_vs_number_of_task": [
    326, 
    440, 
    418.6666666666667, 
    434.99999999999994, 
    435.7, 
    365.5, 
    331.42857142857144, 
    296.1875, 
    263.27777777777777, 
    236.95, 
    316, 
    330.25, 
    304.84615384615387, 
    318.2142857142857, 
    264.2, 
    271.9375, 
    277.55882352941177, 
    241.58333333333334, 
    278.13157894736844, 
    261.475, 
    260.35714285714283, 
    237.38636363636363, 
    242.06521739130434, 
    249.16666666666666, 
    230.84, 
    231.94230769230768, 
    247.0740740740741, 
    201.12500000000003, 
    204.9137931034483, 
    205.55
   ], 
   "number_of_vehicles": 5
  }
 ], 
 "vehicle_starting_positions": [
  "Amsterdam", 
  "Rotterdam", 
  "Den Haag", 
  "Utrecht", 
  "Eindhoven", 
  "Almere", 
  "Groningen", 
  "Nijmegen", 
  "Breda", 
  "Apeldoorn"
 ], 
 "task_distribution": {
  "distance_matrix": [
   [
    0, 
    90.6, 
    65.2, 
    45.6, 
    137.5, 
    31.9, 
    185.9, 
    132, 
    119.1, 
    90.2
   ], 
   [
    90.6, 
    0, 
    25.4, 
    62.3, 
    110.8, 
    105.6, 
    259.6, 
    112, 
    48.6, 
    129.3
   ], 
   [
    65.2, 
    25.4, 
    0, 
    87.7, 
    136.2, 
    97.1, 
    251.1, 
    137.4, 
    74, 
    154.7
   ], 
   [
    45.6, 
    62.3, 
    87.7, 
    0, 
    91.9, 
    43.3, 
    197.3, 
    86.4, 
    73.5, 
    67
   ], 
   [
    137.5, 
    110.8, 
    136.2, 
    91.9, 
    0, 
    135.2, 
    268.3, 
    70.2, 
    62.2, 
    127.3
   ], 
   [
    31.9, 
    105.6, 
    97.1, 
    43.3, 
    135.2, 
    0, 
    154, 
    129.7, 
    116.8, 
    80.1
   ], 
   [
    185.9, 
    259.6, 
    251.1, 
    197.3, 
    268.3, 
    154, 
    0, 
    198.1, 
    270.8, 
    141
   ], 
   [
    132, 
    112, 
    137.4, 
    86.4, 
    70.2, 
    129.7, 
    198.1, 
    0, 
    96.2, 
    57.1
   ], 
   [
    119.1, 
    48.6, 
    74, 
    73.5, 
    62.2, 
    116.8, 
    270.8, 
    96.2, 
    0, 
    140.5
   ], 
   [
    90.2, 
    129.3, 
    154.7, 
    67, 
    127.3, 
    80.1, 
    141, 
    57.1, 
    140.5, 
    0
   ]
  ], 
  "weight_matrix": [
   [
    0, 
    3, 
    3, 
    3, 
    3, 
    3, 
    3, 
    3, 
    3, 
    3
   ], 
   [
    3, 
    0, 
    3, 
    3, 
    3, 
    3, 
    3, 
    3, 
    3, 
    3
   ], 
   [
    3, 
    3, 
    0, 
    3, 
    3, 
    3, 
    3, 
    3, 
    3, 
    3
   ], 
   [
    3, 
    3, 
    3, 
    0, 
    3, 
    3, 
    3, 
    3, 
    3, 
    3
   ], 
   [
    3, 
    3, 
    3, 
    3, 
    0, 
    3, 
    3, 
    3, 
    3, 
    3
   ], 
   [
    3, 
    3, 
    3, 
    3, 
    3, 
    0, 
    3, 
    3, 
    3, 
    3
   ], 
   [
    3, 
    3, 
    3, 
    3, 
    3, 
    3, 
    0, 
    3, 
    3, 
    3
   ], 
   [
    3, 
    3, 
    3, 
    3, 
    3, 
    3, 
    3, 
    0, 
    3, 
    3
   ], 
   [
    3, 
    3, 
    3, 
    3, 
    3, 
    3, 
    3, 
    3, 
    0, 
    3
   ], 
   [
    3, 
    3, 
    3, 
    3, 
    3, 
    3, 
    3, 
    3, 
    3, 
    0
   ]
  ], 
  "city_names": [
   "Amsterdam", 
   "Rotterdam", 
   "Den Haag", 
   "Utrecht", 
   "Eindhoven", 
   "Almere", 
   "Groningen", 
   "Nijmegen", 
   "Breda", 
   "Apeldoorn"
  ], 
  "reward_matrix": [
   [
    0, 
    73456, 
    83796, 
    91775, 
    54364, 
    97352, 
    34661, 
    56603, 
    61855, 
    73619
   ], 
   [
    73456, 
    0, 
    99999, 
    84977, 
    65233, 
    67350, 
    4659, 
    64745, 
    90554, 
    57702
   ], 
   [
    83796, 
    99999, 
    0, 
    74637, 
    54893, 
    70810, 
    8119, 
    54405, 
    80214, 
    47362
   ], 
   [
    91775, 
    84977, 
    74637, 
    0, 
    72927, 
    92712, 
    30020, 
    75166, 
    80418, 
    83064
   ], 
   [
    54364, 
    65233, 
    54893, 
    72927, 
    0, 
    55300, 
    1117, 
    81761, 
    85018, 
    58516
   ], 
   [
    97352, 
    67350, 
    70810, 
    92712, 
    55300, 
    0, 
    47647, 
    57539, 
    62791, 
    77731
   ], 
   [
    34661, 
    4659, 
    8119, 
    30020, 
    1117, 
    47647, 
    0, 
    29695, 
    100, 
    52939
   ], 
   [
    56603, 
    64745, 
    54405, 
    75166, 
    81761, 
    57539, 
    29695, 
    0, 
    71177, 
    87094
   ], 
   [
    61855, 
    90554, 
    80214, 
    80418, 
    85018, 
    62791, 
    100, 
    71177, 
    0, 
    53143
   ], 
   [
    73619, 
    57702, 
    47362, 
    83064, 
    58516, 
    77731, 
    52939, 
    87094, 
    53143, 
    0
   ]
  ], 
  "probability_matrix": [
   [
    0, 
    0.17716995591205406, 
    0.18121352478212246, 
    0.1456979191178864, 
    0.20145448187062853, 
    0.029350983109852527, 
    0.08597441559269392, 
    0.07219905736677512, 
    0.08638839748147471, 
    0.020551264766512208
   ], 
   [
    0.12365054296907511, 
    0, 
    0.0774889274162377, 
    0.11356111135239227, 
    0.1651098150611321, 
    0.08212146683561417, 
    0.08171657410386762, 
    0.160103125153885, 
    0.16797634014800608, 
    0.028272096959789935
   ], 
   [
    0.06560251956763206, 
    0.11675229871009069, 
    0, 
    0.06742278301020006, 
    0.14384221865563535, 
    0.08036929962957025, 
    0.06945335291602982, 
    0.10700224535138103, 
    0.1755990665924386, 
    0.1739562155670222
   ], 
   [
    0.11341967053751889, 
    0.08302569133925347, 
    0.06779346315814538, 
    0, 
    0.18522750813219196, 
    0.015998829750707558, 
    0.2191606375838549, 
    0.06182835377711569, 
    0.18100806215904192, 
    0.07253778356217021
   ], 
   [
    0.20717050541780546, 
    0.19099434921062342, 
    0.019372637046624334, 
    0.08592474176291769, 
    0, 
    0.15701845535448924, 
    0.16277141041803347, 
    0.03520627620362695, 
    0.0953908567103445, 
    0.04615076787553498
   ], 
   [
    0.10790178050055473, 
    0.24750070238698602, 
    0.1389941383099782, 
    0.09367848713798844, 
    0.03904042777232635, 
    0, 
    0.08036412166031746, 
    0.14671895909363478, 
    0.024745563712907055, 
    0.12105581942530687
   ], 
   [
    0.12613930014282254, 
    0.11981801226729473, 
    0.04467932342072358, 
    0.05270946956198315, 
    0.12317815820845987, 
    0.1859048102448465, 
    0, 
    0.11788353449106857, 
    0.021120038660328203, 
    0.2085673530024729
   ], 
   [
    0.03147051077414477, 
    0.004061722638939543, 
    0.0011043951228080968, 
    0.08636205283376293, 
    0.2130374906745127, 
    0.24309682285895723, 
    0.15149705285975945, 
    0, 
    0.16529700140868683, 
    0.10407295082842871
   ], 
   [
    0.235090181290823, 
    0.0310547063550186, 
    0.07017215057987536, 
    0.041156048255120425, 
    0.22736900380889025, 
    0.02897184772459551, 
    0.15057511534771664, 
    0.17641925648992152, 
    0, 
    0.0391916901480387
   ], 
   [
    0.14418757036439542, 
    0.15427108096800804, 
    0.16659486989391092, 
    0.1522961785010724, 
    0.0839013690052923, 
    0.08294311279264546, 
    0.12128366543260223, 
    0.08214818974424169, 
    0.01237396329783157, 
    0
   ]
  ]
 }, 
 "vehicle_capacities": [
  5, 
  5, 
  20, 
  25, 
  25, 
  30, 
  30, 
  30, 
  30, 
  30
 ]
}