{
 "vehicle_cost_per_km": [
  5, 
  5, 
  5, 
  5, 
  5
 ], 
 "runs": [
  {
   "avg_task_cost_vs_number_of_task": [
    832, 
    1229, 
    942.6666666666665, 
    752.25, 
    737.5000000000001, 
    615.9999999999999, 
    527.9999999999999, 
    479.00000000000006, 
    409.7222222222223, 
    368.75000000000006, 
    344.40909090909093, 
    348.5833333333333, 
    304.4615384615385, 
    331.60714285714283, 
    358, 
    321.84375, 
    325.4411764705883, 
    284.44444444444446, 
    310.6842105263158, 
    297.1, 
    259.95238095238096, 
    266.29545454545456, 
    248.19565217391303, 
    248.72916666666666, 
    256.00000000000006, 
    263.7692307692308, 
    243.37037037037044, 
    190.2321428571429, 
    244.1724137931035, 
    201.81666666666666
   ], 
   "number_of_vehicles": 5
  }
 ], 
 "vehicle_starting_positions": [
  "Amsterdam", 
  "Rotterdam", 
  "Den Haag", 
  "Utrecht", 
  "Eindhoven", 
  "Almere", 
  "Groningen", 
  "Nijmegen", 
  "Breda", 
  "Apeldoorn"
 ], 
 "task_distribution": {
  "distance_matrix": [
   [
    0, 
    90.6, 
    65.2, 
    45.6, 
    137.5, 
    31.9, 
    185.9, 
    132, 
    119.1, 
    90.2
   ], 
   [
    90.6, 
    0, 
    25.4, 
    62.3, 
    110.8, 
    105.6, 
    259.6, 
    112, 
    48.6, 
    129.3
   ], 
   [
    65.2, 
    25.4, 
    0, 
    87.7, 
    136.2, 
    97.1, 
    251.1, 
    137.4, 
    74, 
    154.7
   ], 
   [
    45.6, 
    62.3, 
    87.7, 
    0, 
    91.9, 
    43.3, 
    197.3, 
    86.4, 
    73.5, 
    67
   ], 
   [
    137.5, 
    110.8, 
    136.2, 
    91.9, 
    0, 
    135.2, 
    268.3, 
    70.2, 
    62.2, 
    127.3
   ], 
   [
    31.9, 
    105.6, 
    97.1, 
    43.3, 
    135.2, 
    0, 
    154, 
    129.7, 
    116.8, 
    80.1
   ], 
   [
    185.9, 
    259.6, 
    251.1, 
    197.3, 
    268.3, 
    154, 
    0, 
    198.1, 
    270.8, 
    141
   ], 
   [
    132, 
    112, 
    137.4, 
    86.4, 
    70.2, 
    129.7, 
    198.1, 
    0, 
    96.2, 
    57.1
   ], 
   [
    119.1, 
    48.6, 
    74, 
    73.5, 
    62.2, 
    116.8, 
    270.8, 
    96.2, 
    0, 
    140.5
   ], 
   [
    90.2, 
    129.3, 
    154.7, 
    67, 
    127.3, 
    80.1, 
    141, 
    57.1, 
    140.5, 
    0
   ]
  ], 
  "weight_matrix": [
   [
    0, 
    3, 
    3, 
    3, 
    3, 
    3, 
    3, 
    3, 
    3, 
    3
   ], 
   [
    3, 
    0, 
    3, 
    3, 
    3, 
    3, 
    3, 
    3, 
    3, 
    3
   ], 
   [
    3, 
    3, 
    0, 
    3, 
    3, 
    3, 
    3, 
    3, 
    3, 
    3
   ], 
   [
    3, 
    3, 
    3, 
    0, 
    3, 
    3, 
    3, 
    3, 
    3, 
    3
   ], 
   [
    3, 
    3, 
    3, 
    3, 
    0, 
    3, 
    3, 
    3, 
    3, 
    3
   ], 
   [
    3, 
    3, 
    3, 
    3, 
    3, 
    0, 
    3, 
    3, 
    3, 
    3
   ], 
   [
    3, 
    3, 
    3, 
    3, 
    3, 
    3, 
    0, 
    3, 
    3, 
    3
   ], 
   [
    3, 
    3, 
    3, 
    3, 
    3, 
    3, 
    3, 
    0, 
    3, 
    3
   ], 
   [
    3, 
    3, 
    3, 
    3, 
    3, 
    3, 
    3, 
    3, 
    0, 
    3
   ], 
   [
    3, 
    3, 
    3, 
    3, 
    3, 
    3, 
    3, 
    3, 
    3, 
    0
   ]
  ], 
  "city_names": [
   "Amsterdam", 
   "Rotterdam", 
   "Den Haag", 
   "Utrecht", 
   "Eindhoven", 
   "Almere", 
   "Groningen", 
   "Nijmegen", 
   "Breda", 
   "Apeldoorn"
  ], 
  "reward_matrix": [
   [
    0, 
    73456, 
    83796, 
    91775, 
    54364, 
    97352, 
    34661, 
    56603, 
    61855, 
    73619
   ], 
   [
    73456, 
    0, 
    99999, 
    84977, 
    65233, 
    67350, 
    4659, 
    64745, 
    90554, 
    57702
   ], 
   [
    83796, 
    99999, 
    0, 
    74637, 
    54893, 
    70810, 
    8119, 
    54405, 
    80214, 
    47362
   ], 
   [
    91775, 
    84977, 
    74637, 
    0, 
    72927, 
    92712, 
    30020, 
    75166, 
    80418, 
    83064
   ], 
   [
    54364, 
    65233, 
    54893, 
    72927, 
    0, 
    55300, 
    1117, 
    81761, 
    85018, 
    58516
   ], 
   [
    97352, 
    67350, 
    70810, 
    92712, 
    55300, 
    0, 
    47647, 
    57539, 
    62791, 
    77731
   ], 
   [
    34661, 
    4659, 
    8119, 
    30020, 
    1117, 
    47647, 
    0, 
    29695, 
    100, 
    52939
   ], 
   [
    56603, 
    64745, 
    54405, 
    75166, 
    81761, 
    57539, 
    29695, 
    0, 
    71177, 
    87094
   ], 
   [
    61855, 
    90554, 
    80214, 
    80418, 
    85018, 
    62791, 
    100, 
    71177, 
    0, 
    53143
   ], 
   [
    73619, 
    57702, 
    47362, 
    83064, 
    58516, 
    77731, 
    52939, 
    87094, 
    53143, 
    0
   ]
  ], 
  "probability_matrix": [
   [
    0, 
    0.015922369800984413, 
    0.19627536315847377, 
    0.2310336700277296, 
    0.056405968268508445, 
    0.18039203101594953, 
    0.028749256964764044, 
    0.10807211021557867, 
    0.10205578602398623, 
    0.08109344452402531
   ], 
   [
    0.005945913162381358, 
    0, 
    0.21156758510438084, 
    0.047289635658947476, 
    0.15143198202671704, 
    0.06777054106044661, 
    0.011108198939924898, 
    0.05177222977728236, 
    0.22258281657593554, 
    0.23053109769398397
   ], 
   [
    0.07969864099840704, 
    0.03170757002661033, 
    0, 
    0.22559370902551237, 
    0.12205578469514394, 
    0.21630057461356242, 
    0.04826206359077033, 
    0.02718643170945656, 
    0.06863501001273532, 
    0.1805602153278018
   ], 
   [
    0.12211936406900203, 
    0.04847950908084854, 
    0.21824407723801867, 
    0, 
    0.07723857054024974, 
    0.09673282597595997, 
    0.11676557850074157, 
    0.21230322240447433, 
    0.05939577103643613, 
    0.04872108115426909
   ], 
   [
    0.010215237453006933, 
    0.15266721382343118, 
    0.19189932148618258, 
    0.1692142962684555, 
    0, 
    0.15789339388712137, 
    0.2043196852684183, 
    0.04972595292141312, 
    0.027439896262911507, 
    0.036625002629059544
   ], 
   [
    0.07994877281302726, 
    0.04162380432156123, 
    0.12675815504270818, 
    0.13358264150646676, 
    0.06163527174418291, 
    0, 
    0.14291375720107508, 
    0.17287942374001417, 
    0.10304112879398547, 
    0.13761704483697915
   ], 
   [
    0.16271126902740984, 
    0.12850876876151449, 
    0.056846475035861585, 
    0.05473015915117764, 
    0.062206550182244934, 
    0.13007340543187978, 
    0, 
    0.11989286317871684, 
    0.14383725464520541, 
    0.1411932545859897
   ], 
   [
    0.045251610222300516, 
    0.07950066857946983, 
    0.14365725017854525, 
    0.15606918425707147, 
    0.19241702689702284, 
    0.12716827321550003, 
    0.048558159393068116, 
    0, 
    0.10977045013658009, 
    0.09760737712044179
   ], 
   [
    0.08378632895866987, 
    0.1696473665262267, 
    0.09688072945202847, 
    0.016542789269286432, 
    0.20470240447784324, 
    0.03513017437045433, 
    0.05625598036889095, 
    0.17042019060163457, 
    0, 
    0.16663403597496554
   ], 
   [
    0.07578264390364345, 
    0.026080676369102974, 
    0.08833999346545085, 
    0.0817817962603857, 
    0.12537654718890223, 
    0.03897130728904679, 
    0.2167734596515365, 
    0.14729061739903437, 
    0.19960295847289714, 
    0
   ]
  ]
 }, 
 "vehicle_capacities": [
  5, 
  20, 
  20, 
  30, 
  30, 
  30, 
  30, 
  30, 
  30, 
  30
 ]
}