{
 "vehicle_cost_per_km": [
  5, 
  5, 
  5, 
  5, 
  5
 ], 
 "runs": [
  {
   "avg_task_cost_vs_number_of_task": [
    905, 
    656.25, 
    907.5, 
    828.0000000000001, 
    726.1000000000001, 
    647.5833333333335, 
    555.0714285714287, 
    485.6875000000001, 
    454.3333333333333, 
    431.25, 
    394, 
    359.375, 
    309.5769230769231, 
    321.1785714285715, 
    281.0666666666667, 
    281.34375000000006, 
    268.5, 
    223.58333333333337, 
    244.78947368421058, 
    270.875, 
    254.54761904761904, 
    272.659090909091, 
    234.58695652173913, 
    207.93750000000003, 
    204.76000000000005, 
    238.92307692307688, 
    282.2037037037037, 
    222.6964285714286, 
    236.91379310344828, 
    218.7666666666667
   ], 
   "number_of_vehicles": 2
  }, 
  {
   "avg_task_cost_vs_number_of_task": [
    905, 
    656.25, 
    907.5, 
    828.0000000000001, 
    726.1000000000001, 
    647.5833333333335, 
    573.7857142857143, 
    521.9375000000001, 
    447.16666666666674, 
    429.7500000000001, 
    365.86363636363643, 
    362.6666666666667, 
    338.69230769230774, 
    287.4642857142857, 
    298.86666666666673, 
    281.34375000000006, 
    248.00000000000006, 
    257.1388888888889, 
    220.5789473684211, 
    271, 
    225.38095238095244, 
    241.7045454545455, 
    231.63043478260875, 
    212.79166666666666, 
    208.52000000000004, 
    241.53846153846155, 
    278.64814814814815, 
    228.71428571428575, 
    277.87931034482756, 
    267.28333333333336
   ], 
   "number_of_vehicles": 3
  }, 
  {
   "avg_task_cost_vs_number_of_task": [
    702, 
    626.75, 
    870, 
    814.125, 
    726.1000000000001, 
    647.5833333333335, 
    573.2142857142858, 
    503.0625000000001, 
    457.8333333333333, 
    426.05, 
    365.86363636363643, 
    349.25000000000006, 
    309.5769230769231, 
    299.8214285714286, 
    299.33333333333337, 
    251.53125000000003, 
    254.38235294117646, 
    271.3611111111111, 
    240.23684210526315, 
    263.475, 
    262.5952380952381, 
    239.29545454545453, 
    262.7173913043478, 
    215.72916666666666, 
    301.36, 
    233.5384615384615, 
    206.5185185185185, 
    229.92857142857136, 
    268.17241379310343, 
    221.38333333333333
   ], 
   "number_of_vehicles": 4
  }, 
  {
   "avg_task_cost_vs_number_of_task": [
    662, 
    606.75, 
    856.6666666666666, 
    804.125, 
    745.1, 
    607.0833333333334, 
    545.9285714285714, 
    501.06250000000006, 
    445.3888888888889, 
    402.45000000000005, 
    389.6818181818182, 
    330.7083333333333, 
    309.5769230769231, 
    287.4642857142857, 
    287.33333333333337, 
    251.53125000000003, 
    294.52941176470586, 
    257.5833333333333, 
    239.421052631579, 
    266.1, 
    235.21428571428572, 
    237.2954545454546, 
    209.34782608695656, 
    247.68750000000003, 
    203.34, 
    244.15384615384608, 
    225.55555555555554, 
    222.3928571428571, 
    208.55172413793107, 
    245.78333333333333
   ], 
   "number_of_vehicles": 5
  }
 ], 
 "vehicle_starting_positions": [
  "Rotterdam", 
  "Almere", 
  "Den Haag", 
  "Nijmegen", 
  "Breda", 
  "Eindhoven", 
  "Utrecht", 
  "Amsterdam", 
  "Apeldoorn", 
  "Groningen"
 ], 
 "task_distribution": {
  "distance_matrix": [
   [
    0, 
    90.6, 
    65.2, 
    45.6, 
    137.5, 
    31.9, 
    185.9, 
    132, 
    119.1, 
    90.2
   ], 
   [
    90.6, 
    0, 
    25.4, 
    62.3, 
    110.8, 
    105.6, 
    259.6, 
    112, 
    48.6, 
    129.3
   ], 
   [
    65.2, 
    25.4, 
    0, 
    87.7, 
    136.2, 
    97.1, 
    251.1, 
    137.4, 
    74, 
    154.7
   ], 
   [
    45.6, 
    62.3, 
    87.7, 
    0, 
    91.9, 
    43.3, 
    197.3, 
    86.4, 
    73.5, 
    67
   ], 
   [
    137.5, 
    110.8, 
    136.2, 
    91.9, 
    0, 
    135.2, 
    268.3, 
    70.2, 
    62.2, 
    127.3
   ], 
   [
    31.9, 
    105.6, 
    97.1, 
    43.3, 
    135.2, 
    0, 
    154, 
    129.7, 
    116.8, 
    80.1
   ], 
   [
    185.9, 
    259.6, 
    251.1, 
    197.3, 
    268.3, 
    154, 
    0, 
    198.1, 
    270.8, 
    141
   ], 
   [
    132, 
    112, 
    137.4, 
    86.4, 
    70.2, 
    129.7, 
    198.1, 
    0, 
    96.2, 
    57.1
   ], 
   [
    119.1, 
    48.6, 
    74, 
    73.5, 
    62.2, 
    116.8, 
    270.8, 
    96.2, 
    0, 
    140.5
   ], 
   [
    90.2, 
    129.3, 
    154.7, 
    67, 
    127.3, 
    80.1, 
    141, 
    57.1, 
    140.5, 
    0
   ]
  ], 
  "weight_matrix": [
   [
    0, 
    3, 
    3, 
    3, 
    3, 
    3, 
    3, 
    3, 
    3, 
    3
   ], 
   [
    3, 
    0, 
    3, 
    3, 
    3, 
    3, 
    3, 
    3, 
    3, 
    3
   ], 
   [
    3, 
    3, 
    0, 
    3, 
    3, 
    3, 
    3, 
    3, 
    3, 
    3
   ], 
   [
    3, 
    3, 
    3, 
    0, 
    3, 
    3, 
    3, 
    3, 
    3, 
    3
   ], 
   [
    3, 
    3, 
    3, 
    3, 
    0, 
    3, 
    3, 
    3, 
    3, 
    3
   ], 
   [
    3, 
    3, 
    3, 
    3, 
    3, 
    0, 
    3, 
    3, 
    3, 
    3
   ], 
   [
    3, 
    3, 
    3, 
    3, 
    3, 
    3, 
    0, 
    3, 
    3, 
    3
   ], 
   [
    3, 
    3, 
    3, 
    3, 
    3, 
    3, 
    3, 
    0, 
    3, 
    3
   ], 
   [
    3, 
    3, 
    3, 
    3, 
    3, 
    3, 
    3, 
    3, 
    0, 
    3
   ], 
   [
    3, 
    3, 
    3, 
    3, 
    3, 
    3, 
    3, 
    3, 
    3, 
    0
   ]
  ], 
  "city_names": [
   "Amsterdam", 
   "Rotterdam", 
   "Den Haag", 
   "Utrecht", 
   "Eindhoven", 
   "Almere", 
   "Groningen", 
   "Nijmegen", 
   "Breda", 
   "Apeldoorn"
  ], 
  "reward_matrix": [
   [
    0, 
    73456, 
    83796, 
    91775, 
    54364, 
    97352, 
    34661, 
    56603, 
    61855, 
    73619
   ], 
   [
    73456, 
    0, 
    99999, 
    84977, 
    65233, 
    67350, 
    4659, 
    64745, 
    90554, 
    57702
   ], 
   [
    83796, 
    99999, 
    0, 
    74637, 
    54893, 
    70810, 
    8119, 
    54405, 
    80214, 
    47362
   ], 
   [
    91775, 
    84977, 
    74637, 
    0, 
    72927, 
    92712, 
    30020, 
    75166, 
    80418, 
    83064
   ], 
   [
    54364, 
    65233, 
    54893, 
    72927, 
    0, 
    55300, 
    1117, 
    81761, 
    85018, 
    58516
   ], 
   [
    97352, 
    67350, 
    70810, 
    92712, 
    55300, 
    0, 
    47647, 
    57539, 
    62791, 
    77731
   ], 
   [
    34661, 
    4659, 
    8119, 
    30020, 
    1117, 
    47647, 
    0, 
    29695, 
    100, 
    52939
   ], 
   [
    56603, 
    64745, 
    54405, 
    75166, 
    81761, 
    57539, 
    29695, 
    0, 
    71177, 
    87094
   ], 
   [
    61855, 
    90554, 
    80214, 
    80418, 
    85018, 
    62791, 
    100, 
    71177, 
    0, 
    53143
   ], 
   [
    73619, 
    57702, 
    47362, 
    83064, 
    58516, 
    77731, 
    52939, 
    87094, 
    53143, 
    0
   ]
  ], 
  "probability_matrix": [
   [
    0, 
    0.058647742100928726, 
    0.05460305557844338, 
    0.1402956694182203, 
    0.1099395266673321, 
    0.14048764873066785, 
    0.1411335765567485, 
    0.12035720031658756, 
    0.11010176654633029, 
    0.1244338140847414
   ], 
   [
    0.08910464996271508, 
    0, 
    0.16530266865581286, 
    0.17330599453244094, 
    0.08767611867962018, 
    0.13041755129092744, 
    0.13169052631943873, 
    0.021585385849621618, 
    0.03623921344719985, 
    0.16467789126222326
   ], 
   [
    0.033823925308618115, 
    0.010537654229500119, 
    0, 
    0.22457566279010677, 
    0.23126241874932518, 
    0.09424398435520345, 
    0.17830809346304904, 
    0.11281713139878005, 
    0.028442453050388273, 
    0.08598867665502881
   ], 
   [
    0.09605289608288313, 
    0.08704433901277776, 
    0.14483751222814328, 
    0, 
    0.11251394259896288, 
    0.056353467824769986, 
    0.1334206300583289, 
    0.011404751695679392, 
    0.20255992645899598, 
    0.15581253403945858
   ], 
   [
    0.18699184702929558, 
    0.06239867354155282, 
    0.08659844218373358, 
    0.061423686298963734, 
    0, 
    0.005333847031747622, 
    0.21086335580160623, 
    0.22979481036867128, 
    0.0883865054452845, 
    0.06820883229914479
   ], 
   [
    0.00214246880822669, 
    0.022873900236874963, 
    0.1297617610920732, 
    0.15741153441481875, 
    0.07303312112261057, 
    0, 
    0.10164495159937541, 
    0.15741092788991706, 
    0.1773623961092293, 
    0.17835893872687403
   ], 
   [
    0.003051582041096714, 
    0.11682678357064434, 
    0.059033620814653104, 
    0.012909476678082035, 
    0.11022215871220715, 
    0.12948171014844895, 
    0, 
    0.2310446338383451, 
    0.17546305439971738, 
    0.1619669797968051
   ], 
   [
    0.01555176186629758, 
    0.13713627234180004, 
    0.1267855007517809, 
    0.020527044737266135, 
    0.18358208465868447, 
    0.137541157167688, 
    0.012807844601332186, 
    0, 
    0.15921381727138048, 
    0.20685451660377022
   ], 
   [
    0.24224965447344438, 
    0.08531848178417636, 
    0.06400575827755664, 
    0.09392089824433196, 
    0.21113012331841707, 
    0.15722717986566137, 
    0.024966019758027962, 
    0.11086278589678025, 
    0, 
    0.010319098381604134
   ], 
   [
    0.0013076901117237926, 
    0.16887679876639314, 
    0.10924582261396273, 
    0.07584538895830595, 
    0.0038809183989694115, 
    0.15063199342660233, 
    0.1607557683497668, 
    0.161977157400604, 
    0.16747846197367186, 
    0
   ]
  ]
 }, 
 "vehicle_capacities": [
  30, 
  30, 
  30, 
  30, 
  30
 ]
}