{
 "vehicle_cost_per_km": [
  5, 
  15, 
  15, 
  5, 
  5, 
  5, 
  5, 
  5, 
  5, 
  5
 ], 
 "runs": [
  {
   "avg_task_cost_vs_number_of_task": [
    453, 
    610, 
    869, 
    823.5, 
    691.6, 
    606.5000000000001, 
    519.8571428571429, 
    454.87500000000006, 
    419.6666666666667, 
    440.9, 
    410.40909090909093, 
    462.9583333333333, 
    486.11538461538464, 
    403.6428571428573, 
    391.6666666666667, 
    416.25, 
    482.44117647058823, 
    415.4166666666667, 
    511.05263157894734, 
    444.55, 
    424.0714285714285, 
    432.43181818181824, 
    431.15217391304355, 
    491.64583333333326, 
    446.02, 
    465.4423076923076, 
    429.57407407407413, 
    388.625, 
    504.1724137931033, 
    393.26666666666665
   ], 
   "number_of_vehicles": 3
  }
 ], 
 "vehicle_starting_positions": [
  "Amsterdam", 
  "Rotterdam", 
  "Den Haag", 
  "Utrecht", 
  "Eindhoven", 
  "Almere", 
  "Groningen", 
  "Nijmegen", 
  "Breda", 
  "Apeldoorn"
 ], 
 "task_distribution": {
  "distance_matrix": [
   [
    0, 
    90.6, 
    65.2, 
    45.6, 
    137.5, 
    31.9, 
    185.9, 
    132, 
    119.1, 
    90.2
   ], 
   [
    90.6, 
    0, 
    25.4, 
    62.3, 
    110.8, 
    105.6, 
    259.6, 
    112, 
    48.6, 
    129.3
   ], 
   [
    65.2, 
    25.4, 
    0, 
    87.7, 
    136.2, 
    97.1, 
    251.1, 
    137.4, 
    74, 
    154.7
   ], 
   [
    45.6, 
    62.3, 
    87.7, 
    0, 
    91.9, 
    43.3, 
    197.3, 
    86.4, 
    73.5, 
    67
   ], 
   [
    137.5, 
    110.8, 
    136.2, 
    91.9, 
    0, 
    135.2, 
    268.3, 
    70.2, 
    62.2, 
    127.3
   ], 
   [
    31.9, 
    105.6, 
    97.1, 
    43.3, 
    135.2, 
    0, 
    154, 
    129.7, 
    116.8, 
    80.1
   ], 
   [
    185.9, 
    259.6, 
    251.1, 
    197.3, 
    268.3, 
    154, 
    0, 
    198.1, 
    270.8, 
    141
   ], 
   [
    132, 
    112, 
    137.4, 
    86.4, 
    70.2, 
    129.7, 
    198.1, 
    0, 
    96.2, 
    57.1
   ], 
   [
    119.1, 
    48.6, 
    74, 
    73.5, 
    62.2, 
    116.8, 
    270.8, 
    96.2, 
    0, 
    140.5
   ], 
   [
    90.2, 
    129.3, 
    154.7, 
    67, 
    127.3, 
    80.1, 
    141, 
    57.1, 
    140.5, 
    0
   ]
  ], 
  "weight_matrix": [
   [
    0, 
    3, 
    3, 
    3, 
    3, 
    3, 
    3, 
    3, 
    3, 
    3
   ], 
   [
    3, 
    0, 
    3, 
    3, 
    3, 
    3, 
    3, 
    3, 
    3, 
    3
   ], 
   [
    3, 
    3, 
    0, 
    3, 
    3, 
    3, 
    3, 
    3, 
    3, 
    3
   ], 
   [
    3, 
    3, 
    3, 
    0, 
    3, 
    3, 
    3, 
    3, 
    3, 
    3
   ], 
   [
    3, 
    3, 
    3, 
    3, 
    0, 
    3, 
    3, 
    3, 
    3, 
    3
   ], 
   [
    3, 
    3, 
    3, 
    3, 
    3, 
    0, 
    3, 
    3, 
    3, 
    3
   ], 
   [
    3, 
    3, 
    3, 
    3, 
    3, 
    3, 
    0, 
    3, 
    3, 
    3
   ], 
   [
    3, 
    3, 
    3, 
    3, 
    3, 
    3, 
    3, 
    0, 
    3, 
    3
   ], 
   [
    3, 
    3, 
    3, 
    3, 
    3, 
    3, 
    3, 
    3, 
    0, 
    3
   ], 
   [
    3, 
    3, 
    3, 
    3, 
    3, 
    3, 
    3, 
    3, 
    3, 
    0
   ]
  ], 
  "city_names": [
   "Amsterdam", 
   "Rotterdam", 
   "Den Haag", 
   "Utrecht", 
   "Eindhoven", 
   "Almere", 
   "Groningen", 
   "Nijmegen", 
   "Breda", 
   "Apeldoorn"
  ], 
  "reward_matrix": [
   [
    0, 
    73456, 
    83796, 
    91775, 
    54364, 
    97352, 
    34661, 
    56603, 
    61855, 
    73619
   ], 
   [
    73456, 
    0, 
    99999, 
    84977, 
    65233, 
    67350, 
    4659, 
    64745, 
    90554, 
    57702
   ], 
   [
    83796, 
    99999, 
    0, 
    74637, 
    54893, 
    70810, 
    8119, 
    54405, 
    80214, 
    47362
   ], 
   [
    91775, 
    84977, 
    74637, 
    0, 
    72927, 
    92712, 
    30020, 
    75166, 
    80418, 
    83064
   ], 
   [
    54364, 
    65233, 
    54893, 
    72927, 
    0, 
    55300, 
    1117, 
    81761, 
    85018, 
    58516
   ], 
   [
    97352, 
    67350, 
    70810, 
    92712, 
    55300, 
    0, 
    47647, 
    57539, 
    62791, 
    77731
   ], 
   [
    34661, 
    4659, 
    8119, 
    30020, 
    1117, 
    47647, 
    0, 
    29695, 
    100, 
    52939
   ], 
   [
    56603, 
    64745, 
    54405, 
    75166, 
    81761, 
    57539, 
    29695, 
    0, 
    71177, 
    87094
   ], 
   [
    61855, 
    90554, 
    80214, 
    80418, 
    85018, 
    62791, 
    100, 
    71177, 
    0, 
    53143
   ], 
   [
    73619, 
    57702, 
    47362, 
    83064, 
    58516, 
    77731, 
    52939, 
    87094, 
    53143, 
    0
   ]
  ], 
  "probability_matrix": [
   [
    0, 
    0.1251516133584038, 
    0.019910072529040267, 
    0.21205775154035233, 
    0.09295071627433384, 
    0.085063644004545, 
    0.06853780631230028, 
    0.09785919132640451, 
    0.024029987376021626, 
    0.2744392172785984
   ], 
   [
    0.06271398855045462, 
    0, 
    0.0940167615848921, 
    0.17225396811501323, 
    0.18398724287870413, 
    0.07597745756233365, 
    0.061001513397039374, 
    0.17817397935242385, 
    0.10438457955895578, 
    0.06749050900018316
   ], 
   [
    0.03411675877790723, 
    0.07391677820355284, 
    0, 
    0.19827323267837005, 
    0.0013976707823553937, 
    0.00779577074817823, 
    0.18159350589538606, 
    0.15792648662888348, 
    0.17741089091047596, 
    0.1675689053748909
   ], 
   [
    0.1357963506435717, 
    0.10211298701862107, 
    0.07639904537047754, 
    0, 
    0.10264397866494802, 
    0.05131540446775594, 
    0.08385635519393415, 
    0.01735916007183366, 
    0.18317499877820123, 
    0.24734171979065656
   ], 
   [
    0.046227974482889414, 
    0.01632256899802452, 
    0.1711771783656322, 
    0.1852922963817369, 
    0, 
    0.07185196824938907, 
    0.1553980049041964, 
    0.166276426615124, 
    0.0563585281537491, 
    0.13109505384925824
   ], 
   [
    0.0984659985623808, 
    0.07975701608747376, 
    0.1331811810976168, 
    0.1904872495765327, 
    0.08156474981671022, 
    0, 
    0.02227225494030493, 
    0.10618361501466712, 
    0.16415134173393695, 
    0.12393659317037675
   ], 
   [
    0.11272166809390942, 
    0.14129748261699268, 
    0.10777084165434321, 
    0.13600561275061843, 
    0.01038515990545813, 
    0.10935031475832248, 
    0, 
    0.12328960313092635, 
    0.12865656722422178, 
    0.13052274986520745
   ], 
   [
    0.15365305953781577, 
    0.11210698720322522, 
    0.06571868255568289, 
    0.012168172558953746, 
    0.2100123512779289, 
    0.20234066912953994, 
    0.03723236128730511, 
    0, 
    0.138705305294864, 
    0.06806241115468432
   ], 
   [
    0.21988452404679207, 
    0.06873205156816771, 
    0.10523123311437349, 
    0.11970054313088646, 
    0.21830379559309226, 
    0.08971869042720079, 
    0.032604981494048356, 
    0.11299593717933523, 
    0, 
    0.03282824344610384
   ], 
   [
    0.039970099318012486, 
    0.01974625248685172, 
    0.1704345038313331, 
    0.18256376257780016, 
    0.08283777583571925, 
    0.15375562362222514, 
    0.03494643408087573, 
    0.15481472960483408, 
    0.16093081864234837, 
    0
   ]
  ]
 }, 
 "vehicle_capacities": [
  15, 
  15, 
  15, 
  5, 
  20, 
  30, 
  30, 
  30, 
  30, 
  30
 ]
}