{
 "vehicle_cost_per_km": [
  5, 
  5, 
  5, 
  5, 
  5
 ], 
 "runs": [
  {
   "avg_task_cost_vs_number_of_task": [
    216.5, 
    779, 
    572.5, 
    513.375, 
    502.6, 
    462.75, 
    432.92857142857144, 
    392.4375, 
    445.55555555555554, 
    401, 
    354.04545454545456, 
    332.2083333333333, 
    310.88461538461536, 
    287.85714285714283, 
    289.8333333333333, 
    336.9375, 
    323.11764705882354, 
    270.41666666666674, 
    311.89473684210526, 
    295.25, 
    263.1190476190477, 
    279.02272727272737, 
    249.82608695652175, 
    220.27083333333337, 
    187.16000000000003, 
    229.34615384615384, 
    241.07407407407408, 
    237.19642857142858, 
    217.31034482758622, 
    233.3
   ], 
   "number_of_vehicles": 5
  }
 ], 
 "vehicle_starting_positions": [
  "Amsterdam", 
  "Rotterdam", 
  "Den Haag", 
  "Utrecht", 
  "Eindhoven", 
  "Almere", 
  "Groningen", 
  "Nijmegen", 
  "Breda", 
  "Apeldoorn"
 ], 
 "task_distribution": {
  "distance_matrix": [
   [
    0, 
    90.6, 
    65.2, 
    45.6, 
    137.5, 
    31.9, 
    185.9, 
    132, 
    119.1, 
    90.2
   ], 
   [
    90.6, 
    0, 
    25.4, 
    62.3, 
    110.8, 
    105.6, 
    259.6, 
    112, 
    48.6, 
    129.3
   ], 
   [
    65.2, 
    25.4, 
    0, 
    87.7, 
    136.2, 
    97.1, 
    251.1, 
    137.4, 
    74, 
    154.7
   ], 
   [
    45.6, 
    62.3, 
    87.7, 
    0, 
    91.9, 
    43.3, 
    197.3, 
    86.4, 
    73.5, 
    67
   ], 
   [
    137.5, 
    110.8, 
    136.2, 
    91.9, 
    0, 
    135.2, 
    268.3, 
    70.2, 
    62.2, 
    127.3
   ], 
   [
    31.9, 
    105.6, 
    97.1, 
    43.3, 
    135.2, 
    0, 
    154, 
    129.7, 
    116.8, 
    80.1
   ], 
   [
    185.9, 
    259.6, 
    251.1, 
    197.3, 
    268.3, 
    154, 
    0, 
    198.1, 
    270.8, 
    141
   ], 
   [
    132, 
    112, 
    137.4, 
    86.4, 
    70.2, 
    129.7, 
    198.1, 
    0, 
    96.2, 
    57.1
   ], 
   [
    119.1, 
    48.6, 
    74, 
    73.5, 
    62.2, 
    116.8, 
    270.8, 
    96.2, 
    0, 
    140.5
   ], 
   [
    90.2, 
    129.3, 
    154.7, 
    67, 
    127.3, 
    80.1, 
    141, 
    57.1, 
    140.5, 
    0
   ]
  ], 
  "weight_matrix": [
   [
    0, 
    3, 
    3, 
    3, 
    3, 
    3, 
    3, 
    3, 
    3, 
    3
   ], 
   [
    3, 
    0, 
    3, 
    3, 
    3, 
    3, 
    3, 
    3, 
    3, 
    3
   ], 
   [
    3, 
    3, 
    0, 
    3, 
    3, 
    3, 
    3, 
    3, 
    3, 
    3
   ], 
   [
    3, 
    3, 
    3, 
    0, 
    3, 
    3, 
    3, 
    3, 
    3, 
    3
   ], 
   [
    3, 
    3, 
    3, 
    3, 
    0, 
    3, 
    3, 
    3, 
    3, 
    3
   ], 
   [
    3, 
    3, 
    3, 
    3, 
    3, 
    0, 
    3, 
    3, 
    3, 
    3
   ], 
   [
    3, 
    3, 
    3, 
    3, 
    3, 
    3, 
    0, 
    3, 
    3, 
    3
   ], 
   [
    3, 
    3, 
    3, 
    3, 
    3, 
    3, 
    3, 
    0, 
    3, 
    3
   ], 
   [
    3, 
    3, 
    3, 
    3, 
    3, 
    3, 
    3, 
    3, 
    0, 
    3
   ], 
   [
    3, 
    3, 
    3, 
    3, 
    3, 
    3, 
    3, 
    3, 
    3, 
    0
   ]
  ], 
  "city_names": [
   "Amsterdam", 
   "Rotterdam", 
   "Den Haag", 
   "Utrecht", 
   "Eindhoven", 
   "Almere", 
   "Groningen", 
   "Nijmegen", 
   "Breda", 
   "Apeldoorn"
  ], 
  "reward_matrix": [
   [
    0, 
    73456, 
    83796, 
    91775, 
    54364, 
    97352, 
    34661, 
    56603, 
    61855, 
    73619
   ], 
   [
    73456, 
    0, 
    99999, 
    84977, 
    65233, 
    67350, 
    4659, 
    64745, 
    90554, 
    57702
   ], 
   [
    83796, 
    99999, 
    0, 
    74637, 
    54893, 
    70810, 
    8119, 
    54405, 
    80214, 
    47362
   ], 
   [
    91775, 
    84977, 
    74637, 
    0, 
    72927, 
    92712, 
    30020, 
    75166, 
    80418, 
    83064
   ], 
   [
    54364, 
    65233, 
    54893, 
    72927, 
    0, 
    55300, 
    1117, 
    81761, 
    85018, 
    58516
   ], 
   [
    97352, 
    67350, 
    70810, 
    92712, 
    55300, 
    0, 
    47647, 
    57539, 
    62791, 
    77731
   ], 
   [
    34661, 
    4659, 
    8119, 
    30020, 
    1117, 
    47647, 
    0, 
    29695, 
    100, 
    52939
   ], 
   [
    56603, 
    64745, 
    54405, 
    75166, 
    81761, 
    57539, 
    29695, 
    0, 
    71177, 
    87094
   ], 
   [
    61855, 
    90554, 
    80214, 
    80418, 
    85018, 
    62791, 
    100, 
    71177, 
    0, 
    53143
   ], 
   [
    73619, 
    57702, 
    47362, 
    83064, 
    58516, 
    77731, 
    52939, 
    87094, 
    53143, 
    0
   ]
  ], 
  "probability_matrix": [
   [
    0, 
    0.1454997943383195, 
    0.19141742405803003, 
    0.12024059367534888, 
    0.10140684277589516, 
    0.08834567366637708, 
    0.07668215455137918, 
    0.12347882743623982, 
    0.019501018402447043, 
    0.1334276710959633
   ], 
   [
    0.007476909748607384, 
    0, 
    0.06193984756554722, 
    0.3154136263424754, 
    0.1956583569066028, 
    0.2421794261460045, 
    0.07256862815016216, 
    0.001337934397699222, 
    0.10289783071257032, 
    0.0005274400303309969
   ], 
   [
    0.08847159429416192, 
    0.12803289848024216, 
    0, 
    0.1374630201862628, 
    0.09995790847650537, 
    0.022055803771860026, 
    0.20309680313577447, 
    0.13445193956737295, 
    0.029122651421672266, 
    0.1573473806661479
   ], 
   [
    0.011547439060817547, 
    0.20271994863933854, 
    0.060939035028442196, 
    0, 
    0.12400566287765305, 
    0.24286937768326652, 
    0.12837425470125302, 
    0.07677849339473079, 
    0.0763858537260439, 
    0.07637993488845424
   ], 
   [
    0.138227876201114, 
    0.050273101156650866, 
    0.2312125204246964, 
    0.21159072255959935, 
    0, 
    0.0987690333742619, 
    0.19596098778605986, 
    0.06680847517437632, 
    0.005899519712588972, 
    0.0012577636106521652
   ], 
   [
    0.09667552554682651, 
    0.10886713001388153, 
    0.17670582557979758, 
    0.13199691691241028, 
    0.09756645461013173, 
    0, 
    0.13451073312243902, 
    0.06608492952464246, 
    0.002425048995242036, 
    0.18516743569462887
   ], 
   [
    0.21985827019156146, 
    0.19429628110801628, 
    0.12867516477391622, 
    0.16269006678720924, 
    0.012696506895931749, 
    0.12152494640546438, 
    0, 
    0.006152248332507275, 
    0.06516630639866915, 
    0.08894020910672427
   ], 
   [
    0.1349656668324345, 
    0.11799805724666125, 
    0.16694856065772323, 
    0.08334155285299523, 
    0.14824096588712132, 
    0.09592847627840435, 
    0.13616899000196478, 
    0, 
    0.03141683924036312, 
    0.08499089100233229
   ], 
   [
    0.11521501538683593, 
    0.05333469304629289, 
    0.06086103901457161, 
    0.10713441508878163, 
    0.12444083813073334, 
    0.13767098200814967, 
    0.018106193003676104, 
    0.13218198609507253, 
    0, 
    0.25105483822588626
   ], 
   [
    0.12014425072357492, 
    0.09219994124884996, 
    0.04543644366345969, 
    0.17508500485168896, 
    0.10442986121628206, 
    0.027530546618449555, 
    0.09537725133946984, 
    0.15098230781965874, 
    0.1888143925185663, 
    0
   ]
  ]
 }, 
 "vehicle_capacities": [
  25, 
  25, 
  25, 
  25, 
  30, 
  30, 
  30, 
  30, 
  30, 
  30
 ]
}