{
 "vehicle_cost_per_km": [
  5, 
  5, 
  5, 
  5, 
  5
 ], 
 "runs": [
  {
   "avg_task_cost_vs_number_of_task": [
    1920, 
    1074, 
    853.3333333333334, 
    717.25, 
    573.8, 
    575.0833333333334, 
    492.14285714285717, 
    468.25, 
    451.8888888888889, 
    471.0000000000001, 
    392.1818181818182, 
    406.4583333333333, 
    389.6923076923077, 
    330.5357142857143, 
    357.1000000000001, 
    285.40625000000006, 
    279.8529411764706, 
    309.05555555555554, 
    293.2368421052632, 
    247.175, 
    309.54761904761904, 
    340.97727272727275, 
    307.26086956521743, 
    290.125, 
    252.26, 
    229.53846153846155, 
    273.68518518518516, 
    297.4642857142857, 
    247.36206896551724, 
    272.6666666666667
   ], 
   "number_of_vehicles": 5
  }
 ], 
 "vehicle_starting_positions": [
  "Amsterdam", 
  "Rotterdam", 
  "Den Haag", 
  "Utrecht", 
  "Eindhoven", 
  "Almere", 
  "Groningen", 
  "Nijmegen", 
  "Breda", 
  "Apeldoorn"
 ], 
 "task_distribution": {
  "distance_matrix": [
   [
    0, 
    90.6, 
    65.2, 
    45.6, 
    137.5, 
    31.9, 
    185.9, 
    132, 
    119.1, 
    90.2
   ], 
   [
    90.6, 
    0, 
    25.4, 
    62.3, 
    110.8, 
    105.6, 
    259.6, 
    112, 
    48.6, 
    129.3
   ], 
   [
    65.2, 
    25.4, 
    0, 
    87.7, 
    136.2, 
    97.1, 
    251.1, 
    137.4, 
    74, 
    154.7
   ], 
   [
    45.6, 
    62.3, 
    87.7, 
    0, 
    91.9, 
    43.3, 
    197.3, 
    86.4, 
    73.5, 
    67
   ], 
   [
    137.5, 
    110.8, 
    136.2, 
    91.9, 
    0, 
    135.2, 
    268.3, 
    70.2, 
    62.2, 
    127.3
   ], 
   [
    31.9, 
    105.6, 
    97.1, 
    43.3, 
    135.2, 
    0, 
    154, 
    129.7, 
    116.8, 
    80.1
   ], 
   [
    185.9, 
    259.6, 
    251.1, 
    197.3, 
    268.3, 
    154, 
    0, 
    198.1, 
    270.8, 
    141
   ], 
   [
    132, 
    112, 
    137.4, 
    86.4, 
    70.2, 
    129.7, 
    198.1, 
    0, 
    96.2, 
    57.1
   ], 
   [
    119.1, 
    48.6, 
    74, 
    73.5, 
    62.2, 
    116.8, 
    270.8, 
    96.2, 
    0, 
    140.5
   ], 
   [
    90.2, 
    129.3, 
    154.7, 
    67, 
    127.3, 
    80.1, 
    141, 
    57.1, 
    140.5, 
    0
   ]
  ], 
  "weight_matrix": [
   [
    0, 
    3, 
    3, 
    3, 
    3, 
    3, 
    3, 
    3, 
    3, 
    3
   ], 
   [
    3, 
    0, 
    3, 
    3, 
    3, 
    3, 
    3, 
    3, 
    3, 
    3
   ], 
   [
    3, 
    3, 
    0, 
    3, 
    3, 
    3, 
    3, 
    3, 
    3, 
    3
   ], 
   [
    3, 
    3, 
    3, 
    0, 
    3, 
    3, 
    3, 
    3, 
    3, 
    3
   ], 
   [
    3, 
    3, 
    3, 
    3, 
    0, 
    3, 
    3, 
    3, 
    3, 
    3
   ], 
   [
    3, 
    3, 
    3, 
    3, 
    3, 
    0, 
    3, 
    3, 
    3, 
    3
   ], 
   [
    3, 
    3, 
    3, 
    3, 
    3, 
    3, 
    0, 
    3, 
    3, 
    3
   ], 
   [
    3, 
    3, 
    3, 
    3, 
    3, 
    3, 
    3, 
    0, 
    3, 
    3
   ], 
   [
    3, 
    3, 
    3, 
    3, 
    3, 
    3, 
    3, 
    3, 
    0, 
    3
   ], 
   [
    3, 
    3, 
    3, 
    3, 
    3, 
    3, 
    3, 
    3, 
    3, 
    0
   ]
  ], 
  "city_names": [
   "Amsterdam", 
   "Rotterdam", 
   "Den Haag", 
   "Utrecht", 
   "Eindhoven", 
   "Almere", 
   "Groningen", 
   "Nijmegen", 
   "Breda", 
   "Apeldoorn"
  ], 
  "reward_matrix": [
   [
    0, 
    73456, 
    83796, 
    91775, 
    54364, 
    97352, 
    34661, 
    56603, 
    61855, 
    73619
   ], 
   [
    73456, 
    0, 
    99999, 
    84977, 
    65233, 
    67350, 
    4659, 
    64745, 
    90554, 
    57702
   ], 
   [
    83796, 
    99999, 
    0, 
    74637, 
    54893, 
    70810, 
    8119, 
    54405, 
    80214, 
    47362
   ], 
   [
    91775, 
    84977, 
    74637, 
    0, 
    72927, 
    92712, 
    30020, 
    75166, 
    80418, 
    83064
   ], 
   [
    54364, 
    65233, 
    54893, 
    72927, 
    0, 
    55300, 
    1117, 
    81761, 
    85018, 
    58516
   ], 
   [
    97352, 
    67350, 
    70810, 
    92712, 
    55300, 
    0, 
    47647, 
    57539, 
    62791, 
    77731
   ], 
   [
    34661, 
    4659, 
    8119, 
    30020, 
    1117, 
    47647, 
    0, 
    29695, 
    100, 
    52939
   ], 
   [
    56603, 
    64745, 
    54405, 
    75166, 
    81761, 
    57539, 
    29695, 
    0, 
    71177, 
    87094
   ], 
   [
    61855, 
    90554, 
    80214, 
    80418, 
    85018, 
    62791, 
    100, 
    71177, 
    0, 
    53143
   ], 
   [
    73619, 
    57702, 
    47362, 
    83064, 
    58516, 
    77731, 
    52939, 
    87094, 
    53143, 
    0
   ]
  ], 
  "probability_matrix": [
   [
    0, 
    0.06958230517823936, 
    0.32525001069493464, 
    0.06779896668462562, 
    0.0020642892706597754, 
    0.22805111278999418, 
    0.011643332337074751, 
    0.03266721014368493, 
    0.19671600185835808, 
    0.06622677104242863
   ], 
   [
    0.17606609282858404, 
    0, 
    0.12948501591440204, 
    0.15705153198322222, 
    0.054863425845500864, 
    0.05825169996511773, 
    0.08183189240849775, 
    0.23009327659527687, 
    0.030702536084429157, 
    0.08165452837496937
   ], 
   [
    0.012176897119869193, 
    0.17244398544469375, 
    0, 
    0.05376386385476008, 
    0.20520272121920086, 
    0.030578671673735902, 
    0.18570893114680348, 
    0.2098843733963884, 
    0.0441304168010629, 
    0.08611013934348534
   ], 
   [
    0.12019932737850773, 
    0.15042758840621018, 
    0.0128042453230548, 
    0, 
    0.17297772308451542, 
    0.13888862433264743, 
    0.016256651724011292, 
    0.157744279996569, 
    0.07006858635723522, 
    0.16063297339724888
   ], 
   [
    0.08329538940549028, 
    0.04274271170844399, 
    0.1917889238282317, 
    0.09901461542804309, 
    0, 
    0.01797540678000408, 
    0.14681248937723193, 
    0.2370352058090745, 
    0.15253207026329976, 
    0.02880318740018067
   ], 
   [
    0.15398544739043588, 
    0.034189383415478815, 
    0.21715226092809753, 
    0.1208940843887049, 
    0.17833867298972766, 
    0, 
    0.15936486986718684, 
    0.10919726681024339, 
    0.007698458613901844, 
    0.01917955559622323
   ], 
   [
    0.18550844653386836, 
    0.1658798019656822, 
    0.19546294131992478, 
    0.2008689221889268, 
    0.017672182969288974, 
    0.019286955081476004, 
    0, 
    0.09821305560898133, 
    0.026293183941097035, 
    0.09081451039075455
   ], 
   [
    0.05994507627195666, 
    0.1807683445888286, 
    0.03537146919287134, 
    0.09141188845092559, 
    0.13148352719423126, 
    0.14128378208948486, 
    0.09484923363435754, 
    0, 
    0.10947819639790932, 
    0.1554084821794348
   ], 
   [
    0.003845169639997166, 
    0.12321334378428478, 
    0.07766763423092993, 
    0.10296027867824938, 
    0.1512150213566899, 
    0.1440827855117907, 
    0.09341516437039667, 
    0.16638246079034344, 
    0, 
    0.1372181416373181
   ], 
   [
    0.14327079211314378, 
    0.17906059380895714, 
    0.14958524856817407, 
    0.08178809134631193, 
    0.07090815393916979, 
    0.09802155901270666, 
    0.012596008395914078, 
    0.13534120487069437, 
    0.12942834794492825, 
    0
   ]
  ]
 }, 
 "vehicle_capacities": [
  5, 
  10, 
  15, 
  15, 
  25, 
  30, 
  30, 
  30, 
  30, 
  30
 ]
}