{
 "vehicle_cost_per_km": [
  5, 
  5, 
  5, 
  5, 
  5
 ], 
 "runs": [
  {
   "avg_task_cost_vs_number_of_task": [
    783.0000000000001, 
    579.5, 
    514, 
    697.625, 
    617.2, 
    577.9166666666666, 
    503.5, 
    546.8125, 
    451.2222222222222, 
    381.84999999999997, 
    403.59090909090907, 
    390.62499999999994, 
    360.576923076923, 
    390.14285714285705, 
    366.46666666666664, 
    292.96875, 
    278.2352941176471, 
    354.44444444444446, 
    326.1578947368421, 
    332.375, 
    293.6904761904762, 
    249.1590909090909, 
    243.93478260869566, 
    311.4166666666667, 
    214.7, 
    287.8076923076923, 
    235.25925925925927, 
    227.58928571428572, 
    284.87931034482756, 
    214.4666666666667
   ], 
   "number_of_vehicles": 5
  }
 ], 
 "vehicle_starting_positions": [
  "Amsterdam", 
  "Rotterdam", 
  "Den Haag", 
  "Utrecht", 
  "Eindhoven", 
  "Almere", 
  "Groningen", 
  "Nijmegen", 
  "Breda", 
  "Apeldoorn"
 ], 
 "task_distribution": {
  "distance_matrix": [
   [
    0, 
    90.6, 
    65.2, 
    45.6, 
    137.5, 
    31.9, 
    185.9, 
    132, 
    119.1, 
    90.2
   ], 
   [
    90.6, 
    0, 
    25.4, 
    62.3, 
    110.8, 
    105.6, 
    259.6, 
    112, 
    48.6, 
    129.3
   ], 
   [
    65.2, 
    25.4, 
    0, 
    87.7, 
    136.2, 
    97.1, 
    251.1, 
    137.4, 
    74, 
    154.7
   ], 
   [
    45.6, 
    62.3, 
    87.7, 
    0, 
    91.9, 
    43.3, 
    197.3, 
    86.4, 
    73.5, 
    67
   ], 
   [
    137.5, 
    110.8, 
    136.2, 
    91.9, 
    0, 
    135.2, 
    268.3, 
    70.2, 
    62.2, 
    127.3
   ], 
   [
    31.9, 
    105.6, 
    97.1, 
    43.3, 
    135.2, 
    0, 
    154, 
    129.7, 
    116.8, 
    80.1
   ], 
   [
    185.9, 
    259.6, 
    251.1, 
    197.3, 
    268.3, 
    154, 
    0, 
    198.1, 
    270.8, 
    141
   ], 
   [
    132, 
    112, 
    137.4, 
    86.4, 
    70.2, 
    129.7, 
    198.1, 
    0, 
    96.2, 
    57.1
   ], 
   [
    119.1, 
    48.6, 
    74, 
    73.5, 
    62.2, 
    116.8, 
    270.8, 
    96.2, 
    0, 
    140.5
   ], 
   [
    90.2, 
    129.3, 
    154.7, 
    67, 
    127.3, 
    80.1, 
    141, 
    57.1, 
    140.5, 
    0
   ]
  ], 
  "weight_matrix": [
   [
    0, 
    3, 
    3, 
    3, 
    3, 
    3, 
    3, 
    3, 
    3, 
    3
   ], 
   [
    3, 
    0, 
    3, 
    3, 
    3, 
    3, 
    3, 
    3, 
    3, 
    3
   ], 
   [
    3, 
    3, 
    0, 
    3, 
    3, 
    3, 
    3, 
    3, 
    3, 
    3
   ], 
   [
    3, 
    3, 
    3, 
    0, 
    3, 
    3, 
    3, 
    3, 
    3, 
    3
   ], 
   [
    3, 
    3, 
    3, 
    3, 
    0, 
    3, 
    3, 
    3, 
    3, 
    3
   ], 
   [
    3, 
    3, 
    3, 
    3, 
    3, 
    0, 
    3, 
    3, 
    3, 
    3
   ], 
   [
    3, 
    3, 
    3, 
    3, 
    3, 
    3, 
    0, 
    3, 
    3, 
    3
   ], 
   [
    3, 
    3, 
    3, 
    3, 
    3, 
    3, 
    3, 
    0, 
    3, 
    3
   ], 
   [
    3, 
    3, 
    3, 
    3, 
    3, 
    3, 
    3, 
    3, 
    0, 
    3
   ], 
   [
    3, 
    3, 
    3, 
    3, 
    3, 
    3, 
    3, 
    3, 
    3, 
    0
   ]
  ], 
  "city_names": [
   "Amsterdam", 
   "Rotterdam", 
   "Den Haag", 
   "Utrecht", 
   "Eindhoven", 
   "Almere", 
   "Groningen", 
   "Nijmegen", 
   "Breda", 
   "Apeldoorn"
  ], 
  "reward_matrix": [
   [
    0, 
    73456, 
    83796, 
    91775, 
    54364, 
    97352, 
    34661, 
    56603, 
    61855, 
    73619
   ], 
   [
    73456, 
    0, 
    99999, 
    84977, 
    65233, 
    67350, 
    4659, 
    64745, 
    90554, 
    57702
   ], 
   [
    83796, 
    99999, 
    0, 
    74637, 
    54893, 
    70810, 
    8119, 
    54405, 
    80214, 
    47362
   ], 
   [
    91775, 
    84977, 
    74637, 
    0, 
    72927, 
    92712, 
    30020, 
    75166, 
    80418, 
    83064
   ], 
   [
    54364, 
    65233, 
    54893, 
    72927, 
    0, 
    55300, 
    1117, 
    81761, 
    85018, 
    58516
   ], 
   [
    97352, 
    67350, 
    70810, 
    92712, 
    55300, 
    0, 
    47647, 
    57539, 
    62791, 
    77731
   ], 
   [
    34661, 
    4659, 
    8119, 
    30020, 
    1117, 
    47647, 
    0, 
    29695, 
    100, 
    52939
   ], 
   [
    56603, 
    64745, 
    54405, 
    75166, 
    81761, 
    57539, 
    29695, 
    0, 
    71177, 
    87094
   ], 
   [
    61855, 
    90554, 
    80214, 
    80418, 
    85018, 
    62791, 
    100, 
    71177, 
    0, 
    53143
   ], 
   [
    73619, 
    57702, 
    47362, 
    83064, 
    58516, 
    77731, 
    52939, 
    87094, 
    53143, 
    0
   ]
  ], 
  "probability_matrix": [
   [
    0, 
    0.06482992619472609, 
    0.15708537627625302, 
    0.07503437000142558, 
    0.16551773910980616, 
    0.027057821075049813, 
    0.1252731792329961, 
    0.048175902743139175, 
    0.157099159754105, 
    0.1799265256124991
   ], 
   [
    0.07630146000451596, 
    0, 
    0.0996755059484228, 
    0.04153427110285161, 
    0.05969251881719202, 
    0.20868606735007852, 
    0.07661475881419336, 
    0.2288349855081866, 
    0.1469573503803565, 
    0.06170308207420251
   ], 
   [
    0.0581928635423705, 
    0.04667866927636188, 
    0, 
    0.05561898240218361, 
    0.11525669355037411, 
    0.05257129905917442, 
    0.20306765908447552, 
    0.0958780738440267, 
    0.17574864302542517, 
    0.19698711621560822
   ], 
   [
    0.026700636373615527, 
    0.20249585096954054, 
    0.14110706197263023, 
    0, 
    0.18101212575049216, 
    0.12689577003332997, 
    0.17346917923977592, 
    0.10182109487237676, 
    0.041664270754025595, 
    0.004834010034213409
   ], 
   [
    0.155529268154327, 
    0.03295106589313518, 
    0.034344225609482824, 
    0.2285894682905015, 
    0, 
    0.13197579380470456, 
    0.14414943513904535, 
    0.028019370414987397, 
    0.06819015264576361, 
    0.17625122004805263
   ], 
   [
    0.20678217535701743, 
    0.07333426951837874, 
    0.17673996060540328, 
    0.2328383547852429, 
    0.16611725520634896, 
    0, 
    0.03489267344175461, 
    0.08054313329826912, 
    0.02214601220393342, 
    0.006606165583651518
   ], 
   [
    0.11442328519710264, 
    0.12411484830077733, 
    0.10645462016580236, 
    0.2039925386316204, 
    0.08935086332604315, 
    0.02242046697218436, 
    0, 
    0.11601367611233238, 
    0.07926715424180206, 
    0.14396254705233527
   ], 
   [
    0.11208752506923932, 
    0.12045724604106643, 
    0.19836655675248674, 
    0.20635783768829294, 
    0.08326992547158338, 
    0.1617754145725522, 
    0.056494077772565814, 
    0, 
    0.05828248361933072, 
    0.0029089330128826574
   ], 
   [
    0.01709200883642318, 
    0.17768080191398794, 
    0.08827901278639527, 
    0.10609229045815816, 
    0.03359090108881733, 
    0.14646934277991155, 
    0.1471936177672393, 
    0.12530008480639532, 
    0, 
    0.15830193956267186
   ], 
   [
    0.13489650402558426, 
    0.11378470338827804, 
    0.0013567487269372403, 
    0.053069973591598624, 
    0.09583792956434223, 
    0.1501786788374317, 
    0.11180291458998046, 
    0.15994470749771839, 
    0.17912783977812913, 
    0
   ]
  ]
 }, 
 "vehicle_capacities": [
  10, 
  10, 
  10, 
  10, 
  25, 
  30, 
  30, 
  30, 
  30, 
  30
 ]
}