{
 "vehicle_cost_per_km": [
  15, 
  10, 
  10, 
  5, 
  5, 
  5, 
  5, 
  5, 
  5, 
  5
 ], 
 "runs": [
  {
   "avg_task_cost_vs_number_of_task": [
    1810, 
    1581.5, 
    1100, 
    1251.5, 
    1088.8, 
    916.6666666666666, 
    881.1428571428571, 
    771, 
    685.3333333333334, 
    616.8, 
    560.7272727272727, 
    579, 
    538.5384615384615, 
    529.4285714285714, 
    466.73333333333335, 
    474.0625, 
    463.7647058823529, 
    458.77777777777777, 
    480.3157894736842, 
    492.9, 
    506.4761904761905, 
    484.6363636363636, 
    504.4347826086956, 
    481.625, 
    489.24, 
    532.0384615384615, 
    452.85185185185185, 
    443.9642857142857, 
    409.82758620689657, 
    473.3333333333333
   ], 
   "number_of_vehicles": 3
  }
 ], 
 "vehicle_starting_positions": [
  "Amsterdam", 
  "Rotterdam", 
  "Den Haag", 
  "Utrecht", 
  "Eindhoven", 
  "Almere", 
  "Groningen", 
  "Nijmegen", 
  "Breda", 
  "Apeldoorn"
 ], 
 "task_distribution": {
  "distance_matrix": [
   [
    0, 
    90.6, 
    65.2, 
    45.6, 
    137.5, 
    31.9, 
    185.9, 
    132, 
    119.1, 
    90.2
   ], 
   [
    90.6, 
    0, 
    25.4, 
    62.3, 
    110.8, 
    105.6, 
    259.6, 
    112, 
    48.6, 
    129.3
   ], 
   [
    65.2, 
    25.4, 
    0, 
    87.7, 
    136.2, 
    97.1, 
    251.1, 
    137.4, 
    74, 
    154.7
   ], 
   [
    45.6, 
    62.3, 
    87.7, 
    0, 
    91.9, 
    43.3, 
    197.3, 
    86.4, 
    73.5, 
    67
   ], 
   [
    137.5, 
    110.8, 
    136.2, 
    91.9, 
    0, 
    135.2, 
    268.3, 
    70.2, 
    62.2, 
    127.3
   ], 
   [
    31.9, 
    105.6, 
    97.1, 
    43.3, 
    135.2, 
    0, 
    154, 
    129.7, 
    116.8, 
    80.1
   ], 
   [
    185.9, 
    259.6, 
    251.1, 
    197.3, 
    268.3, 
    154, 
    0, 
    198.1, 
    270.8, 
    141
   ], 
   [
    132, 
    112, 
    137.4, 
    86.4, 
    70.2, 
    129.7, 
    198.1, 
    0, 
    96.2, 
    57.1
   ], 
   [
    119.1, 
    48.6, 
    74, 
    73.5, 
    62.2, 
    116.8, 
    270.8, 
    96.2, 
    0, 
    140.5
   ], 
   [
    90.2, 
    129.3, 
    154.7, 
    67, 
    127.3, 
    80.1, 
    141, 
    57.1, 
    140.5, 
    0
   ]
  ], 
  "weight_matrix": [
   [
    0, 
    3, 
    3, 
    3, 
    3, 
    3, 
    3, 
    3, 
    3, 
    3
   ], 
   [
    3, 
    0, 
    3, 
    3, 
    3, 
    3, 
    3, 
    3, 
    3, 
    3
   ], 
   [
    3, 
    3, 
    0, 
    3, 
    3, 
    3, 
    3, 
    3, 
    3, 
    3
   ], 
   [
    3, 
    3, 
    3, 
    0, 
    3, 
    3, 
    3, 
    3, 
    3, 
    3
   ], 
   [
    3, 
    3, 
    3, 
    3, 
    0, 
    3, 
    3, 
    3, 
    3, 
    3
   ], 
   [
    3, 
    3, 
    3, 
    3, 
    3, 
    0, 
    3, 
    3, 
    3, 
    3
   ], 
   [
    3, 
    3, 
    3, 
    3, 
    3, 
    3, 
    0, 
    3, 
    3, 
    3
   ], 
   [
    3, 
    3, 
    3, 
    3, 
    3, 
    3, 
    3, 
    0, 
    3, 
    3
   ], 
   [
    3, 
    3, 
    3, 
    3, 
    3, 
    3, 
    3, 
    3, 
    0, 
    3
   ], 
   [
    3, 
    3, 
    3, 
    3, 
    3, 
    3, 
    3, 
    3, 
    3, 
    0
   ]
  ], 
  "city_names": [
   "Amsterdam", 
   "Rotterdam", 
   "Den Haag", 
   "Utrecht", 
   "Eindhoven", 
   "Almere", 
   "Groningen", 
   "Nijmegen", 
   "Breda", 
   "Apeldoorn"
  ], 
  "reward_matrix": [
   [
    0, 
    73456, 
    83796, 
    91775, 
    54364, 
    97352, 
    34661, 
    56603, 
    61855, 
    73619
   ], 
   [
    73456, 
    0, 
    99999, 
    84977, 
    65233, 
    67350, 
    4659, 
    64745, 
    90554, 
    57702
   ], 
   [
    83796, 
    99999, 
    0, 
    74637, 
    54893, 
    70810, 
    8119, 
    54405, 
    80214, 
    47362
   ], 
   [
    91775, 
    84977, 
    74637, 
    0, 
    72927, 
    92712, 
    30020, 
    75166, 
    80418, 
    83064
   ], 
   [
    54364, 
    65233, 
    54893, 
    72927, 
    0, 
    55300, 
    1117, 
    81761, 
    85018, 
    58516
   ], 
   [
    97352, 
    67350, 
    70810, 
    92712, 
    55300, 
    0, 
    47647, 
    57539, 
    62791, 
    77731
   ], 
   [
    34661, 
    4659, 
    8119, 
    30020, 
    1117, 
    47647, 
    0, 
    29695, 
    100, 
    52939
   ], 
   [
    56603, 
    64745, 
    54405, 
    75166, 
    81761, 
    57539, 
    29695, 
    0, 
    71177, 
    87094
   ], 
   [
    61855, 
    90554, 
    80214, 
    80418, 
    85018, 
    62791, 
    100, 
    71177, 
    0, 
    53143
   ], 
   [
    73619, 
    57702, 
    47362, 
    83064, 
    58516, 
    77731, 
    52939, 
    87094, 
    53143, 
    0
   ]
  ], 
  "probability_matrix": [
   [
    0, 
    0.1283876538657458, 
    0.19173004935930768, 
    0.0646001247158688, 
    0.002191421884683938, 
    0.19397900752376038, 
    0.016442124997911367, 
    0.26065654324728665, 
    0.03496607545520549, 
    0.10704699895022984
   ], 
   [
    0.13476899629484104, 
    0, 
    0.045411307439190765, 
    0.10442939905496998, 
    0.13041378409365445, 
    0.06861174992346625, 
    0.10324551446365902, 
    0.1621786976200652, 
    0.13493937777332368, 
    0.11600117333682959
   ], 
   [
    0.013077353135843437, 
    0.004270682969525567, 
    0, 
    0.22095446473519337, 
    0.03312285779269629, 
    0.197112084819173, 
    0.17990554794205543, 
    0.11967338616201507, 
    0.1946971846210801, 
    0.03718643782241766
   ], 
   [
    0.16913114830589335, 
    0.07426761040200462, 
    0.1384712587852739, 
    0, 
    0.08233871859462757, 
    0.14463843235454496, 
    0.15386632133174344, 
    0.17802531946854794, 
    0.004920178984149507, 
    0.054341011773214806
   ], 
   [
    0.10087905894950455, 
    0.12470300747275069, 
    0.012633402948883836, 
    0.11240880709035082, 
    0, 
    0.1297097755571228, 
    0.19160792618573375, 
    0.15061732940648817, 
    0.06374838524946531, 
    0.11369230713970005
   ], 
   [
    0.061242880411061885, 
    0.021684011802735017, 
    0.0632355388231861, 
    0.20433828812740323, 
    0.11210356158668512, 
    0, 
    0.19655556880218025, 
    0.19038648248667392, 
    0.023758589552024607, 
    0.12669507840804983
   ], 
   [
    0.035184228783777374, 
    0.15388232437158195, 
    0.21795974037158897, 
    0.11771866948150424, 
    0.17081802029630402, 
    0.21290157966019602, 
    0, 
    0.006683087844279959, 
    0.05919428629917749, 
    0.025658062891589943
   ], 
   [
    0.22971573875284246, 
    0.12539001775050246, 
    0.13993908725277743, 
    0.02409583876915741, 
    0.06441202794318976, 
    0.09026509516516094, 
    0.0670430657592162, 
    0, 
    0.1608477082833869, 
    0.09829142032376664
   ], 
   [
    0.09630802776221534, 
    0.19227592558805826, 
    0.11015394073028974, 
    0.09946557564615645, 
    0.1395037214526894, 
    0.05573895725200989, 
    0.03300168911818943, 
    0.08515190514657175, 
    0, 
    0.1884002573038197
   ], 
   [
    0.03307081471800729, 
    0.06554014304149729, 
    0.10041399515988347, 
    0.13486196607668507, 
    0.10113541285956343, 
    0.12414754623729952, 
    0.15989998274489178, 
    0.1692778232867729, 
    0.11165231587539934, 
    0
   ]
  ]
 }, 
 "vehicle_capacities": [
  15, 
  15, 
  15, 
  5, 
  20, 
  30, 
  30, 
  30, 
  30, 
  30
 ]
}