{
 "vehicle_cost_per_km": [
  5, 
  5, 
  5, 
  5, 
  5
 ], 
 "runs": [
  {
   "avg_task_cost_vs_number_of_task": [
    902, 
    730.25, 
    631.8333333333334, 
    565, 
    452, 
    405, 
    365.2857142857143, 
    327.625, 
    291.22222222222223, 
    291.1, 
    333.8181818181818, 
    306, 
    301.3076923076923, 
    262.2857142857143, 
    269.6666666666667, 
    261.5, 
    274.97058823529414, 
    262.4166666666667, 
    260.1578947368421, 
    251.57500000000005, 
    236.35714285714286, 
    270.02272727272725, 
    223.65217391304353, 
    261.9583333333333, 
    253.76, 
    205.65384615384616, 
    256.81481481481484, 
    244.96428571428572, 
    252.2586206896552, 
    191.56666666666666
   ], 
   "number_of_vehicles": 2
  }, 
  {
   "avg_task_cost_vs_number_of_task": [
    736.5, 
    730.25, 
    631.8333333333334, 
    523.625, 
    418.9, 
    349.0833333333333, 
    317.35714285714283, 
    327.625, 
    291.22222222222223, 
    289.04999999999995, 
    330.9090909090909, 
    303.3333333333333, 
    295.1923076923077, 
    262.2857142857143, 
    261.1333333333334, 
    244.81250000000003, 
    264.3235294117647, 
    240.9166666666667, 
    266.5263157894737, 
    259.2, 
    254.26190476190476, 
    223.06818181818187, 
    235.5869565217392, 
    257.1875, 
    229.48, 
    263.0769230769231, 
    246.40740740740748, 
    238.19642857142864, 
    253.89655172413788, 
    202.06666666666666
   ], 
   "number_of_vehicles": 3
  }, 
  {
   "avg_task_cost_vs_number_of_task": [
    736.5, 
    730.25, 
    589.5, 
    523.625, 
    418.9, 
    349.0833333333333, 
    317.35714285714283, 
    327.625, 
    291.22222222222223, 
    286.99999999999994, 
    333.8181818181818, 
    333.1666666666667, 
    307.53846153846155, 
    262.89285714285717, 
    277.1, 
    227.49999999999997, 
    273.97058823529414, 
    250.27777777777783, 
    273.13157894736844, 
    248.65000000000003, 
    258.0238095238095, 
    239.8181818181818, 
    251.4130434782609, 
    266.5, 
    236.36000000000007, 
    222.40384615384616, 
    250.85185185185188, 
    228.8571428571429, 
    231.37931034482762, 
    201.88333333333333
   ], 
   "number_of_vehicles": 4
  }, 
  {
   "avg_task_cost_vs_number_of_task": [
    736.5, 
    730.25, 
    589.5, 
    523.625, 
    418.9, 
    349.0833333333333, 
    317.35714285714283, 
    327.625, 
    293.6111111111111, 
    306.74999999999994, 
    363.45454545454544, 
    327.2916666666667, 
    307.53846153846155, 
    285.9285714285714, 
    282.8666666666667, 
    291.65625, 
    269.29411764705884, 
    253.63888888888889, 
    289.36842105263156, 
    272.90000000000003, 
    251.78571428571433, 
    280.1818181818182, 
    229.76086956521746, 
    263.10416666666663, 
    224.84, 
    211.2692307692308, 
    219.7037037037037, 
    222.125, 
    236.62068965517244, 
    241.51666666666668
   ], 
   "number_of_vehicles": 5
  }
 ], 
 "vehicle_starting_positions": [
  "Amsterdam", 
  "Rotterdam", 
  "Nijmegen", 
  "Den Haag", 
  "Utrecht", 
  "Groningen", 
  "Apeldoorn", 
  "Breda", 
  "Almere", 
  "Eindhoven"
 ], 
 "task_distribution": {
  "distance_matrix": [
   [
    0, 
    90.6, 
    65.2, 
    45.6, 
    137.5, 
    31.9, 
    185.9, 
    132, 
    119.1, 
    90.2
   ], 
   [
    90.6, 
    0, 
    25.4, 
    62.3, 
    110.8, 
    105.6, 
    259.6, 
    112, 
    48.6, 
    129.3
   ], 
   [
    65.2, 
    25.4, 
    0, 
    87.7, 
    136.2, 
    97.1, 
    251.1, 
    137.4, 
    74, 
    154.7
   ], 
   [
    45.6, 
    62.3, 
    87.7, 
    0, 
    91.9, 
    43.3, 
    197.3, 
    86.4, 
    73.5, 
    67
   ], 
   [
    137.5, 
    110.8, 
    136.2, 
    91.9, 
    0, 
    135.2, 
    268.3, 
    70.2, 
    62.2, 
    127.3
   ], 
   [
    31.9, 
    105.6, 
    97.1, 
    43.3, 
    135.2, 
    0, 
    154, 
    129.7, 
    116.8, 
    80.1
   ], 
   [
    185.9, 
    259.6, 
    251.1, 
    197.3, 
    268.3, 
    154, 
    0, 
    198.1, 
    270.8, 
    141
   ], 
   [
    132, 
    112, 
    137.4, 
    86.4, 
    70.2, 
    129.7, 
    198.1, 
    0, 
    96.2, 
    57.1
   ], 
   [
    119.1, 
    48.6, 
    74, 
    73.5, 
    62.2, 
    116.8, 
    270.8, 
    96.2, 
    0, 
    140.5
   ], 
   [
    90.2, 
    129.3, 
    154.7, 
    67, 
    127.3, 
    80.1, 
    141, 
    57.1, 
    140.5, 
    0
   ]
  ], 
  "weight_matrix": [
   [
    0, 
    3, 
    3, 
    3, 
    3, 
    3, 
    3, 
    3, 
    3, 
    3
   ], 
   [
    3, 
    0, 
    3, 
    3, 
    3, 
    3, 
    3, 
    3, 
    3, 
    3
   ], 
   [
    3, 
    3, 
    0, 
    3, 
    3, 
    3, 
    3, 
    3, 
    3, 
    3
   ], 
   [
    3, 
    3, 
    3, 
    0, 
    3, 
    3, 
    3, 
    3, 
    3, 
    3
   ], 
   [
    3, 
    3, 
    3, 
    3, 
    0, 
    3, 
    3, 
    3, 
    3, 
    3
   ], 
   [
    3, 
    3, 
    3, 
    3, 
    3, 
    0, 
    3, 
    3, 
    3, 
    3
   ], 
   [
    3, 
    3, 
    3, 
    3, 
    3, 
    3, 
    0, 
    3, 
    3, 
    3
   ], 
   [
    3, 
    3, 
    3, 
    3, 
    3, 
    3, 
    3, 
    0, 
    3, 
    3
   ], 
   [
    3, 
    3, 
    3, 
    3, 
    3, 
    3, 
    3, 
    3, 
    0, 
    3
   ], 
   [
    3, 
    3, 
    3, 
    3, 
    3, 
    3, 
    3, 
    3, 
    3, 
    0
   ]
  ], 
  "city_names": [
   "Amsterdam", 
   "Rotterdam", 
   "Den Haag", 
   "Utrecht", 
   "Eindhoven", 
   "Almere", 
   "Groningen", 
   "Nijmegen", 
   "Breda", 
   "Apeldoorn"
  ], 
  "reward_matrix": [
   [
    0, 
    73456, 
    83796, 
    91775, 
    54364, 
    97352, 
    34661, 
    56603, 
    61855, 
    73619
   ], 
   [
    73456, 
    0, 
    99999, 
    84977, 
    65233, 
    67350, 
    4659, 
    64745, 
    90554, 
    57702
   ], 
   [
    83796, 
    99999, 
    0, 
    74637, 
    54893, 
    70810, 
    8119, 
    54405, 
    80214, 
    47362
   ], 
   [
    91775, 
    84977, 
    74637, 
    0, 
    72927, 
    92712, 
    30020, 
    75166, 
    80418, 
    83064
   ], 
   [
    54364, 
    65233, 
    54893, 
    72927, 
    0, 
    55300, 
    1117, 
    81761, 
    85018, 
    58516
   ], 
   [
    97352, 
    67350, 
    70810, 
    92712, 
    55300, 
    0, 
    47647, 
    57539, 
    62791, 
    77731
   ], 
   [
    34661, 
    4659, 
    8119, 
    30020, 
    1117, 
    47647, 
    0, 
    29695, 
    100, 
    52939
   ], 
   [
    56603, 
    64745, 
    54405, 
    75166, 
    81761, 
    57539, 
    29695, 
    0, 
    71177, 
    87094
   ], 
   [
    61855, 
    90554, 
    80214, 
    80418, 
    85018, 
    62791, 
    100, 
    71177, 
    0, 
    53143
   ], 
   [
    73619, 
    57702, 
    47362, 
    83064, 
    58516, 
    77731, 
    52939, 
    87094, 
    53143, 
    0
   ]
  ], 
  "probability_matrix": [
   [
    0, 
    0.21306562493994063, 
    0.12855181626905074, 
    0.043198485698404766, 
    0.021501838440800832, 
    0.2205740920871565, 
    0.06359163931178789, 
    0.07177057887811543, 
    0.09136645582450192, 
    0.14637946855024125
   ], 
   [
    0.011363552201168617, 
    0, 
    0.11273879448082938, 
    0.15980382432739146, 
    0.10324620687517995, 
    0.13217073031969684, 
    0.17569854875226332, 
    0.02887550655200962, 
    0.13075558039439864, 
    0.14534725609706226
   ], 
   [
    0.024186405068487484, 
    0.1468367595179316, 
    0, 
    0.14225955596961146, 
    0.210118570661469, 
    0.07613827380964623, 
    0.01896327354988288, 
    0.131306772592508, 
    0.19070790053013587, 
    0.05948248830032765
   ], 
   [
    0.1389556331567839, 
    0.15824940727372036, 
    0.07358745391681899, 
    0, 
    0.07801389998212767, 
    0.005810301524886472, 
    0.19025029356702722, 
    0.039206574351477015, 
    0.2286185671099284, 
    0.08730786911723004
   ], 
   [
    0.09153535491778737, 
    0.0684759356499016, 
    0.134839610913671, 
    0.1633092453404301, 
    0, 
    0.15945352680446043, 
    0.08733656778999734, 
    0.15384170156799287, 
    0.1398890861181655, 
    0.0013189708975938797
   ], 
   [
    0.13015859509810065, 
    0.04980063694690114, 
    0.2301232414452922, 
    0.18301829724477836, 
    0.16714140167144403, 
    0, 
    0.0016451822871794768, 
    0.13397797256059465, 
    0.061952703107672695, 
    0.04218196963803663
   ], 
   [
    0.12425382722718173, 
    0.048818401110876875, 
    0.1482304249443294, 
    0.14925145378292762, 
    0.1199562097502161, 
    0.10632075281240477, 
    0, 
    0.008685851724377039, 
    0.20488641748630215, 
    0.08959666116138437
   ], 
   [
    0.02231236173786406, 
    0.05178753186157641, 
    0.19240082606520983, 
    0.10282160251177881, 
    0.11556698734685332, 
    0.0966661106301847, 
    0.17736375005480465, 
    0, 
    0.12336503811370038, 
    0.11771579167802769
   ], 
   [
    0.02806301618354579, 
    0.212522859591493, 
    0.15947785702821365, 
    0.1625468229341635, 
    0.005279820277130254, 
    0.09856591768745822, 
    0.1424669222773041, 
    0.04838191021346366, 
    0, 
    0.14269487380722773
   ], 
   [
    0.17989287586778224, 
    0.13381089995915804, 
    0.022896731423535762, 
    0.07818754560785311, 
    0.19992210838153152, 
    0.15078502183277154, 
    0.1499156668549808, 
    0.006504038776710299, 
    0.07808511129567647, 
    0
   ]
  ]
 }, 
 "vehicle_capacities": [
  30, 
  30, 
  30, 
  30, 
  30
 ]
}