{
 "vehicle_cost_per_km": [
  5, 
  5, 
  5, 
  5, 
  5
 ], 
 "runs": [
  {
   "avg_task_cost_vs_number_of_task": [
    2283.5, 
    1197, 
    898.5, 
    741.75, 
    672.9000000000001, 
    640.3333333333334, 
    589.6428571428572, 
    544.5, 
    443.55555555555554, 
    399.2, 
    398.3181818181818, 
    363.2916666666667, 
    337.03846153846155, 
    344.25, 
    302.33333333333337, 
    273.84375, 
    293.3529411764706, 
    243.41666666666666, 
    375.8947368421053, 
    299.3, 
    217.38095238095244, 
    259.70454545454544, 
    295.4130434782609, 
    278.6666666666667, 
    275.82, 
    283, 
    263.49999999999994, 
    243.91071428571428, 
    251.56896551724137, 
    282.1
   ], 
   "number_of_vehicles": 5
  }
 ], 
 "vehicle_starting_positions": [
  "Amsterdam", 
  "Rotterdam", 
  "Den Haag", 
  "Utrecht", 
  "Eindhoven", 
  "Almere", 
  "Groningen", 
  "Nijmegen", 
  "Breda", 
  "Apeldoorn"
 ], 
 "task_distribution": {
  "distance_matrix": [
   [
    0, 
    90.6, 
    65.2, 
    45.6, 
    137.5, 
    31.9, 
    185.9, 
    132, 
    119.1, 
    90.2
   ], 
   [
    90.6, 
    0, 
    25.4, 
    62.3, 
    110.8, 
    105.6, 
    259.6, 
    112, 
    48.6, 
    129.3
   ], 
   [
    65.2, 
    25.4, 
    0, 
    87.7, 
    136.2, 
    97.1, 
    251.1, 
    137.4, 
    74, 
    154.7
   ], 
   [
    45.6, 
    62.3, 
    87.7, 
    0, 
    91.9, 
    43.3, 
    197.3, 
    86.4, 
    73.5, 
    67
   ], 
   [
    137.5, 
    110.8, 
    136.2, 
    91.9, 
    0, 
    135.2, 
    268.3, 
    70.2, 
    62.2, 
    127.3
   ], 
   [
    31.9, 
    105.6, 
    97.1, 
    43.3, 
    135.2, 
    0, 
    154, 
    129.7, 
    116.8, 
    80.1
   ], 
   [
    185.9, 
    259.6, 
    251.1, 
    197.3, 
    268.3, 
    154, 
    0, 
    198.1, 
    270.8, 
    141
   ], 
   [
    132, 
    112, 
    137.4, 
    86.4, 
    70.2, 
    129.7, 
    198.1, 
    0, 
    96.2, 
    57.1
   ], 
   [
    119.1, 
    48.6, 
    74, 
    73.5, 
    62.2, 
    116.8, 
    270.8, 
    96.2, 
    0, 
    140.5
   ], 
   [
    90.2, 
    129.3, 
    154.7, 
    67, 
    127.3, 
    80.1, 
    141, 
    57.1, 
    140.5, 
    0
   ]
  ], 
  "weight_matrix": [
   [
    0, 
    3, 
    3, 
    3, 
    3, 
    3, 
    3, 
    3, 
    3, 
    3
   ], 
   [
    3, 
    0, 
    3, 
    3, 
    3, 
    3, 
    3, 
    3, 
    3, 
    3
   ], 
   [
    3, 
    3, 
    0, 
    3, 
    3, 
    3, 
    3, 
    3, 
    3, 
    3
   ], 
   [
    3, 
    3, 
    3, 
    0, 
    3, 
    3, 
    3, 
    3, 
    3, 
    3
   ], 
   [
    3, 
    3, 
    3, 
    3, 
    0, 
    3, 
    3, 
    3, 
    3, 
    3
   ], 
   [
    3, 
    3, 
    3, 
    3, 
    3, 
    0, 
    3, 
    3, 
    3, 
    3
   ], 
   [
    3, 
    3, 
    3, 
    3, 
    3, 
    3, 
    0, 
    3, 
    3, 
    3
   ], 
   [
    3, 
    3, 
    3, 
    3, 
    3, 
    3, 
    3, 
    0, 
    3, 
    3
   ], 
   [
    3, 
    3, 
    3, 
    3, 
    3, 
    3, 
    3, 
    3, 
    0, 
    3
   ], 
   [
    3, 
    3, 
    3, 
    3, 
    3, 
    3, 
    3, 
    3, 
    3, 
    0
   ]
  ], 
  "city_names": [
   "Amsterdam", 
   "Rotterdam", 
   "Den Haag", 
   "Utrecht", 
   "Eindhoven", 
   "Almere", 
   "Groningen", 
   "Nijmegen", 
   "Breda", 
   "Apeldoorn"
  ], 
  "reward_matrix": [
   [
    0, 
    73456, 
    83796, 
    91775, 
    54364, 
    97352, 
    34661, 
    56603, 
    61855, 
    73619
   ], 
   [
    73456, 
    0, 
    99999, 
    84977, 
    65233, 
    67350, 
    4659, 
    64745, 
    90554, 
    57702
   ], 
   [
    83796, 
    99999, 
    0, 
    74637, 
    54893, 
    70810, 
    8119, 
    54405, 
    80214, 
    47362
   ], 
   [
    91775, 
    84977, 
    74637, 
    0, 
    72927, 
    92712, 
    30020, 
    75166, 
    80418, 
    83064
   ], 
   [
    54364, 
    65233, 
    54893, 
    72927, 
    0, 
    55300, 
    1117, 
    81761, 
    85018, 
    58516
   ], 
   [
    97352, 
    67350, 
    70810, 
    92712, 
    55300, 
    0, 
    47647, 
    57539, 
    62791, 
    77731
   ], 
   [
    34661, 
    4659, 
    8119, 
    30020, 
    1117, 
    47647, 
    0, 
    29695, 
    100, 
    52939
   ], 
   [
    56603, 
    64745, 
    54405, 
    75166, 
    81761, 
    57539, 
    29695, 
    0, 
    71177, 
    87094
   ], 
   [
    61855, 
    90554, 
    80214, 
    80418, 
    85018, 
    62791, 
    100, 
    71177, 
    0, 
    53143
   ], 
   [
    73619, 
    57702, 
    47362, 
    83064, 
    58516, 
    77731, 
    52939, 
    87094, 
    53143, 
    0
   ]
  ], 
  "probability_matrix": [
   [
    0, 
    0.15001936097243618, 
    0.006223782222468201, 
    0.11088535439693208, 
    0.06415505559675941, 
    0.06870287183811376, 
    0.021129912737603618, 
    0.17699699696901136, 
    0.2675140797861777, 
    0.13437258548049766
   ], 
   [
    0.09276007391905375, 
    0, 
    0.16588043357409116, 
    0.06862168280648918, 
    0.08744141874771956, 
    0.11792522081823079, 
    0.0849452778901918, 
    0.10851278545877756, 
    0.11531884642053285, 
    0.15859426036491336
   ], 
   [
    0.2076365490891395, 
    0.08051109371195811, 
    0, 
    0.13040233142656307, 
    0.18961617246222123, 
    0.021050220690435634, 
    0.15663309519799581, 
    0.026542103194949627, 
    0.004718583340486027, 
    0.1828898508862509
   ], 
   [
    0.18685047585077977, 
    0.08036596125340531, 
    0.09121493138778257, 
    0, 
    0.02135901588984839, 
    0.14663178468667562, 
    0.09649609955307077, 
    0.12278020144235473, 
    0.19044945625385729, 
    0.06385207368222563
   ], 
   [
    0.05907194597971404, 
    0.26901595471824014, 
    0.2261961599265398, 
    0.0738935593730423, 
    0, 
    0.1437866284695805, 
    0.1595460504961251, 
    0.05529062871685453, 
    0.004891985524228554, 
    0.008307086795675149
   ], 
   [
    0.10684169984587832, 
    0.010084319704513697, 
    0.029052243542086065, 
    0.16740365075178718, 
    0.20244493344732595, 
    0, 
    0.11657580185836063, 
    0.13872255813600545, 
    0.17791558329425475, 
    0.05095920941978802
   ], 
   [
    0.12196184747381396, 
    0.13525808452675314, 
    0.026266727543086867, 
    0.15985419272330367, 
    0.06607607731275057, 
    0.1305904218162777, 
    0, 
    0.10996440490235884, 
    0.23524773654418699, 
    0.014780507157468358
   ], 
   [
    0.18669409391911176, 
    0.04425641148236656, 
    0.10563978328694407, 
    0.14387828988915574, 
    0.18840585505369375, 
    0.04600403888984946, 
    0.12357346375069651, 
    0, 
    0.11880951110575025, 
    0.0427385526224319
   ], 
   [
    0.03383246065207844, 
    0.043776039933987945, 
    0.2530806483592759, 
    0.24467594959686548, 
    0.2693836917696686, 
    0.014321907064075901, 
    0.06652700747334671, 
    0.041564663185991245, 
    0, 
    0.03283763196470974
   ], 
   [
    0.13701686582434125, 
    0.10630299564404391, 
    0.13864932350106116, 
    0.06239065628255168, 
    0.06146253011774806, 
    0.16422682471282127, 
    0.13912298181425647, 
    0.07570452410742855, 
    0.1151232979957477, 
    0
   ]
  ]
 }, 
 "vehicle_capacities": [
  5, 
  15, 
  20, 
  20, 
  30, 
  30, 
  30, 
  30, 
  30, 
  30
 ]
}