{
 "vehicle_cost_per_km": [
  5, 
  5, 
  5, 
  5, 
  5
 ], 
 "runs": [
  {
   "avg_task_cost_vs_number_of_task": [
    2283.5, 
    1255.75, 
    855, 
    641.25, 
    609.2, 
    538.75, 
    481.7857142857143, 
    500.125, 
    478.55555555555554, 
    410.15, 
    415.77272727272725, 
    411.0833333333333, 
    388.1923076923077, 
    376.7857142857143, 
    342.8333333333333, 
    363.75, 
    357.05882352941177, 
    366.25, 
    372.65789473684214, 
    333.85, 
    344.9761904761905, 
    301.52272727272737, 
    340.97826086956525, 
    314.4375, 
    294.82, 
    269.71153846153845, 
    273.99999999999994, 
    283.25, 
    279.2586206896551, 
    289.53333333333336
   ], 
   "number_of_vehicles": 5
  }
 ], 
 "vehicle_starting_positions": [
  "Amsterdam", 
  "Rotterdam", 
  "Den Haag", 
  "Utrecht", 
  "Eindhoven", 
  "Almere", 
  "Groningen", 
  "Nijmegen", 
  "Breda", 
  "Apeldoorn"
 ], 
 "task_distribution": {
  "distance_matrix": [
   [
    0, 
    90.6, 
    65.2, 
    45.6, 
    137.5, 
    31.9, 
    185.9, 
    132, 
    119.1, 
    90.2
   ], 
   [
    90.6, 
    0, 
    25.4, 
    62.3, 
    110.8, 
    105.6, 
    259.6, 
    112, 
    48.6, 
    129.3
   ], 
   [
    65.2, 
    25.4, 
    0, 
    87.7, 
    136.2, 
    97.1, 
    251.1, 
    137.4, 
    74, 
    154.7
   ], 
   [
    45.6, 
    62.3, 
    87.7, 
    0, 
    91.9, 
    43.3, 
    197.3, 
    86.4, 
    73.5, 
    67
   ], 
   [
    137.5, 
    110.8, 
    136.2, 
    91.9, 
    0, 
    135.2, 
    268.3, 
    70.2, 
    62.2, 
    127.3
   ], 
   [
    31.9, 
    105.6, 
    97.1, 
    43.3, 
    135.2, 
    0, 
    154, 
    129.7, 
    116.8, 
    80.1
   ], 
   [
    185.9, 
    259.6, 
    251.1, 
    197.3, 
    268.3, 
    154, 
    0, 
    198.1, 
    270.8, 
    141
   ], 
   [
    132, 
    112, 
    137.4, 
    86.4, 
    70.2, 
    129.7, 
    198.1, 
    0, 
    96.2, 
    57.1
   ], 
   [
    119.1, 
    48.6, 
    74, 
    73.5, 
    62.2, 
    116.8, 
    270.8, 
    96.2, 
    0, 
    140.5
   ], 
   [
    90.2, 
    129.3, 
    154.7, 
    67, 
    127.3, 
    80.1, 
    141, 
    57.1, 
    140.5, 
    0
   ]
  ], 
  "weight_matrix": [
   [
    0, 
    3, 
    3, 
    3, 
    3, 
    3, 
    3, 
    3, 
    3, 
    3
   ], 
   [
    3, 
    0, 
    3, 
    3, 
    3, 
    3, 
    3, 
    3, 
    3, 
    3
   ], 
   [
    3, 
    3, 
    0, 
    3, 
    3, 
    3, 
    3, 
    3, 
    3, 
    3
   ], 
   [
    3, 
    3, 
    3, 
    0, 
    3, 
    3, 
    3, 
    3, 
    3, 
    3
   ], 
   [
    3, 
    3, 
    3, 
    3, 
    0, 
    3, 
    3, 
    3, 
    3, 
    3
   ], 
   [
    3, 
    3, 
    3, 
    3, 
    3, 
    0, 
    3, 
    3, 
    3, 
    3
   ], 
   [
    3, 
    3, 
    3, 
    3, 
    3, 
    3, 
    0, 
    3, 
    3, 
    3
   ], 
   [
    3, 
    3, 
    3, 
    3, 
    3, 
    3, 
    3, 
    0, 
    3, 
    3
   ], 
   [
    3, 
    3, 
    3, 
    3, 
    3, 
    3, 
    3, 
    3, 
    0, 
    3
   ], 
   [
    3, 
    3, 
    3, 
    3, 
    3, 
    3, 
    3, 
    3, 
    3, 
    0
   ]
  ], 
  "city_names": [
   "Amsterdam", 
   "Rotterdam", 
   "Den Haag", 
   "Utrecht", 
   "Eindhoven", 
   "Almere", 
   "Groningen", 
   "Nijmegen", 
   "Breda", 
   "Apeldoorn"
  ], 
  "reward_matrix": [
   [
    0, 
    73456, 
    83796, 
    91775, 
    54364, 
    97352, 
    34661, 
    56603, 
    61855, 
    73619
   ], 
   [
    73456, 
    0, 
    99999, 
    84977, 
    65233, 
    67350, 
    4659, 
    64745, 
    90554, 
    57702
   ], 
   [
    83796, 
    99999, 
    0, 
    74637, 
    54893, 
    70810, 
    8119, 
    54405, 
    80214, 
    47362
   ], 
   [
    91775, 
    84977, 
    74637, 
    0, 
    72927, 
    92712, 
    30020, 
    75166, 
    80418, 
    83064
   ], 
   [
    54364, 
    65233, 
    54893, 
    72927, 
    0, 
    55300, 
    1117, 
    81761, 
    85018, 
    58516
   ], 
   [
    97352, 
    67350, 
    70810, 
    92712, 
    55300, 
    0, 
    47647, 
    57539, 
    62791, 
    77731
   ], 
   [
    34661, 
    4659, 
    8119, 
    30020, 
    1117, 
    47647, 
    0, 
    29695, 
    100, 
    52939
   ], 
   [
    56603, 
    64745, 
    54405, 
    75166, 
    81761, 
    57539, 
    29695, 
    0, 
    71177, 
    87094
   ], 
   [
    61855, 
    90554, 
    80214, 
    80418, 
    85018, 
    62791, 
    100, 
    71177, 
    0, 
    53143
   ], 
   [
    73619, 
    57702, 
    47362, 
    83064, 
    58516, 
    77731, 
    52939, 
    87094, 
    53143, 
    0
   ]
  ], 
  "probability_matrix": [
   [
    0, 
    0.011587013339400785, 
    0.2040745572169845, 
    0.02043238882697626, 
    0.03912124431376064, 
    0.02256058340902413, 
    0.22783188386663197, 
    0.24309702121256838, 
    0.1915064510435762, 
    0.03978885677107717
   ], 
   [
    0.0741486609191903, 
    0, 
    0.169986223412362, 
    0.22250443926761598, 
    0.25215568741722605, 
    0.041744760181824554, 
    0.00416902589083277, 
    0.05037995338383728, 
    0.0826705657023288, 
    0.10224068382478199
   ], 
   [
    0.11834595651382107, 
    0.18523449138814418, 
    0, 
    0.050358619878965664, 
    0.17234698691135486, 
    0.13376604348435825, 
    0.13651069339217695, 
    0.1618865904314616, 
    0.016166462592922606, 
    0.025384155406794933
   ], 
   [
    0.026107235044286362, 
    0.09276842477424549, 
    0.043500856766124196, 
    0, 
    0.1105420930200859, 
    0.08902330767835391, 
    0.27729326621588024, 
    0.06879679039343405, 
    0.2649974255199101, 
    0.02697060058767967
   ], 
   [
    0.013113350884955266, 
    0.10841588001304085, 
    0.024631022801184874, 
    0.057198458038434104, 
    0, 
    0.0744748886331409, 
    0.16232159648551633, 
    0.2246925201229175, 
    0.09462677496660889, 
    0.24052550805420136
   ], 
   [
    0.04121613332450946, 
    0.11808830749897226, 
    0.1693860854253936, 
    0.16515519622247307, 
    0.15240835332338953, 
    0, 
    0.12252941976602914, 
    0.15734158007905014, 
    0.03380585186732139, 
    0.040069072492861464
   ], 
   [
    0.10317824731911057, 
    0.1309679437553124, 
    0.01727198279685994, 
    0.15095276886768436, 
    0.16678286481096155, 
    0.1623535682326466, 
    0, 
    0.1446670456343025, 
    0.12033781793258722, 
    0.0034877606505349635
   ], 
   [
    0.11855060177114483, 
    0.05580833246670215, 
    0.06564038062033453, 
    0.2446419353529186, 
    0.08120431210795533, 
    0.11570040649697473, 
    0.2151910518411534, 
    0, 
    0.09972799172684302, 
    0.0035349876159734726
   ], 
   [
    0.1629188247372567, 
    0.1434742540819112, 
    0.09790575815251612, 
    0.13322979577787478, 
    0.12955512196895005, 
    0.13417086373858528, 
    0.11373561060804951, 
    0.015340689990842758, 
    0, 
    0.06966908094401375
   ], 
   [
    0.05569899566993902, 
    0.16277927643127182, 
    0.12614775955305058, 
    0.09445391202002579, 
    0.05154631800890088, 
    0.23054819474316146, 
    0.16718347381867374, 
    0.02494325817210468, 
    0.08669881158287218, 
    0
   ]
  ]
 }, 
 "vehicle_capacities": [
  5, 
  10, 
  15, 
  15, 
  15, 
  30, 
  30, 
  30, 
  30, 
  30
 ]
}