{
 "vehicle_cost_per_km": [
  5, 
  5, 
  5, 
  5, 
  5
 ], 
 "runs": [
  {
   "avg_task_cost_vs_number_of_task": [
    1038, 
    742.5, 
    804.8333333333334, 
    696.125, 
    556.9, 
    464.0833333333333, 
    403.14285714285717, 
    352.75, 
    416.77777777777777, 
    391.45, 
    410.5, 
    326.2083333333334, 
    366.03846153846155, 
    313, 
    311.1666666666667, 
    344.1875, 
    295.38235294117646, 
    319.52777777777777, 
    370.57894736842104, 
    297.95000000000005, 
    311.14285714285717, 
    248.88636363636368, 
    279, 
    296.1875, 
    256.67999999999995, 
    290.71153846153845, 
    245.31481481481484, 
    246.25000000000003, 
    279.7758620689655, 
    257.05
   ], 
   "number_of_vehicles": 5
  }
 ], 
 "vehicle_starting_positions": [
  "Amsterdam", 
  "Rotterdam", 
  "Den Haag", 
  "Utrecht", 
  "Eindhoven", 
  "Almere", 
  "Groningen", 
  "Nijmegen", 
  "Breda", 
  "Apeldoorn"
 ], 
 "task_distribution": {
  "distance_matrix": [
   [
    0, 
    90.6, 
    65.2, 
    45.6, 
    137.5, 
    31.9, 
    185.9, 
    132, 
    119.1, 
    90.2
   ], 
   [
    90.6, 
    0, 
    25.4, 
    62.3, 
    110.8, 
    105.6, 
    259.6, 
    112, 
    48.6, 
    129.3
   ], 
   [
    65.2, 
    25.4, 
    0, 
    87.7, 
    136.2, 
    97.1, 
    251.1, 
    137.4, 
    74, 
    154.7
   ], 
   [
    45.6, 
    62.3, 
    87.7, 
    0, 
    91.9, 
    43.3, 
    197.3, 
    86.4, 
    73.5, 
    67
   ], 
   [
    137.5, 
    110.8, 
    136.2, 
    91.9, 
    0, 
    135.2, 
    268.3, 
    70.2, 
    62.2, 
    127.3
   ], 
   [
    31.9, 
    105.6, 
    97.1, 
    43.3, 
    135.2, 
    0, 
    154, 
    129.7, 
    116.8, 
    80.1
   ], 
   [
    185.9, 
    259.6, 
    251.1, 
    197.3, 
    268.3, 
    154, 
    0, 
    198.1, 
    270.8, 
    141
   ], 
   [
    132, 
    112, 
    137.4, 
    86.4, 
    70.2, 
    129.7, 
    198.1, 
    0, 
    96.2, 
    57.1
   ], 
   [
    119.1, 
    48.6, 
    74, 
    73.5, 
    62.2, 
    116.8, 
    270.8, 
    96.2, 
    0, 
    140.5
   ], 
   [
    90.2, 
    129.3, 
    154.7, 
    67, 
    127.3, 
    80.1, 
    141, 
    57.1, 
    140.5, 
    0
   ]
  ], 
  "weight_matrix": [
   [
    0, 
    3, 
    3, 
    3, 
    3, 
    3, 
    3, 
    3, 
    3, 
    3
   ], 
   [
    3, 
    0, 
    3, 
    3, 
    3, 
    3, 
    3, 
    3, 
    3, 
    3
   ], 
   [
    3, 
    3, 
    0, 
    3, 
    3, 
    3, 
    3, 
    3, 
    3, 
    3
   ], 
   [
    3, 
    3, 
    3, 
    0, 
    3, 
    3, 
    3, 
    3, 
    3, 
    3
   ], 
   [
    3, 
    3, 
    3, 
    3, 
    0, 
    3, 
    3, 
    3, 
    3, 
    3
   ], 
   [
    3, 
    3, 
    3, 
    3, 
    3, 
    0, 
    3, 
    3, 
    3, 
    3
   ], 
   [
    3, 
    3, 
    3, 
    3, 
    3, 
    3, 
    0, 
    3, 
    3, 
    3
   ], 
   [
    3, 
    3, 
    3, 
    3, 
    3, 
    3, 
    3, 
    0, 
    3, 
    3
   ], 
   [
    3, 
    3, 
    3, 
    3, 
    3, 
    3, 
    3, 
    3, 
    0, 
    3
   ], 
   [
    3, 
    3, 
    3, 
    3, 
    3, 
    3, 
    3, 
    3, 
    3, 
    0
   ]
  ], 
  "city_names": [
   "Amsterdam", 
   "Rotterdam", 
   "Den Haag", 
   "Utrecht", 
   "Eindhoven", 
   "Almere", 
   "Groningen", 
   "Nijmegen", 
   "Breda", 
   "Apeldoorn"
  ], 
  "reward_matrix": [
   [
    0, 
    73456, 
    83796, 
    91775, 
    54364, 
    97352, 
    34661, 
    56603, 
    61855, 
    73619
   ], 
   [
    73456, 
    0, 
    99999, 
    84977, 
    65233, 
    67350, 
    4659, 
    64745, 
    90554, 
    57702
   ], 
   [
    83796, 
    99999, 
    0, 
    74637, 
    54893, 
    70810, 
    8119, 
    54405, 
    80214, 
    47362
   ], 
   [
    91775, 
    84977, 
    74637, 
    0, 
    72927, 
    92712, 
    30020, 
    75166, 
    80418, 
    83064
   ], 
   [
    54364, 
    65233, 
    54893, 
    72927, 
    0, 
    55300, 
    1117, 
    81761, 
    85018, 
    58516
   ], 
   [
    97352, 
    67350, 
    70810, 
    92712, 
    55300, 
    0, 
    47647, 
    57539, 
    62791, 
    77731
   ], 
   [
    34661, 
    4659, 
    8119, 
    30020, 
    1117, 
    47647, 
    0, 
    29695, 
    100, 
    52939
   ], 
   [
    56603, 
    64745, 
    54405, 
    75166, 
    81761, 
    57539, 
    29695, 
    0, 
    71177, 
    87094
   ], 
   [
    61855, 
    90554, 
    80214, 
    80418, 
    85018, 
    62791, 
    100, 
    71177, 
    0, 
    53143
   ], 
   [
    73619, 
    57702, 
    47362, 
    83064, 
    58516, 
    77731, 
    52939, 
    87094, 
    53143, 
    0
   ]
  ], 
  "probability_matrix": [
   [
    0, 
    0.10039138498697374, 
    0.06835392462739256, 
    0.08573641003368877, 
    0.10469666906735145, 
    0.11306598923753862, 
    0.14309882777600832, 
    0.14300068777208555, 
    0.1076551471523028, 
    0.13400095934665823
   ], 
   [
    0.04048656726268965, 
    0, 
    0.24147879769555278, 
    0.2072962864736674, 
    0.058179467068214676, 
    0.13067979660256318, 
    0.050179280308766464, 
    0.10184876241299967, 
    0.0020108124097236862, 
    0.16784022976582258
   ], 
   [
    0.16374923261999494, 
    0.0833885566341131, 
    0, 
    0.1048769665034935, 
    0.16834021073637864, 
    0.29588606923001226, 
    0.013241240708435523, 
    0.041801823511793006, 
    0.09907823351051635, 
    0.029637666545262654
   ], 
   [
    0.23930588371468833, 
    0.0971025793717085, 
    0.15839743193094252, 
    0, 
    0.11123769699207006, 
    0.1221809657482309, 
    0.11917716435875556, 
    0.09345296505825648, 
    0.026122326713113937, 
    0.03302298611223368
   ], 
   [
    0.10597980969525515, 
    0.1617480288010382, 
    0.1459386797084708, 
    0.05786893815977445, 
    0, 
    0.12703114591391237, 
    0.1254694148820548, 
    0.0017187556437024268, 
    0.11175715761834104, 
    0.16248806957745054
   ], 
   [
    0.18051937145281116, 
    0.07072152563868411, 
    0.21854725963230795, 
    0.04761291553735415, 
    0.10629461444937109, 
    0, 
    0.11095904924614355, 
    0.09663560668953725, 
    0.013257704582581006, 
    0.1554519527712098
   ], 
   [
    0.028674414077614608, 
    0.14512247850531867, 
    0.19928510493618729, 
    0.16441313881890363, 
    0.21988845717433134, 
    0.016473701982861372, 
    0, 
    0.0510723626931165, 
    0.08331161312257926, 
    0.09175872868908716
   ], 
   [
    0.03359929688499144, 
    0.030131346013705523, 
    0.11069591279700676, 
    0.23542167610812093, 
    0.1357015652074893, 
    0.02706708458334029, 
    0.036942586124549405, 
    0, 
    0.18748823652106136, 
    0.2029522957597349
   ], 
   [
    0.07518960055106509, 
    0.045598083405525645, 
    0.16060090698782145, 
    0.07722909838067057, 
    0.05295949245588574, 
    0.07920652150419406, 
    0.17985202745040102, 
    0.15872830376724575, 
    0, 
    0.1706359654971906
   ], 
   [
    0.07213812897545492, 
    0.1215888035066672, 
    0.1136500609015266, 
    0.02736007008710876, 
    0.024409089753554346, 
    0.17542276576449442, 
    0.15892720512858077, 
    0.1150600611217396, 
    0.1914438147608734, 
    0
   ]
  ]
 }, 
 "vehicle_capacities": [
  10, 
  15, 
  25, 
  25, 
  30, 
  30, 
  30, 
  30, 
  30, 
  30
 ]
}