{
 "vehicle_cost_per_km": [
  5, 
  5, 
  5, 
  5, 
  5
 ], 
 "runs": [
  {
   "avg_task_cost_vs_number_of_task": [
    311.5, 
    474, 
    400.1666666666667, 
    409.75, 
    327.8, 
    390.6666666666667, 
    372.5, 
    413.6875, 
    362.3888888888889, 
    380.7, 
    351.1363636363636, 
    303.91666666666663, 
    286.1923076923077, 
    283.60714285714283, 
    282.8333333333333, 
    245.46875, 
    276.11764705882354, 
    230.75, 
    229.84210526315783, 
    242.675, 
    221.33333333333334, 
    234.52272727272728, 
    198.45652173913044, 
    220.5625, 
    160.66, 
    164.34615384615384, 
    220.20370370370372, 
    191.55357142857142, 
    201.22413793103445, 
    255.33333333333334
   ], 
   "number_of_vehicles": 5
  }
 ], 
 "vehicle_starting_positions": [
  "Amsterdam", 
  "Rotterdam", 
  "Den Haag", 
  "Utrecht", 
  "Eindhoven", 
  "Almere", 
  "Groningen", 
  "Nijmegen", 
  "Breda", 
  "Apeldoorn"
 ], 
 "task_distribution": {
  "distance_matrix": [
   [
    0, 
    90.6, 
    65.2, 
    45.6, 
    137.5, 
    31.9, 
    185.9, 
    132, 
    119.1, 
    90.2
   ], 
   [
    90.6, 
    0, 
    25.4, 
    62.3, 
    110.8, 
    105.6, 
    259.6, 
    112, 
    48.6, 
    129.3
   ], 
   [
    65.2, 
    25.4, 
    0, 
    87.7, 
    136.2, 
    97.1, 
    251.1, 
    137.4, 
    74, 
    154.7
   ], 
   [
    45.6, 
    62.3, 
    87.7, 
    0, 
    91.9, 
    43.3, 
    197.3, 
    86.4, 
    73.5, 
    67
   ], 
   [
    137.5, 
    110.8, 
    136.2, 
    91.9, 
    0, 
    135.2, 
    268.3, 
    70.2, 
    62.2, 
    127.3
   ], 
   [
    31.9, 
    105.6, 
    97.1, 
    43.3, 
    135.2, 
    0, 
    154, 
    129.7, 
    116.8, 
    80.1
   ], 
   [
    185.9, 
    259.6, 
    251.1, 
    197.3, 
    268.3, 
    154, 
    0, 
    198.1, 
    270.8, 
    141
   ], 
   [
    132, 
    112, 
    137.4, 
    86.4, 
    70.2, 
    129.7, 
    198.1, 
    0, 
    96.2, 
    57.1
   ], 
   [
    119.1, 
    48.6, 
    74, 
    73.5, 
    62.2, 
    116.8, 
    270.8, 
    96.2, 
    0, 
    140.5
   ], 
   [
    90.2, 
    129.3, 
    154.7, 
    67, 
    127.3, 
    80.1, 
    141, 
    57.1, 
    140.5, 
    0
   ]
  ], 
  "weight_matrix": [
   [
    0, 
    3, 
    3, 
    3, 
    3, 
    3, 
    3, 
    3, 
    3, 
    3
   ], 
   [
    3, 
    0, 
    3, 
    3, 
    3, 
    3, 
    3, 
    3, 
    3, 
    3
   ], 
   [
    3, 
    3, 
    0, 
    3, 
    3, 
    3, 
    3, 
    3, 
    3, 
    3
   ], 
   [
    3, 
    3, 
    3, 
    0, 
    3, 
    3, 
    3, 
    3, 
    3, 
    3
   ], 
   [
    3, 
    3, 
    3, 
    3, 
    0, 
    3, 
    3, 
    3, 
    3, 
    3
   ], 
   [
    3, 
    3, 
    3, 
    3, 
    3, 
    0, 
    3, 
    3, 
    3, 
    3
   ], 
   [
    3, 
    3, 
    3, 
    3, 
    3, 
    3, 
    0, 
    3, 
    3, 
    3
   ], 
   [
    3, 
    3, 
    3, 
    3, 
    3, 
    3, 
    3, 
    0, 
    3, 
    3
   ], 
   [
    3, 
    3, 
    3, 
    3, 
    3, 
    3, 
    3, 
    3, 
    0, 
    3
   ], 
   [
    3, 
    3, 
    3, 
    3, 
    3, 
    3, 
    3, 
    3, 
    3, 
    0
   ]
  ], 
  "city_names": [
   "Amsterdam", 
   "Rotterdam", 
   "Den Haag", 
   "Utrecht", 
   "Eindhoven", 
   "Almere", 
   "Groningen", 
   "Nijmegen", 
   "Breda", 
   "Apeldoorn"
  ], 
  "reward_matrix": [
   [
    0, 
    73456, 
    83796, 
    91775, 
    54364, 
    97352, 
    34661, 
    56603, 
    61855, 
    73619
   ], 
   [
    73456, 
    0, 
    99999, 
    84977, 
    65233, 
    67350, 
    4659, 
    64745, 
    90554, 
    57702
   ], 
   [
    83796, 
    99999, 
    0, 
    74637, 
    54893, 
    70810, 
    8119, 
    54405, 
    80214, 
    47362
   ], 
   [
    91775, 
    84977, 
    74637, 
    0, 
    72927, 
    92712, 
    30020, 
    75166, 
    80418, 
    83064
   ], 
   [
    54364, 
    65233, 
    54893, 
    72927, 
    0, 
    55300, 
    1117, 
    81761, 
    85018, 
    58516
   ], 
   [
    97352, 
    67350, 
    70810, 
    92712, 
    55300, 
    0, 
    47647, 
    57539, 
    62791, 
    77731
   ], 
   [
    34661, 
    4659, 
    8119, 
    30020, 
    1117, 
    47647, 
    0, 
    29695, 
    100, 
    52939
   ], 
   [
    56603, 
    64745, 
    54405, 
    75166, 
    81761, 
    57539, 
    29695, 
    0, 
    71177, 
    87094
   ], 
   [
    61855, 
    90554, 
    80214, 
    80418, 
    85018, 
    62791, 
    100, 
    71177, 
    0, 
    53143
   ], 
   [
    73619, 
    57702, 
    47362, 
    83064, 
    58516, 
    77731, 
    52939, 
    87094, 
    53143, 
    0
   ]
  ], 
  "probability_matrix": [
   [
    0, 
    0.11860738658175127, 
    0.1816558536956966, 
    0.037394662334756905, 
    0.07202827581732968, 
    0.14224634570404632, 
    0.16181100846902757, 
    0.12558178307145615, 
    0.05765154763232299, 
    0.10302313669361261
   ], 
   [
    0.11440848065546314, 
    0, 
    0.05249481598289035, 
    0.165001999503964, 
    0.152046691354243, 
    0.14397996619194048, 
    0.0908156113372094, 
    0.017958344912612, 
    0.09652236184604221, 
    0.1667717282156353
   ], 
   [
    0.0597111637238656, 
    0.09676375586167571, 
    0, 
    0.14094233819909427, 
    0.14389202634397377, 
    0.0557605338195682, 
    0.04715698645153036, 
    0.20886965062892035, 
    0.12109025087460423, 
    0.12581329409676764
   ], 
   [
    0.10648836445717659, 
    0.15989646821017825, 
    0.13168773040205825, 
    0, 
    0.16092479308021757, 
    0.0742687100886234, 
    0.1558934009914772, 
    0.026895497348430095, 
    0.1291247694657109, 
    0.05482026595612771
   ], 
   [
    0.04495259707984224, 
    0.1412859858158573, 
    0.1644997667077681, 
    0.08732810628623879, 
    0, 
    0.10068956244406588, 
    0.13053645360353067, 
    0.15863236987432938, 
    0.007514586699651538, 
    0.16456057148871608
   ], 
   [
    0.16574586663882504, 
    0.10737285762251568, 
    0.1954871929045225, 
    0.12994650173916966, 
    0.1427609815853354, 
    0, 
    0.15535654873625013, 
    0.011231218204927531, 
    0.05396308155776745, 
    0.03813575101068655
   ], 
   [
    0.04326017122684088, 
    0.0017864213015504986, 
    0.15210906877486863, 
    0.19149522858488052, 
    0.1205822618154644, 
    0.07677908834458133, 
    0, 
    0.07603387336745412, 
    0.23172063828713504, 
    0.10623324829722451
   ], 
   [
    0.09359954807623568, 
    0.15375545893837814, 
    0.03894063197755229, 
    0.13725740374567819, 
    0.1407927193849831, 
    0.0214731237133616, 
    0.2600068824607298, 
    0, 
    0.06440075623196942, 
    0.08977347547111188
   ], 
   [
    0.15379833904252105, 
    0.23311144019527305, 
    0.12012334868905028, 
    0.053363384810214964, 
    0.08772238085600771, 
    0.008297394069909446, 
    0.0848144231956223, 
    0.024497394291234056, 
    0, 
    0.23427189485016703
   ], 
   [
    0.10451463308665178, 
    0.20704159860764568, 
    0.03618917416776598, 
    0.20172500371071092, 
    0.03077988028986813, 
    0.10570645444700866, 
    0.0785787068902229, 
    0.20880325391207227, 
    0.026661294888053924, 
    0
   ]
  ]
 }, 
 "vehicle_capacities": [
  10, 
  10, 
  10, 
  20, 
  30, 
  30, 
  30, 
  30, 
  30, 
  30
 ]
}