{
 "vehicle_cost_per_km": [
  5, 
  5, 
  5, 
  5, 
  5
 ], 
 "runs": [
  {
   "avg_task_cost_vs_number_of_task": [
    1634.5, 
    817.25, 
    757, 
    645.625, 
    516.5, 
    532.2500000000001, 
    431.57142857142856, 
    404.6875, 
    385.3888888888889, 
    346.85, 
    326.8636363636364, 
    293.625, 
    285.2307692307693, 
    296.60714285714283, 
    314.33333333333337, 
    272.4375, 
    288.5, 
    297.72222222222223, 
    301.55263157894734, 
    277.05, 
    228.47619047619048, 
    251.3181818181818, 
    236.43478260869566, 
    243.75, 
    214.87999999999997, 
    240.19230769230765, 
    276.7037037037037, 
    219.98214285714286, 
    247.1206896551724, 
    210.98333333333332
   ], 
   "number_of_vehicles": 5
  }
 ], 
 "vehicle_starting_positions": [
  "Amsterdam", 
  "Rotterdam", 
  "Den Haag", 
  "Utrecht", 
  "Eindhoven", 
  "Almere", 
  "Groningen", 
  "Nijmegen", 
  "Breda", 
  "Apeldoorn"
 ], 
 "task_distribution": {
  "distance_matrix": [
   [
    0, 
    90.6, 
    65.2, 
    45.6, 
    137.5, 
    31.9, 
    185.9, 
    132, 
    119.1, 
    90.2
   ], 
   [
    90.6, 
    0, 
    25.4, 
    62.3, 
    110.8, 
    105.6, 
    259.6, 
    112, 
    48.6, 
    129.3
   ], 
   [
    65.2, 
    25.4, 
    0, 
    87.7, 
    136.2, 
    97.1, 
    251.1, 
    137.4, 
    74, 
    154.7
   ], 
   [
    45.6, 
    62.3, 
    87.7, 
    0, 
    91.9, 
    43.3, 
    197.3, 
    86.4, 
    73.5, 
    67
   ], 
   [
    137.5, 
    110.8, 
    136.2, 
    91.9, 
    0, 
    135.2, 
    268.3, 
    70.2, 
    62.2, 
    127.3
   ], 
   [
    31.9, 
    105.6, 
    97.1, 
    43.3, 
    135.2, 
    0, 
    154, 
    129.7, 
    116.8, 
    80.1
   ], 
   [
    185.9, 
    259.6, 
    251.1, 
    197.3, 
    268.3, 
    154, 
    0, 
    198.1, 
    270.8, 
    141
   ], 
   [
    132, 
    112, 
    137.4, 
    86.4, 
    70.2, 
    129.7, 
    198.1, 
    0, 
    96.2, 
    57.1
   ], 
   [
    119.1, 
    48.6, 
    74, 
    73.5, 
    62.2, 
    116.8, 
    270.8, 
    96.2, 
    0, 
    140.5
   ], 
   [
    90.2, 
    129.3, 
    154.7, 
    67, 
    127.3, 
    80.1, 
    141, 
    57.1, 
    140.5, 
    0
   ]
  ], 
  "weight_matrix": [
   [
    0, 
    3, 
    3, 
    3, 
    3, 
    3, 
    3, 
    3, 
    3, 
    3
   ], 
   [
    3, 
    0, 
    3, 
    3, 
    3, 
    3, 
    3, 
    3, 
    3, 
    3
   ], 
   [
    3, 
    3, 
    0, 
    3, 
    3, 
    3, 
    3, 
    3, 
    3, 
    3
   ], 
   [
    3, 
    3, 
    3, 
    0, 
    3, 
    3, 
    3, 
    3, 
    3, 
    3
   ], 
   [
    3, 
    3, 
    3, 
    3, 
    0, 
    3, 
    3, 
    3, 
    3, 
    3
   ], 
   [
    3, 
    3, 
    3, 
    3, 
    3, 
    0, 
    3, 
    3, 
    3, 
    3
   ], 
   [
    3, 
    3, 
    3, 
    3, 
    3, 
    3, 
    0, 
    3, 
    3, 
    3
   ], 
   [
    3, 
    3, 
    3, 
    3, 
    3, 
    3, 
    3, 
    0, 
    3, 
    3
   ], 
   [
    3, 
    3, 
    3, 
    3, 
    3, 
    3, 
    3, 
    3, 
    0, 
    3
   ], 
   [
    3, 
    3, 
    3, 
    3, 
    3, 
    3, 
    3, 
    3, 
    3, 
    0
   ]
  ], 
  "city_names": [
   "Amsterdam", 
   "Rotterdam", 
   "Den Haag", 
   "Utrecht", 
   "Eindhoven", 
   "Almere", 
   "Groningen", 
   "Nijmegen", 
   "Breda", 
   "Apeldoorn"
  ], 
  "reward_matrix": [
   [
    0, 
    73456, 
    83796, 
    91775, 
    54364, 
    97352, 
    34661, 
    56603, 
    61855, 
    73619
   ], 
   [
    73456, 
    0, 
    99999, 
    84977, 
    65233, 
    67350, 
    4659, 
    64745, 
    90554, 
    57702
   ], 
   [
    83796, 
    99999, 
    0, 
    74637, 
    54893, 
    70810, 
    8119, 
    54405, 
    80214, 
    47362
   ], 
   [
    91775, 
    84977, 
    74637, 
    0, 
    72927, 
    92712, 
    30020, 
    75166, 
    80418, 
    83064
   ], 
   [
    54364, 
    65233, 
    54893, 
    72927, 
    0, 
    55300, 
    1117, 
    81761, 
    85018, 
    58516
   ], 
   [
    97352, 
    67350, 
    70810, 
    92712, 
    55300, 
    0, 
    47647, 
    57539, 
    62791, 
    77731
   ], 
   [
    34661, 
    4659, 
    8119, 
    30020, 
    1117, 
    47647, 
    0, 
    29695, 
    100, 
    52939
   ], 
   [
    56603, 
    64745, 
    54405, 
    75166, 
    81761, 
    57539, 
    29695, 
    0, 
    71177, 
    87094
   ], 
   [
    61855, 
    90554, 
    80214, 
    80418, 
    85018, 
    62791, 
    100, 
    71177, 
    0, 
    53143
   ], 
   [
    73619, 
    57702, 
    47362, 
    83064, 
    58516, 
    77731, 
    52939, 
    87094, 
    53143, 
    0
   ]
  ], 
  "probability_matrix": [
   [
    0, 
    0.11395742430994728, 
    0.1422552609471684, 
    0.04581765963503368, 
    0.1638765482131195, 
    0.12453546072686039, 
    0.11997282419248442, 
    0.09193743028638533, 
    0.16016759547259338, 
    0.03747979621640751
   ], 
   [
    0.14175822066162594, 
    0, 
    0.20206054315476696, 
    0.01776188601743024, 
    0.18969421844229598, 
    0.15818814632952377, 
    0.14779840855143667, 
    0.04653915749473359, 
    0.07392343533633676, 
    0.02227598401185014
   ], 
   [
    0.17653680295329308, 
    0.10674287310194398, 
    0, 
    0.12091659855000614, 
    0.028598370664497566, 
    0.14835457490282522, 
    0.03993385146559912, 
    0.145565806145369, 
    0.12611731383154398, 
    0.10723380838492193
   ], 
   [
    0.12879582532260078, 
    0.137104695816978, 
    0.07586933531662314, 
    0, 
    0.13672700721278352, 
    0.0525089420144623, 
    0.1471853789849548, 
    0.10603800798831725, 
    0.0946618246617021, 
    0.12110898268157819
   ], 
   [
    0.17340799394370682, 
    0.06537562037100848, 
    0.20423374976748834, 
    0.10450544120768707, 
    0, 
    0.07001901508719346, 
    0.04185608942258072, 
    0.16974476890297013, 
    0.0695951965724182, 
    0.10126212472494671
   ], 
   [
    0.09459153897048778, 
    0.19814144013326412, 
    0.03857013318139607, 
    0.06013435016641623, 
    0.17332568536984416, 
    0, 
    0.011509077047286159, 
    0.19623734920082925, 
    0.05162772450745555, 
    0.17586270142302068
   ], 
   [
    0.03440673248372037, 
    0.07984534512177793, 
    0.002539765714850083, 
    0.2105138289996736, 
    0.026055033854354058, 
    0.19507306114117265, 
    0, 
    0.17660953485307082, 
    0.042552988608997436, 
    0.2324037092223831
   ], 
   [
    0.04509403063031107, 
    0.10225854685410678, 
    0.1111731144921821, 
    0.07547316817666246, 
    0.18758574936535152, 
    0.19386751222324736, 
    0.1567299359497644, 
    0, 
    0.017804366873063165, 
    0.11001357543531116
   ], 
   [
    0.05554552087946571, 
    0.07074029849321929, 
    0.19983334636322844, 
    0.12486493768374904, 
    0.18469959387575624, 
    0.024751474732814308, 
    0.20659584976615217, 
    0.05700635217428924, 
    0, 
    0.07596262603132559
   ], 
   [
    0.11346312882884316, 
    0.21118275062473144, 
    0.022190421383839937, 
    0.15315586490943406, 
    0.06043209503839682, 
    0.024013245044427606, 
    0.024396739708316757, 
    0.15750082235419502, 
    0.23366493210781514, 
    0
   ]
  ]
 }, 
 "vehicle_capacities": [
  10, 
  10, 
  10, 
  25, 
  30, 
  30, 
  30, 
  30, 
  30, 
  30
 ]
}