{
 "vehicle_cost_per_km": [
  5, 
  5, 
  5, 
  5, 
  5
 ], 
 "runs": [
  {
   "avg_task_cost_vs_number_of_task": [
    1220, 
    673.5, 
    608.5, 
    771.375, 
    787.5999999999999, 
    656.3333333333334, 
    562.5714285714286, 
    492.25, 
    454.4444444444445, 
    439.15, 
    404.1818181818182, 
    389.75, 
    373.65384615384613, 
    334.07142857142856, 
    354.8333333333333, 
    360.28124999999994, 
    313.0882352941176, 
    310.1666666666667, 
    333.3157894736843, 
    332.85, 
    296.7380952380952, 
    290.3636363636364, 
    297.5, 
    312.0208333333333, 
    272.2, 
    270.9230769230769, 
    276.25925925925924, 
    286.9464285714286, 
    280.13793103448273, 
    285.1333333333333
   ], 
   "number_of_vehicles": 3
  }
 ], 
 "vehicle_starting_positions": [
  "Amsterdam", 
  "Rotterdam", 
  "Den Haag", 
  "Utrecht", 
  "Eindhoven", 
  "Almere", 
  "Groningen", 
  "Nijmegen", 
  "Breda", 
  "Apeldoorn"
 ], 
 "task_distribution": {
  "distance_matrix": [
   [
    0, 
    90.6, 
    65.2, 
    45.6, 
    137.5, 
    31.9, 
    185.9, 
    132, 
    119.1, 
    90.2
   ], 
   [
    90.6, 
    0, 
    25.4, 
    62.3, 
    110.8, 
    105.6, 
    259.6, 
    112, 
    48.6, 
    129.3
   ], 
   [
    65.2, 
    25.4, 
    0, 
    87.7, 
    136.2, 
    97.1, 
    251.1, 
    137.4, 
    74, 
    154.7
   ], 
   [
    45.6, 
    62.3, 
    87.7, 
    0, 
    91.9, 
    43.3, 
    197.3, 
    86.4, 
    73.5, 
    67
   ], 
   [
    137.5, 
    110.8, 
    136.2, 
    91.9, 
    0, 
    135.2, 
    268.3, 
    70.2, 
    62.2, 
    127.3
   ], 
   [
    31.9, 
    105.6, 
    97.1, 
    43.3, 
    135.2, 
    0, 
    154, 
    129.7, 
    116.8, 
    80.1
   ], 
   [
    185.9, 
    259.6, 
    251.1, 
    197.3, 
    268.3, 
    154, 
    0, 
    198.1, 
    270.8, 
    141
   ], 
   [
    132, 
    112, 
    137.4, 
    86.4, 
    70.2, 
    129.7, 
    198.1, 
    0, 
    96.2, 
    57.1
   ], 
   [
    119.1, 
    48.6, 
    74, 
    73.5, 
    62.2, 
    116.8, 
    270.8, 
    96.2, 
    0, 
    140.5
   ], 
   [
    90.2, 
    129.3, 
    154.7, 
    67, 
    127.3, 
    80.1, 
    141, 
    57.1, 
    140.5, 
    0
   ]
  ], 
  "weight_matrix": [
   [
    0, 
    3, 
    3, 
    3, 
    3, 
    3, 
    3, 
    3, 
    3, 
    3
   ], 
   [
    3, 
    0, 
    3, 
    3, 
    3, 
    3, 
    3, 
    3, 
    3, 
    3
   ], 
   [
    3, 
    3, 
    0, 
    3, 
    3, 
    3, 
    3, 
    3, 
    3, 
    3
   ], 
   [
    3, 
    3, 
    3, 
    0, 
    3, 
    3, 
    3, 
    3, 
    3, 
    3
   ], 
   [
    3, 
    3, 
    3, 
    3, 
    0, 
    3, 
    3, 
    3, 
    3, 
    3
   ], 
   [
    3, 
    3, 
    3, 
    3, 
    3, 
    0, 
    3, 
    3, 
    3, 
    3
   ], 
   [
    3, 
    3, 
    3, 
    3, 
    3, 
    3, 
    0, 
    3, 
    3, 
    3
   ], 
   [
    3, 
    3, 
    3, 
    3, 
    3, 
    3, 
    3, 
    0, 
    3, 
    3
   ], 
   [
    3, 
    3, 
    3, 
    3, 
    3, 
    3, 
    3, 
    3, 
    0, 
    3
   ], 
   [
    3, 
    3, 
    3, 
    3, 
    3, 
    3, 
    3, 
    3, 
    3, 
    0
   ]
  ], 
  "city_names": [
   "Amsterdam", 
   "Rotterdam", 
   "Den Haag", 
   "Utrecht", 
   "Eindhoven", 
   "Almere", 
   "Groningen", 
   "Nijmegen", 
   "Breda", 
   "Apeldoorn"
  ], 
  "reward_matrix": [
   [
    0, 
    73456, 
    83796, 
    91775, 
    54364, 
    97352, 
    34661, 
    56603, 
    61855, 
    73619
   ], 
   [
    73456, 
    0, 
    99999, 
    84977, 
    65233, 
    67350, 
    4659, 
    64745, 
    90554, 
    57702
   ], 
   [
    83796, 
    99999, 
    0, 
    74637, 
    54893, 
    70810, 
    8119, 
    54405, 
    80214, 
    47362
   ], 
   [
    91775, 
    84977, 
    74637, 
    0, 
    72927, 
    92712, 
    30020, 
    75166, 
    80418, 
    83064
   ], 
   [
    54364, 
    65233, 
    54893, 
    72927, 
    0, 
    55300, 
    1117, 
    81761, 
    85018, 
    58516
   ], 
   [
    97352, 
    67350, 
    70810, 
    92712, 
    55300, 
    0, 
    47647, 
    57539, 
    62791, 
    77731
   ], 
   [
    34661, 
    4659, 
    8119, 
    30020, 
    1117, 
    47647, 
    0, 
    29695, 
    100, 
    52939
   ], 
   [
    56603, 
    64745, 
    54405, 
    75166, 
    81761, 
    57539, 
    29695, 
    0, 
    71177, 
    87094
   ], 
   [
    61855, 
    90554, 
    80214, 
    80418, 
    85018, 
    62791, 
    100, 
    71177, 
    0, 
    53143
   ], 
   [
    73619, 
    57702, 
    47362, 
    83064, 
    58516, 
    77731, 
    52939, 
    87094, 
    53143, 
    0
   ]
  ], 
  "probability_matrix": [
   [
    0, 
    0.14727021399079307, 
    0.1340748188915204, 
    0.14449282679859582, 
    0.12782276718526023, 
    0.06600337442352747, 
    0.0763292801005358, 
    0.022886702791206123, 
    0.1193690890635836, 
    0.16175092675497757
   ], 
   [
    0.22053002732110188, 
    0, 
    0.088801266464909, 
    0.119781340961783, 
    0.12186837537199502, 
    0.07024591073037414, 
    0.12220224486337591, 
    0.19049931525375108, 
    0.02955169868360142, 
    0.03651982034910865
   ], 
   [
    0.059633440715712784, 
    0.07749515253549658, 
    0, 
    0.17563768188362985, 
    0.07012904130072578, 
    0.21512085694304803, 
    0.08428723116557232, 
    0.13842550472660448, 
    0.09612640582740023, 
    0.0831446849018099
   ], 
   [
    0.16340089039830907, 
    0.12710557643348977, 
    0.073476577197306, 
    0, 
    0.04916073724089979, 
    0.11687977841516783, 
    0.14141892141643622, 
    0.1389163825211409, 
    0.043614509737925744, 
    0.14602662663932467
   ], 
   [
    0.17937189245447, 
    0.017740405998073104, 
    0.14546933467371462, 
    0.13336474593473988, 
    0, 
    0.22641889252475259, 
    0.06520482926144783, 
    0.0961062251002699, 
    0.03147121008026874, 
    0.10485246397226329
   ], 
   [
    0.03075526519850747, 
    0.17738965938402754, 
    0.0017112924177079673, 
    0.17778091240865623, 
    0.15519428784036798, 
    0, 
    0.05294812155848919, 
    0.13195370373021464, 
    0.19622873322476164, 
    0.07603802423726735
   ], 
   [
    0.19195526858802345, 
    0.1114013984369803, 
    0.16680428654758137, 
    0.028222330843541914, 
    0.05152719606586556, 
    0.18206792092727964, 
    0, 
    0.18397756362981232, 
    0.018505864503214113, 
    0.06553817045770136
   ], 
   [
    0.12492368008220602, 
    0.11712307498670337, 
    0.109035233161773, 
    0.017738204595316425, 
    0.1263493865081791, 
    0.13600477552361076, 
    0.027576614990274535, 
    0, 
    0.16890376814201016, 
    0.1723452620099267
   ], 
   [
    0.007911362617092611, 
    0.12715425779120554, 
    0.16561935871827546, 
    0.08281145714630307, 
    0.022697175632518617, 
    0.17344767803633315, 
    0.17954801196543, 
    0.22125442851697236, 
    0, 
    0.01955626957586916
   ], 
   [
    0.1630291423125566, 
    0.1435320305717363, 
    0.0021389386861497025, 
    0.1369336099474389, 
    0.20359624971506754, 
    0.070739546125236, 
    0.12060677890032635, 
    0.1309557913645957, 
    0.028467912376893036, 
    0
   ]
  ]
 }, 
 "vehicle_capacities": [
  15, 
  15, 
  15, 
  5, 
  20, 
  30, 
  30, 
  30, 
  30, 
  30
 ]
}