{
 "vehicle_cost_per_km": [
  5, 
  5, 
  5, 
  5, 
  5
 ], 
 "runs": [
  {
   "avg_task_cost_vs_number_of_task": [
    929.5, 
    632.25, 
    563.8333333333334, 
    632.5, 
    499.4, 
    454.1666666666667, 
    445.2142857142857, 
    412.9375, 
    360.72222222222223, 
    475.4, 
    370.3636363636364, 
    296.4583333333333, 
    290.5769230769231, 
    273.7857142857143, 
    327.6666666666667, 
    260.5, 
    246.05882352941177, 
    327.0277777777777, 
    290.7894736842105, 
    285.8, 
    287.35714285714283, 
    225.38636363636363, 
    271.4347826086956, 
    321.43749999999994, 
    242.36, 
    251.17307692307693, 
    243.33333333333334, 
    187.03571428571428, 
    281.58620689655174, 
    263.26666666666665
   ], 
   "number_of_vehicles": 5
  }
 ], 
 "vehicle_starting_positions": [
  "Amsterdam", 
  "Rotterdam", 
  "Den Haag", 
  "Utrecht", 
  "Eindhoven", 
  "Almere", 
  "Groningen", 
  "Nijmegen", 
  "Breda", 
  "Apeldoorn"
 ], 
 "task_distribution": {
  "distance_matrix": [
   [
    0, 
    90.6, 
    65.2, 
    45.6, 
    137.5, 
    31.9, 
    185.9, 
    132, 
    119.1, 
    90.2
   ], 
   [
    90.6, 
    0, 
    25.4, 
    62.3, 
    110.8, 
    105.6, 
    259.6, 
    112, 
    48.6, 
    129.3
   ], 
   [
    65.2, 
    25.4, 
    0, 
    87.7, 
    136.2, 
    97.1, 
    251.1, 
    137.4, 
    74, 
    154.7
   ], 
   [
    45.6, 
    62.3, 
    87.7, 
    0, 
    91.9, 
    43.3, 
    197.3, 
    86.4, 
    73.5, 
    67
   ], 
   [
    137.5, 
    110.8, 
    136.2, 
    91.9, 
    0, 
    135.2, 
    268.3, 
    70.2, 
    62.2, 
    127.3
   ], 
   [
    31.9, 
    105.6, 
    97.1, 
    43.3, 
    135.2, 
    0, 
    154, 
    129.7, 
    116.8, 
    80.1
   ], 
   [
    185.9, 
    259.6, 
    251.1, 
    197.3, 
    268.3, 
    154, 
    0, 
    198.1, 
    270.8, 
    141
   ], 
   [
    132, 
    112, 
    137.4, 
    86.4, 
    70.2, 
    129.7, 
    198.1, 
    0, 
    96.2, 
    57.1
   ], 
   [
    119.1, 
    48.6, 
    74, 
    73.5, 
    62.2, 
    116.8, 
    270.8, 
    96.2, 
    0, 
    140.5
   ], 
   [
    90.2, 
    129.3, 
    154.7, 
    67, 
    127.3, 
    80.1, 
    141, 
    57.1, 
    140.5, 
    0
   ]
  ], 
  "weight_matrix": [
   [
    0, 
    3, 
    3, 
    3, 
    3, 
    3, 
    3, 
    3, 
    3, 
    3
   ], 
   [
    3, 
    0, 
    3, 
    3, 
    3, 
    3, 
    3, 
    3, 
    3, 
    3
   ], 
   [
    3, 
    3, 
    0, 
    3, 
    3, 
    3, 
    3, 
    3, 
    3, 
    3
   ], 
   [
    3, 
    3, 
    3, 
    0, 
    3, 
    3, 
    3, 
    3, 
    3, 
    3
   ], 
   [
    3, 
    3, 
    3, 
    3, 
    0, 
    3, 
    3, 
    3, 
    3, 
    3
   ], 
   [
    3, 
    3, 
    3, 
    3, 
    3, 
    0, 
    3, 
    3, 
    3, 
    3
   ], 
   [
    3, 
    3, 
    3, 
    3, 
    3, 
    3, 
    0, 
    3, 
    3, 
    3
   ], 
   [
    3, 
    3, 
    3, 
    3, 
    3, 
    3, 
    3, 
    0, 
    3, 
    3
   ], 
   [
    3, 
    3, 
    3, 
    3, 
    3, 
    3, 
    3, 
    3, 
    0, 
    3
   ], 
   [
    3, 
    3, 
    3, 
    3, 
    3, 
    3, 
    3, 
    3, 
    3, 
    0
   ]
  ], 
  "city_names": [
   "Amsterdam", 
   "Rotterdam", 
   "Den Haag", 
   "Utrecht", 
   "Eindhoven", 
   "Almere", 
   "Groningen", 
   "Nijmegen", 
   "Breda", 
   "Apeldoorn"
  ], 
  "reward_matrix": [
   [
    0, 
    73456, 
    83796, 
    91775, 
    54364, 
    97352, 
    34661, 
    56603, 
    61855, 
    73619
   ], 
   [
    73456, 
    0, 
    99999, 
    84977, 
    65233, 
    67350, 
    4659, 
    64745, 
    90554, 
    57702
   ], 
   [
    83796, 
    99999, 
    0, 
    74637, 
    54893, 
    70810, 
    8119, 
    54405, 
    80214, 
    47362
   ], 
   [
    91775, 
    84977, 
    74637, 
    0, 
    72927, 
    92712, 
    30020, 
    75166, 
    80418, 
    83064
   ], 
   [
    54364, 
    65233, 
    54893, 
    72927, 
    0, 
    55300, 
    1117, 
    81761, 
    85018, 
    58516
   ], 
   [
    97352, 
    67350, 
    70810, 
    92712, 
    55300, 
    0, 
    47647, 
    57539, 
    62791, 
    77731
   ], 
   [
    34661, 
    4659, 
    8119, 
    30020, 
    1117, 
    47647, 
    0, 
    29695, 
    100, 
    52939
   ], 
   [
    56603, 
    64745, 
    54405, 
    75166, 
    81761, 
    57539, 
    29695, 
    0, 
    71177, 
    87094
   ], 
   [
    61855, 
    90554, 
    80214, 
    80418, 
    85018, 
    62791, 
    100, 
    71177, 
    0, 
    53143
   ], 
   [
    73619, 
    57702, 
    47362, 
    83064, 
    58516, 
    77731, 
    52939, 
    87094, 
    53143, 
    0
   ]
  ], 
  "probability_matrix": [
   [
    0, 
    0.1544654170685168, 
    0.06561537085167052, 
    0.15646824677636784, 
    0.04290256976041038, 
    0.17769760642922394, 
    0.10472415594519345, 
    0.1664664057985581, 
    0.10111279750999264, 
    0.030547429860066293
   ], 
   [
    0.06359786652922107, 
    0, 
    0.11631476783396347, 
    0.07446401707774987, 
    0.09215814574034657, 
    0.06863029711596615, 
    0.14305260369961312, 
    0.17366375607713727, 
    0.11202216122920233, 
    0.15609638469680034
   ], 
   [
    0.0020837832090993833, 
    0.11599206254722884, 
    0, 
    0.1512295215832382, 
    0.05758953766002532, 
    0.1552855092447589, 
    0.1278388892305687, 
    0.08887841900039462, 
    0.15346312098999684, 
    0.14763915653468931
   ], 
   [
    0.15998028879497103, 
    0.1659664449369377, 
    0.15323644321587113, 
    0, 
    0.14662707302832703, 
    0.005598768038925951, 
    0.09846694069725608, 
    0.08521002574990238, 
    0.05723037528240474, 
    0.1276836402554041
   ], 
   [
    0.05327101985640131, 
    0.10028061637812748, 
    0.046094893599088596, 
    0.10851177561341173, 
    0, 
    0.061037578495943254, 
    0.15434286576293016, 
    0.1768035787210606, 
    0.1590516033663545, 
    0.14060606820668245
   ], 
   [
    0.06774022099639657, 
    0.029991384166177793, 
    0.16555583127460177, 
    0.12654852786460516, 
    0.06723257038440127, 
    0, 
    0.1597119391377687, 
    0.11038041144803, 
    0.14127444371846434, 
    0.13156467100955432
   ], 
   [
    0.14164187958893895, 
    0.045078878027909615, 
    0.01987552770581441, 
    0.14444732453699644, 
    0.14336930762405695, 
    0.14985989623495732, 
    0, 
    0.016851749262632474, 
    0.23965602049607262, 
    0.09921941652262115
   ], 
   [
    0.12987952241962064, 
    0.079759680266545, 
    0.0874955073544644, 
    0.1089038212225572, 
    0.16696423152802775, 
    0.13101804636974873, 
    0.1720595388263513, 
    0, 
    0.10960209679467192, 
    0.014317555218013204
   ], 
   [
    0.1265559792350977, 
    0.013858492332170689, 
    0.10274736350868241, 
    0.18034673341510224, 
    0.2003641020984632, 
    0.18019255384537008, 
    0.059749964537425065, 
    0.11497830761517379, 
    0, 
    0.02120650341251472
   ], 
   [
    0.18246300652118885, 
    0.19038062928096125, 
    0.06977337350095958, 
    0.0015254074842442154, 
    0.05188247597166114, 
    0.13042784816822975, 
    0.12320339283705709, 
    0.1344589595243069, 
    0.11588490671139133, 
    0
   ]
  ]
 }, 
 "vehicle_capacities": [
  15, 
  20, 
  25, 
  25, 
  25, 
  30, 
  30, 
  30, 
  30, 
  30
 ]
}