{
 "vehicle_cost_per_km": [
  5, 
  5, 
  5, 
  5, 
  5
 ], 
 "runs": [
  {
   "avg_task_cost_vs_number_of_task": [
    1108, 
    776.25, 
    600.4999999999999, 
    656, 
    669.3, 
    522.6666666666666, 
    459.92857142857144, 
    450.25, 
    435.9444444444444, 
    384, 
    329.8636363636363, 
    348.75, 
    330.1923076923077, 
    311.0357142857143, 
    306.1, 
    294.5625, 
    306.70588235294116, 
    286.41666666666663, 
    290.07894736842104, 
    313.975, 
    283.3809523809524, 
    274.27272727272725, 
    280.91304347826093, 
    288.3125, 
    281.88, 
    277.9807692307692, 
    278.51851851851853, 
    282.4107142857143, 
    281.8275862068965, 
    295.45
   ], 
   "number_of_vehicles": 3
  }
 ], 
 "vehicle_starting_positions": [
  "Amsterdam", 
  "Rotterdam", 
  "Den Haag", 
  "Utrecht", 
  "Eindhoven", 
  "Almere", 
  "Groningen", 
  "Nijmegen", 
  "Breda", 
  "Apeldoorn"
 ], 
 "task_distribution": {
  "distance_matrix": [
   [
    0, 
    90.6, 
    65.2, 
    45.6, 
    137.5, 
    31.9, 
    185.9, 
    132, 
    119.1, 
    90.2
   ], 
   [
    90.6, 
    0, 
    25.4, 
    62.3, 
    110.8, 
    105.6, 
    259.6, 
    112, 
    48.6, 
    129.3
   ], 
   [
    65.2, 
    25.4, 
    0, 
    87.7, 
    136.2, 
    97.1, 
    251.1, 
    137.4, 
    74, 
    154.7
   ], 
   [
    45.6, 
    62.3, 
    87.7, 
    0, 
    91.9, 
    43.3, 
    197.3, 
    86.4, 
    73.5, 
    67
   ], 
   [
    137.5, 
    110.8, 
    136.2, 
    91.9, 
    0, 
    135.2, 
    268.3, 
    70.2, 
    62.2, 
    127.3
   ], 
   [
    31.9, 
    105.6, 
    97.1, 
    43.3, 
    135.2, 
    0, 
    154, 
    129.7, 
    116.8, 
    80.1
   ], 
   [
    185.9, 
    259.6, 
    251.1, 
    197.3, 
    268.3, 
    154, 
    0, 
    198.1, 
    270.8, 
    141
   ], 
   [
    132, 
    112, 
    137.4, 
    86.4, 
    70.2, 
    129.7, 
    198.1, 
    0, 
    96.2, 
    57.1
   ], 
   [
    119.1, 
    48.6, 
    74, 
    73.5, 
    62.2, 
    116.8, 
    270.8, 
    96.2, 
    0, 
    140.5
   ], 
   [
    90.2, 
    129.3, 
    154.7, 
    67, 
    127.3, 
    80.1, 
    141, 
    57.1, 
    140.5, 
    0
   ]
  ], 
  "weight_matrix": [
   [
    0, 
    3, 
    3, 
    3, 
    3, 
    3, 
    3, 
    3, 
    3, 
    3
   ], 
   [
    3, 
    0, 
    3, 
    3, 
    3, 
    3, 
    3, 
    3, 
    3, 
    3
   ], 
   [
    3, 
    3, 
    0, 
    3, 
    3, 
    3, 
    3, 
    3, 
    3, 
    3
   ], 
   [
    3, 
    3, 
    3, 
    0, 
    3, 
    3, 
    3, 
    3, 
    3, 
    3
   ], 
   [
    3, 
    3, 
    3, 
    3, 
    0, 
    3, 
    3, 
    3, 
    3, 
    3
   ], 
   [
    3, 
    3, 
    3, 
    3, 
    3, 
    0, 
    3, 
    3, 
    3, 
    3
   ], 
   [
    3, 
    3, 
    3, 
    3, 
    3, 
    3, 
    0, 
    3, 
    3, 
    3
   ], 
   [
    3, 
    3, 
    3, 
    3, 
    3, 
    3, 
    3, 
    0, 
    3, 
    3
   ], 
   [
    3, 
    3, 
    3, 
    3, 
    3, 
    3, 
    3, 
    3, 
    0, 
    3
   ], 
   [
    3, 
    3, 
    3, 
    3, 
    3, 
    3, 
    3, 
    3, 
    3, 
    0
   ]
  ], 
  "city_names": [
   "Amsterdam", 
   "Rotterdam", 
   "Den Haag", 
   "Utrecht", 
   "Eindhoven", 
   "Almere", 
   "Groningen", 
   "Nijmegen", 
   "Breda", 
   "Apeldoorn"
  ], 
  "reward_matrix": [
   [
    0, 
    73456, 
    83796, 
    91775, 
    54364, 
    97352, 
    34661, 
    56603, 
    61855, 
    73619
   ], 
   [
    73456, 
    0, 
    99999, 
    84977, 
    65233, 
    67350, 
    4659, 
    64745, 
    90554, 
    57702
   ], 
   [
    83796, 
    99999, 
    0, 
    74637, 
    54893, 
    70810, 
    8119, 
    54405, 
    80214, 
    47362
   ], 
   [
    91775, 
    84977, 
    74637, 
    0, 
    72927, 
    92712, 
    30020, 
    75166, 
    80418, 
    83064
   ], 
   [
    54364, 
    65233, 
    54893, 
    72927, 
    0, 
    55300, 
    1117, 
    81761, 
    85018, 
    58516
   ], 
   [
    97352, 
    67350, 
    70810, 
    92712, 
    55300, 
    0, 
    47647, 
    57539, 
    62791, 
    77731
   ], 
   [
    34661, 
    4659, 
    8119, 
    30020, 
    1117, 
    47647, 
    0, 
    29695, 
    100, 
    52939
   ], 
   [
    56603, 
    64745, 
    54405, 
    75166, 
    81761, 
    57539, 
    29695, 
    0, 
    71177, 
    87094
   ], 
   [
    61855, 
    90554, 
    80214, 
    80418, 
    85018, 
    62791, 
    100, 
    71177, 
    0, 
    53143
   ], 
   [
    73619, 
    57702, 
    47362, 
    83064, 
    58516, 
    77731, 
    52939, 
    87094, 
    53143, 
    0
   ]
  ], 
  "probability_matrix": [
   [
    0, 
    0.24362181582613956, 
    0.022464602535606455, 
    0.24627491260746645, 
    0.05926307859052109, 
    0.18239215490292002, 
    0.08945336653341719, 
    0.11393459952487428, 
    0.013507988743405495, 
    0.0290874807356494
   ], 
   [
    0.19155126500544814, 
    0, 
    0.0018154378654340008, 
    0.07833150443164154, 
    0.12398404822491636, 
    0.09403121343952688, 
    0.11524778408601928, 
    0.17086104793728774, 
    0.09559716988759652, 
    0.12858052912212942
   ], 
   [
    0.028144239054237113, 
    0.06641712610986823, 
    0, 
    0.0021487553922958586, 
    0.11176880164760582, 
    0.08781183938527487, 
    0.20572449820714836, 
    0.1657344861662602, 
    0.14490437070041134, 
    0.18734588333689814
   ], 
   [
    0.052617568604966435, 
    0.09762578746427618, 
    0.1701525057695229, 
    0, 
    0.17007458864786312, 
    0.07034466404957825, 
    0.1446654929755828, 
    0.03975550994975945, 
    0.07299172432991888, 
    0.18177215820853213
   ], 
   [
    0.10464272561518465, 
    0.16248743926288606, 
    0.18415005956525296, 
    0.07332864765338204, 
    0, 
    0.09806053573504382, 
    0.0962443090273662, 
    0.10752765100202602, 
    0.1409027797470336, 
    0.032655852391824725
   ], 
   [
    0.09224085813504802, 
    0.13892277600036548, 
    0.04474989910277667, 
    0.02474194569510262, 
    0.163042477039627, 
    0, 
    0.14310240802204494, 
    0.1683099080938333, 
    0.07107169349010685, 
    0.1538180344210952
   ], 
   [
    0.04670933092221148, 
    0.07751229546897594, 
    0.21341056419191215, 
    0.13604619676329624, 
    0.124484295050165, 
    0.000803414647466914, 
    0, 
    0.13593505015908883, 
    0.2435712828704915, 
    0.021527569926391855
   ], 
   [
    0.16820705036227743, 
    0.017560458435983094, 
    0.2739350906249921, 
    0.049709447340397075, 
    0.013871877754443651, 
    0.23662337862609698, 
    0.06175537820566705, 
    0, 
    0.17524700186293954, 
    0.003090316787203016
   ], 
   [
    0.17439392403349702, 
    0.10418068222256234, 
    0.04946069183445852, 
    0.19743600582133888, 
    0.12331056501390199, 
    0.07228285981280602, 
    0.1857617370854101, 
    0.048101665318978463, 
    0, 
    0.045071868857046685
   ], 
   [
    0.13767343816098626, 
    0.04797922548343125, 
    0.12743070777206839, 
    0.10997812119780023, 
    0.21133163066492572, 
    0.039536835068791014, 
    0.12540659752635536, 
    0.03905184603869973, 
    0.1616115980869421, 
    0
   ]
  ]
 }, 
 "vehicle_capacities": [
  15, 
  15, 
  15, 
  5, 
  20, 
  30, 
  30, 
  30, 
  30, 
  30
 ]
}