{
 "vehicle_cost_per_km": [
  5, 
  5, 
  5, 
  5, 
  5
 ], 
 "runs": [
  {
   "avg_task_cost_vs_number_of_task": [
    835.5, 
    1419.2499999999998, 
    974.3333333333331, 
    744.125, 
    655.6, 
    619.6666666666666, 
    515.6428571428572, 
    490.1250000000001, 
    450.16666666666674, 
    389.50000000000006, 
    384.5454545454546, 
    380.1666666666666, 
    381.88461538461536, 
    341.0357142857143, 
    330.5, 
    314.21875, 
    309.6470588235294, 
    325.0833333333333, 
    319.94736842105266, 
    310.50000000000006, 
    292.14285714285717, 
    326.6136363636364, 
    268.21739130434787, 
    297.1041666666667, 
    259.1, 
    277.25, 
    292.1666666666667, 
    270.9107142857143, 
    285.82758620689657, 
    290.53333333333325
   ], 
   "number_of_vehicles": 5
  }
 ], 
 "vehicle_starting_positions": [
  "Amsterdam", 
  "Rotterdam", 
  "Den Haag", 
  "Utrecht", 
  "Eindhoven", 
  "Almere", 
  "Groningen", 
  "Nijmegen", 
  "Breda", 
  "Apeldoorn"
 ], 
 "task_distribution": {
  "distance_matrix": [
   [
    0, 
    90.6, 
    65.2, 
    45.6, 
    137.5, 
    31.9, 
    185.9, 
    132, 
    119.1, 
    90.2
   ], 
   [
    90.6, 
    0, 
    25.4, 
    62.3, 
    110.8, 
    105.6, 
    259.6, 
    112, 
    48.6, 
    129.3
   ], 
   [
    65.2, 
    25.4, 
    0, 
    87.7, 
    136.2, 
    97.1, 
    251.1, 
    137.4, 
    74, 
    154.7
   ], 
   [
    45.6, 
    62.3, 
    87.7, 
    0, 
    91.9, 
    43.3, 
    197.3, 
    86.4, 
    73.5, 
    67
   ], 
   [
    137.5, 
    110.8, 
    136.2, 
    91.9, 
    0, 
    135.2, 
    268.3, 
    70.2, 
    62.2, 
    127.3
   ], 
   [
    31.9, 
    105.6, 
    97.1, 
    43.3, 
    135.2, 
    0, 
    154, 
    129.7, 
    116.8, 
    80.1
   ], 
   [
    185.9, 
    259.6, 
    251.1, 
    197.3, 
    268.3, 
    154, 
    0, 
    198.1, 
    270.8, 
    141
   ], 
   [
    132, 
    112, 
    137.4, 
    86.4, 
    70.2, 
    129.7, 
    198.1, 
    0, 
    96.2, 
    57.1
   ], 
   [
    119.1, 
    48.6, 
    74, 
    73.5, 
    62.2, 
    116.8, 
    270.8, 
    96.2, 
    0, 
    140.5
   ], 
   [
    90.2, 
    129.3, 
    154.7, 
    67, 
    127.3, 
    80.1, 
    141, 
    57.1, 
    140.5, 
    0
   ]
  ], 
  "weight_matrix": [
   [
    0, 
    3, 
    3, 
    3, 
    3, 
    3, 
    3, 
    3, 
    3, 
    3
   ], 
   [
    3, 
    0, 
    3, 
    3, 
    3, 
    3, 
    3, 
    3, 
    3, 
    3
   ], 
   [
    3, 
    3, 
    0, 
    3, 
    3, 
    3, 
    3, 
    3, 
    3, 
    3
   ], 
   [
    3, 
    3, 
    3, 
    0, 
    3, 
    3, 
    3, 
    3, 
    3, 
    3
   ], 
   [
    3, 
    3, 
    3, 
    3, 
    0, 
    3, 
    3, 
    3, 
    3, 
    3
   ], 
   [
    3, 
    3, 
    3, 
    3, 
    3, 
    0, 
    3, 
    3, 
    3, 
    3
   ], 
   [
    3, 
    3, 
    3, 
    3, 
    3, 
    3, 
    0, 
    3, 
    3, 
    3
   ], 
   [
    3, 
    3, 
    3, 
    3, 
    3, 
    3, 
    3, 
    0, 
    3, 
    3
   ], 
   [
    3, 
    3, 
    3, 
    3, 
    3, 
    3, 
    3, 
    3, 
    0, 
    3
   ], 
   [
    3, 
    3, 
    3, 
    3, 
    3, 
    3, 
    3, 
    3, 
    3, 
    0
   ]
  ], 
  "city_names": [
   "Amsterdam", 
   "Rotterdam", 
   "Den Haag", 
   "Utrecht", 
   "Eindhoven", 
   "Almere", 
   "Groningen", 
   "Nijmegen", 
   "Breda", 
   "Apeldoorn"
  ], 
  "reward_matrix": [
   [
    0, 
    73456, 
    83796, 
    91775, 
    54364, 
    97352, 
    34661, 
    56603, 
    61855, 
    73619
   ], 
   [
    73456, 
    0, 
    99999, 
    84977, 
    65233, 
    67350, 
    4659, 
    64745, 
    90554, 
    57702
   ], 
   [
    83796, 
    99999, 
    0, 
    74637, 
    54893, 
    70810, 
    8119, 
    54405, 
    80214, 
    47362
   ], 
   [
    91775, 
    84977, 
    74637, 
    0, 
    72927, 
    92712, 
    30020, 
    75166, 
    80418, 
    83064
   ], 
   [
    54364, 
    65233, 
    54893, 
    72927, 
    0, 
    55300, 
    1117, 
    81761, 
    85018, 
    58516
   ], 
   [
    97352, 
    67350, 
    70810, 
    92712, 
    55300, 
    0, 
    47647, 
    57539, 
    62791, 
    77731
   ], 
   [
    34661, 
    4659, 
    8119, 
    30020, 
    1117, 
    47647, 
    0, 
    29695, 
    100, 
    52939
   ], 
   [
    56603, 
    64745, 
    54405, 
    75166, 
    81761, 
    57539, 
    29695, 
    0, 
    71177, 
    87094
   ], 
   [
    61855, 
    90554, 
    80214, 
    80418, 
    85018, 
    62791, 
    100, 
    71177, 
    0, 
    53143
   ], 
   [
    73619, 
    57702, 
    47362, 
    83064, 
    58516, 
    77731, 
    52939, 
    87094, 
    53143, 
    0
   ]
  ], 
  "probability_matrix": [
   [
    0, 
    0.023753536782914197, 
    0.15561232867349553, 
    0.0696643441950042, 
    0.06786139424984258, 
    0.21602862537109774, 
    0.011826942356513642, 
    0.07247017554221895, 
    0.1611580351395009, 
    0.2216246176894124
   ], 
   [
    0.17073588484573887, 
    0, 
    0.16941697289693786, 
    0.044914877250565546, 
    0.1651531963912263, 
    0.18814440107742142, 
    0.09992614316134509, 
    0.005711740819584041, 
    0.06530182002931588, 
    0.09069496352786503
   ], 
   [
    0.07763676100917842, 
    0.2116255712058955, 
    0, 
    0.11597593931575109, 
    0.02385589547694126, 
    0.08583131883118897, 
    0.055977914723962414, 
    0.07022285863090946, 
    0.24162576110283177, 
    0.11724797970334112
   ], 
   [
    0.17402667593921928, 
    0.15003187748798977, 
    0.04496792362737127, 
    0, 
    0.11451765132920042, 
    0.18150266361648626, 
    0.10649763311379495, 
    0.06934350107882715, 
    0.07310871537783598, 
    0.08600335842927492
   ], 
   [
    0.08436932414157057, 
    0.13573470401274984, 
    0.07001726394544233, 
    0.10047219529284408, 
    0, 
    0.17138078377962662, 
    0.11451043779440485, 
    0.13993574492602753, 
    0.06766820592715848, 
    0.11591134018017575
   ], 
   [
    0.1415875733073938, 
    0.10802144775634569, 
    0.08485523425896326, 
    0.04136251999648342, 
    0.12096130477211918, 
    0, 
    0.16226408124693104, 
    0.12836830704236982, 
    0.12218791446238027, 
    0.0903916171570135
   ], 
   [
    0.16924251638796467, 
    0.12154974761246379, 
    0.18473756536982197, 
    0.09502452638797525, 
    0.187180344163353, 
    0.02963753105825228, 
    0, 
    0.12798628129095957, 
    0.07193894032606911, 
    0.012702547403140524
   ], 
   [
    0.2332144467421293, 
    0.21141142319456474, 
    0.0011937670658851245, 
    0.07427564926174965, 
    0.16496254321920836, 
    0.15433498333814716, 
    0.029897662368097287, 
    0, 
    0.09769677414720379, 
    0.03301275066301458
   ], 
   [
    0.1217017664960538, 
    0.09591054274773059, 
    0.1601900560624452, 
    0.13129863570796815, 
    0.08803678854180348, 
    0.009447632695965966, 
    0.08971853617445395, 
    0.17642717663268254, 
    0, 
    0.1272688649408963
   ], 
   [
    0.08877660994829258, 
    0.06697391462335416, 
    0.15837700998795243, 
    0.11615486194802403, 
    0.0919188225873147, 
    0.09299335505512091, 
    0.15184488464826826, 
    0.03930489798138358, 
    0.19365564322028955, 
    0
   ]
  ]
 }, 
 "vehicle_capacities": [
  5, 
  15, 
  15, 
  15, 
  20, 
  30, 
  30, 
  30, 
  30, 
  30
 ]
}