{
 "vehicle_cost_per_km": [
  5, 
  5, 
  5, 
  5, 
  5
 ], 
 "runs": [
  {
   "avg_task_cost_vs_number_of_task": [
    1038, 
    705, 
    578.6666666666666, 
    462.125, 
    533.0999999999999, 
    548.8333333333334, 
    508.92857142857144, 
    445.3125, 
    440.6111111111111, 
    396.55, 
    360.5, 
    338.625, 
    392.1923076923077, 
    287.3214285714286, 
    282.76666666666665, 
    358.6875, 
    280.38235294117646, 
    328.19444444444446, 
    319.42105263157896, 
    320.95, 
    309.64285714285717, 
    293.3863636363636, 
    304.5869565217391, 
    293.25, 
    305.62, 
    271.7307692307692, 
    297.2962962962963, 
    255.5178571428571, 
    363.5344827586207, 
    250.38333333333335
   ], 
   "number_of_vehicles": 5
  }
 ], 
 "vehicle_starting_positions": [
  "Amsterdam", 
  "Rotterdam", 
  "Den Haag", 
  "Utrecht", 
  "Eindhoven", 
  "Almere", 
  "Groningen", 
  "Nijmegen", 
  "Breda", 
  "Apeldoorn"
 ], 
 "task_distribution": {
  "distance_matrix": [
   [
    0, 
    90.6, 
    65.2, 
    45.6, 
    137.5, 
    31.9, 
    185.9, 
    132, 
    119.1, 
    90.2
   ], 
   [
    90.6, 
    0, 
    25.4, 
    62.3, 
    110.8, 
    105.6, 
    259.6, 
    112, 
    48.6, 
    129.3
   ], 
   [
    65.2, 
    25.4, 
    0, 
    87.7, 
    136.2, 
    97.1, 
    251.1, 
    137.4, 
    74, 
    154.7
   ], 
   [
    45.6, 
    62.3, 
    87.7, 
    0, 
    91.9, 
    43.3, 
    197.3, 
    86.4, 
    73.5, 
    67
   ], 
   [
    137.5, 
    110.8, 
    136.2, 
    91.9, 
    0, 
    135.2, 
    268.3, 
    70.2, 
    62.2, 
    127.3
   ], 
   [
    31.9, 
    105.6, 
    97.1, 
    43.3, 
    135.2, 
    0, 
    154, 
    129.7, 
    116.8, 
    80.1
   ], 
   [
    185.9, 
    259.6, 
    251.1, 
    197.3, 
    268.3, 
    154, 
    0, 
    198.1, 
    270.8, 
    141
   ], 
   [
    132, 
    112, 
    137.4, 
    86.4, 
    70.2, 
    129.7, 
    198.1, 
    0, 
    96.2, 
    57.1
   ], 
   [
    119.1, 
    48.6, 
    74, 
    73.5, 
    62.2, 
    116.8, 
    270.8, 
    96.2, 
    0, 
    140.5
   ], 
   [
    90.2, 
    129.3, 
    154.7, 
    67, 
    127.3, 
    80.1, 
    141, 
    57.1, 
    140.5, 
    0
   ]
  ], 
  "weight_matrix": [
   [
    0, 
    3, 
    3, 
    3, 
    3, 
    3, 
    3, 
    3, 
    3, 
    3
   ], 
   [
    3, 
    0, 
    3, 
    3, 
    3, 
    3, 
    3, 
    3, 
    3, 
    3
   ], 
   [
    3, 
    3, 
    0, 
    3, 
    3, 
    3, 
    3, 
    3, 
    3, 
    3
   ], 
   [
    3, 
    3, 
    3, 
    0, 
    3, 
    3, 
    3, 
    3, 
    3, 
    3
   ], 
   [
    3, 
    3, 
    3, 
    3, 
    0, 
    3, 
    3, 
    3, 
    3, 
    3
   ], 
   [
    3, 
    3, 
    3, 
    3, 
    3, 
    0, 
    3, 
    3, 
    3, 
    3
   ], 
   [
    3, 
    3, 
    3, 
    3, 
    3, 
    3, 
    0, 
    3, 
    3, 
    3
   ], 
   [
    3, 
    3, 
    3, 
    3, 
    3, 
    3, 
    3, 
    0, 
    3, 
    3
   ], 
   [
    3, 
    3, 
    3, 
    3, 
    3, 
    3, 
    3, 
    3, 
    0, 
    3
   ], 
   [
    3, 
    3, 
    3, 
    3, 
    3, 
    3, 
    3, 
    3, 
    3, 
    0
   ]
  ], 
  "city_names": [
   "Amsterdam", 
   "Rotterdam", 
   "Den Haag", 
   "Utrecht", 
   "Eindhoven", 
   "Almere", 
   "Groningen", 
   "Nijmegen", 
   "Breda", 
   "Apeldoorn"
  ], 
  "reward_matrix": [
   [
    0, 
    73456, 
    83796, 
    91775, 
    54364, 
    97352, 
    34661, 
    56603, 
    61855, 
    73619
   ], 
   [
    73456, 
    0, 
    99999, 
    84977, 
    65233, 
    67350, 
    4659, 
    64745, 
    90554, 
    57702
   ], 
   [
    83796, 
    99999, 
    0, 
    74637, 
    54893, 
    70810, 
    8119, 
    54405, 
    80214, 
    47362
   ], 
   [
    91775, 
    84977, 
    74637, 
    0, 
    72927, 
    92712, 
    30020, 
    75166, 
    80418, 
    83064
   ], 
   [
    54364, 
    65233, 
    54893, 
    72927, 
    0, 
    55300, 
    1117, 
    81761, 
    85018, 
    58516
   ], 
   [
    97352, 
    67350, 
    70810, 
    92712, 
    55300, 
    0, 
    47647, 
    57539, 
    62791, 
    77731
   ], 
   [
    34661, 
    4659, 
    8119, 
    30020, 
    1117, 
    47647, 
    0, 
    29695, 
    100, 
    52939
   ], 
   [
    56603, 
    64745, 
    54405, 
    75166, 
    81761, 
    57539, 
    29695, 
    0, 
    71177, 
    87094
   ], 
   [
    61855, 
    90554, 
    80214, 
    80418, 
    85018, 
    62791, 
    100, 
    71177, 
    0, 
    53143
   ], 
   [
    73619, 
    57702, 
    47362, 
    83064, 
    58516, 
    77731, 
    52939, 
    87094, 
    53143, 
    0
   ]
  ], 
  "probability_matrix": [
   [
    0, 
    0.011464014807465242, 
    0.024525280986795475, 
    0.12431963455362781, 
    0.15744899502467374, 
    0.19907672792828643, 
    0.19650386960628013, 
    0.12841946004379107, 
    0.05258401495453563, 
    0.10565800209454439
   ], 
   [
    0.146372532732459, 
    0, 
    0.08335450224487483, 
    0.08842095446642816, 
    0.11149953504470317, 
    0.1175216785480793, 
    0.06798015343279899, 
    0.13187778300093536, 
    0.14252109064106203, 
    0.11045176988865912
   ], 
   [
    0.1815731461288306, 
    0.15284659040250487, 
    0, 
    0.07789068474039904, 
    0.08138965056378564, 
    0.09944905747984889, 
    0.12940061112803794, 
    0.054833528465141626, 
    0.15370321094035025, 
    0.06891352015110119
   ], 
   [
    0.13590537938192968, 
    0.159584113537748, 
    0.0942355354203086, 
    0, 
    0.05373207068060886, 
    0.1623115817912184, 
    0.03680145374685187, 
    0.17194251569277, 
    0.11416625663019493, 
    0.07132109311836964
   ], 
   [
    0.20178087041528375, 
    0.13977527970982692, 
    0.18034147127813818, 
    0.005131830002033649, 
    0, 
    0.004587224249052253, 
    0.18903070747995987, 
    0.06763028295967526, 
    0.1628458713625448, 
    0.04887646254348527
   ], 
   [
    0.10847764462872017, 
    0.13776666854517416, 
    0.14395366980436383, 
    0.16606980513621744, 
    0.1931117248368073, 
    0, 
    0.012505140242269463, 
    0.046586646722305614, 
    0.11333072122559416, 
    0.0781979788585479
   ], 
   [
    0.016283448365007273, 
    0.06253914502881179, 
    0.21424644538381432, 
    0.056864636155559214, 
    0.11811178720522639, 
    0.0677815003927663, 
    0, 
    0.19667217971969173, 
    0.153831595275283, 
    0.1136692624738401
   ], 
   [
    0.02172993262730223, 
    0.09044069694152551, 
    0.15914972540594635, 
    0.13439997767743397, 
    0.13395979422665028, 
    0.14839809678954308, 
    0.03545892770050357, 
    0, 
    0.1261988402498626, 
    0.15026400838123233
   ], 
   [
    0.06962499836479101, 
    0.06771940584726685, 
    0.12888692693083015, 
    0.16802058365866102, 
    0.15418963222451465, 
    0.13797547735044996, 
    0.051110894994616206, 
    0.08165867916827617, 
    0, 
    0.14081340146059387
   ], 
   [
    0.038450740140612796, 
    0.08122062942113771, 
    0.12602072846636153, 
    0.05367418424175376, 
    0.19358164759042013, 
    0.1772567339846883, 
    0.1622363583494229, 
    0.038805508088161404, 
    0.12875346971744134, 
    0
   ]
  ]
 }, 
 "vehicle_capacities": [
  5, 
  10, 
  10, 
  10, 
  20, 
  30, 
  30, 
  30, 
  30, 
  30
 ]
}