{
 "vehicle_cost_per_km": [
  5, 
  5, 
  5, 
  5, 
  5
 ], 
 "runs": [
  {
   "avg_task_cost_vs_number_of_task": [
    660, 
    519.25, 
    454.8333333333334, 
    393.75, 
    688.6999999999999, 
    573.9166666666666, 
    491.92857142857144, 
    470.3125, 
    476.72222222222223, 
    437.5, 
    401.59090909090907, 
    406.54166666666674, 
    419.3076923076924, 
    407.82142857142856, 
    401.66666666666674, 
    406.03125000000006, 
    392.0588235294119, 
    380.1666666666667, 
    369.8947368421053, 
    351.8500000000001, 
    348.14285714285717, 
    363.09090909090907, 
    331.4347826086956, 
    340.75, 
    331.74, 
    360.1730769230769, 
    347.14814814814815, 
    340.35714285714283, 
    355.36206896551727, 
    346.53333333333336
   ], 
   "number_of_vehicles": 3
  }
 ], 
 "vehicle_starting_positions": [
  "Amsterdam", 
  "Rotterdam", 
  "Den Haag", 
  "Utrecht", 
  "Eindhoven", 
  "Almere", 
  "Groningen", 
  "Nijmegen", 
  "Breda", 
  "Apeldoorn"
 ], 
 "task_distribution": {
  "distance_matrix": [
   [
    0, 
    90.6, 
    65.2, 
    45.6, 
    137.5, 
    31.9, 
    185.9, 
    132, 
    119.1, 
    90.2
   ], 
   [
    90.6, 
    0, 
    25.4, 
    62.3, 
    110.8, 
    105.6, 
    259.6, 
    112, 
    48.6, 
    129.3
   ], 
   [
    65.2, 
    25.4, 
    0, 
    87.7, 
    136.2, 
    97.1, 
    251.1, 
    137.4, 
    74, 
    154.7
   ], 
   [
    45.6, 
    62.3, 
    87.7, 
    0, 
    91.9, 
    43.3, 
    197.3, 
    86.4, 
    73.5, 
    67
   ], 
   [
    137.5, 
    110.8, 
    136.2, 
    91.9, 
    0, 
    135.2, 
    268.3, 
    70.2, 
    62.2, 
    127.3
   ], 
   [
    31.9, 
    105.6, 
    97.1, 
    43.3, 
    135.2, 
    0, 
    154, 
    129.7, 
    116.8, 
    80.1
   ], 
   [
    185.9, 
    259.6, 
    251.1, 
    197.3, 
    268.3, 
    154, 
    0, 
    198.1, 
    270.8, 
    141
   ], 
   [
    132, 
    112, 
    137.4, 
    86.4, 
    70.2, 
    129.7, 
    198.1, 
    0, 
    96.2, 
    57.1
   ], 
   [
    119.1, 
    48.6, 
    74, 
    73.5, 
    62.2, 
    116.8, 
    270.8, 
    96.2, 
    0, 
    140.5
   ], 
   [
    90.2, 
    129.3, 
    154.7, 
    67, 
    127.3, 
    80.1, 
    141, 
    57.1, 
    140.5, 
    0
   ]
  ], 
  "weight_matrix": [
   [
    0, 
    3, 
    3, 
    3, 
    3, 
    3, 
    3, 
    3, 
    3, 
    3
   ], 
   [
    3, 
    0, 
    3, 
    3, 
    3, 
    3, 
    3, 
    3, 
    3, 
    3
   ], 
   [
    3, 
    3, 
    0, 
    3, 
    3, 
    3, 
    3, 
    3, 
    3, 
    3
   ], 
   [
    3, 
    3, 
    3, 
    0, 
    3, 
    3, 
    3, 
    3, 
    3, 
    3
   ], 
   [
    3, 
    3, 
    3, 
    3, 
    0, 
    3, 
    3, 
    3, 
    3, 
    3
   ], 
   [
    3, 
    3, 
    3, 
    3, 
    3, 
    0, 
    3, 
    3, 
    3, 
    3
   ], 
   [
    3, 
    3, 
    3, 
    3, 
    3, 
    3, 
    0, 
    3, 
    3, 
    3
   ], 
   [
    3, 
    3, 
    3, 
    3, 
    3, 
    3, 
    3, 
    0, 
    3, 
    3
   ], 
   [
    3, 
    3, 
    3, 
    3, 
    3, 
    3, 
    3, 
    3, 
    0, 
    3
   ], 
   [
    3, 
    3, 
    3, 
    3, 
    3, 
    3, 
    3, 
    3, 
    3, 
    0
   ]
  ], 
  "city_names": [
   "Amsterdam", 
   "Rotterdam", 
   "Den Haag", 
   "Utrecht", 
   "Eindhoven", 
   "Almere", 
   "Groningen", 
   "Nijmegen", 
   "Breda", 
   "Apeldoorn"
  ], 
  "reward_matrix": [
   [
    0, 
    73456, 
    83796, 
    91775, 
    54364, 
    97352, 
    34661, 
    56603, 
    61855, 
    73619
   ], 
   [
    73456, 
    0, 
    99999, 
    84977, 
    65233, 
    67350, 
    4659, 
    64745, 
    90554, 
    57702
   ], 
   [
    83796, 
    99999, 
    0, 
    74637, 
    54893, 
    70810, 
    8119, 
    54405, 
    80214, 
    47362
   ], 
   [
    91775, 
    84977, 
    74637, 
    0, 
    72927, 
    92712, 
    30020, 
    75166, 
    80418, 
    83064
   ], 
   [
    54364, 
    65233, 
    54893, 
    72927, 
    0, 
    55300, 
    1117, 
    81761, 
    85018, 
    58516
   ], 
   [
    97352, 
    67350, 
    70810, 
    92712, 
    55300, 
    0, 
    47647, 
    57539, 
    62791, 
    77731
   ], 
   [
    34661, 
    4659, 
    8119, 
    30020, 
    1117, 
    47647, 
    0, 
    29695, 
    100, 
    52939
   ], 
   [
    56603, 
    64745, 
    54405, 
    75166, 
    81761, 
    57539, 
    29695, 
    0, 
    71177, 
    87094
   ], 
   [
    61855, 
    90554, 
    80214, 
    80418, 
    85018, 
    62791, 
    100, 
    71177, 
    0, 
    53143
   ], 
   [
    73619, 
    57702, 
    47362, 
    83064, 
    58516, 
    77731, 
    52939, 
    87094, 
    53143, 
    0
   ]
  ], 
  "probability_matrix": [
   [
    0, 
    0.19256014263983398, 
    0.07022302714626484, 
    0.1904836579919832, 
    0.055251998954023884, 
    0.05991384736259675, 
    0.03881601597975052, 
    0.1552927920340849, 
    0.0986160891637914, 
    0.1388424287276705
   ], 
   [
    0.05758125095565963, 
    0, 
    0.1576735437001328, 
    0.11804761301533016, 
    0.11354838519885778, 
    0.09170440299125478, 
    0.020319890728091483, 
    0.07597950457463022, 
    0.1810395915731679, 
    0.18410581726287503
   ], 
   [
    0.07752834556453041, 
    0.21178307727028006, 
    0, 
    0.15271050823302557, 
    0.07260918159332277, 
    0.07716835424532213, 
    0.13690558654974355, 
    0.09450419534817615, 
    0.05030719017715027, 
    0.1264835610184489
   ], 
   [
    0.09388168876562997, 
    0.006828074131732683, 
    0.179137946773414, 
    0, 
    0.01504695566766753, 
    0.14296568406920918, 
    0.17918303003807917, 
    0.14061210820021514, 
    0.08740781175190182, 
    0.15493670060215042
   ], 
   [
    0.13577925575176122, 
    0.18912218711589573, 
    0.07930471584426572, 
    0.05285413127846322, 
    0, 
    0.1460374579164208, 
    0.05043820645994487, 
    0.19036821250872615, 
    0.024229046247968938, 
    0.13186678687655332
   ], 
   [
    0.0023206275727138074, 
    0.09264418311843697, 
    0.10446543108984571, 
    0.21483040816257556, 
    0.09787928978614613, 
    0, 
    0.034975498197296846, 
    0.09017772497592987, 
    0.1969302615154991, 
    0.165776575581556
   ], 
   [
    0.06856737670784871, 
    0.04904474050933768, 
    0.2113440694495747, 
    0.002290183627316986, 
    0.0331959037870482, 
    0.16852821718442565, 
    0, 
    0.24079629100535013, 
    0.05662285429052933, 
    0.1696103634385685
   ], 
   [
    0.1751871368581468, 
    0.019480521457971137, 
    0.04229224691104458, 
    0.037220006537786364, 
    0.17378347086595702, 
    0.15497053744218284, 
    0.13480305945392626, 
    0, 
    0.049800746761061956, 
    0.2124622737119231
   ], 
   [
    0.02513399272365651, 
    0.05451627260815867, 
    0.04153723993001177, 
    0.09458765442632155, 
    0.16735704887514657, 
    0.12665820005828962, 
    0.07310826928023141, 
    0.17146174485459714, 
    0, 
    0.24563957724358687
   ], 
   [
    0.12364718159217157, 
    0.14630540939055806, 
    0.009756473015950165, 
    0.10719988562767788, 
    0.21774672268607762, 
    0.1534076938976379, 
    0.21633194534739295, 
    0.020287416713669498, 
    0.005317271728864289, 
    0
   ]
  ]
 }, 
 "vehicle_capacities": [
  10, 
  10, 
  10, 
  5, 
  20, 
  30, 
  30, 
  30, 
  30, 
  30
 ]
}