{
 "vehicle_cost_per_km": [
  10, 
  10, 
  5, 
  5, 
  5, 
  5, 
  5, 
  5, 
  5, 
  5
 ], 
 "runs": [
  {
   "avg_task_cost_vs_number_of_task": [
    1425, 
    1137.75, 
    975.8333333333334, 
    1041.625, 
    983.7, 
    1248.1666666666665, 
    1138.642857142857, 
    1145.125, 
    1017.8888888888889, 
    921.9999999999998, 
    868.4090909090908, 
    851.875, 
    834.7692307692307, 
    821.7142857142856, 
    790.7333333333332, 
    791.9374999999998, 
    764.7941176470587, 
    768.3333333333333, 
    750.763157894737, 
    816.75, 
    814.0952380952381, 
    864.3409090909091, 
    766.2826086956521, 
    828.5, 
    768.7199999999998, 
    830.5961538461537, 
    786.2407407407404, 
    783.8392857142854, 
    797.2931034482757, 
    795.5833333333333
   ], 
   "number_of_vehicles": 3
  }
 ], 
 "vehicle_starting_positions": [
  "Amsterdam", 
  "Rotterdam", 
  "Den Haag", 
  "Utrecht", 
  "Eindhoven", 
  "Almere", 
  "Groningen", 
  "Nijmegen", 
  "Breda", 
  "Apeldoorn"
 ], 
 "task_distribution": {
  "distance_matrix": [
   [
    0, 
    90.6, 
    65.2, 
    45.6, 
    137.5, 
    31.9, 
    185.9, 
    132, 
    119.1, 
    90.2
   ], 
   [
    90.6, 
    0, 
    25.4, 
    62.3, 
    110.8, 
    105.6, 
    259.6, 
    112, 
    48.6, 
    129.3
   ], 
   [
    65.2, 
    25.4, 
    0, 
    87.7, 
    136.2, 
    97.1, 
    251.1, 
    137.4, 
    74, 
    154.7
   ], 
   [
    45.6, 
    62.3, 
    87.7, 
    0, 
    91.9, 
    43.3, 
    197.3, 
    86.4, 
    73.5, 
    67
   ], 
   [
    137.5, 
    110.8, 
    136.2, 
    91.9, 
    0, 
    135.2, 
    268.3, 
    70.2, 
    62.2, 
    127.3
   ], 
   [
    31.9, 
    105.6, 
    97.1, 
    43.3, 
    135.2, 
    0, 
    154, 
    129.7, 
    116.8, 
    80.1
   ], 
   [
    185.9, 
    259.6, 
    251.1, 
    197.3, 
    268.3, 
    154, 
    0, 
    198.1, 
    270.8, 
    141
   ], 
   [
    132, 
    112, 
    137.4, 
    86.4, 
    70.2, 
    129.7, 
    198.1, 
    0, 
    96.2, 
    57.1
   ], 
   [
    119.1, 
    48.6, 
    74, 
    73.5, 
    62.2, 
    116.8, 
    270.8, 
    96.2, 
    0, 
    140.5
   ], 
   [
    90.2, 
    129.3, 
    154.7, 
    67, 
    127.3, 
    80.1, 
    141, 
    57.1, 
    140.5, 
    0
   ]
  ], 
  "weight_matrix": [
   [
    0, 
    3, 
    3, 
    3, 
    3, 
    3, 
    3, 
    3, 
    3, 
    3
   ], 
   [
    3, 
    0, 
    3, 
    3, 
    3, 
    3, 
    3, 
    3, 
    3, 
    3
   ], 
   [
    3, 
    3, 
    0, 
    3, 
    3, 
    3, 
    3, 
    3, 
    3, 
    3
   ], 
   [
    3, 
    3, 
    3, 
    0, 
    3, 
    3, 
    3, 
    3, 
    3, 
    3
   ], 
   [
    3, 
    3, 
    3, 
    3, 
    0, 
    3, 
    3, 
    3, 
    3, 
    3
   ], 
   [
    3, 
    3, 
    3, 
    3, 
    3, 
    0, 
    3, 
    3, 
    3, 
    3
   ], 
   [
    3, 
    3, 
    3, 
    3, 
    3, 
    3, 
    0, 
    3, 
    3, 
    3
   ], 
   [
    3, 
    3, 
    3, 
    3, 
    3, 
    3, 
    3, 
    0, 
    3, 
    3
   ], 
   [
    3, 
    3, 
    3, 
    3, 
    3, 
    3, 
    3, 
    3, 
    0, 
    3
   ], 
   [
    3, 
    3, 
    3, 
    3, 
    3, 
    3, 
    3, 
    3, 
    3, 
    0
   ]
  ], 
  "city_names": [
   "Amsterdam", 
   "Rotterdam", 
   "Den Haag", 
   "Utrecht", 
   "Eindhoven", 
   "Almere", 
   "Groningen", 
   "Nijmegen", 
   "Breda", 
   "Apeldoorn"
  ], 
  "reward_matrix": [
   [
    0, 
    73456, 
    83796, 
    91775, 
    54364, 
    97352, 
    34661, 
    56603, 
    61855, 
    73619
   ], 
   [
    73456, 
    0, 
    99999, 
    84977, 
    65233, 
    67350, 
    4659, 
    64745, 
    90554, 
    57702
   ], 
   [
    83796, 
    99999, 
    0, 
    74637, 
    54893, 
    70810, 
    8119, 
    54405, 
    80214, 
    47362
   ], 
   [
    91775, 
    84977, 
    74637, 
    0, 
    72927, 
    92712, 
    30020, 
    75166, 
    80418, 
    83064
   ], 
   [
    54364, 
    65233, 
    54893, 
    72927, 
    0, 
    55300, 
    1117, 
    81761, 
    85018, 
    58516
   ], 
   [
    97352, 
    67350, 
    70810, 
    92712, 
    55300, 
    0, 
    47647, 
    57539, 
    62791, 
    77731
   ], 
   [
    34661, 
    4659, 
    8119, 
    30020, 
    1117, 
    47647, 
    0, 
    29695, 
    100, 
    52939
   ], 
   [
    56603, 
    64745, 
    54405, 
    75166, 
    81761, 
    57539, 
    29695, 
    0, 
    71177, 
    87094
   ], 
   [
    61855, 
    90554, 
    80214, 
    80418, 
    85018, 
    62791, 
    100, 
    71177, 
    0, 
    53143
   ], 
   [
    73619, 
    57702, 
    47362, 
    83064, 
    58516, 
    77731, 
    52939, 
    87094, 
    53143, 
    0
   ]
  ], 
  "probability_matrix": [
   [
    0, 
    0.09878917834507753, 
    0.1352360350367433, 
    0.12590476312563842, 
    0.15433172775575935, 
    0.011979936792097001, 
    0.1688651734069704, 
    0.1478900431574307, 
    0.11751036126656683, 
    0.0394927811137166
   ], 
   [
    0.020664566518544463, 
    0, 
    0.08736914792637032, 
    0.19464994432092203, 
    0.03033454283598274, 
    0.2675675133997882, 
    0.00275976393975207, 
    0.1699041535737141, 
    0.02591601170385339, 
    0.20083435578107253
   ], 
   [
    0.0921485772317886, 
    0.11965433152322114, 
    0, 
    0.04810636674999504, 
    0.19899930878350164, 
    0.09502446885524538, 
    0.1426124205390322, 
    0.20641607168161788, 
    0.04298213599461228, 
    0.05405631864098576
   ], 
   [
    0.14277980624414957, 
    0.09304447735283822, 
    0.020018766485272912, 
    0, 
    0.06051088735454598, 
    0.15790141323057147, 
    0.17784148877437442, 
    0.1225667869715875, 
    0.10216434548427669, 
    0.12317202810238302
   ], 
   [
    0.04248812966460876, 
    0.014885726326510088, 
    0.05473446029505637, 
    0.20109607245300037, 
    0, 
    0.13756274243226482, 
    0.028167103987755137, 
    0.2563683497138779, 
    0.17954657397455628, 
    0.08515084115237037
   ], 
   [
    0.11146784867902237, 
    0.1269423455369234, 
    0.17128190573351101, 
    0.09037903002570273, 
    0.13639043956237637, 
    0, 
    0.1862807602252474, 
    0.008215801908447567, 
    0.12026332140391878, 
    0.04877854692485038
   ], 
   [
    0.0109252500957842, 
    0.14779542513286215, 
    0.1837793548873488, 
    0.10425756661678322, 
    0.18248160305748612, 
    0.0781540575983116, 
    0, 
    0.12491569200155705, 
    0.024100152121060307, 
    0.1435908984888065
   ], 
   [
    0.13492044089234181, 
    0.13674625707306465, 
    0.1896100696765054, 
    0.1279513748698713, 
    0.12157914794446029, 
    0.052649911568979045, 
    0.08313925037715406, 
    0, 
    0.07825961878079768, 
    0.07514392881682587
   ], 
   [
    0.09589479626799957, 
    0.02602735289677955, 
    0.05757054834984356, 
    0.07118828870443619, 
    0.1804004219423378, 
    0.07436205199196257, 
    0.16379822926232177, 
    0.1755819626491963, 
    0, 
    0.15517634793512272
   ], 
   [
    0.007524106517249105, 
    0.03073203111857692, 
    0.2453172027960843, 
    0.11179028116612942, 
    0.13636913081492108, 
    0.10563416563690478, 
    0.10407668305262707, 
    0.14126168220941673, 
    0.11729471668809054, 
    0
   ]
  ]
 }, 
 "vehicle_capacities": [
  5, 
  5, 
  5, 
  5, 
  20, 
  30, 
  30, 
  30, 
  30, 
  30
 ]
}