{
 "vehicle_cost_per_km": [
  5, 
  5, 
  5, 
  5, 
  5
 ], 
 "runs": [
  {
   "avg_task_cost_vs_number_of_task": [
    311, 
    514.25, 
    508.66666666666674, 
    494.25000000000006, 
    666.7, 
    575.6666666666666, 
    544.0714285714286, 
    482.625, 
    483.94444444444446, 
    435.55, 
    407.6818181818182, 
    362.9583333333333, 
    393.15384615384613, 
    328.42857142857144, 
    346.3666666666667, 
    327.5, 
    293.6470588235294, 
    312.72222222222223, 
    304.2368421052632, 
    304.54999999999995, 
    292.57142857142856, 
    256.43181818181824, 
    253, 
    281.2916666666667, 
    258.02, 
    244.6153846153846, 
    254.70370370370372, 
    215.96428571428572, 
    234.82758620689654, 
    226.8
   ], 
   "number_of_vehicles": 5
  }
 ], 
 "vehicle_starting_positions": [
  "Amsterdam", 
  "Rotterdam", 
  "Den Haag", 
  "Utrecht", 
  "Eindhoven", 
  "Almere", 
  "Groningen", 
  "Nijmegen", 
  "Breda", 
  "Apeldoorn"
 ], 
 "task_distribution": {
  "distance_matrix": [
   [
    0, 
    90.6, 
    65.2, 
    45.6, 
    137.5, 
    31.9, 
    185.9, 
    132, 
    119.1, 
    90.2
   ], 
   [
    90.6, 
    0, 
    25.4, 
    62.3, 
    110.8, 
    105.6, 
    259.6, 
    112, 
    48.6, 
    129.3
   ], 
   [
    65.2, 
    25.4, 
    0, 
    87.7, 
    136.2, 
    97.1, 
    251.1, 
    137.4, 
    74, 
    154.7
   ], 
   [
    45.6, 
    62.3, 
    87.7, 
    0, 
    91.9, 
    43.3, 
    197.3, 
    86.4, 
    73.5, 
    67
   ], 
   [
    137.5, 
    110.8, 
    136.2, 
    91.9, 
    0, 
    135.2, 
    268.3, 
    70.2, 
    62.2, 
    127.3
   ], 
   [
    31.9, 
    105.6, 
    97.1, 
    43.3, 
    135.2, 
    0, 
    154, 
    129.7, 
    116.8, 
    80.1
   ], 
   [
    185.9, 
    259.6, 
    251.1, 
    197.3, 
    268.3, 
    154, 
    0, 
    198.1, 
    270.8, 
    141
   ], 
   [
    132, 
    112, 
    137.4, 
    86.4, 
    70.2, 
    129.7, 
    198.1, 
    0, 
    96.2, 
    57.1
   ], 
   [
    119.1, 
    48.6, 
    74, 
    73.5, 
    62.2, 
    116.8, 
    270.8, 
    96.2, 
    0, 
    140.5
   ], 
   [
    90.2, 
    129.3, 
    154.7, 
    67, 
    127.3, 
    80.1, 
    141, 
    57.1, 
    140.5, 
    0
   ]
  ], 
  "weight_matrix": [
   [
    0, 
    3, 
    3, 
    3, 
    3, 
    3, 
    3, 
    3, 
    3, 
    3
   ], 
   [
    3, 
    0, 
    3, 
    3, 
    3, 
    3, 
    3, 
    3, 
    3, 
    3
   ], 
   [
    3, 
    3, 
    0, 
    3, 
    3, 
    3, 
    3, 
    3, 
    3, 
    3
   ], 
   [
    3, 
    3, 
    3, 
    0, 
    3, 
    3, 
    3, 
    3, 
    3, 
    3
   ], 
   [
    3, 
    3, 
    3, 
    3, 
    0, 
    3, 
    3, 
    3, 
    3, 
    3
   ], 
   [
    3, 
    3, 
    3, 
    3, 
    3, 
    0, 
    3, 
    3, 
    3, 
    3
   ], 
   [
    3, 
    3, 
    3, 
    3, 
    3, 
    3, 
    0, 
    3, 
    3, 
    3
   ], 
   [
    3, 
    3, 
    3, 
    3, 
    3, 
    3, 
    3, 
    0, 
    3, 
    3
   ], 
   [
    3, 
    3, 
    3, 
    3, 
    3, 
    3, 
    3, 
    3, 
    0, 
    3
   ], 
   [
    3, 
    3, 
    3, 
    3, 
    3, 
    3, 
    3, 
    3, 
    3, 
    0
   ]
  ], 
  "city_names": [
   "Amsterdam", 
   "Rotterdam", 
   "Den Haag", 
   "Utrecht", 
   "Eindhoven", 
   "Almere", 
   "Groningen", 
   "Nijmegen", 
   "Breda", 
   "Apeldoorn"
  ], 
  "reward_matrix": [
   [
    0, 
    73456, 
    83796, 
    91775, 
    54364, 
    97352, 
    34661, 
    56603, 
    61855, 
    73619
   ], 
   [
    73456, 
    0, 
    99999, 
    84977, 
    65233, 
    67350, 
    4659, 
    64745, 
    90554, 
    57702
   ], 
   [
    83796, 
    99999, 
    0, 
    74637, 
    54893, 
    70810, 
    8119, 
    54405, 
    80214, 
    47362
   ], 
   [
    91775, 
    84977, 
    74637, 
    0, 
    72927, 
    92712, 
    30020, 
    75166, 
    80418, 
    83064
   ], 
   [
    54364, 
    65233, 
    54893, 
    72927, 
    0, 
    55300, 
    1117, 
    81761, 
    85018, 
    58516
   ], 
   [
    97352, 
    67350, 
    70810, 
    92712, 
    55300, 
    0, 
    47647, 
    57539, 
    62791, 
    77731
   ], 
   [
    34661, 
    4659, 
    8119, 
    30020, 
    1117, 
    47647, 
    0, 
    29695, 
    100, 
    52939
   ], 
   [
    56603, 
    64745, 
    54405, 
    75166, 
    81761, 
    57539, 
    29695, 
    0, 
    71177, 
    87094
   ], 
   [
    61855, 
    90554, 
    80214, 
    80418, 
    85018, 
    62791, 
    100, 
    71177, 
    0, 
    53143
   ], 
   [
    73619, 
    57702, 
    47362, 
    83064, 
    58516, 
    77731, 
    52939, 
    87094, 
    53143, 
    0
   ]
  ], 
  "probability_matrix": [
   [
    0, 
    0.26624880248722543, 
    0.06624315361594209, 
    0.09913067576587767, 
    0.005437084876089055, 
    0.2612998333006269, 
    0.10678020376720404, 
    0.022727613798368698, 
    0.044125327198899465, 
    0.12800730518976647
   ], 
   [
    0.15765412252627273, 
    0, 
    0.1359956891246635, 
    0.06995770243946348, 
    0.05616120181525862, 
    0.13469789998604123, 
    0.12486104654204389, 
    0.15772449429997826, 
    0.0074357735605711794, 
    0.155512069705707
   ], 
   [
    0.17456882117219064, 
    0.12603311803545966, 
    0, 
    0.08054382236879205, 
    0.0028948203770211094, 
    0.08899194394124574, 
    0.17442951793408937, 
    0.04151831273516178, 
    0.17754121026541175, 
    0.1334784331706279
   ], 
   [
    0.11083942498624633, 
    0.16560860281259013, 
    0.07928502244572538, 
    0, 
    0.0844039866321948, 
    0.040073354253163364, 
    0.1583756012603096, 
    0.08716358462338776, 
    0.1361554649130042, 
    0.13809495807337838
   ], 
   [
    0.16172849006448445, 
    0.10329760560696391, 
    0.15189280098996394, 
    0.0762780752908495, 
    0, 
    0.051246279315064695, 
    0.08946594973576523, 
    0.017363145253114165, 
    0.22490903845509252, 
    0.12381861528870149
   ], 
   [
    0.1685560158450734, 
    0.14791824131560288, 
    0.06769047764188063, 
    0.14307328136869057, 
    0.0965506080478369, 
    0, 
    0.04583053633936009, 
    0.02665219742386236, 
    0.18598676282631932, 
    0.1177418791913737
   ], 
   [
    0.13495184459152443, 
    0.13392531377320618, 
    0.09196705011337217, 
    0.07965299160595161, 
    0.15307843041167055, 
    0.1153494129454482, 
    0, 
    0.09240197823857327, 
    0.014148573253907594, 
    0.18452440506634601
   ], 
   [
    0.11446529452670319, 
    0.11357773836664671, 
    0.09375083791548736, 
    0.15042003502801068, 
    0.10433732077032147, 
    0.06137708613645958, 
    0.06955274776399183, 
    0, 
    0.15033108826749444, 
    0.14218785122488467
   ], 
   [
    0.003287335274754548, 
    0.09443990185727827, 
    0.17922068211731132, 
    0.09616289716196977, 
    0.19339673800322868, 
    0.13122584842563004, 
    0.06686686838263874, 
    0.019824141098504437, 
    0, 
    0.21557558767868418
   ], 
   [
    0.05559366777385418, 
    0.16773896837480398, 
    0.0451305868292382, 
    0.25214171156084814, 
    0.20117251797082308, 
    0.051051480376009935, 
    0.0012855444488175608, 
    0.20015416092954277, 
    0.02573136173606208, 
    0
   ]
  ]
 }, 
 "vehicle_capacities": [
  5, 
  5, 
  15, 
  25, 
  30, 
  30, 
  30, 
  30, 
  30, 
  30
 ]
}