{
 "vehicle_cost_per_km": [
  5, 
  5, 
  5, 
  5, 
  5
 ], 
 "runs": [
  {
   "avg_task_cost_vs_number_of_task": [
    1597.0000000000002, 
    1133.5, 
    936, 
    702, 
    561.6, 
    571.6666666666666, 
    484.92857142857144, 
    522.8125, 
    413.50000000000006, 
    382.40000000000003, 
    345.95454545454544, 
    376.5416666666667, 
    347.5769230769231, 
    320.1071428571428, 
    400.3666666666667, 
    306.375, 
    302.14705882352945, 
    284.7222222222223, 
    270.3421052631579, 
    312.625, 
    332.85714285714283, 
    275.8863636363636, 
    284.9130434782609, 
    251.64583333333334, 
    274.47999999999996, 
    269.53846153846155, 
    283.2962962962963, 
    286.2142857142857, 
    293.13793103448273, 
    260.81666666666666
   ], 
   "number_of_vehicles": 5
  }
 ], 
 "vehicle_starting_positions": [
  "Amsterdam", 
  "Rotterdam", 
  "Den Haag", 
  "Utrecht", 
  "Eindhoven", 
  "Almere", 
  "Groningen", 
  "Nijmegen", 
  "Breda", 
  "Apeldoorn"
 ], 
 "task_distribution": {
  "distance_matrix": [
   [
    0, 
    90.6, 
    65.2, 
    45.6, 
    137.5, 
    31.9, 
    185.9, 
    132, 
    119.1, 
    90.2
   ], 
   [
    90.6, 
    0, 
    25.4, 
    62.3, 
    110.8, 
    105.6, 
    259.6, 
    112, 
    48.6, 
    129.3
   ], 
   [
    65.2, 
    25.4, 
    0, 
    87.7, 
    136.2, 
    97.1, 
    251.1, 
    137.4, 
    74, 
    154.7
   ], 
   [
    45.6, 
    62.3, 
    87.7, 
    0, 
    91.9, 
    43.3, 
    197.3, 
    86.4, 
    73.5, 
    67
   ], 
   [
    137.5, 
    110.8, 
    136.2, 
    91.9, 
    0, 
    135.2, 
    268.3, 
    70.2, 
    62.2, 
    127.3
   ], 
   [
    31.9, 
    105.6, 
    97.1, 
    43.3, 
    135.2, 
    0, 
    154, 
    129.7, 
    116.8, 
    80.1
   ], 
   [
    185.9, 
    259.6, 
    251.1, 
    197.3, 
    268.3, 
    154, 
    0, 
    198.1, 
    270.8, 
    141
   ], 
   [
    132, 
    112, 
    137.4, 
    86.4, 
    70.2, 
    129.7, 
    198.1, 
    0, 
    96.2, 
    57.1
   ], 
   [
    119.1, 
    48.6, 
    74, 
    73.5, 
    62.2, 
    116.8, 
    270.8, 
    96.2, 
    0, 
    140.5
   ], 
   [
    90.2, 
    129.3, 
    154.7, 
    67, 
    127.3, 
    80.1, 
    141, 
    57.1, 
    140.5, 
    0
   ]
  ], 
  "weight_matrix": [
   [
    0, 
    3, 
    3, 
    3, 
    3, 
    3, 
    3, 
    3, 
    3, 
    3
   ], 
   [
    3, 
    0, 
    3, 
    3, 
    3, 
    3, 
    3, 
    3, 
    3, 
    3
   ], 
   [
    3, 
    3, 
    0, 
    3, 
    3, 
    3, 
    3, 
    3, 
    3, 
    3
   ], 
   [
    3, 
    3, 
    3, 
    0, 
    3, 
    3, 
    3, 
    3, 
    3, 
    3
   ], 
   [
    3, 
    3, 
    3, 
    3, 
    0, 
    3, 
    3, 
    3, 
    3, 
    3
   ], 
   [
    3, 
    3, 
    3, 
    3, 
    3, 
    0, 
    3, 
    3, 
    3, 
    3
   ], 
   [
    3, 
    3, 
    3, 
    3, 
    3, 
    3, 
    0, 
    3, 
    3, 
    3
   ], 
   [
    3, 
    3, 
    3, 
    3, 
    3, 
    3, 
    3, 
    0, 
    3, 
    3
   ], 
   [
    3, 
    3, 
    3, 
    3, 
    3, 
    3, 
    3, 
    3, 
    0, 
    3
   ], 
   [
    3, 
    3, 
    3, 
    3, 
    3, 
    3, 
    3, 
    3, 
    3, 
    0
   ]
  ], 
  "city_names": [
   "Amsterdam", 
   "Rotterdam", 
   "Den Haag", 
   "Utrecht", 
   "Eindhoven", 
   "Almere", 
   "Groningen", 
   "Nijmegen", 
   "Breda", 
   "Apeldoorn"
  ], 
  "reward_matrix": [
   [
    0, 
    73456, 
    83796, 
    91775, 
    54364, 
    97352, 
    34661, 
    56603, 
    61855, 
    73619
   ], 
   [
    73456, 
    0, 
    99999, 
    84977, 
    65233, 
    67350, 
    4659, 
    64745, 
    90554, 
    57702
   ], 
   [
    83796, 
    99999, 
    0, 
    74637, 
    54893, 
    70810, 
    8119, 
    54405, 
    80214, 
    47362
   ], 
   [
    91775, 
    84977, 
    74637, 
    0, 
    72927, 
    92712, 
    30020, 
    75166, 
    80418, 
    83064
   ], 
   [
    54364, 
    65233, 
    54893, 
    72927, 
    0, 
    55300, 
    1117, 
    81761, 
    85018, 
    58516
   ], 
   [
    97352, 
    67350, 
    70810, 
    92712, 
    55300, 
    0, 
    47647, 
    57539, 
    62791, 
    77731
   ], 
   [
    34661, 
    4659, 
    8119, 
    30020, 
    1117, 
    47647, 
    0, 
    29695, 
    100, 
    52939
   ], 
   [
    56603, 
    64745, 
    54405, 
    75166, 
    81761, 
    57539, 
    29695, 
    0, 
    71177, 
    87094
   ], 
   [
    61855, 
    90554, 
    80214, 
    80418, 
    85018, 
    62791, 
    100, 
    71177, 
    0, 
    53143
   ], 
   [
    73619, 
    57702, 
    47362, 
    83064, 
    58516, 
    77731, 
    52939, 
    87094, 
    53143, 
    0
   ]
  ], 
  "probability_matrix": [
   [
    0, 
    0.17629872538063301, 
    0.055197302558488814, 
    0.09768632881232407, 
    0.11520212555796407, 
    0.13041702924986345, 
    0.08880514898660945, 
    0.02212985651171087, 
    0.08508051491025528, 
    0.22918296803215082
   ], 
   [
    0.2494513207096299, 
    0, 
    0.10687196411128268, 
    0.14839992688874476, 
    0.11241484081307579, 
    0.0072950968622128125, 
    0.023353155918210796, 
    0.25432909724659, 
    0.06904976048382175, 
    0.028834836966431562
   ], 
   [
    0.1467464127436482, 
    0.0029801993186283123, 
    0, 
    0.19194015692133667, 
    0.16027204721952332, 
    0.09156369385261806, 
    0.14379607234084, 
    0.1635103354955539, 
    0.09843096938233412, 
    0.0007601127255176176
   ], 
   [
    0.15497317019438217, 
    0.1345093234260245, 
    0.21809038694197738, 
    0, 
    0.01399999548601633, 
    0.1038633209707273, 
    0.005157965627736855, 
    0.07898797146434067, 
    0.1464692457356759, 
    0.14394862015311885
   ], 
   [
    0.16749108294886425, 
    0.1356749973273687, 
    0.09571329446236586, 
    0.04250119343733873, 
    0, 
    0.11397776697971568, 
    0.10655586487443287, 
    0.16515367896226854, 
    0.006074848938554061, 
    0.16685727206909115
   ], 
   [
    0.0015132401695611398, 
    0.1171744053528476, 
    0.07046235272002299, 
    0.3529925558114648, 
    0.03821950334130503, 
    0, 
    0.03424477792994804, 
    0.20686511498018267, 
    0.10889376705782043, 
    0.06963428263684732
   ], 
   [
    0.10884355111399513, 
    0.08016348129867103, 
    0.07728852777202272, 
    0.1239400083093094, 
    0.14816822548339748, 
    0.15155844541072352, 
    0, 
    0.1845343087322868, 
    0.1128331284001883, 
    0.012670323479405568
   ], 
   [
    0.09739479112563676, 
    0.18144856568695802, 
    0.08304238352736534, 
    0.10712302345060314, 
    0.11424150035755877, 
    0.03046899571357979, 
    0.17131002298232215, 
    0, 
    0.14943767018840487, 
    0.06553304696757113
   ], 
   [
    0.06383794407577233, 
    0.18428717636419145, 
    0.0443572857860871, 
    0.07770898789615764, 
    0.1840474721092574, 
    0.17575311333094798, 
    0.17685940915294893, 
    0.009636965506244693, 
    0, 
    0.08351164577839229
   ], 
   [
    0.10836545527138947, 
    0.1384876487120369, 
    0.15577043842218444, 
    0.16763080697023897, 
    0.0535790111132415, 
    0.1466206901792211, 
    0.12897758296728826, 
    0.07366489164727252, 
    0.026903474717126785, 
    0
   ]
  ]
 }, 
 "vehicle_capacities": [
  5, 
  10, 
  20, 
  25, 
  25, 
  30, 
  30, 
  30, 
  30, 
  30
 ]
}