{
 "vehicle_cost_per_km": [
  5, 
  5, 
  5, 
  5, 
  5
 ], 
 "runs": [
  {
   "avg_task_cost_vs_number_of_task": [
    1341.5, 
    784.75, 
    648.8333333333334, 
    562.625, 
    517.3, 
    442.9166666666667, 
    406.57142857142856, 
    371.625, 
    330.3333333333333, 
    312.1, 
    283.72727272727275, 
    260.08333333333337, 
    240.07692307692312, 
    240.2857142857143, 
    239.4666666666667, 
    265.875, 
    285.2352941176471, 
    269.3888888888889, 
    251.47368421052633, 
    283.325, 
    238.9047619047619, 
    241.77272727272728, 
    263.2608695652174, 
    270.5416666666667, 
    212.98, 
    236.03846153846155, 
    238.37037037037044, 
    244.17857142857142, 
    234.3448275862069, 
    214.93333333333334
   ], 
   "number_of_vehicles": 5
  }
 ], 
 "vehicle_starting_positions": [
  "Amsterdam", 
  "Rotterdam", 
  "Den Haag", 
  "Utrecht", 
  "Eindhoven", 
  "Almere", 
  "Groningen", 
  "Nijmegen", 
  "Breda", 
  "Apeldoorn"
 ], 
 "task_distribution": {
  "distance_matrix": [
   [
    0, 
    90.6, 
    65.2, 
    45.6, 
    137.5, 
    31.9, 
    185.9, 
    132, 
    119.1, 
    90.2
   ], 
   [
    90.6, 
    0, 
    25.4, 
    62.3, 
    110.8, 
    105.6, 
    259.6, 
    112, 
    48.6, 
    129.3
   ], 
   [
    65.2, 
    25.4, 
    0, 
    87.7, 
    136.2, 
    97.1, 
    251.1, 
    137.4, 
    74, 
    154.7
   ], 
   [
    45.6, 
    62.3, 
    87.7, 
    0, 
    91.9, 
    43.3, 
    197.3, 
    86.4, 
    73.5, 
    67
   ], 
   [
    137.5, 
    110.8, 
    136.2, 
    91.9, 
    0, 
    135.2, 
    268.3, 
    70.2, 
    62.2, 
    127.3
   ], 
   [
    31.9, 
    105.6, 
    97.1, 
    43.3, 
    135.2, 
    0, 
    154, 
    129.7, 
    116.8, 
    80.1
   ], 
   [
    185.9, 
    259.6, 
    251.1, 
    197.3, 
    268.3, 
    154, 
    0, 
    198.1, 
    270.8, 
    141
   ], 
   [
    132, 
    112, 
    137.4, 
    86.4, 
    70.2, 
    129.7, 
    198.1, 
    0, 
    96.2, 
    57.1
   ], 
   [
    119.1, 
    48.6, 
    74, 
    73.5, 
    62.2, 
    116.8, 
    270.8, 
    96.2, 
    0, 
    140.5
   ], 
   [
    90.2, 
    129.3, 
    154.7, 
    67, 
    127.3, 
    80.1, 
    141, 
    57.1, 
    140.5, 
    0
   ]
  ], 
  "weight_matrix": [
   [
    0, 
    3, 
    3, 
    3, 
    3, 
    3, 
    3, 
    3, 
    3, 
    3
   ], 
   [
    3, 
    0, 
    3, 
    3, 
    3, 
    3, 
    3, 
    3, 
    3, 
    3
   ], 
   [
    3, 
    3, 
    0, 
    3, 
    3, 
    3, 
    3, 
    3, 
    3, 
    3
   ], 
   [
    3, 
    3, 
    3, 
    0, 
    3, 
    3, 
    3, 
    3, 
    3, 
    3
   ], 
   [
    3, 
    3, 
    3, 
    3, 
    0, 
    3, 
    3, 
    3, 
    3, 
    3
   ], 
   [
    3, 
    3, 
    3, 
    3, 
    3, 
    0, 
    3, 
    3, 
    3, 
    3
   ], 
   [
    3, 
    3, 
    3, 
    3, 
    3, 
    3, 
    0, 
    3, 
    3, 
    3
   ], 
   [
    3, 
    3, 
    3, 
    3, 
    3, 
    3, 
    3, 
    0, 
    3, 
    3
   ], 
   [
    3, 
    3, 
    3, 
    3, 
    3, 
    3, 
    3, 
    3, 
    0, 
    3
   ], 
   [
    3, 
    3, 
    3, 
    3, 
    3, 
    3, 
    3, 
    3, 
    3, 
    0
   ]
  ], 
  "city_names": [
   "Amsterdam", 
   "Rotterdam", 
   "Den Haag", 
   "Utrecht", 
   "Eindhoven", 
   "Almere", 
   "Groningen", 
   "Nijmegen", 
   "Breda", 
   "Apeldoorn"
  ], 
  "reward_matrix": [
   [
    0, 
    73456, 
    83796, 
    91775, 
    54364, 
    97352, 
    34661, 
    56603, 
    61855, 
    73619
   ], 
   [
    73456, 
    0, 
    99999, 
    84977, 
    65233, 
    67350, 
    4659, 
    64745, 
    90554, 
    57702
   ], 
   [
    83796, 
    99999, 
    0, 
    74637, 
    54893, 
    70810, 
    8119, 
    54405, 
    80214, 
    47362
   ], 
   [
    91775, 
    84977, 
    74637, 
    0, 
    72927, 
    92712, 
    30020, 
    75166, 
    80418, 
    83064
   ], 
   [
    54364, 
    65233, 
    54893, 
    72927, 
    0, 
    55300, 
    1117, 
    81761, 
    85018, 
    58516
   ], 
   [
    97352, 
    67350, 
    70810, 
    92712, 
    55300, 
    0, 
    47647, 
    57539, 
    62791, 
    77731
   ], 
   [
    34661, 
    4659, 
    8119, 
    30020, 
    1117, 
    47647, 
    0, 
    29695, 
    100, 
    52939
   ], 
   [
    56603, 
    64745, 
    54405, 
    75166, 
    81761, 
    57539, 
    29695, 
    0, 
    71177, 
    87094
   ], 
   [
    61855, 
    90554, 
    80214, 
    80418, 
    85018, 
    62791, 
    100, 
    71177, 
    0, 
    53143
   ], 
   [
    73619, 
    57702, 
    47362, 
    83064, 
    58516, 
    77731, 
    52939, 
    87094, 
    53143, 
    0
   ]
  ], 
  "probability_matrix": [
   [
    0, 
    0.12006587510767619, 
    0.03997154843869354, 
    0.19487214047591034, 
    0.14447630131262515, 
    0.18138659338785612, 
    0.14774687503753187, 
    0.07733537683966651, 
    0.03291778330691029, 
    0.0612275060931298
   ], 
   [
    0.14538751506175887, 
    0, 
    0.14670304159227138, 
    0.03519454684090076, 
    0.009807747947544939, 
    0.19806025655162623, 
    0.047276487335364485, 
    0.14435265458687982, 
    0.12266259357070501, 
    0.1505551565129485
   ], 
   [
    0.14426442269375606, 
    0.14439026658702422, 
    0, 
    0.09710118722489694, 
    0.08092201831640061, 
    0.15351511206387786, 
    0.12742354773824197, 
    0.016056907301884787, 
    0.14134424154120173, 
    0.09498229653271588
   ], 
   [
    0.2187380269168369, 
    0.23210715605001306, 
    0.00493063041142635, 
    0, 
    0.10800810255872288, 
    0.12465957760250837, 
    0.06161501380884297, 
    0.030145505309537714, 
    0.14853278673020065, 
    0.07126320061191112
   ], 
   [
    0.16292367562993287, 
    0.11650503718559883, 
    0.03301128107017776, 
    0.1617282671188621, 
    0, 
    0.07041079659205517, 
    0.1648289254409173, 
    0.11186533213459424, 
    0.10240012868603146, 
    0.07632655614183011
   ], 
   [
    0.009570861476154302, 
    0.20329388780037777, 
    0.18277407863327386, 
    0.1141892444754933, 
    0.19561154531519498, 
    0, 
    0.08915083719452954, 
    0.014175596299000687, 
    0.01062716437171869, 
    0.18060678443425693
   ], 
   [
    0.06993248348447603, 
    0.19065283600724997, 
    0.15244588521386285, 
    0.04844545581341697, 
    0.04922567299169551, 
    0.001534671783237113, 
    0, 
    0.13877914571353128, 
    0.16841823815958556, 
    0.18056561083294484
   ], 
   [
    0.1678318242320486, 
    0.10107397771116186, 
    0.19720579025334847, 
    0.019237454241595325, 
    0.01468973790476241, 
    0.02683071765591872, 
    0.05813736648621552, 
    0, 
    0.17336869922817605, 
    0.24162443228677305
   ], 
   [
    0.034276017772941196, 
    0.21140088075567662, 
    0.18679377157375054, 
    0.012020288014110522, 
    0.1379620224061827, 
    0.03095603459078146, 
    0.18463091286149672, 
    0.04885247519900536, 
    0, 
    0.15310759682605485
   ], 
   [
    0.07683153893857761, 
    0.04476014493504271, 
    0.14698090555032473, 
    0.08744802401614603, 
    0.021352759433977055, 
    0.11201418779507415, 
    0.17685326456290631, 
    0.13596066864306808, 
    0.1977985061248833, 
    0
   ]
  ]
 }, 
 "vehicle_capacities": [
  5, 
  5, 
  10, 
  10, 
  30, 
  30, 
  30, 
  30, 
  30, 
  30
 ]
}