{
 "vehicle_cost_per_km": [
  5, 
  5, 
  5, 
  5, 
  5
 ], 
 "runs": [
  {
   "avg_task_cost_vs_number_of_task": [
    453, 
    556.75, 
    630.9999999999999, 
    473.24999999999994, 
    459.2, 
    428.1666666666667, 
    521.7857142857143, 
    494.25000000000006, 
    472.1111111111111, 
    428.65, 
    384.77272727272725, 
    373.375, 
    326.84615384615387, 
    345.92857142857144, 
    321.0666666666667, 
    309.28125, 
    281.7352941176471, 
    282.3888888888889, 
    255.76315789473685, 
    275.375, 
    294.54761904761904, 
    254.70454545454547, 
    286.0652173913043, 
    266.91666666666674, 
    245.44, 
    261.94230769230774, 
    245.70370370370372, 
    282.44642857142856, 
    258.86206896551727, 
    247.91666666666666
   ], 
   "number_of_vehicles": 5
  }
 ], 
 "vehicle_starting_positions": [
  "Amsterdam", 
  "Rotterdam", 
  "Den Haag", 
  "Utrecht", 
  "Eindhoven", 
  "Almere", 
  "Groningen", 
  "Nijmegen", 
  "Breda", 
  "Apeldoorn"
 ], 
 "task_distribution": {
  "distance_matrix": [
   [
    0, 
    90.6, 
    65.2, 
    45.6, 
    137.5, 
    31.9, 
    185.9, 
    132, 
    119.1, 
    90.2
   ], 
   [
    90.6, 
    0, 
    25.4, 
    62.3, 
    110.8, 
    105.6, 
    259.6, 
    112, 
    48.6, 
    129.3
   ], 
   [
    65.2, 
    25.4, 
    0, 
    87.7, 
    136.2, 
    97.1, 
    251.1, 
    137.4, 
    74, 
    154.7
   ], 
   [
    45.6, 
    62.3, 
    87.7, 
    0, 
    91.9, 
    43.3, 
    197.3, 
    86.4, 
    73.5, 
    67
   ], 
   [
    137.5, 
    110.8, 
    136.2, 
    91.9, 
    0, 
    135.2, 
    268.3, 
    70.2, 
    62.2, 
    127.3
   ], 
   [
    31.9, 
    105.6, 
    97.1, 
    43.3, 
    135.2, 
    0, 
    154, 
    129.7, 
    116.8, 
    80.1
   ], 
   [
    185.9, 
    259.6, 
    251.1, 
    197.3, 
    268.3, 
    154, 
    0, 
    198.1, 
    270.8, 
    141
   ], 
   [
    132, 
    112, 
    137.4, 
    86.4, 
    70.2, 
    129.7, 
    198.1, 
    0, 
    96.2, 
    57.1
   ], 
   [
    119.1, 
    48.6, 
    74, 
    73.5, 
    62.2, 
    116.8, 
    270.8, 
    96.2, 
    0, 
    140.5
   ], 
   [
    90.2, 
    129.3, 
    154.7, 
    67, 
    127.3, 
    80.1, 
    141, 
    57.1, 
    140.5, 
    0
   ]
  ], 
  "weight_matrix": [
   [
    0, 
    3, 
    3, 
    3, 
    3, 
    3, 
    3, 
    3, 
    3, 
    3
   ], 
   [
    3, 
    0, 
    3, 
    3, 
    3, 
    3, 
    3, 
    3, 
    3, 
    3
   ], 
   [
    3, 
    3, 
    0, 
    3, 
    3, 
    3, 
    3, 
    3, 
    3, 
    3
   ], 
   [
    3, 
    3, 
    3, 
    0, 
    3, 
    3, 
    3, 
    3, 
    3, 
    3
   ], 
   [
    3, 
    3, 
    3, 
    3, 
    0, 
    3, 
    3, 
    3, 
    3, 
    3
   ], 
   [
    3, 
    3, 
    3, 
    3, 
    3, 
    0, 
    3, 
    3, 
    3, 
    3
   ], 
   [
    3, 
    3, 
    3, 
    3, 
    3, 
    3, 
    0, 
    3, 
    3, 
    3
   ], 
   [
    3, 
    3, 
    3, 
    3, 
    3, 
    3, 
    3, 
    0, 
    3, 
    3
   ], 
   [
    3, 
    3, 
    3, 
    3, 
    3, 
    3, 
    3, 
    3, 
    0, 
    3
   ], 
   [
    3, 
    3, 
    3, 
    3, 
    3, 
    3, 
    3, 
    3, 
    3, 
    0
   ]
  ], 
  "city_names": [
   "Amsterdam", 
   "Rotterdam", 
   "Den Haag", 
   "Utrecht", 
   "Eindhoven", 
   "Almere", 
   "Groningen", 
   "Nijmegen", 
   "Breda", 
   "Apeldoorn"
  ], 
  "reward_matrix": [
   [
    0, 
    73456, 
    83796, 
    91775, 
    54364, 
    97352, 
    34661, 
    56603, 
    61855, 
    73619
   ], 
   [
    73456, 
    0, 
    99999, 
    84977, 
    65233, 
    67350, 
    4659, 
    64745, 
    90554, 
    57702
   ], 
   [
    83796, 
    99999, 
    0, 
    74637, 
    54893, 
    70810, 
    8119, 
    54405, 
    80214, 
    47362
   ], 
   [
    91775, 
    84977, 
    74637, 
    0, 
    72927, 
    92712, 
    30020, 
    75166, 
    80418, 
    83064
   ], 
   [
    54364, 
    65233, 
    54893, 
    72927, 
    0, 
    55300, 
    1117, 
    81761, 
    85018, 
    58516
   ], 
   [
    97352, 
    67350, 
    70810, 
    92712, 
    55300, 
    0, 
    47647, 
    57539, 
    62791, 
    77731
   ], 
   [
    34661, 
    4659, 
    8119, 
    30020, 
    1117, 
    47647, 
    0, 
    29695, 
    100, 
    52939
   ], 
   [
    56603, 
    64745, 
    54405, 
    75166, 
    81761, 
    57539, 
    29695, 
    0, 
    71177, 
    87094
   ], 
   [
    61855, 
    90554, 
    80214, 
    80418, 
    85018, 
    62791, 
    100, 
    71177, 
    0, 
    53143
   ], 
   [
    73619, 
    57702, 
    47362, 
    83064, 
    58516, 
    77731, 
    52939, 
    87094, 
    53143, 
    0
   ]
  ], 
  "probability_matrix": [
   [
    0, 
    0.06824960679244217, 
    0.155607210152845, 
    0.10835485556091672, 
    0.17859485298152164, 
    0.00030945701163181987, 
    0.045614822922329226, 
    0.1842737624329124, 
    0.1761646767833494, 
    0.08283075536205163
   ], 
   [
    0.1021506859282822, 
    0, 
    0.05572886575063497, 
    0.12391404710037161, 
    0.19010019299601924, 
    0.0013251582964185977, 
    0.07168801992353954, 
    0.15957011171918417, 
    0.09681684832561972, 
    0.19870606995992993
   ], 
   [
    0.08211634897722914, 
    0.08927491037878804, 
    0, 
    0.07072160220028341, 
    0.012278041799582846, 
    0.18078206244166084, 
    0.12076309150164963, 
    0.22170620039159586, 
    0.02813177121811606, 
    0.19422597109109405
   ], 
   [
    0.028668377583983985, 
    0.07055316956690956, 
    0.21273222307869083, 
    0, 
    0.039476662947794554, 
    0.15438169354754613, 
    0.10804285048444977, 
    0.17100155272218834, 
    0.1390419736947425, 
    0.07610149637369433
   ], 
   [
    0.07774630620457572, 
    0.1545583184704339, 
    0.013299223290398954, 
    0.16400060257443555, 
    0, 
    0.060356155079840476, 
    0.09616340568005069, 
    0.22886738371431442, 
    0.07265461209725858, 
    0.1323539928886916
   ], 
   [
    0.1910768167200311, 
    0.09404002776895319, 
    0.027640675492344047, 
    0.08365290008445951, 
    0.22644220354772215, 
    0, 
    0.09578307067714742, 
    0.13090266614537494, 
    0.06038768390897948, 
    0.09007395565498807
   ], 
   [
    0.13801294817217685, 
    0.11156221735385816, 
    0.06211586864126278, 
    0.04862569759358062, 
    0.17160240071922292, 
    0.06338720285691266, 
    0, 
    0.11260013030919712, 
    0.12369941827667445, 
    0.1683941160771143
   ], 
   [
    0.014408804411372168, 
    0.03411603817979684, 
    0.2370276690101685, 
    0.16278466192079552, 
    0.21151863171105037, 
    0.10043332590538821, 
    0.17628251966215147, 
    0, 
    0.04607770127487472, 
    0.01735064792440202
   ], 
   [
    0.13702860178538454, 
    0.15677813958313577, 
    0.036724286636570305, 
    0.09019138201282545, 
    0.07642344612407566, 
    0.13500144365764644, 
    0.05777260072133931, 
    0.1488329773002422, 
    0, 
    0.16124712217878032
   ], 
   [
    0.13519421278250052, 
    0.0729289249973737, 
    0.10989618092834698, 
    0.2027425235356179, 
    0.10848582987226572, 
    0.05554533933974801, 
    0.08737989979910242, 
    0.04009788130549901, 
    0.1877292074395457, 
    0
   ]
  ]
 }, 
 "vehicle_capacities": [
  5, 
  5, 
  10, 
  30, 
  30, 
  30, 
  30, 
  30, 
  30, 
  30
 ]
}