{
 "vehicle_cost_per_km": [
  5, 
  5, 
  5, 
  5, 
  5
 ], 
 "runs": [
  {
   "avg_task_cost_vs_number_of_task": [
    459.5, 
    391.50000000000006, 
    508.8333333333333, 
    530.5, 
    486.6, 
    603.0833333333334, 
    516.9285714285714, 
    492.5625, 
    529.9444444444445, 
    526.8000000000001, 
    438.13636363636374, 
    434.16666666666674, 
    423.2692307692308, 
    507.03571428571433, 
    518.8666666666666, 
    407.9375000000001, 
    444.38235294117646, 
    440.94444444444446, 
    403.92105263157896, 
    402.825, 
    396.76190476190476, 
    445.1363636363636, 
    379.5869565217391, 
    364.8125, 
    367.78, 
    343.3076923076923, 
    350.25925925925924, 
    377.9642857142858, 
    348.91379310344826, 
    338.15
   ], 
   "number_of_vehicles": 5
  }
 ], 
 "vehicle_starting_positions": [
  "Amsterdam", 
  "Rotterdam", 
  "Den Haag", 
  "Utrecht", 
  "Eindhoven", 
  "Almere", 
  "Groningen", 
  "Nijmegen", 
  "Breda", 
  "Apeldoorn"
 ], 
 "task_distribution": {
  "distance_matrix": [
   [
    0, 
    90.6, 
    65.2, 
    45.6, 
    137.5, 
    31.9, 
    185.9, 
    132, 
    119.1, 
    90.2
   ], 
   [
    90.6, 
    0, 
    25.4, 
    62.3, 
    110.8, 
    105.6, 
    259.6, 
    112, 
    48.6, 
    129.3
   ], 
   [
    65.2, 
    25.4, 
    0, 
    87.7, 
    136.2, 
    97.1, 
    251.1, 
    137.4, 
    74, 
    154.7
   ], 
   [
    45.6, 
    62.3, 
    87.7, 
    0, 
    91.9, 
    43.3, 
    197.3, 
    86.4, 
    73.5, 
    67
   ], 
   [
    137.5, 
    110.8, 
    136.2, 
    91.9, 
    0, 
    135.2, 
    268.3, 
    70.2, 
    62.2, 
    127.3
   ], 
   [
    31.9, 
    105.6, 
    97.1, 
    43.3, 
    135.2, 
    0, 
    154, 
    129.7, 
    116.8, 
    80.1
   ], 
   [
    185.9, 
    259.6, 
    251.1, 
    197.3, 
    268.3, 
    154, 
    0, 
    198.1, 
    270.8, 
    141
   ], 
   [
    132, 
    112, 
    137.4, 
    86.4, 
    70.2, 
    129.7, 
    198.1, 
    0, 
    96.2, 
    57.1
   ], 
   [
    119.1, 
    48.6, 
    74, 
    73.5, 
    62.2, 
    116.8, 
    270.8, 
    96.2, 
    0, 
    140.5
   ], 
   [
    90.2, 
    129.3, 
    154.7, 
    67, 
    127.3, 
    80.1, 
    141, 
    57.1, 
    140.5, 
    0
   ]
  ], 
  "weight_matrix": [
   [
    0, 
    3, 
    3, 
    3, 
    3, 
    3, 
    3, 
    3, 
    3, 
    3
   ], 
   [
    3, 
    0, 
    3, 
    3, 
    3, 
    3, 
    3, 
    3, 
    3, 
    3
   ], 
   [
    3, 
    3, 
    0, 
    3, 
    3, 
    3, 
    3, 
    3, 
    3, 
    3
   ], 
   [
    3, 
    3, 
    3, 
    0, 
    3, 
    3, 
    3, 
    3, 
    3, 
    3
   ], 
   [
    3, 
    3, 
    3, 
    3, 
    0, 
    3, 
    3, 
    3, 
    3, 
    3
   ], 
   [
    3, 
    3, 
    3, 
    3, 
    3, 
    0, 
    3, 
    3, 
    3, 
    3
   ], 
   [
    3, 
    3, 
    3, 
    3, 
    3, 
    3, 
    0, 
    3, 
    3, 
    3
   ], 
   [
    3, 
    3, 
    3, 
    3, 
    3, 
    3, 
    3, 
    0, 
    3, 
    3
   ], 
   [
    3, 
    3, 
    3, 
    3, 
    3, 
    3, 
    3, 
    3, 
    0, 
    3
   ], 
   [
    3, 
    3, 
    3, 
    3, 
    3, 
    3, 
    3, 
    3, 
    3, 
    0
   ]
  ], 
  "city_names": [
   "Amsterdam", 
   "Rotterdam", 
   "Den Haag", 
   "Utrecht", 
   "Eindhoven", 
   "Almere", 
   "Groningen", 
   "Nijmegen", 
   "Breda", 
   "Apeldoorn"
  ], 
  "reward_matrix": [
   [
    0, 
    73456, 
    83796, 
    91775, 
    54364, 
    97352, 
    34661, 
    56603, 
    61855, 
    73619
   ], 
   [
    73456, 
    0, 
    99999, 
    84977, 
    65233, 
    67350, 
    4659, 
    64745, 
    90554, 
    57702
   ], 
   [
    83796, 
    99999, 
    0, 
    74637, 
    54893, 
    70810, 
    8119, 
    54405, 
    80214, 
    47362
   ], 
   [
    91775, 
    84977, 
    74637, 
    0, 
    72927, 
    92712, 
    30020, 
    75166, 
    80418, 
    83064
   ], 
   [
    54364, 
    65233, 
    54893, 
    72927, 
    0, 
    55300, 
    1117, 
    81761, 
    85018, 
    58516
   ], 
   [
    97352, 
    67350, 
    70810, 
    92712, 
    55300, 
    0, 
    47647, 
    57539, 
    62791, 
    77731
   ], 
   [
    34661, 
    4659, 
    8119, 
    30020, 
    1117, 
    47647, 
    0, 
    29695, 
    100, 
    52939
   ], 
   [
    56603, 
    64745, 
    54405, 
    75166, 
    81761, 
    57539, 
    29695, 
    0, 
    71177, 
    87094
   ], 
   [
    61855, 
    90554, 
    80214, 
    80418, 
    85018, 
    62791, 
    100, 
    71177, 
    0, 
    53143
   ], 
   [
    73619, 
    57702, 
    47362, 
    83064, 
    58516, 
    77731, 
    52939, 
    87094, 
    53143, 
    0
   ]
  ], 
  "probability_matrix": [
   [
    0, 
    0.09865677805712218, 
    0.14027039863591964, 
    0.13714084023708534, 
    0.18730836734633552, 
    0.10676146662147849, 
    0.07213625062551315, 
    0.11940662277958762, 
    0.13610042340262887, 
    0.002218852294329021
   ], 
   [
    0.14910390425403505, 
    0, 
    0.040275556900191085, 
    0.09832794308278595, 
    0.14381414302335827, 
    0.17167690156477838, 
    0.27685440447985654, 
    0.03747358031193718, 
    0.03093870059172346, 
    0.05153486579133405
   ], 
   [
    0.184273514248013, 
    0.07411779846466973, 
    0, 
    0.2536130738155661, 
    0.206640155202188, 
    0.019229301303758432, 
    0.06211254499511304, 
    0.04223646027511764, 
    0.016320635805728432, 
    0.1414565158898455
   ], 
   [
    0.09523611747742629, 
    0.143344424735774, 
    0.08734146824179799, 
    0, 
    0.19999385583285706, 
    0.20731838642418907, 
    0.047850542376798956, 
    0.06390868858724093, 
    0.07134161818667399, 
    0.08366489813724189
   ], 
   [
    0.15580815970945192, 
    0.06430484432079543, 
    0.16029113699782277, 
    0.05661562912698061, 
    0, 
    0.1540998017639443, 
    0.05893114197874097, 
    0.13239637361564993, 
    0.10475753872872999, 
    0.11279537375788418
   ], 
   [
    0.07677874181033648, 
    0.21998033308263676, 
    0.10643522879044467, 
    0.1080498221532045, 
    0.0890461549671744, 
    0, 
    0.10624925580399797, 
    0.06869568907969331, 
    0.16980156804890562, 
    0.0549632062636063
   ], 
   [
    0.12458441616163143, 
    0.1152665086726789, 
    0.13839578467826433, 
    0.15646577400758796, 
    0.17200353592878778, 
    0.16247256916458455, 
    0, 
    0.000797251048053153, 
    0.08062246655429911, 
    0.04939169378411284
   ], 
   [
    0.18760261901628217, 
    0.06557513037083874, 
    0.06860495551195114, 
    0.16116951977411884, 
    0.2037844675021433, 
    0.07178650982764345, 
    0.12788802698179885, 
    0, 
    0.07716953287977835, 
    0.0364192381354453
   ], 
   [
    0.18506067248408617, 
    0.16243339816084276, 
    0.13656758182803272, 
    0.011695876328508653, 
    0.0035989482164900124, 
    0.1965638095084498, 
    0.07529622544449807, 
    0.14986154048385622, 
    0, 
    0.0789219475452357
   ], 
   [
    0.10825728657360927, 
    0.1784986228547991, 
    0.15945451352048523, 
    0.18213173176030756, 
    0.033168818443889844, 
    0.12225083155711593, 
    0.07925544748881688, 
    0.05090093487357438, 
    0.08608181292740175, 
    0
   ]
  ]
 }, 
 "vehicle_capacities": [
  5, 
  5, 
  5, 
  10, 
  15, 
  30, 
  30, 
  30, 
  30, 
  30
 ]
}