{
 "vehicle_cost_per_km": [
  5, 
  5, 
  5, 
  5, 
  5
 ], 
 "runs": [
  {
   "avg_task_cost_vs_number_of_task": [
    645, 
    829.25, 
    664.5000000000001, 
    674.625, 
    621.5, 
    583.5833333333334, 
    500.2142857142857, 
    447.75000000000006, 
    402.1666666666667, 
    361.95, 
    329.04545454545456, 
    321.875, 
    307.3076923076923, 
    296.14285714285717, 
    276.4, 
    258.8125, 
    243.88235294117646, 
    230.33333333333334, 
    218.21052631578948, 
    236.6, 
    207.8571428571428, 
    195.31818181818178, 
    217.2173913043478, 
    186.6875, 
    186.05999999999997, 
    170.96153846153842, 
    180.4814814814815, 
    196.28571428571425, 
    218.8793103448276, 
    196.9666666666666
   ], 
   "number_of_vehicles": 2
  }, 
  {
   "avg_task_cost_vs_number_of_task": [
    485.5, 
    749.5, 
    611.3333333333334, 
    634.75, 
    589.6, 
    573.4999999999999, 
    488.92857142857144, 
    427.8125, 
    402.1666666666667, 
    366.99999999999994, 
    333.63636363636357, 
    326.0833333333333, 
    311.1923076923077, 
    289.0357142857143, 
    268.16666666666663, 
    259.125, 
    243.88235294117646, 
    230.33333333333334, 
    218.81578947368422, 
    225.2, 
    247.90476190476187, 
    197, 
    180.2608695652174, 
    184.625, 
    207.52, 
    201.28846153846155, 
    205.11111111111111, 
    216.78571428571428, 
    229.06896551724142, 
    173.7666666666667
   ], 
   "number_of_vehicles": 3
  }, 
  {
   "avg_task_cost_vs_number_of_task": [
    485.5, 
    702.25, 
    611.3333333333334, 
    634.75, 
    589.6, 
    570.4166666666666, 
    511.7142857142858, 
    447.75000000000006, 
    402.1666666666667, 
    366.99999999999994, 
    329.04545454545456, 
    326.0833333333333, 
    307.3076923076923, 
    285.35714285714283, 
    278.23333333333335, 
    271.4375, 
    250.7058823529412, 
    234.61111111111111, 
    247.26315789473688, 
    224.325, 
    244.1904761904762, 
    209.27272727272722, 
    235.43478260869566, 
    179.04166666666663, 
    198.28, 
    174.13461538461536, 
    209.96296296296296, 
    194.875, 
    223.10344827586206, 
    208.0166666666667
   ], 
   "number_of_vehicles": 4
  }, 
  {
   "avg_task_cost_vs_number_of_task": [
    485.5, 
    702.25, 
    611.3333333333334, 
    634.75, 
    589.6, 
    570.4166666666666, 
    488.92857142857144, 
    454.875, 
    402.1666666666667, 
    361.95, 
    329.04545454545456, 
    345.0833333333333, 
    316.1923076923077, 
    285.35714285714283, 
    278.23333333333335, 
    259.125, 
    243.88235294117646, 
    230.33333333333334, 
    218.81578947368422, 
    239.45, 
    238.78571428571428, 
    271.45454545454544, 
    190.17391304347822, 
    203.5, 
    197.1, 
    198.0384615384615, 
    195.25925925925927, 
    224.4642857142857, 
    237.43103448275855, 
    212.78333333333336
   ], 
   "number_of_vehicles": 5
  }
 ], 
 "vehicle_starting_positions": [
  "Amsterdam", 
  "Rotterdam", 
  "Almere", 
  "Utrecht", 
  "Groningen", 
  "Eindhoven", 
  "Den Haag", 
  "Breda", 
  "Apeldoorn", 
  "Nijmegen"
 ], 
 "task_distribution": {
  "distance_matrix": [
   [
    0, 
    90.6, 
    65.2, 
    45.6, 
    137.5, 
    31.9, 
    185.9, 
    132, 
    119.1, 
    90.2
   ], 
   [
    90.6, 
    0, 
    25.4, 
    62.3, 
    110.8, 
    105.6, 
    259.6, 
    112, 
    48.6, 
    129.3
   ], 
   [
    65.2, 
    25.4, 
    0, 
    87.7, 
    136.2, 
    97.1, 
    251.1, 
    137.4, 
    74, 
    154.7
   ], 
   [
    45.6, 
    62.3, 
    87.7, 
    0, 
    91.9, 
    43.3, 
    197.3, 
    86.4, 
    73.5, 
    67
   ], 
   [
    137.5, 
    110.8, 
    136.2, 
    91.9, 
    0, 
    135.2, 
    268.3, 
    70.2, 
    62.2, 
    127.3
   ], 
   [
    31.9, 
    105.6, 
    97.1, 
    43.3, 
    135.2, 
    0, 
    154, 
    129.7, 
    116.8, 
    80.1
   ], 
   [
    185.9, 
    259.6, 
    251.1, 
    197.3, 
    268.3, 
    154, 
    0, 
    198.1, 
    270.8, 
    141
   ], 
   [
    132, 
    112, 
    137.4, 
    86.4, 
    70.2, 
    129.7, 
    198.1, 
    0, 
    96.2, 
    57.1
   ], 
   [
    119.1, 
    48.6, 
    74, 
    73.5, 
    62.2, 
    116.8, 
    270.8, 
    96.2, 
    0, 
    140.5
   ], 
   [
    90.2, 
    129.3, 
    154.7, 
    67, 
    127.3, 
    80.1, 
    141, 
    57.1, 
    140.5, 
    0
   ]
  ], 
  "weight_matrix": [
   [
    0, 
    3, 
    3, 
    3, 
    3, 
    3, 
    3, 
    3, 
    3, 
    3
   ], 
   [
    3, 
    0, 
    3, 
    3, 
    3, 
    3, 
    3, 
    3, 
    3, 
    3
   ], 
   [
    3, 
    3, 
    0, 
    3, 
    3, 
    3, 
    3, 
    3, 
    3, 
    3
   ], 
   [
    3, 
    3, 
    3, 
    0, 
    3, 
    3, 
    3, 
    3, 
    3, 
    3
   ], 
   [
    3, 
    3, 
    3, 
    3, 
    0, 
    3, 
    3, 
    3, 
    3, 
    3
   ], 
   [
    3, 
    3, 
    3, 
    3, 
    3, 
    0, 
    3, 
    3, 
    3, 
    3
   ], 
   [
    3, 
    3, 
    3, 
    3, 
    3, 
    3, 
    0, 
    3, 
    3, 
    3
   ], 
   [
    3, 
    3, 
    3, 
    3, 
    3, 
    3, 
    3, 
    0, 
    3, 
    3
   ], 
   [
    3, 
    3, 
    3, 
    3, 
    3, 
    3, 
    3, 
    3, 
    0, 
    3
   ], 
   [
    3, 
    3, 
    3, 
    3, 
    3, 
    3, 
    3, 
    3, 
    3, 
    0
   ]
  ], 
  "city_names": [
   "Amsterdam", 
   "Rotterdam", 
   "Den Haag", 
   "Utrecht", 
   "Eindhoven", 
   "Almere", 
   "Groningen", 
   "Nijmegen", 
   "Breda", 
   "Apeldoorn"
  ], 
  "reward_matrix": [
   [
    0, 
    73456, 
    83796, 
    91775, 
    54364, 
    97352, 
    34661, 
    56603, 
    61855, 
    73619
   ], 
   [
    73456, 
    0, 
    99999, 
    84977, 
    65233, 
    67350, 
    4659, 
    64745, 
    90554, 
    57702
   ], 
   [
    83796, 
    99999, 
    0, 
    74637, 
    54893, 
    70810, 
    8119, 
    54405, 
    80214, 
    47362
   ], 
   [
    91775, 
    84977, 
    74637, 
    0, 
    72927, 
    92712, 
    30020, 
    75166, 
    80418, 
    83064
   ], 
   [
    54364, 
    65233, 
    54893, 
    72927, 
    0, 
    55300, 
    1117, 
    81761, 
    85018, 
    58516
   ], 
   [
    97352, 
    67350, 
    70810, 
    92712, 
    55300, 
    0, 
    47647, 
    57539, 
    62791, 
    77731
   ], 
   [
    34661, 
    4659, 
    8119, 
    30020, 
    1117, 
    47647, 
    0, 
    29695, 
    100, 
    52939
   ], 
   [
    56603, 
    64745, 
    54405, 
    75166, 
    81761, 
    57539, 
    29695, 
    0, 
    71177, 
    87094
   ], 
   [
    61855, 
    90554, 
    80214, 
    80418, 
    85018, 
    62791, 
    100, 
    71177, 
    0, 
    53143
   ], 
   [
    73619, 
    57702, 
    47362, 
    83064, 
    58516, 
    77731, 
    52939, 
    87094, 
    53143, 
    0
   ]
  ], 
  "probability_matrix": [
   [
    0, 
    0.02358804775115382, 
    0.14166458474560897, 
    0.07226466647998327, 
    0.020443481089699275, 
    0.13635106798721608, 
    0.05514251062951365, 
    0.2899355961262459, 
    0.23664533763137768, 
    0.0239647075592015
   ], 
   [
    0.2051949351716862, 
    0, 
    0.02408076897540401, 
    0.0851615668518622, 
    0.13868636462480963, 
    0.1885950539001469, 
    0.09230643602982652, 
    0.06605359315291628, 
    0.18467594881566995, 
    0.015245332477678394
   ], 
   [
    0.016909152807103204, 
    0.11668686636668622, 
    0, 
    0.0678224475865958, 
    0.16721731379158206, 
    0.12696468023203275, 
    0.1006761842884699, 
    0.09217339292918587, 
    0.148718974075286, 
    0.16283098792305833
   ], 
   [
    0.13864124647101012, 
    0.09716631291599716, 
    0.15957025885588047, 
    0, 
    0.030281647039021968, 
    0.16592021749062638, 
    0.09433586769868503, 
    0.09243376992535382, 
    0.16140835709353601, 
    0.06024232250988884
   ], 
   [
    0.04459464224311647, 
    0.036454607428644606, 
    0.0803604261386272, 
    0.15330942360218666, 
    0, 
    0.1312017951333742, 
    0.21932345743499684, 
    0.14638810747125172, 
    0.03933953947435603, 
    0.14902800107344624
   ], 
   [
    0.020258235996137887, 
    0.138263686980189, 
    0.1128488157526096, 
    0.12681059426733696, 
    0.10930997288726003, 
    0, 
    0.17912842289831651, 
    0.045013335733134326, 
    0.17623305312103218, 
    0.09213388236398348
   ], 
   [
    0.12604033114112156, 
    0.18789578288410533, 
    0.19793872388957695, 
    0.048167716210570956, 
    0.06029592662255861, 
    0.010597746563987747, 
    0, 
    0.08092907982762912, 
    0.1328711936748743, 
    0.15526349918557525
   ], 
   [
    0.11400768552872914, 
    0.15938956157314627, 
    0.023149591594731577, 
    0.25731948845187635, 
    0.255752284104933, 
    0.020237661978954033, 
    0.03520900126214826, 
    0, 
    0.08016652847094134, 
    0.05476819703454
   ], 
   [
    0.14059144881106503, 
    0.03965600346602332, 
    0.17217312786930092, 
    0.15386549516821815, 
    0.010941100273628719, 
    0.163884759591552, 
    0.142410638349182, 
    0.06820665703221375, 
    0, 
    0.10827076943881618
   ], 
   [
    0.11864350378529213, 
    0.05017440876538975, 
    0.15316038669602597, 
    0.16233212855223814, 
    0.17837400503261355, 
    0.07319719803813941, 
    0.013432865790341007, 
    0.17930781610245675, 
    0.07137768723750325, 
    0
   ]
  ]
 }, 
 "vehicle_capacities": [
  30, 
  30, 
  30, 
  30, 
  30
 ]
}