{
 "vehicle_cost_per_km": [
  5, 
  5, 
  5, 
  5, 
  5
 ], 
 "runs": [
  {
   "avg_task_cost_vs_number_of_task": [
    999.4999999999999, 
    840.2499999999999, 
    625.8333333333334, 
    507.125, 
    647.4, 
    568.1666666666666, 
    490.35714285714283, 
    523.125, 
    472.3888888888889, 
    416.3, 
    393.8636363636364, 
    376.2916666666667, 
    508, 
    365.92857142857144, 
    385.06666666666666, 
    311.28125, 
    334.02941176470586, 
    439.6388888888889, 
    342.71052631578954, 
    354.05, 
    396, 
    290.04545454545456, 
    370.04347826086956, 
    310.1458333333333, 
    353.86, 
    330.4423076923077, 
    225.37037037037038, 
    316.67857142857144, 
    310.844827586207, 
    249.06666666666666
   ], 
   "number_of_vehicles": 5
  }
 ], 
 "vehicle_starting_positions": [
  "Amsterdam", 
  "Rotterdam", 
  "Den Haag", 
  "Utrecht", 
  "Eindhoven", 
  "Almere", 
  "Groningen", 
  "Nijmegen", 
  "Breda", 
  "Apeldoorn"
 ], 
 "task_distribution": {
  "distance_matrix": [
   [
    0, 
    90.6, 
    65.2, 
    45.6, 
    137.5, 
    31.9, 
    185.9, 
    132, 
    119.1, 
    90.2
   ], 
   [
    90.6, 
    0, 
    25.4, 
    62.3, 
    110.8, 
    105.6, 
    259.6, 
    112, 
    48.6, 
    129.3
   ], 
   [
    65.2, 
    25.4, 
    0, 
    87.7, 
    136.2, 
    97.1, 
    251.1, 
    137.4, 
    74, 
    154.7
   ], 
   [
    45.6, 
    62.3, 
    87.7, 
    0, 
    91.9, 
    43.3, 
    197.3, 
    86.4, 
    73.5, 
    67
   ], 
   [
    137.5, 
    110.8, 
    136.2, 
    91.9, 
    0, 
    135.2, 
    268.3, 
    70.2, 
    62.2, 
    127.3
   ], 
   [
    31.9, 
    105.6, 
    97.1, 
    43.3, 
    135.2, 
    0, 
    154, 
    129.7, 
    116.8, 
    80.1
   ], 
   [
    185.9, 
    259.6, 
    251.1, 
    197.3, 
    268.3, 
    154, 
    0, 
    198.1, 
    270.8, 
    141
   ], 
   [
    132, 
    112, 
    137.4, 
    86.4, 
    70.2, 
    129.7, 
    198.1, 
    0, 
    96.2, 
    57.1
   ], 
   [
    119.1, 
    48.6, 
    74, 
    73.5, 
    62.2, 
    116.8, 
    270.8, 
    96.2, 
    0, 
    140.5
   ], 
   [
    90.2, 
    129.3, 
    154.7, 
    67, 
    127.3, 
    80.1, 
    141, 
    57.1, 
    140.5, 
    0
   ]
  ], 
  "weight_matrix": [
   [
    0, 
    3, 
    3, 
    3, 
    3, 
    3, 
    3, 
    3, 
    3, 
    3
   ], 
   [
    3, 
    0, 
    3, 
    3, 
    3, 
    3, 
    3, 
    3, 
    3, 
    3
   ], 
   [
    3, 
    3, 
    0, 
    3, 
    3, 
    3, 
    3, 
    3, 
    3, 
    3
   ], 
   [
    3, 
    3, 
    3, 
    0, 
    3, 
    3, 
    3, 
    3, 
    3, 
    3
   ], 
   [
    3, 
    3, 
    3, 
    3, 
    0, 
    3, 
    3, 
    3, 
    3, 
    3
   ], 
   [
    3, 
    3, 
    3, 
    3, 
    3, 
    0, 
    3, 
    3, 
    3, 
    3
   ], 
   [
    3, 
    3, 
    3, 
    3, 
    3, 
    3, 
    0, 
    3, 
    3, 
    3
   ], 
   [
    3, 
    3, 
    3, 
    3, 
    3, 
    3, 
    3, 
    0, 
    3, 
    3
   ], 
   [
    3, 
    3, 
    3, 
    3, 
    3, 
    3, 
    3, 
    3, 
    0, 
    3
   ], 
   [
    3, 
    3, 
    3, 
    3, 
    3, 
    3, 
    3, 
    3, 
    3, 
    0
   ]
  ], 
  "city_names": [
   "Amsterdam", 
   "Rotterdam", 
   "Den Haag", 
   "Utrecht", 
   "Eindhoven", 
   "Almere", 
   "Groningen", 
   "Nijmegen", 
   "Breda", 
   "Apeldoorn"
  ], 
  "reward_matrix": [
   [
    0, 
    73456, 
    83796, 
    91775, 
    54364, 
    97352, 
    34661, 
    56603, 
    61855, 
    73619
   ], 
   [
    73456, 
    0, 
    99999, 
    84977, 
    65233, 
    67350, 
    4659, 
    64745, 
    90554, 
    57702
   ], 
   [
    83796, 
    99999, 
    0, 
    74637, 
    54893, 
    70810, 
    8119, 
    54405, 
    80214, 
    47362
   ], 
   [
    91775, 
    84977, 
    74637, 
    0, 
    72927, 
    92712, 
    30020, 
    75166, 
    80418, 
    83064
   ], 
   [
    54364, 
    65233, 
    54893, 
    72927, 
    0, 
    55300, 
    1117, 
    81761, 
    85018, 
    58516
   ], 
   [
    97352, 
    67350, 
    70810, 
    92712, 
    55300, 
    0, 
    47647, 
    57539, 
    62791, 
    77731
   ], 
   [
    34661, 
    4659, 
    8119, 
    30020, 
    1117, 
    47647, 
    0, 
    29695, 
    100, 
    52939
   ], 
   [
    56603, 
    64745, 
    54405, 
    75166, 
    81761, 
    57539, 
    29695, 
    0, 
    71177, 
    87094
   ], 
   [
    61855, 
    90554, 
    80214, 
    80418, 
    85018, 
    62791, 
    100, 
    71177, 
    0, 
    53143
   ], 
   [
    73619, 
    57702, 
    47362, 
    83064, 
    58516, 
    77731, 
    52939, 
    87094, 
    53143, 
    0
   ]
  ], 
  "probability_matrix": [
   [
    0, 
    0.010078625794222158, 
    0.08039461069601729, 
    0.14382854015182805, 
    0.17541990373389987, 
    0.05075294652656222, 
    0.165326883300867, 
    0.12290785674087411, 
    0.07557166065841253, 
    0.1757189723973168
   ], 
   [
    0.1715626447945586, 
    0, 
    0.0805759934861846, 
    0.07010637339721255, 
    0.0948674624213489, 
    0.07334834131037284, 
    0.10814326084344643, 
    0.16619455155469653, 
    0.10996229129383958, 
    0.12523908089833974
   ], 
   [
    0.12990485488721365, 
    0.13823496176027197, 
    0, 
    0.12286764014909618, 
    0.0599180593871999, 
    0.15065573451618872, 
    0.07205220735761662, 
    0.018052684712164733, 
    0.15743481840994, 
    0.1508790388203081
   ], 
   [
    0.10659881873299497, 
    0.16891434383357848, 
    0.1834697026792461, 
    0, 
    0.08766733771004917, 
    0.1558452880699632, 
    0.038499014788015117, 
    0.06553872997990307, 
    0.18535018623198724, 
    0.008116577974262705
   ], 
   [
    0.11520645883083949, 
    0.10528403165781007, 
    0.0868962350864957, 
    0.13152471063457907, 
    0, 
    0.13779948188256033, 
    0.13905682879571749, 
    0.07310246186042586, 
    0.029293221509343825, 
    0.18183656974222798
   ], 
   [
    0.12388011282742145, 
    0.14233632442785873, 
    0.005369942258406527, 
    0.09459484876084916, 
    0.054581463069806525, 
    0, 
    0.1872014072641244, 
    0.20731485756108248, 
    0.06085692466981863, 
    0.12386411916063207
   ], 
   [
    0.09473477450476255, 
    0.19835706164174197, 
    0.12346654418689343, 
    0.14272560721225105, 
    0.06122967839591992, 
    0.0722315707141982, 
    0, 
    0.06322204077792713, 
    0.11522485058598339, 
    0.12880787198032223
   ], 
   [
    0.059512395586162344, 
    0.03949314450070644, 
    0.09624227389001798, 
    0.21340748867664988, 
    0.10075265508750748, 
    0.2013441916993735, 
    0.0851892090591105, 
    0, 
    0.06647078704449061, 
    0.13758785445598126
   ], 
   [
    0.17543115558932174, 
    0.18789156097851079, 
    0.004556142620197863, 
    0.18815107366439704, 
    0.09067595028374756, 
    0.045289042769190095, 
    0.11379100250379665, 
    0.13368355777446309, 
    0, 
    0.06053051381637524
   ], 
   [
    0.10750630380998212, 
    0.021336834613516504, 
    0.19266187413832517, 
    0.11146766102355601, 
    0.19098893615149193, 
    0.1274956847294393, 
    0.12279960545535075, 
    0.0774920393550685, 
    0.048251060723269554, 
    0
   ]
  ]
 }, 
 "vehicle_capacities": [
  10, 
  10, 
  15, 
  20, 
  30, 
  30, 
  30, 
  30, 
  30, 
  30
 ]
}