{
 "vehicle_cost_per_km": [
  10, 
  15, 
  10, 
  5, 
  5, 
  5, 
  5, 
  5, 
  5, 
  5
 ], 
 "runs": [
  {
   "avg_task_cost_vs_number_of_task": [
    2145, 
    1416.5, 
    1733.3333333333333, 
    1300, 
    1282.4, 
    1068.6666666666667, 
    916, 
    923.6250000000001, 
    874.111111111111, 
    786.6999999999999, 
    773.8181818181819, 
    830.25, 
    789.1538461538463, 
    750.9999999999999, 
    664.2, 
    742.3750000000001, 
    651.8823529411767, 
    691.2222222222224, 
    699.6842105263156, 
    622.8, 
    610.6190476190477, 
    613.0000000000001, 
    592.0869565217392, 
    563.9166666666666, 
    579.28, 
    576.5000000000001, 
    564.7777777777778, 
    523.5357142857144, 
    586.5172413793103, 
    618.6666666666666
   ], 
   "number_of_vehicles": 3
  }
 ], 
 "vehicle_starting_positions": [
  "Amsterdam", 
  "Rotterdam", 
  "Den Haag", 
  "Utrecht", 
  "Eindhoven", 
  "Almere", 
  "Groningen", 
  "Nijmegen", 
  "Breda", 
  "Apeldoorn"
 ], 
 "task_distribution": {
  "distance_matrix": [
   [
    0, 
    90.6, 
    65.2, 
    45.6, 
    137.5, 
    31.9, 
    185.9, 
    132, 
    119.1, 
    90.2
   ], 
   [
    90.6, 
    0, 
    25.4, 
    62.3, 
    110.8, 
    105.6, 
    259.6, 
    112, 
    48.6, 
    129.3
   ], 
   [
    65.2, 
    25.4, 
    0, 
    87.7, 
    136.2, 
    97.1, 
    251.1, 
    137.4, 
    74, 
    154.7
   ], 
   [
    45.6, 
    62.3, 
    87.7, 
    0, 
    91.9, 
    43.3, 
    197.3, 
    86.4, 
    73.5, 
    67
   ], 
   [
    137.5, 
    110.8, 
    136.2, 
    91.9, 
    0, 
    135.2, 
    268.3, 
    70.2, 
    62.2, 
    127.3
   ], 
   [
    31.9, 
    105.6, 
    97.1, 
    43.3, 
    135.2, 
    0, 
    154, 
    129.7, 
    116.8, 
    80.1
   ], 
   [
    185.9, 
    259.6, 
    251.1, 
    197.3, 
    268.3, 
    154, 
    0, 
    198.1, 
    270.8, 
    141
   ], 
   [
    132, 
    112, 
    137.4, 
    86.4, 
    70.2, 
    129.7, 
    198.1, 
    0, 
    96.2, 
    57.1
   ], 
   [
    119.1, 
    48.6, 
    74, 
    73.5, 
    62.2, 
    116.8, 
    270.8, 
    96.2, 
    0, 
    140.5
   ], 
   [
    90.2, 
    129.3, 
    154.7, 
    67, 
    127.3, 
    80.1, 
    141, 
    57.1, 
    140.5, 
    0
   ]
  ], 
  "weight_matrix": [
   [
    0, 
    3, 
    3, 
    3, 
    3, 
    3, 
    3, 
    3, 
    3, 
    3
   ], 
   [
    3, 
    0, 
    3, 
    3, 
    3, 
    3, 
    3, 
    3, 
    3, 
    3
   ], 
   [
    3, 
    3, 
    0, 
    3, 
    3, 
    3, 
    3, 
    3, 
    3, 
    3
   ], 
   [
    3, 
    3, 
    3, 
    0, 
    3, 
    3, 
    3, 
    3, 
    3, 
    3
   ], 
   [
    3, 
    3, 
    3, 
    3, 
    0, 
    3, 
    3, 
    3, 
    3, 
    3
   ], 
   [
    3, 
    3, 
    3, 
    3, 
    3, 
    0, 
    3, 
    3, 
    3, 
    3
   ], 
   [
    3, 
    3, 
    3, 
    3, 
    3, 
    3, 
    0, 
    3, 
    3, 
    3
   ], 
   [
    3, 
    3, 
    3, 
    3, 
    3, 
    3, 
    3, 
    0, 
    3, 
    3
   ], 
   [
    3, 
    3, 
    3, 
    3, 
    3, 
    3, 
    3, 
    3, 
    0, 
    3
   ], 
   [
    3, 
    3, 
    3, 
    3, 
    3, 
    3, 
    3, 
    3, 
    3, 
    0
   ]
  ], 
  "city_names": [
   "Amsterdam", 
   "Rotterdam", 
   "Den Haag", 
   "Utrecht", 
   "Eindhoven", 
   "Almere", 
   "Groningen", 
   "Nijmegen", 
   "Breda", 
   "Apeldoorn"
  ], 
  "reward_matrix": [
   [
    0, 
    73456, 
    83796, 
    91775, 
    54364, 
    97352, 
    34661, 
    56603, 
    61855, 
    73619
   ], 
   [
    73456, 
    0, 
    99999, 
    84977, 
    65233, 
    67350, 
    4659, 
    64745, 
    90554, 
    57702
   ], 
   [
    83796, 
    99999, 
    0, 
    74637, 
    54893, 
    70810, 
    8119, 
    54405, 
    80214, 
    47362
   ], 
   [
    91775, 
    84977, 
    74637, 
    0, 
    72927, 
    92712, 
    30020, 
    75166, 
    80418, 
    83064
   ], 
   [
    54364, 
    65233, 
    54893, 
    72927, 
    0, 
    55300, 
    1117, 
    81761, 
    85018, 
    58516
   ], 
   [
    97352, 
    67350, 
    70810, 
    92712, 
    55300, 
    0, 
    47647, 
    57539, 
    62791, 
    77731
   ], 
   [
    34661, 
    4659, 
    8119, 
    30020, 
    1117, 
    47647, 
    0, 
    29695, 
    100, 
    52939
   ], 
   [
    56603, 
    64745, 
    54405, 
    75166, 
    81761, 
    57539, 
    29695, 
    0, 
    71177, 
    87094
   ], 
   [
    61855, 
    90554, 
    80214, 
    80418, 
    85018, 
    62791, 
    100, 
    71177, 
    0, 
    53143
   ], 
   [
    73619, 
    57702, 
    47362, 
    83064, 
    58516, 
    77731, 
    52939, 
    87094, 
    53143, 
    0
   ]
  ], 
  "probability_matrix": [
   [
    0, 
    0.023331581816033155, 
    0.11658224827432291, 
    0.06770269967647362, 
    0.24061124821044627, 
    0.24901638262966627, 
    0.24929459818109687, 
    0.027124773091050332, 
    0.002722609700510411, 
    0.023613858420400206
   ], 
   [
    0.07459066816970295, 
    0, 
    0.075394190621487, 
    0.07241891014646565, 
    0.018393178187533867, 
    0.17098749045202474, 
    0.15947181523165505, 
    0.17251557621907077, 
    0.08137747915912244, 
    0.1748506918129376
   ], 
   [
    0.062121819745812185, 
    0.14423670005411054, 
    0, 
    0.08824637081243383, 
    0.17934469747066967, 
    0.03910813525532455, 
    0.09650625246578795, 
    0.15944228703663954, 
    0.15685499214566276, 
    0.07413874501355877
   ], 
   [
    0.1129065536268863, 
    0.1925410465379633, 
    0.10775262108128353, 
    0, 
    0.05625991665594346, 
    0.21007759463568673, 
    0.1343208185177182, 
    0.11738818943988193, 
    0.029084460968820863, 
    0.03966879853581574
   ], 
   [
    0.18785833741105332, 
    0.008843805609479206, 
    0.0652581839018404, 
    0.2120343993585204, 
    0, 
    0.17738811204881538, 
    0.03497120697972995, 
    0.045744210933154665, 
    0.08923312988428125, 
    0.17866861387312533
   ], 
   [
    0.06854038170393364, 
    0.006577494706024057, 
    0.09865786894911689, 
    0.04955911985272122, 
    0.11446790008187165, 
    0, 
    0.1623183208296148, 
    0.09482871819320182, 
    0.20593220903632978, 
    0.199117986647186
   ], 
   [
    0.12321997025511557, 
    0.017785462240161184, 
    0.024153842770697407, 
    0.18247030142094503, 
    0.1763516619522163, 
    0.06669270304898296, 
    0, 
    0.15351944266099896, 
    0.17287110784564325, 
    0.08293550780523937
   ], 
   [
    0.15989670048547733, 
    0.09133864340762617, 
    0.16668996870297842, 
    0.17341010377917826, 
    0.09488349472624827, 
    0.08234504370652465, 
    0.11342803344426035, 
    0, 
    0.10363804725013691, 
    0.014369964497569578
   ], 
   [
    0.1485621945579089, 
    0.19163056480349858, 
    0.07905920943858259, 
    0.026718921021528258, 
    0.08469781851324187, 
    0.07502546613429797, 
    0.06651427090082046, 
    0.10206246471560515, 
    0, 
    0.22572908991451618
   ], 
   [
    0.2629541760399557, 
    0.003692488730215352, 
    0.2242508363025916, 
    0.15869193813699994, 
    0.10676855937663744, 
    0.12236975731797206, 
    0.11232016582633716, 
    0.007360661399080683, 
    0.0015914168702098053, 
    0
   ]
  ]
 }, 
 "vehicle_capacities": [
  15, 
  15, 
  15, 
  5, 
  20, 
  30, 
  30, 
  30, 
  30, 
  30
 ]
}