{
 "vehicle_cost_per_km": [
  5, 
  5, 
  10, 
  5, 
  5, 
  5, 
  5, 
  5, 
  5, 
  5
 ], 
 "runs": [
  {
   "avg_task_cost_vs_number_of_task": [
    929.5, 
    1106.25, 
    941.6666666666666, 
    706.25, 
    604.8, 
    546.3333333333333, 
    532.7142857142857, 
    466.125, 
    414.3333333333333, 
    372.9, 
    364.90909090909093, 
    364.7916666666667, 
    356.2692307692308, 
    370.5, 
    327.1333333333333, 
    328.5625, 
    347.4411764705883, 
    335.52777777777777, 
    302.86842105263156, 
    314.85, 
    348.7142857142857, 
    344.47727272727275, 
    327.54347826086956, 
    341.6041666666667, 
    318.38, 
    298.7692307692308, 
    327.4259259259259, 
    336.64285714285717, 
    314.7241379310345, 
    292.8333333333333
   ], 
   "number_of_vehicles": 3
  }
 ], 
 "vehicle_starting_positions": [
  "Amsterdam", 
  "Rotterdam", 
  "Den Haag", 
  "Utrecht", 
  "Eindhoven", 
  "Almere", 
  "Groningen", 
  "Nijmegen", 
  "Breda", 
  "Apeldoorn"
 ], 
 "task_distribution": {
  "distance_matrix": [
   [
    0, 
    90.6, 
    65.2, 
    45.6, 
    137.5, 
    31.9, 
    185.9, 
    132, 
    119.1, 
    90.2
   ], 
   [
    90.6, 
    0, 
    25.4, 
    62.3, 
    110.8, 
    105.6, 
    259.6, 
    112, 
    48.6, 
    129.3
   ], 
   [
    65.2, 
    25.4, 
    0, 
    87.7, 
    136.2, 
    97.1, 
    251.1, 
    137.4, 
    74, 
    154.7
   ], 
   [
    45.6, 
    62.3, 
    87.7, 
    0, 
    91.9, 
    43.3, 
    197.3, 
    86.4, 
    73.5, 
    67
   ], 
   [
    137.5, 
    110.8, 
    136.2, 
    91.9, 
    0, 
    135.2, 
    268.3, 
    70.2, 
    62.2, 
    127.3
   ], 
   [
    31.9, 
    105.6, 
    97.1, 
    43.3, 
    135.2, 
    0, 
    154, 
    129.7, 
    116.8, 
    80.1
   ], 
   [
    185.9, 
    259.6, 
    251.1, 
    197.3, 
    268.3, 
    154, 
    0, 
    198.1, 
    270.8, 
    141
   ], 
   [
    132, 
    112, 
    137.4, 
    86.4, 
    70.2, 
    129.7, 
    198.1, 
    0, 
    96.2, 
    57.1
   ], 
   [
    119.1, 
    48.6, 
    74, 
    73.5, 
    62.2, 
    116.8, 
    270.8, 
    96.2, 
    0, 
    140.5
   ], 
   [
    90.2, 
    129.3, 
    154.7, 
    67, 
    127.3, 
    80.1, 
    141, 
    57.1, 
    140.5, 
    0
   ]
  ], 
  "weight_matrix": [
   [
    0, 
    3, 
    3, 
    3, 
    3, 
    3, 
    3, 
    3, 
    3, 
    3
   ], 
   [
    3, 
    0, 
    3, 
    3, 
    3, 
    3, 
    3, 
    3, 
    3, 
    3
   ], 
   [
    3, 
    3, 
    0, 
    3, 
    3, 
    3, 
    3, 
    3, 
    3, 
    3
   ], 
   [
    3, 
    3, 
    3, 
    0, 
    3, 
    3, 
    3, 
    3, 
    3, 
    3
   ], 
   [
    3, 
    3, 
    3, 
    3, 
    0, 
    3, 
    3, 
    3, 
    3, 
    3
   ], 
   [
    3, 
    3, 
    3, 
    3, 
    3, 
    0, 
    3, 
    3, 
    3, 
    3
   ], 
   [
    3, 
    3, 
    3, 
    3, 
    3, 
    3, 
    0, 
    3, 
    3, 
    3
   ], 
   [
    3, 
    3, 
    3, 
    3, 
    3, 
    3, 
    3, 
    0, 
    3, 
    3
   ], 
   [
    3, 
    3, 
    3, 
    3, 
    3, 
    3, 
    3, 
    3, 
    0, 
    3
   ], 
   [
    3, 
    3, 
    3, 
    3, 
    3, 
    3, 
    3, 
    3, 
    3, 
    0
   ]
  ], 
  "city_names": [
   "Amsterdam", 
   "Rotterdam", 
   "Den Haag", 
   "Utrecht", 
   "Eindhoven", 
   "Almere", 
   "Groningen", 
   "Nijmegen", 
   "Breda", 
   "Apeldoorn"
  ], 
  "reward_matrix": [
   [
    0, 
    73456, 
    83796, 
    91775, 
    54364, 
    97352, 
    34661, 
    56603, 
    61855, 
    73619
   ], 
   [
    73456, 
    0, 
    99999, 
    84977, 
    65233, 
    67350, 
    4659, 
    64745, 
    90554, 
    57702
   ], 
   [
    83796, 
    99999, 
    0, 
    74637, 
    54893, 
    70810, 
    8119, 
    54405, 
    80214, 
    47362
   ], 
   [
    91775, 
    84977, 
    74637, 
    0, 
    72927, 
    92712, 
    30020, 
    75166, 
    80418, 
    83064
   ], 
   [
    54364, 
    65233, 
    54893, 
    72927, 
    0, 
    55300, 
    1117, 
    81761, 
    85018, 
    58516
   ], 
   [
    97352, 
    67350, 
    70810, 
    92712, 
    55300, 
    0, 
    47647, 
    57539, 
    62791, 
    77731
   ], 
   [
    34661, 
    4659, 
    8119, 
    30020, 
    1117, 
    47647, 
    0, 
    29695, 
    100, 
    52939
   ], 
   [
    56603, 
    64745, 
    54405, 
    75166, 
    81761, 
    57539, 
    29695, 
    0, 
    71177, 
    87094
   ], 
   [
    61855, 
    90554, 
    80214, 
    80418, 
    85018, 
    62791, 
    100, 
    71177, 
    0, 
    53143
   ], 
   [
    73619, 
    57702, 
    47362, 
    83064, 
    58516, 
    77731, 
    52939, 
    87094, 
    53143, 
    0
   ]
  ], 
  "probability_matrix": [
   [
    0, 
    0.18947413552479342, 
    0.1650987829825898, 
    0.030847095703750566, 
    0.04479973532124203, 
    0.20404988121074377, 
    0.19547373706706955, 
    0.12536505737628528, 
    0.003870874662926397, 
    0.0410207001505991
   ], 
   [
    0.2349143768732235, 
    0, 
    0.17910719393737684, 
    0.09043316171647946, 
    0.029814126166689766, 
    0.15403392649406372, 
    0.15587477206554637, 
    0.025329539369337708, 
    0.06709749819525848, 
    0.06339540518202416
   ], 
   [
    0.009192249003689106, 
    0.17219106198529843, 
    0, 
    0.14894890187742388, 
    0.12748652564027285, 
    0.13238036094766947, 
    0.17209126989971968, 
    0.14347230664329175, 
    0.032820269213154445, 
    0.061417054789480174
   ], 
   [
    0.008761662640369464, 
    0.012909993135360062, 
    0.132254357403668, 
    0, 
    0.0742025553158674, 
    0.16350979156833587, 
    0.14019261752590476, 
    0.0702109597625476, 
    0.15231141287231936, 
    0.24564664977562742
   ], 
   [
    0.12746750076613908, 
    0.12020380021248807, 
    0.13880216290719988, 
    0.09753278511127554, 
    0, 
    0.15006254729524562, 
    0.10684119891837357, 
    0.1316406531525516, 
    0.01896848416166147, 
    0.10848086747506504
   ], 
   [
    0.03657212047590332, 
    0.21964628310317175, 
    0.16586104033026378, 
    0.08089562853616987, 
    0.19037012649610785, 
    0, 
    0.15322531212183446, 
    0.014701578231661227, 
    0.09284129066292349, 
    0.04588662004196437
   ], 
   [
    0.027183594437141915, 
    0.0021021965824668093, 
    0.11658863327298111, 
    0.22673791740459687, 
    0.06531595396003892, 
    0.1669899292964507, 
    0, 
    0.1447981402970122, 
    0.13589821112077008, 
    0.11438542362854129
   ], 
   [
    0.07284088215159787, 
    0.1949705677054864, 
    0.177823566345344, 
    0.19312261438807585, 
    0.14348896321691657, 
    0.06609900178314598, 
    0.08279948909321973, 
    0, 
    0.05696027487861903, 
    0.011894640437594719
   ], 
   [
    0.1282782733278139, 
    0.014518685252530479, 
    0.15587754397551556, 
    0.09635044477791135, 
    0.11260926078147543, 
    0.17326846203887267, 
    0.18614553200997588, 
    0.09621136467215421, 
    0, 
    0.036740433163750495
   ], 
   [
    0.18884786335072593, 
    0.1453012347396964, 
    0.034712796432937267, 
    0.06891251851578427, 
    0.10009820959599659, 
    0.16740265066997428, 
    0.1776674306050342, 
    0.06428510619794701, 
    0.05277218989190403, 
    0
   ]
  ]
 }, 
 "vehicle_capacities": [
  15, 
  15, 
  15, 
  5, 
  20, 
  30, 
  30, 
  30, 
  30, 
  30
 ]
}