{
 "vehicle_cost_per_km": [
  5, 
  5, 
  5, 
  5, 
  5
 ], 
 "runs": [
  {
   "avg_task_cost_vs_number_of_task": [
    438.5, 
    826.5, 
    765.1666666666666, 
    573.875, 
    522.7, 
    484.6666666666667, 
    456.14285714285717, 
    391.99999999999994, 
    348.27777777777777, 
    381.3, 
    364.90909090909093, 
    386.0833333333333, 
    332.2307692307692, 
    302.9285714285715, 
    286.5333333333334, 
    265.62500000000006, 
    265.5882352941176, 
    263.83333333333337, 
    283.5, 
    273.40000000000003, 
    277.64285714285717, 
    233.09090909090912, 
    242.32608695652178, 
    231.35416666666666, 
    267.86, 
    228, 
    225.99999999999997, 
    254.9464285714286, 
    250.36206896551727, 
    196.23333333333332
   ], 
   "number_of_vehicles": 5
  }
 ], 
 "vehicle_starting_positions": [
  "Amsterdam", 
  "Rotterdam", 
  "Den Haag", 
  "Utrecht", 
  "Eindhoven", 
  "Almere", 
  "Groningen", 
  "Nijmegen", 
  "Breda", 
  "Apeldoorn"
 ], 
 "task_distribution": {
  "distance_matrix": [
   [
    0, 
    90.6, 
    65.2, 
    45.6, 
    137.5, 
    31.9, 
    185.9, 
    132, 
    119.1, 
    90.2
   ], 
   [
    90.6, 
    0, 
    25.4, 
    62.3, 
    110.8, 
    105.6, 
    259.6, 
    112, 
    48.6, 
    129.3
   ], 
   [
    65.2, 
    25.4, 
    0, 
    87.7, 
    136.2, 
    97.1, 
    251.1, 
    137.4, 
    74, 
    154.7
   ], 
   [
    45.6, 
    62.3, 
    87.7, 
    0, 
    91.9, 
    43.3, 
    197.3, 
    86.4, 
    73.5, 
    67
   ], 
   [
    137.5, 
    110.8, 
    136.2, 
    91.9, 
    0, 
    135.2, 
    268.3, 
    70.2, 
    62.2, 
    127.3
   ], 
   [
    31.9, 
    105.6, 
    97.1, 
    43.3, 
    135.2, 
    0, 
    154, 
    129.7, 
    116.8, 
    80.1
   ], 
   [
    185.9, 
    259.6, 
    251.1, 
    197.3, 
    268.3, 
    154, 
    0, 
    198.1, 
    270.8, 
    141
   ], 
   [
    132, 
    112, 
    137.4, 
    86.4, 
    70.2, 
    129.7, 
    198.1, 
    0, 
    96.2, 
    57.1
   ], 
   [
    119.1, 
    48.6, 
    74, 
    73.5, 
    62.2, 
    116.8, 
    270.8, 
    96.2, 
    0, 
    140.5
   ], 
   [
    90.2, 
    129.3, 
    154.7, 
    67, 
    127.3, 
    80.1, 
    141, 
    57.1, 
    140.5, 
    0
   ]
  ], 
  "weight_matrix": [
   [
    0, 
    3, 
    3, 
    3, 
    3, 
    3, 
    3, 
    3, 
    3, 
    3
   ], 
   [
    3, 
    0, 
    3, 
    3, 
    3, 
    3, 
    3, 
    3, 
    3, 
    3
   ], 
   [
    3, 
    3, 
    0, 
    3, 
    3, 
    3, 
    3, 
    3, 
    3, 
    3
   ], 
   [
    3, 
    3, 
    3, 
    0, 
    3, 
    3, 
    3, 
    3, 
    3, 
    3
   ], 
   [
    3, 
    3, 
    3, 
    3, 
    0, 
    3, 
    3, 
    3, 
    3, 
    3
   ], 
   [
    3, 
    3, 
    3, 
    3, 
    3, 
    0, 
    3, 
    3, 
    3, 
    3
   ], 
   [
    3, 
    3, 
    3, 
    3, 
    3, 
    3, 
    0, 
    3, 
    3, 
    3
   ], 
   [
    3, 
    3, 
    3, 
    3, 
    3, 
    3, 
    3, 
    0, 
    3, 
    3
   ], 
   [
    3, 
    3, 
    3, 
    3, 
    3, 
    3, 
    3, 
    3, 
    0, 
    3
   ], 
   [
    3, 
    3, 
    3, 
    3, 
    3, 
    3, 
    3, 
    3, 
    3, 
    0
   ]
  ], 
  "city_names": [
   "Amsterdam", 
   "Rotterdam", 
   "Den Haag", 
   "Utrecht", 
   "Eindhoven", 
   "Almere", 
   "Groningen", 
   "Nijmegen", 
   "Breda", 
   "Apeldoorn"
  ], 
  "reward_matrix": [
   [
    0, 
    73456, 
    83796, 
    91775, 
    54364, 
    97352, 
    34661, 
    56603, 
    61855, 
    73619
   ], 
   [
    73456, 
    0, 
    99999, 
    84977, 
    65233, 
    67350, 
    4659, 
    64745, 
    90554, 
    57702
   ], 
   [
    83796, 
    99999, 
    0, 
    74637, 
    54893, 
    70810, 
    8119, 
    54405, 
    80214, 
    47362
   ], 
   [
    91775, 
    84977, 
    74637, 
    0, 
    72927, 
    92712, 
    30020, 
    75166, 
    80418, 
    83064
   ], 
   [
    54364, 
    65233, 
    54893, 
    72927, 
    0, 
    55300, 
    1117, 
    81761, 
    85018, 
    58516
   ], 
   [
    97352, 
    67350, 
    70810, 
    92712, 
    55300, 
    0, 
    47647, 
    57539, 
    62791, 
    77731
   ], 
   [
    34661, 
    4659, 
    8119, 
    30020, 
    1117, 
    47647, 
    0, 
    29695, 
    100, 
    52939
   ], 
   [
    56603, 
    64745, 
    54405, 
    75166, 
    81761, 
    57539, 
    29695, 
    0, 
    71177, 
    87094
   ], 
   [
    61855, 
    90554, 
    80214, 
    80418, 
    85018, 
    62791, 
    100, 
    71177, 
    0, 
    53143
   ], 
   [
    73619, 
    57702, 
    47362, 
    83064, 
    58516, 
    77731, 
    52939, 
    87094, 
    53143, 
    0
   ]
  ], 
  "probability_matrix": [
   [
    0, 
    0.09913829382757451, 
    0.16367626138094657, 
    0.059985359096729925, 
    0.002603408316590128, 
    0.11172586521597462, 
    0.09363495831272481, 
    0.1667243673691835, 
    0.13071281730523246, 
    0.17179866917504363
   ], 
   [
    0.21085543174042537, 
    0, 
    0.05916040554032647, 
    0.07269397207446848, 
    0.10048745138337888, 
    0.0667544180521409, 
    0.09837483679662022, 
    0.13671616190212446, 
    0.08210368230531613, 
    0.17285364020519914
   ], 
   [
    0.01244817842496117, 
    0.06979106120151152, 
    0, 
    0.12121397926193218, 
    0.16712365861391903, 
    0.09206564231919355, 
    0.10076205921968244, 
    0.15137776707256295, 
    0.05084762599335518, 
    0.23437002789288192
   ], 
   [
    0.054002352446597235, 
    0.055704499459713716, 
    0.17454378929806005, 
    0, 
    0.07561616099939145, 
    0.1632917427927848, 
    0.14842431654516516, 
    0.12240522882531761, 
    0.013575997423059365, 
    0.19243591220991074
   ], 
   [
    0.16031311760748304, 
    0.1436108945291286, 
    0.04444132722024433, 
    0.11065169955141468, 
    0, 
    0.12214788565632297, 
    0.09844571795774873, 
    0.15933531313636307, 
    0.06977903521502452, 
    0.09127500912627007
   ], 
   [
    0.18102394160141333, 
    0.17355590198432996, 
    0.0833815768105776, 
    0.06166022709739066, 
    0.09384521584450235, 
    0, 
    0.13039676743003484, 
    0.14149551022605547, 
    0.11851952416852032, 
    0.016121334837175382
   ], 
   [
    0.05728744686088189, 
    0.08925419773687358, 
    0.1972458541121458, 
    0.19628658936017973, 
    0.17423289819322238, 
    0.1951069074940438, 
    0, 
    0.009015895870099603, 
    0.05970762097707413, 
    0.021862589395478978
   ], 
   [
    0.07822118280991956, 
    0.15397769832127103, 
    0.0005802383901770433, 
    0.06688446938900772, 
    0.07734718359701717, 
    0.24428579913251916, 
    0.14355395525915304, 
    0, 
    0.0439927671956522, 
    0.19115670590528308
   ], 
   [
    0.0954304441630712, 
    0.0427740792415522, 
    0.1118985241088423, 
    0.13452095618039164, 
    0.04585455552472898, 
    0.06332046248019392, 
    0.1554586831463804, 
    0.11021400468520987, 
    0, 
    0.24052829046962954
   ], 
   [
    0.2547334937812986, 
    0.13858284000396584, 
    0.12281002507010728, 
    0.26269386968511466, 
    0.024515158814016134, 
    0.051657025823956544, 
    0.003529291142758783, 
    0.11760371315435197, 
    0.023874582524430085, 
    0
   ]
  ]
 }, 
 "vehicle_capacities": [
  25, 
  25, 
  30, 
  30, 
  30, 
  30, 
  30, 
  30, 
  30, 
  30
 ]
}