{
 "vehicle_cost_per_km": [
  5, 
  5, 
  5, 
  5, 
  5
 ], 
 "runs": [
  {
   "avg_task_cost_vs_number_of_task": [
    1208.5, 
    1272, 
    1053.5, 
    932.875, 
    1109.1000000000001, 
    1089.25, 
    933.6428571428571, 
    900.9375, 
    896.8333333333333, 
    939.1499999999999, 
    968.3181818181819, 
    928.1249999999999, 
    856.7307692307689, 
    839.4999999999999, 
    871.5333333333333, 
    902.1874999999998, 
    888.647058823529, 
    839.2777777777776, 
    833.736842105263, 
    816.3499999999998, 
    832.190476190476, 
    854.3636363636361, 
    833.6739130434779, 
    798.9374999999997, 
    789.8199999999998, 
    792.6730769230768, 
    842.1111111111109, 
    818.660714285714, 
    803.2586206896549, 
    784.8999999999997
   ], 
   "number_of_vehicles": 3
  }
 ], 
 "vehicle_starting_positions": [
  "Amsterdam", 
  "Rotterdam", 
  "Den Haag", 
  "Utrecht", 
  "Eindhoven", 
  "Almere", 
  "Groningen", 
  "Nijmegen", 
  "Breda", 
  "Apeldoorn"
 ], 
 "task_distribution": {
  "distance_matrix": [
   [
    0, 
    90.6, 
    65.2, 
    45.6, 
    137.5, 
    31.9, 
    185.9, 
    132, 
    119.1, 
    90.2
   ], 
   [
    90.6, 
    0, 
    25.4, 
    62.3, 
    110.8, 
    105.6, 
    259.6, 
    112, 
    48.6, 
    129.3
   ], 
   [
    65.2, 
    25.4, 
    0, 
    87.7, 
    136.2, 
    97.1, 
    251.1, 
    137.4, 
    74, 
    154.7
   ], 
   [
    45.6, 
    62.3, 
    87.7, 
    0, 
    91.9, 
    43.3, 
    197.3, 
    86.4, 
    73.5, 
    67
   ], 
   [
    137.5, 
    110.8, 
    136.2, 
    91.9, 
    0, 
    135.2, 
    268.3, 
    70.2, 
    62.2, 
    127.3
   ], 
   [
    31.9, 
    105.6, 
    97.1, 
    43.3, 
    135.2, 
    0, 
    154, 
    129.7, 
    116.8, 
    80.1
   ], 
   [
    185.9, 
    259.6, 
    251.1, 
    197.3, 
    268.3, 
    154, 
    0, 
    198.1, 
    270.8, 
    141
   ], 
   [
    132, 
    112, 
    137.4, 
    86.4, 
    70.2, 
    129.7, 
    198.1, 
    0, 
    96.2, 
    57.1
   ], 
   [
    119.1, 
    48.6, 
    74, 
    73.5, 
    62.2, 
    116.8, 
    270.8, 
    96.2, 
    0, 
    140.5
   ], 
   [
    90.2, 
    129.3, 
    154.7, 
    67, 
    127.3, 
    80.1, 
    141, 
    57.1, 
    140.5, 
    0
   ]
  ], 
  "weight_matrix": [
   [
    0, 
    3, 
    3, 
    3, 
    3, 
    3, 
    3, 
    3, 
    3, 
    3
   ], 
   [
    3, 
    0, 
    3, 
    3, 
    3, 
    3, 
    3, 
    3, 
    3, 
    3
   ], 
   [
    3, 
    3, 
    0, 
    3, 
    3, 
    3, 
    3, 
    3, 
    3, 
    3
   ], 
   [
    3, 
    3, 
    3, 
    0, 
    3, 
    3, 
    3, 
    3, 
    3, 
    3
   ], 
   [
    3, 
    3, 
    3, 
    3, 
    0, 
    3, 
    3, 
    3, 
    3, 
    3
   ], 
   [
    3, 
    3, 
    3, 
    3, 
    3, 
    0, 
    3, 
    3, 
    3, 
    3
   ], 
   [
    3, 
    3, 
    3, 
    3, 
    3, 
    3, 
    0, 
    3, 
    3, 
    3
   ], 
   [
    3, 
    3, 
    3, 
    3, 
    3, 
    3, 
    3, 
    0, 
    3, 
    3
   ], 
   [
    3, 
    3, 
    3, 
    3, 
    3, 
    3, 
    3, 
    3, 
    0, 
    3
   ], 
   [
    3, 
    3, 
    3, 
    3, 
    3, 
    3, 
    3, 
    3, 
    3, 
    0
   ]
  ], 
  "city_names": [
   "Amsterdam", 
   "Rotterdam", 
   "Den Haag", 
   "Utrecht", 
   "Eindhoven", 
   "Almere", 
   "Groningen", 
   "Nijmegen", 
   "Breda", 
   "Apeldoorn"
  ], 
  "reward_matrix": [
   [
    0, 
    73456, 
    83796, 
    91775, 
    54364, 
    97352, 
    34661, 
    56603, 
    61855, 
    73619
   ], 
   [
    73456, 
    0, 
    99999, 
    84977, 
    65233, 
    67350, 
    4659, 
    64745, 
    90554, 
    57702
   ], 
   [
    83796, 
    99999, 
    0, 
    74637, 
    54893, 
    70810, 
    8119, 
    54405, 
    80214, 
    47362
   ], 
   [
    91775, 
    84977, 
    74637, 
    0, 
    72927, 
    92712, 
    30020, 
    75166, 
    80418, 
    83064
   ], 
   [
    54364, 
    65233, 
    54893, 
    72927, 
    0, 
    55300, 
    1117, 
    81761, 
    85018, 
    58516
   ], 
   [
    97352, 
    67350, 
    70810, 
    92712, 
    55300, 
    0, 
    47647, 
    57539, 
    62791, 
    77731
   ], 
   [
    34661, 
    4659, 
    8119, 
    30020, 
    1117, 
    47647, 
    0, 
    29695, 
    100, 
    52939
   ], 
   [
    56603, 
    64745, 
    54405, 
    75166, 
    81761, 
    57539, 
    29695, 
    0, 
    71177, 
    87094
   ], 
   [
    61855, 
    90554, 
    80214, 
    80418, 
    85018, 
    62791, 
    100, 
    71177, 
    0, 
    53143
   ], 
   [
    73619, 
    57702, 
    47362, 
    83064, 
    58516, 
    77731, 
    52939, 
    87094, 
    53143, 
    0
   ]
  ], 
  "probability_matrix": [
   [
    0, 
    0.015721413417445523, 
    0.19636348577115664, 
    0.17845218518108633, 
    0.1474891219706424, 
    0.04788573304629552, 
    0.1258120874706286, 
    0.07435345774071227, 
    0.1679656545613625, 
    0.045956860840670355
   ], 
   [
    0.09783877704524775, 
    0, 
    0.15845665312168988, 
    0.14510759026842704, 
    0.03231892285470887, 
    0.058260297381689044, 
    0.103108085238933, 
    0.08671502576004042, 
    0.09236667075549436, 
    0.22582797757376932
   ], 
   [
    0.05952670649546826, 
    0.0590701679801814, 
    0, 
    0.1129463186963517, 
    0.19530588203595958, 
    0.005131043612593547, 
    0.1788838349385122, 
    0.14473309409904894, 
    0.09909366076729492, 
    0.14530929137458934
   ], 
   [
    0.22059548343533827, 
    0.11221596584661808, 
    0.01581610420967509, 
    0, 
    0.12380589890935595, 
    0.0018316063708405514, 
    0.057418925051234734, 
    0.13266558530611827, 
    0.04038932510898622, 
    0.29526110576183273
   ], 
   [
    0.16532567322592276, 
    0.04618938898583333, 
    0.19796997953632947, 
    0.0485628005035422, 
    0, 
    0.18144581822521422, 
    0.07394171523820826, 
    0.10353697123385858, 
    0.02067598983528851, 
    0.16235166321580266
   ], 
   [
    0.09991243356665272, 
    0.10814145422969294, 
    0.1459393720167344, 
    0.014878017402999256, 
    0.11427239315267526, 
    0, 
    0.13360835922490133, 
    0.09773195486724126, 
    0.13841110810214927, 
    0.14710490743695348
   ], 
   [
    0.03317811132201804, 
    0.15211006490611145, 
    0.1579589206240016, 
    0.017522439785831727, 
    0.1303871842252507, 
    0.1788897388276246, 
    0, 
    0.00916283601171263, 
    0.1502697167308954, 
    0.17052098756655373
   ], 
   [
    0.15594430734613826, 
    0.05166823420784282, 
    0.0717613653556983, 
    0.16584548544719277, 
    0.062433962492493035, 
    0.14223099576960488, 
    0.049998267389785585, 
    0, 
    0.14810510070639443, 
    0.1520122812848501
   ], 
   [
    0.01888133549887216, 
    0.21523960212645796, 
    0.033745381028565495, 
    0.08952333072631138, 
    0.06634393924769846, 
    0.2305615403954635, 
    0.21281920644286031, 
    0.0060377506261174016, 
    0, 
    0.12684791390765338
   ], 
   [
    0.047437301095935316, 
    0.22893351659098954, 
    0.10353465336547368, 
    0.0762245364036232, 
    0.046406266605950444, 
    0.19241151182710228, 
    0.081506832766233, 
    0.04692500573799598, 
    0.17662037560669672, 
    0
   ]
  ]
 }, 
 "vehicle_capacities": [
  5, 
  5, 
  5, 
  5, 
  20, 
  30, 
  30, 
  30, 
  30, 
  30
 ]
}