{
 "vehicle_cost_per_km": [
  5, 
  5, 
  5, 
  5, 
  5
 ], 
 "runs": [
  {
   "avg_task_cost_vs_number_of_task": [
    1220, 
    799.25, 
    656.8333333333334, 
    688.625, 
    550.9000000000001, 
    584.5833333333334, 
    578.9285714285714, 
    449.93750000000006, 
    399.9444444444445, 
    392.55000000000007, 
    398.27272727272737, 
    388.87500000000006, 
    389.65384615384613, 
    330.75, 
    335.53333333333336, 
    321.09375, 
    328.7352941176471, 
    300.08333333333337, 
    309.36842105263156, 
    319.24999999999994, 
    335.04761904761915, 
    312.6363636363636, 
    291.86956521739137, 
    303.8125, 
    299.92, 
    294.19230769230774, 
    264.8888888888889, 
    264.92857142857144, 
    279.65517241379314, 
    279.75
   ], 
   "number_of_vehicles": 3
  }
 ], 
 "vehicle_starting_positions": [
  "Amsterdam", 
  "Rotterdam", 
  "Den Haag", 
  "Utrecht", 
  "Eindhoven", 
  "Almere", 
  "Groningen", 
  "Nijmegen", 
  "Breda", 
  "Apeldoorn"
 ], 
 "task_distribution": {
  "distance_matrix": [
   [
    0, 
    90.6, 
    65.2, 
    45.6, 
    137.5, 
    31.9, 
    185.9, 
    132, 
    119.1, 
    90.2
   ], 
   [
    90.6, 
    0, 
    25.4, 
    62.3, 
    110.8, 
    105.6, 
    259.6, 
    112, 
    48.6, 
    129.3
   ], 
   [
    65.2, 
    25.4, 
    0, 
    87.7, 
    136.2, 
    97.1, 
    251.1, 
    137.4, 
    74, 
    154.7
   ], 
   [
    45.6, 
    62.3, 
    87.7, 
    0, 
    91.9, 
    43.3, 
    197.3, 
    86.4, 
    73.5, 
    67
   ], 
   [
    137.5, 
    110.8, 
    136.2, 
    91.9, 
    0, 
    135.2, 
    268.3, 
    70.2, 
    62.2, 
    127.3
   ], 
   [
    31.9, 
    105.6, 
    97.1, 
    43.3, 
    135.2, 
    0, 
    154, 
    129.7, 
    116.8, 
    80.1
   ], 
   [
    185.9, 
    259.6, 
    251.1, 
    197.3, 
    268.3, 
    154, 
    0, 
    198.1, 
    270.8, 
    141
   ], 
   [
    132, 
    112, 
    137.4, 
    86.4, 
    70.2, 
    129.7, 
    198.1, 
    0, 
    96.2, 
    57.1
   ], 
   [
    119.1, 
    48.6, 
    74, 
    73.5, 
    62.2, 
    116.8, 
    270.8, 
    96.2, 
    0, 
    140.5
   ], 
   [
    90.2, 
    129.3, 
    154.7, 
    67, 
    127.3, 
    80.1, 
    141, 
    57.1, 
    140.5, 
    0
   ]
  ], 
  "weight_matrix": [
   [
    0, 
    3, 
    3, 
    3, 
    3, 
    3, 
    3, 
    3, 
    3, 
    3
   ], 
   [
    3, 
    0, 
    3, 
    3, 
    3, 
    3, 
    3, 
    3, 
    3, 
    3
   ], 
   [
    3, 
    3, 
    0, 
    3, 
    3, 
    3, 
    3, 
    3, 
    3, 
    3
   ], 
   [
    3, 
    3, 
    3, 
    0, 
    3, 
    3, 
    3, 
    3, 
    3, 
    3
   ], 
   [
    3, 
    3, 
    3, 
    3, 
    0, 
    3, 
    3, 
    3, 
    3, 
    3
   ], 
   [
    3, 
    3, 
    3, 
    3, 
    3, 
    0, 
    3, 
    3, 
    3, 
    3
   ], 
   [
    3, 
    3, 
    3, 
    3, 
    3, 
    3, 
    0, 
    3, 
    3, 
    3
   ], 
   [
    3, 
    3, 
    3, 
    3, 
    3, 
    3, 
    3, 
    0, 
    3, 
    3
   ], 
   [
    3, 
    3, 
    3, 
    3, 
    3, 
    3, 
    3, 
    3, 
    0, 
    3
   ], 
   [
    3, 
    3, 
    3, 
    3, 
    3, 
    3, 
    3, 
    3, 
    3, 
    0
   ]
  ], 
  "city_names": [
   "Amsterdam", 
   "Rotterdam", 
   "Den Haag", 
   "Utrecht", 
   "Eindhoven", 
   "Almere", 
   "Groningen", 
   "Nijmegen", 
   "Breda", 
   "Apeldoorn"
  ], 
  "reward_matrix": [
   [
    0, 
    73456, 
    83796, 
    91775, 
    54364, 
    97352, 
    34661, 
    56603, 
    61855, 
    73619
   ], 
   [
    73456, 
    0, 
    99999, 
    84977, 
    65233, 
    67350, 
    4659, 
    64745, 
    90554, 
    57702
   ], 
   [
    83796, 
    99999, 
    0, 
    74637, 
    54893, 
    70810, 
    8119, 
    54405, 
    80214, 
    47362
   ], 
   [
    91775, 
    84977, 
    74637, 
    0, 
    72927, 
    92712, 
    30020, 
    75166, 
    80418, 
    83064
   ], 
   [
    54364, 
    65233, 
    54893, 
    72927, 
    0, 
    55300, 
    1117, 
    81761, 
    85018, 
    58516
   ], 
   [
    97352, 
    67350, 
    70810, 
    92712, 
    55300, 
    0, 
    47647, 
    57539, 
    62791, 
    77731
   ], 
   [
    34661, 
    4659, 
    8119, 
    30020, 
    1117, 
    47647, 
    0, 
    29695, 
    100, 
    52939
   ], 
   [
    56603, 
    64745, 
    54405, 
    75166, 
    81761, 
    57539, 
    29695, 
    0, 
    71177, 
    87094
   ], 
   [
    61855, 
    90554, 
    80214, 
    80418, 
    85018, 
    62791, 
    100, 
    71177, 
    0, 
    53143
   ], 
   [
    73619, 
    57702, 
    47362, 
    83064, 
    58516, 
    77731, 
    52939, 
    87094, 
    53143, 
    0
   ]
  ], 
  "probability_matrix": [
   [
    0, 
    0.11719619989666487, 
    0.1544010312090571, 
    0.15508581308301225, 
    0.030088833007646726, 
    0.08663424296408234, 
    0.1598548832278102, 
    0.07562088642730641, 
    0.1492465191871812, 
    0.07187159099723905
   ], 
   [
    0.03272960641393968, 
    0, 
    0.08374676543767198, 
    0.1388743276268088, 
    0.16411898401062394, 
    0.16431715715299372, 
    0.11337598276389388, 
    0.12355288862673922, 
    0.010325905129108845, 
    0.16895838283821996
   ], 
   [
    0.03722531536577986, 
    0.1834620515712338, 
    0, 
    0.06273660057520782, 
    0.14717015323428104, 
    0.14184537340775472, 
    0.021630276798873836, 
    0.03558340490346057, 
    0.18388377952274143, 
    0.18646304462066693
   ], 
   [
    0.07497418639330022, 
    0.048361601600900146, 
    0.005246841153989754, 
    0, 
    0.1257366049435303, 
    0.16082956713031094, 
    0.20151920731971884, 
    0.21569234952394853, 
    0.16442346604444988, 
    0.0032161758898514967
   ], 
   [
    0.13422101752831334, 
    0.11661897184046063, 
    0.15905117904332997, 
    0.030185084459055763, 
    0, 
    0.11141454867826074, 
    0.12286224112008647, 
    0.18600254922602877, 
    0.04253583280098626, 
    0.09710857530347829
   ], 
   [
    0.20161546042269426, 
    0.1021502151707334, 
    0.023677534318995174, 
    0.1402393212321482, 
    0.16723099039989361, 
    0, 
    0.16744671694372928, 
    0.12221998930368709, 
    0.06868016774633634, 
    0.006739604461782482
   ], 
   [
    0.17928931736485684, 
    0.054863803019847286, 
    0.12350691254873469, 
    0.028024325445192184, 
    0.1658276025589236, 
    0.14664029460996197, 
    0, 
    0.046846952416470536, 
    0.12206342228917567, 
    0.1329373697468372
   ], 
   [
    0.06951882880086926, 
    0.09815355935109511, 
    0.16913230371151763, 
    0.153871461365593, 
    0.08266619988563971, 
    0.16000034845455205, 
    0.12093101116645578, 
    0, 
    0.05064144411524412, 
    0.09508484314903316
   ], 
   [
    0.13371220482940468, 
    0.15212208200862642, 
    0.08820644733975688, 
    0.16955934779095955, 
    0.08138194144972137, 
    0.012776002160614109, 
    0.11354487938063612, 
    0.06301840391632423, 
    0, 
    0.18567869112395669
   ], 
   [
    0.051553434450185835, 
    0.11547814733006845, 
    0.05137848559841344, 
    0.15485152609684957, 
    0.014006954034539066, 
    0.243614082229728, 
    0.19077128118051362, 
    0.03617612609923614, 
    0.14216996298046589, 
    0
   ]
  ]
 }, 
 "vehicle_capacities": [
  15, 
  15, 
  15, 
  5, 
  20, 
  30, 
  30, 
  30, 
  30, 
  30
 ]
}