{
 "vehicle_cost_per_km": [
  5, 
  5, 
  5, 
  5, 
  5
 ], 
 "runs": [
  {
   "avg_task_cost_vs_number_of_task": [
    636.5, 
    947.75, 
    635.1666666666666, 
    483.625, 
    412.3, 
    404.8333333333333, 
    457.2857142857143, 
    382.8125, 
    401.05555555555554, 
    377.95, 
    345.27272727272725, 
    314.9583333333333, 
    327.61538461538464, 
    299.67857142857144, 
    280.56666666666666, 
    276.1875, 
    277.8235294117647, 
    277.8611111111111, 
    264.6578947368421, 
    273.5, 
    241.28571428571428, 
    241.04545454545453, 
    251.06521739130434, 
    265.3541666666667, 
    212.76, 
    204.57692307692307, 
    218.3148148148148, 
    187.69642857142858, 
    223.55172413793105, 
    300.78333333333336
   ], 
   "number_of_vehicles": 5
  }
 ], 
 "vehicle_starting_positions": [
  "Amsterdam", 
  "Rotterdam", 
  "Den Haag", 
  "Utrecht", 
  "Eindhoven", 
  "Almere", 
  "Groningen", 
  "Nijmegen", 
  "Breda", 
  "Apeldoorn"
 ], 
 "task_distribution": {
  "distance_matrix": [
   [
    0, 
    90.6, 
    65.2, 
    45.6, 
    137.5, 
    31.9, 
    185.9, 
    132, 
    119.1, 
    90.2
   ], 
   [
    90.6, 
    0, 
    25.4, 
    62.3, 
    110.8, 
    105.6, 
    259.6, 
    112, 
    48.6, 
    129.3
   ], 
   [
    65.2, 
    25.4, 
    0, 
    87.7, 
    136.2, 
    97.1, 
    251.1, 
    137.4, 
    74, 
    154.7
   ], 
   [
    45.6, 
    62.3, 
    87.7, 
    0, 
    91.9, 
    43.3, 
    197.3, 
    86.4, 
    73.5, 
    67
   ], 
   [
    137.5, 
    110.8, 
    136.2, 
    91.9, 
    0, 
    135.2, 
    268.3, 
    70.2, 
    62.2, 
    127.3
   ], 
   [
    31.9, 
    105.6, 
    97.1, 
    43.3, 
    135.2, 
    0, 
    154, 
    129.7, 
    116.8, 
    80.1
   ], 
   [
    185.9, 
    259.6, 
    251.1, 
    197.3, 
    268.3, 
    154, 
    0, 
    198.1, 
    270.8, 
    141
   ], 
   [
    132, 
    112, 
    137.4, 
    86.4, 
    70.2, 
    129.7, 
    198.1, 
    0, 
    96.2, 
    57.1
   ], 
   [
    119.1, 
    48.6, 
    74, 
    73.5, 
    62.2, 
    116.8, 
    270.8, 
    96.2, 
    0, 
    140.5
   ], 
   [
    90.2, 
    129.3, 
    154.7, 
    67, 
    127.3, 
    80.1, 
    141, 
    57.1, 
    140.5, 
    0
   ]
  ], 
  "weight_matrix": [
   [
    0, 
    3, 
    3, 
    3, 
    3, 
    3, 
    3, 
    3, 
    3, 
    3
   ], 
   [
    3, 
    0, 
    3, 
    3, 
    3, 
    3, 
    3, 
    3, 
    3, 
    3
   ], 
   [
    3, 
    3, 
    0, 
    3, 
    3, 
    3, 
    3, 
    3, 
    3, 
    3
   ], 
   [
    3, 
    3, 
    3, 
    0, 
    3, 
    3, 
    3, 
    3, 
    3, 
    3
   ], 
   [
    3, 
    3, 
    3, 
    3, 
    0, 
    3, 
    3, 
    3, 
    3, 
    3
   ], 
   [
    3, 
    3, 
    3, 
    3, 
    3, 
    0, 
    3, 
    3, 
    3, 
    3
   ], 
   [
    3, 
    3, 
    3, 
    3, 
    3, 
    3, 
    0, 
    3, 
    3, 
    3
   ], 
   [
    3, 
    3, 
    3, 
    3, 
    3, 
    3, 
    3, 
    0, 
    3, 
    3
   ], 
   [
    3, 
    3, 
    3, 
    3, 
    3, 
    3, 
    3, 
    3, 
    0, 
    3
   ], 
   [
    3, 
    3, 
    3, 
    3, 
    3, 
    3, 
    3, 
    3, 
    3, 
    0
   ]
  ], 
  "city_names": [
   "Amsterdam", 
   "Rotterdam", 
   "Den Haag", 
   "Utrecht", 
   "Eindhoven", 
   "Almere", 
   "Groningen", 
   "Nijmegen", 
   "Breda", 
   "Apeldoorn"
  ], 
  "reward_matrix": [
   [
    0, 
    73456, 
    83796, 
    91775, 
    54364, 
    97352, 
    34661, 
    56603, 
    61855, 
    73619
   ], 
   [
    73456, 
    0, 
    99999, 
    84977, 
    65233, 
    67350, 
    4659, 
    64745, 
    90554, 
    57702
   ], 
   [
    83796, 
    99999, 
    0, 
    74637, 
    54893, 
    70810, 
    8119, 
    54405, 
    80214, 
    47362
   ], 
   [
    91775, 
    84977, 
    74637, 
    0, 
    72927, 
    92712, 
    30020, 
    75166, 
    80418, 
    83064
   ], 
   [
    54364, 
    65233, 
    54893, 
    72927, 
    0, 
    55300, 
    1117, 
    81761, 
    85018, 
    58516
   ], 
   [
    97352, 
    67350, 
    70810, 
    92712, 
    55300, 
    0, 
    47647, 
    57539, 
    62791, 
    77731
   ], 
   [
    34661, 
    4659, 
    8119, 
    30020, 
    1117, 
    47647, 
    0, 
    29695, 
    100, 
    52939
   ], 
   [
    56603, 
    64745, 
    54405, 
    75166, 
    81761, 
    57539, 
    29695, 
    0, 
    71177, 
    87094
   ], 
   [
    61855, 
    90554, 
    80214, 
    80418, 
    85018, 
    62791, 
    100, 
    71177, 
    0, 
    53143
   ], 
   [
    73619, 
    57702, 
    47362, 
    83064, 
    58516, 
    77731, 
    52939, 
    87094, 
    53143, 
    0
   ]
  ], 
  "probability_matrix": [
   [
    0, 
    0.0953499569543539, 
    0.1836969091770651, 
    0.23188486794058127, 
    0.18713522982198003, 
    0.11309622052143402, 
    0.10534108019954107, 
    0.0007791084408290857, 
    0.06867369529793368, 
    0.01404293164628191
   ], 
   [
    0.021750311119282207, 
    0, 
    0.10778904139078796, 
    0.1541952482615857, 
    0.16800194893874595, 
    0.10201387869917115, 
    0.12752961976136984, 
    0.011509253305837887, 
    0.12884415979413402, 
    0.17836653872908526
   ], 
   [
    0.1579198289129931, 
    0.0235111244154811, 
    0, 
    0.19697078761500478, 
    0.18167338574477926, 
    0.014663667515681857, 
    0.0879657397969632, 
    0.06009599227643271, 
    0.15997817386042396, 
    0.11722129986224007
   ], 
   [
    0.10841641803989828, 
    0.12020095736711107, 
    0.2521839608976598, 
    0, 
    0.05378493698267455, 
    0.01083299873169267, 
    0.251819853096971, 
    0.07791629378639406, 
    0.09511570779720555, 
    0.02972887330039332
   ], 
   [
    0.10250983419783008, 
    0.03936036350630618, 
    0.09948947105246221, 
    0.09547557896786248, 
    0, 
    0.12152977885363529, 
    0.1364844580432924, 
    0.08975005064018914, 
    0.15903397378128742, 
    0.15636649095713492
   ], 
   [
    0.014077033139393614, 
    0.21976151072207684, 
    0.11680018975469249, 
    0.05414917640565495, 
    0.00631259846066853, 
    0, 
    0.18025518842120178, 
    0.08714744401468844, 
    0.1607686204258496, 
    0.16072823865577376
   ], 
   [
    0.2646911060281635, 
    0.0606428526621749, 
    0.07041670927318927, 
    0.012940728321943588, 
    0.025405384356965134, 
    0.04211402640326974, 
    0, 
    0.19514057019094105, 
    0.1253375262538482, 
    0.20331109650950463
   ], 
   [
    0.19512837235018973, 
    0.17475755459910888, 
    0.0161628056419255, 
    0.04855740188436816, 
    0.08253729151502294, 
    0.16654628594767065, 
    0.0717225543745974, 
    0, 
    0.0738048221471519, 
    0.1707829115399649
   ], 
   [
    0.086130584790037, 
    0.07839137599939815, 
    0.06193777326966505, 
    0.17978765053055767, 
    0.12119887876268857, 
    0.14720165006845637, 
    0.09185460925627388, 
    0.017982808443493377, 
    0, 
    0.21551466887943008
   ], 
   [
    0.1374026573929217, 
    0.17053705165471494, 
    0.0878805131136305, 
    0.13003272122850995, 
    0.09004810765657535, 
    0.15622632981836793, 
    0.002761540579467968, 
    0.17568615059096182, 
    0.04942492796485001, 
    0
   ]
  ]
 }, 
 "vehicle_capacities": [
  20, 
  25, 
  30, 
  30, 
  30, 
  30, 
  30, 
  30, 
  30, 
  30
 ]
}