{
 "vehicle_cost_per_km": [
  5, 
  5, 
  5, 
  5, 
  5
 ], 
 "runs": [
  {
   "avg_task_cost_vs_number_of_task": [
    783.0000000000001, 
    884.7500000000001, 
    728.6666666666666, 
    546.5, 
    585.9, 
    534.8333333333334, 
    462.7142857142857, 
    404.875, 
    356.55555555555554, 
    332.34999999999997, 
    295.1363636363636, 
    298.5, 
    275.53846153846155, 
    293.9642857142857, 
    245.66666666666663, 
    219.5, 
    249.85294117647058, 
    235.97222222222223, 
    276.7631578947368, 
    278.70000000000005, 
    232.57142857142858, 
    232.97727272727272, 
    218.08695652173918, 
    229.37500000000003, 
    236.14000000000004, 
    234.30769230769232, 
    237.53703703703704, 
    229.07142857142858, 
    264.6896551724138, 
    288.75
   ], 
   "number_of_vehicles": 5
  }
 ], 
 "vehicle_starting_positions": [
  "Amsterdam", 
  "Rotterdam", 
  "Den Haag", 
  "Utrecht", 
  "Eindhoven", 
  "Almere", 
  "Groningen", 
  "Nijmegen", 
  "Breda", 
  "Apeldoorn"
 ], 
 "task_distribution": {
  "distance_matrix": [
   [
    0, 
    90.6, 
    65.2, 
    45.6, 
    137.5, 
    31.9, 
    185.9, 
    132, 
    119.1, 
    90.2
   ], 
   [
    90.6, 
    0, 
    25.4, 
    62.3, 
    110.8, 
    105.6, 
    259.6, 
    112, 
    48.6, 
    129.3
   ], 
   [
    65.2, 
    25.4, 
    0, 
    87.7, 
    136.2, 
    97.1, 
    251.1, 
    137.4, 
    74, 
    154.7
   ], 
   [
    45.6, 
    62.3, 
    87.7, 
    0, 
    91.9, 
    43.3, 
    197.3, 
    86.4, 
    73.5, 
    67
   ], 
   [
    137.5, 
    110.8, 
    136.2, 
    91.9, 
    0, 
    135.2, 
    268.3, 
    70.2, 
    62.2, 
    127.3
   ], 
   [
    31.9, 
    105.6, 
    97.1, 
    43.3, 
    135.2, 
    0, 
    154, 
    129.7, 
    116.8, 
    80.1
   ], 
   [
    185.9, 
    259.6, 
    251.1, 
    197.3, 
    268.3, 
    154, 
    0, 
    198.1, 
    270.8, 
    141
   ], 
   [
    132, 
    112, 
    137.4, 
    86.4, 
    70.2, 
    129.7, 
    198.1, 
    0, 
    96.2, 
    57.1
   ], 
   [
    119.1, 
    48.6, 
    74, 
    73.5, 
    62.2, 
    116.8, 
    270.8, 
    96.2, 
    0, 
    140.5
   ], 
   [
    90.2, 
    129.3, 
    154.7, 
    67, 
    127.3, 
    80.1, 
    141, 
    57.1, 
    140.5, 
    0
   ]
  ], 
  "weight_matrix": [
   [
    0, 
    3, 
    3, 
    3, 
    3, 
    3, 
    3, 
    3, 
    3, 
    3
   ], 
   [
    3, 
    0, 
    3, 
    3, 
    3, 
    3, 
    3, 
    3, 
    3, 
    3
   ], 
   [
    3, 
    3, 
    0, 
    3, 
    3, 
    3, 
    3, 
    3, 
    3, 
    3
   ], 
   [
    3, 
    3, 
    3, 
    0, 
    3, 
    3, 
    3, 
    3, 
    3, 
    3
   ], 
   [
    3, 
    3, 
    3, 
    3, 
    0, 
    3, 
    3, 
    3, 
    3, 
    3
   ], 
   [
    3, 
    3, 
    3, 
    3, 
    3, 
    0, 
    3, 
    3, 
    3, 
    3
   ], 
   [
    3, 
    3, 
    3, 
    3, 
    3, 
    3, 
    0, 
    3, 
    3, 
    3
   ], 
   [
    3, 
    3, 
    3, 
    3, 
    3, 
    3, 
    3, 
    0, 
    3, 
    3
   ], 
   [
    3, 
    3, 
    3, 
    3, 
    3, 
    3, 
    3, 
    3, 
    0, 
    3
   ], 
   [
    3, 
    3, 
    3, 
    3, 
    3, 
    3, 
    3, 
    3, 
    3, 
    0
   ]
  ], 
  "city_names": [
   "Amsterdam", 
   "Rotterdam", 
   "Den Haag", 
   "Utrecht", 
   "Eindhoven", 
   "Almere", 
   "Groningen", 
   "Nijmegen", 
   "Breda", 
   "Apeldoorn"
  ], 
  "reward_matrix": [
   [
    0, 
    73456, 
    83796, 
    91775, 
    54364, 
    97352, 
    34661, 
    56603, 
    61855, 
    73619
   ], 
   [
    73456, 
    0, 
    99999, 
    84977, 
    65233, 
    67350, 
    4659, 
    64745, 
    90554, 
    57702
   ], 
   [
    83796, 
    99999, 
    0, 
    74637, 
    54893, 
    70810, 
    8119, 
    54405, 
    80214, 
    47362
   ], 
   [
    91775, 
    84977, 
    74637, 
    0, 
    72927, 
    92712, 
    30020, 
    75166, 
    80418, 
    83064
   ], 
   [
    54364, 
    65233, 
    54893, 
    72927, 
    0, 
    55300, 
    1117, 
    81761, 
    85018, 
    58516
   ], 
   [
    97352, 
    67350, 
    70810, 
    92712, 
    55300, 
    0, 
    47647, 
    57539, 
    62791, 
    77731
   ], 
   [
    34661, 
    4659, 
    8119, 
    30020, 
    1117, 
    47647, 
    0, 
    29695, 
    100, 
    52939
   ], 
   [
    56603, 
    64745, 
    54405, 
    75166, 
    81761, 
    57539, 
    29695, 
    0, 
    71177, 
    87094
   ], 
   [
    61855, 
    90554, 
    80214, 
    80418, 
    85018, 
    62791, 
    100, 
    71177, 
    0, 
    53143
   ], 
   [
    73619, 
    57702, 
    47362, 
    83064, 
    58516, 
    77731, 
    52939, 
    87094, 
    53143, 
    0
   ]
  ], 
  "probability_matrix": [
   [
    0, 
    0.04320015401266225, 
    0.015946824129825198, 
    0.09415326902021688, 
    0.16406742492937398, 
    0.1820182903784389, 
    0.016842324292535574, 
    0.20549586148383323, 
    0.12096321250380739, 
    0.15731263924930672
   ], 
   [
    0.20962013062885626, 
    0, 
    0.013750765480741944, 
    0.009777213552067898, 
    0.05661328943082898, 
    0.21626979001613997, 
    0.0035038518205249896, 
    0.1400028439428114, 
    0.15483097225652, 
    0.19563114287150857
   ], 
   [
    0.020261198796458102, 
    0.02793756528307611, 
    0, 
    0.22351259853211988, 
    0.08414626853887974, 
    0.3023685505359755, 
    0.03146352683680309, 
    0.027161170628181977, 
    0.12834658596149714, 
    0.15480253488700857
   ], 
   [
    0.014128585153704538, 
    0.1490249774120757, 
    0.08670280294039712, 
    0, 
    0.22107080905164986, 
    0.05064757975718103, 
    0.23945867809783014, 
    0.16687043085945663, 
    0.015487006731721048, 
    0.056609129995983866
   ], 
   [
    0.10836867644304855, 
    0.13720786492618162, 
    0.15545609076025346, 
    0.12628310812810342, 
    0, 
    0.10712353072219487, 
    0.06561570348304353, 
    0.1906878042608472, 
    0.10361706798607662, 
    0.0056401532902508374
   ], 
   [
    0.04044015467842683, 
    0.14219185744599638, 
    0.18324911427684096, 
    0.11495900543406426, 
    0.16873878674977422, 
    0, 
    0.0951062066188001, 
    0.047849980965796436, 
    0.1963851249455941, 
    0.011079768884706832
   ], 
   [
    0.1287550903531319, 
    0.12405844311189852, 
    0.11127703444705267, 
    0.11869651178527862, 
    0.0045248555088909775, 
    0.14860294702998944, 
    0, 
    0.1956012342841522, 
    0.09678965301576642, 
    0.07169423046383938
   ], 
   [
    0.014110665950749005, 
    0.1720902202183675, 
    0.14758320475772474, 
    0.06422034908830904, 
    0.06298612191186535, 
    0.14885246423347606, 
    0.01868070271204138, 
    0, 
    0.2369046266406786, 
    0.13457164448678835
   ], 
   [
    9.13958650240291e-05, 
    0.09616677472145387, 
    0.09880192275343896, 
    0.15050334923101163, 
    0.055697952409749354, 
    0.2194809018962446, 
    0.09039634759091265, 
    0.21223508243602693, 
    0, 
    0.07662627309613791
   ], 
   [
    0.20629766341587658, 
    0.16061947710915075, 
    0.034056981963947554, 
    0.14009244494833012, 
    0.15415913398586797, 
    0.03737944311251797, 
    0.06990670635678135, 
    0.14195999381541932, 
    0.05552815529210848, 
    0
   ]
  ]
 }, 
 "vehicle_capacities": [
  5, 
  10, 
  10, 
  30, 
  30, 
  30, 
  30, 
  30, 
  30, 
  30
 ]
}