{
 "vehicle_cost_per_km": [
  5, 
  5, 
  5, 
  5, 
  5
 ], 
 "runs": [
  {
   "avg_task_cost_vs_number_of_task": [
    243, 
    1257, 
    960.5, 
    720.375, 
    641.0000000000001, 
    563.7500000000001, 
    507.42857142857144, 
    511.5, 
    496.1111111111111, 
    425.25, 
    456.86363636363643, 
    420.5416666666667, 
    395.84615384615387, 
    372.07142857142856, 
    343.06666666666666, 
    346.46875, 
    347.5882352941176, 
    306.11111111111114, 
    330.1052631578947, 
    345.525, 
    244.00000000000006, 
    322.54545454545456, 
    248.95652173913044, 
    275.2708333333333, 
    226.50000000000003, 
    266.09615384615387, 
    240.2777777777778, 
    258.2142857142857, 
    219.27586206896555, 
    219.95
   ], 
   "number_of_vehicles": 5
  }
 ], 
 "vehicle_starting_positions": [
  "Amsterdam", 
  "Rotterdam", 
  "Den Haag", 
  "Utrecht", 
  "Eindhoven", 
  "Almere", 
  "Groningen", 
  "Nijmegen", 
  "Breda", 
  "Apeldoorn"
 ], 
 "task_distribution": {
  "distance_matrix": [
   [
    0, 
    90.6, 
    65.2, 
    45.6, 
    137.5, 
    31.9, 
    185.9, 
    132, 
    119.1, 
    90.2
   ], 
   [
    90.6, 
    0, 
    25.4, 
    62.3, 
    110.8, 
    105.6, 
    259.6, 
    112, 
    48.6, 
    129.3
   ], 
   [
    65.2, 
    25.4, 
    0, 
    87.7, 
    136.2, 
    97.1, 
    251.1, 
    137.4, 
    74, 
    154.7
   ], 
   [
    45.6, 
    62.3, 
    87.7, 
    0, 
    91.9, 
    43.3, 
    197.3, 
    86.4, 
    73.5, 
    67
   ], 
   [
    137.5, 
    110.8, 
    136.2, 
    91.9, 
    0, 
    135.2, 
    268.3, 
    70.2, 
    62.2, 
    127.3
   ], 
   [
    31.9, 
    105.6, 
    97.1, 
    43.3, 
    135.2, 
    0, 
    154, 
    129.7, 
    116.8, 
    80.1
   ], 
   [
    185.9, 
    259.6, 
    251.1, 
    197.3, 
    268.3, 
    154, 
    0, 
    198.1, 
    270.8, 
    141
   ], 
   [
    132, 
    112, 
    137.4, 
    86.4, 
    70.2, 
    129.7, 
    198.1, 
    0, 
    96.2, 
    57.1
   ], 
   [
    119.1, 
    48.6, 
    74, 
    73.5, 
    62.2, 
    116.8, 
    270.8, 
    96.2, 
    0, 
    140.5
   ], 
   [
    90.2, 
    129.3, 
    154.7, 
    67, 
    127.3, 
    80.1, 
    141, 
    57.1, 
    140.5, 
    0
   ]
  ], 
  "weight_matrix": [
   [
    0, 
    3, 
    3, 
    3, 
    3, 
    3, 
    3, 
    3, 
    3, 
    3
   ], 
   [
    3, 
    0, 
    3, 
    3, 
    3, 
    3, 
    3, 
    3, 
    3, 
    3
   ], 
   [
    3, 
    3, 
    0, 
    3, 
    3, 
    3, 
    3, 
    3, 
    3, 
    3
   ], 
   [
    3, 
    3, 
    3, 
    0, 
    3, 
    3, 
    3, 
    3, 
    3, 
    3
   ], 
   [
    3, 
    3, 
    3, 
    3, 
    0, 
    3, 
    3, 
    3, 
    3, 
    3
   ], 
   [
    3, 
    3, 
    3, 
    3, 
    3, 
    0, 
    3, 
    3, 
    3, 
    3
   ], 
   [
    3, 
    3, 
    3, 
    3, 
    3, 
    3, 
    0, 
    3, 
    3, 
    3
   ], 
   [
    3, 
    3, 
    3, 
    3, 
    3, 
    3, 
    3, 
    0, 
    3, 
    3
   ], 
   [
    3, 
    3, 
    3, 
    3, 
    3, 
    3, 
    3, 
    3, 
    0, 
    3
   ], 
   [
    3, 
    3, 
    3, 
    3, 
    3, 
    3, 
    3, 
    3, 
    3, 
    0
   ]
  ], 
  "city_names": [
   "Amsterdam", 
   "Rotterdam", 
   "Den Haag", 
   "Utrecht", 
   "Eindhoven", 
   "Almere", 
   "Groningen", 
   "Nijmegen", 
   "Breda", 
   "Apeldoorn"
  ], 
  "reward_matrix": [
   [
    0, 
    73456, 
    83796, 
    91775, 
    54364, 
    97352, 
    34661, 
    56603, 
    61855, 
    73619
   ], 
   [
    73456, 
    0, 
    99999, 
    84977, 
    65233, 
    67350, 
    4659, 
    64745, 
    90554, 
    57702
   ], 
   [
    83796, 
    99999, 
    0, 
    74637, 
    54893, 
    70810, 
    8119, 
    54405, 
    80214, 
    47362
   ], 
   [
    91775, 
    84977, 
    74637, 
    0, 
    72927, 
    92712, 
    30020, 
    75166, 
    80418, 
    83064
   ], 
   [
    54364, 
    65233, 
    54893, 
    72927, 
    0, 
    55300, 
    1117, 
    81761, 
    85018, 
    58516
   ], 
   [
    97352, 
    67350, 
    70810, 
    92712, 
    55300, 
    0, 
    47647, 
    57539, 
    62791, 
    77731
   ], 
   [
    34661, 
    4659, 
    8119, 
    30020, 
    1117, 
    47647, 
    0, 
    29695, 
    100, 
    52939
   ], 
   [
    56603, 
    64745, 
    54405, 
    75166, 
    81761, 
    57539, 
    29695, 
    0, 
    71177, 
    87094
   ], 
   [
    61855, 
    90554, 
    80214, 
    80418, 
    85018, 
    62791, 
    100, 
    71177, 
    0, 
    53143
   ], 
   [
    73619, 
    57702, 
    47362, 
    83064, 
    58516, 
    77731, 
    52939, 
    87094, 
    53143, 
    0
   ]
  ], 
  "probability_matrix": [
   [
    0, 
    0.19467475993796943, 
    0.09563415479588393, 
    0.0034066724760500756, 
    0.11215382880777451, 
    0.21094343150989736, 
    0.044053256213868235, 
    0.1782858543653308, 
    0.07370623610894424, 
    0.08714180578428121
   ], 
   [
    0.1178343992344712, 
    0, 
    0.08000088761214443, 
    0.18244148167578195, 
    0.030508452408259838, 
    0.10009932538073703, 
    0.09626509512892795, 
    0.08895529486752021, 
    0.17256325140862475, 
    0.13133181228353258
   ], 
   [
    0.1452220371779099, 
    0.15140620667432547, 
    0, 
    0.04551789219018437, 
    0.030201710806863014, 
    0.01323707694292276, 
    0.1037173861659421, 
    0.08511983865666542, 
    0.05280148659406342, 
    0.3727763647911234
   ], 
   [
    0.07728016403369393, 
    0.1810707593289145, 
    0.19906769528080176, 
    0, 
    0.15488977774502144, 
    0.07179937275055515, 
    0.0222017441099387, 
    0.021052157580438994, 
    0.2552542941376831, 
    0.01738403503295231
   ], 
   [
    0.1553461240527233, 
    0.013687927888467588, 
    0.11390684057988062, 
    0.026270658528133407, 
    0, 
    0.14307943110086732, 
    0.15147160633608175, 
    0.15708743257252528, 
    0.10609058083655334, 
    0.1330593981047673
   ], 
   [
    0.11260859490413996, 
    0.1327812812977212, 
    0.06090814145336365, 
    0.06869136222397626, 
    0.04551051819015401, 
    0, 
    0.20564161832135544, 
    0.12201834566358272, 
    0.12164044165773745, 
    0.13019969628796937
   ], 
   [
    0.06792478482906276, 
    0.1761227828729254, 
    0.09125145343341894, 
    0.12680907063410696, 
    0.0936309653779126, 
    0.1832349650925602, 
    0, 
    0.03929201482927684, 
    0.10260244469388306, 
    0.11913151823685329
   ], 
   [
    0.015625989246070983, 
    0.045608323455278696, 
    0.03096725784794674, 
    0.0795340626353484, 
    0.2261446629498314, 
    0.22753207174372747, 
    0.18966095239891687, 
    0, 
    0.045749194372469826, 
    0.13917748535040964
   ], 
   [
    0.023958726493676558, 
    0.09464383988704989, 
    0.0562021893197583, 
    0.22214887441359035, 
    0.19216562973756623, 
    0.07745246010037322, 
    0.00984243646527783, 
    0.03188747056306356, 
    0, 
    0.29169837301964413
   ], 
   [
    0.17920491018528928, 
    0.07613897922012315, 
    0.12980916048536564, 
    0.14878013270062318, 
    0.18619437856223525, 
    0.11766771248030589, 
    0.0619912953271563, 
    0.022443737793678198, 
    0.07776969324522315, 
    0
   ]
  ]
 }, 
 "vehicle_capacities": [
  10, 
  20, 
  20, 
  25, 
  30, 
  30, 
  30, 
  30, 
  30, 
  30
 ]
}