{
 "vehicle_cost_per_km": [
  5, 
  5, 
  5, 
  5, 
  5
 ], 
 "runs": [
  {
   "avg_task_cost_vs_number_of_task": [
    326, 
    481.25, 
    513.4999999999999, 
    495.37499999999994, 
    678.3000000000001, 
    580.9166666666666, 
    529.5714285714286, 
    491.6875, 
    449.11111111111114, 
    439.55, 
    370.5454545454545, 
    366.75000000000006, 
    332.61538461538464, 
    326.2142857142857, 
    332.5333333333334, 
    298.90625000000006, 
    291.4117647058824, 
    299.5833333333333, 
    278.5, 
    227.7, 
    307.8095238095238, 
    272.79545454545456, 
    242.99999999999991, 
    210.97916666666666, 
    266.7, 
    238.92307692307693, 
    211.0740740740741, 
    222, 
    266.3448275862069, 
    227.2
   ], 
   "number_of_vehicles": 5
  }
 ], 
 "vehicle_starting_positions": [
  "Amsterdam", 
  "Rotterdam", 
  "Den Haag", 
  "Utrecht", 
  "Eindhoven", 
  "Almere", 
  "Groningen", 
  "Nijmegen", 
  "Breda", 
  "Apeldoorn"
 ], 
 "task_distribution": {
  "distance_matrix": [
   [
    0, 
    90.6, 
    65.2, 
    45.6, 
    137.5, 
    31.9, 
    185.9, 
    132, 
    119.1, 
    90.2
   ], 
   [
    90.6, 
    0, 
    25.4, 
    62.3, 
    110.8, 
    105.6, 
    259.6, 
    112, 
    48.6, 
    129.3
   ], 
   [
    65.2, 
    25.4, 
    0, 
    87.7, 
    136.2, 
    97.1, 
    251.1, 
    137.4, 
    74, 
    154.7
   ], 
   [
    45.6, 
    62.3, 
    87.7, 
    0, 
    91.9, 
    43.3, 
    197.3, 
    86.4, 
    73.5, 
    67
   ], 
   [
    137.5, 
    110.8, 
    136.2, 
    91.9, 
    0, 
    135.2, 
    268.3, 
    70.2, 
    62.2, 
    127.3
   ], 
   [
    31.9, 
    105.6, 
    97.1, 
    43.3, 
    135.2, 
    0, 
    154, 
    129.7, 
    116.8, 
    80.1
   ], 
   [
    185.9, 
    259.6, 
    251.1, 
    197.3, 
    268.3, 
    154, 
    0, 
    198.1, 
    270.8, 
    141
   ], 
   [
    132, 
    112, 
    137.4, 
    86.4, 
    70.2, 
    129.7, 
    198.1, 
    0, 
    96.2, 
    57.1
   ], 
   [
    119.1, 
    48.6, 
    74, 
    73.5, 
    62.2, 
    116.8, 
    270.8, 
    96.2, 
    0, 
    140.5
   ], 
   [
    90.2, 
    129.3, 
    154.7, 
    67, 
    127.3, 
    80.1, 
    141, 
    57.1, 
    140.5, 
    0
   ]
  ], 
  "weight_matrix": [
   [
    0, 
    3, 
    3, 
    3, 
    3, 
    3, 
    3, 
    3, 
    3, 
    3
   ], 
   [
    3, 
    0, 
    3, 
    3, 
    3, 
    3, 
    3, 
    3, 
    3, 
    3
   ], 
   [
    3, 
    3, 
    0, 
    3, 
    3, 
    3, 
    3, 
    3, 
    3, 
    3
   ], 
   [
    3, 
    3, 
    3, 
    0, 
    3, 
    3, 
    3, 
    3, 
    3, 
    3
   ], 
   [
    3, 
    3, 
    3, 
    3, 
    0, 
    3, 
    3, 
    3, 
    3, 
    3
   ], 
   [
    3, 
    3, 
    3, 
    3, 
    3, 
    0, 
    3, 
    3, 
    3, 
    3
   ], 
   [
    3, 
    3, 
    3, 
    3, 
    3, 
    3, 
    0, 
    3, 
    3, 
    3
   ], 
   [
    3, 
    3, 
    3, 
    3, 
    3, 
    3, 
    3, 
    0, 
    3, 
    3
   ], 
   [
    3, 
    3, 
    3, 
    3, 
    3, 
    3, 
    3, 
    3, 
    0, 
    3
   ], 
   [
    3, 
    3, 
    3, 
    3, 
    3, 
    3, 
    3, 
    3, 
    3, 
    0
   ]
  ], 
  "city_names": [
   "Amsterdam", 
   "Rotterdam", 
   "Den Haag", 
   "Utrecht", 
   "Eindhoven", 
   "Almere", 
   "Groningen", 
   "Nijmegen", 
   "Breda", 
   "Apeldoorn"
  ], 
  "reward_matrix": [
   [
    0, 
    73456, 
    83796, 
    91775, 
    54364, 
    97352, 
    34661, 
    56603, 
    61855, 
    73619
   ], 
   [
    73456, 
    0, 
    99999, 
    84977, 
    65233, 
    67350, 
    4659, 
    64745, 
    90554, 
    57702
   ], 
   [
    83796, 
    99999, 
    0, 
    74637, 
    54893, 
    70810, 
    8119, 
    54405, 
    80214, 
    47362
   ], 
   [
    91775, 
    84977, 
    74637, 
    0, 
    72927, 
    92712, 
    30020, 
    75166, 
    80418, 
    83064
   ], 
   [
    54364, 
    65233, 
    54893, 
    72927, 
    0, 
    55300, 
    1117, 
    81761, 
    85018, 
    58516
   ], 
   [
    97352, 
    67350, 
    70810, 
    92712, 
    55300, 
    0, 
    47647, 
    57539, 
    62791, 
    77731
   ], 
   [
    34661, 
    4659, 
    8119, 
    30020, 
    1117, 
    47647, 
    0, 
    29695, 
    100, 
    52939
   ], 
   [
    56603, 
    64745, 
    54405, 
    75166, 
    81761, 
    57539, 
    29695, 
    0, 
    71177, 
    87094
   ], 
   [
    61855, 
    90554, 
    80214, 
    80418, 
    85018, 
    62791, 
    100, 
    71177, 
    0, 
    53143
   ], 
   [
    73619, 
    57702, 
    47362, 
    83064, 
    58516, 
    77731, 
    52939, 
    87094, 
    53143, 
    0
   ]
  ], 
  "probability_matrix": [
   [
    0, 
    0.00469334804617926, 
    0.24382939611494234, 
    0.008058923173725729, 
    0.10224239292608904, 
    0.02509856560239626, 
    0.023345802588548917, 
    0.08856310588006255, 
    0.23933619456836377, 
    0.2648322710996921
   ], 
   [
    0.1516424594510001, 
    0, 
    0.16749195081579524, 
    0.1094487743543349, 
    0.0902121039572037, 
    0.04737085075328464, 
    0.1642004172078184, 
    0.06506091099227207, 
    0.03475913680101625, 
    0.16981339566727488
   ], 
   [
    0.09166261289152693, 
    0.12181712571376242, 
    0, 
    0.0011431318419475112, 
    0.07894449361899279, 
    0.027735946290046932, 
    0.053391745337530584, 
    0.10665338540522334, 
    0.22235304199926384, 
    0.2962985169017057
   ], 
   [
    0.02373929270747326, 
    0.1276196213898244, 
    0.14541444221537123, 
    0, 
    0.06377728223223474, 
    0.033924082422462434, 
    0.15451632695211506, 
    0.16251616371207184, 
    0.13389204105226984, 
    0.1546007473161772
   ], 
   [
    0.05943935929254102, 
    0.08559452298325058, 
    0.040715087563056224, 
    0.2202083822277273, 
    0, 
    0.19959820157282962, 
    0.032325790434727525, 
    0.1243248269469229, 
    0.027037971120421007, 
    0.2107558578585239
   ], 
   [
    0.14084340645961319, 
    0.02672504417557256, 
    0.06998494536967753, 
    0.16884369615931613, 
    0.1679663606556171, 
    0, 
    0.16458068202561235, 
    0.06469702091744371, 
    0.08435708808401034, 
    0.11200175615313697
   ], 
   [
    0.036972026706175415, 
    0.1548217550315299, 
    0.08214763906774349, 
    0.1746198662768217, 
    0.1510214808133998, 
    0.07979332906441604, 
    0, 
    0.09249119620873598, 
    0.12016053734354448, 
    0.10797216948763318
   ], 
   [
    0.017967248795932214, 
    0.007257486171289523, 
    0.01646580414108981, 
    0.19824299831283979, 
    0.10824127107366381, 
    0.1894676727066999, 
    0.1562681652729243, 
    0, 
    0.21601626071906666, 
    0.09007309280649402
   ], 
   [
    0.15510161683862755, 
    0.024647538974676014, 
    0.20910870881777055, 
    0.03489602491373495, 
    0.08577484918588633, 
    0.06330097284360438, 
    0.20475465864743664, 
    0.14145749646146044, 
    0, 
    0.08095813331680309
   ], 
   [
    0.042461681558614815, 
    0.17686914157633424, 
    0.08236186116321464, 
    0.03403963885019024, 
    0.020979486161639804, 
    0.09314394740716944, 
    0.20485412454002971, 
    0.20314556959054494, 
    0.14214454915226213, 
    0
   ]
  ]
 }, 
 "vehicle_capacities": [
  10, 
  15, 
  20, 
  20, 
  30, 
  30, 
  30, 
  30, 
  30, 
  30
 ]
}