{
    "vehicle_starting_positions": ["Newcastle","Cardiff","Plymouth","Norwich","Manchester","London","Leeds","Sheffield","Birmingham","Liverpool","Portsmouth"],
    "task_distribution": {
        "distance_matrix": [
            [0,345,477.8,348,209.9,233,246.5,205.2,115,244.6,307.8],
            [345,0,592.8,463,205.7,348,98.5,139.8,230,171,422.8],
            [477.8,592.8,0,359.8,457.7,244.8,494.3,453,362.8,492.4,170],
            [348,463,359.8,0,327.9,115,364.5,323.2,233,362.6,189.8],
            [209.9,205.7,457.7,327.9,0,212.9,107.2,148.5,94.9,34.7,287.7],
            [233,348,244.8,115,212.9,0,249.5,208.2,118,247.6,74.8],
            [246.5,98.5,494.3,364.5,107.2,249.5,0,41.3,131.5,72.5,324.3],
            [205.2,139.8,453,323.2,148.5,208.2,41.3,0,90.2,113.8,283],
            [115,230,362.8,233,94.9,118,131.5,90.2,0,129.6,192.8],
            [244.6,171,492.4,362.6,34.7,247.6,72.5,113.8,129.6,0,322.4],
            [307.8,422.8,170,189.8,287.7,74.8,324.3,283,192.8,322.4,0]
        ],
        "weight_matrix": [
            [0,3,3,3,3,3,3,3,3,3,3],
            [3,0,3,3,3,3,3,3,3,3,3],
            [3,3,0,3,3,3,3,3,3,3,3],
            [3,3,3,0,3,3,3,3,3,3,3],
            [3,3,3,3,0,3,3,3,3,3,3],
            [3,3,3,3,3,0,3,3,3,3,3],
            [3,3,3,3,3,3,0,3,3,3,3],
            [3,3,3,3,3,3,3,0,3,3,3],
            [3,3,3,3,3,3,3,3,0,3,3],
            [3,3,3,3,3,3,3,3,3,0,3],
            [3,3,3,3,3,3,3,3,3,3,0]
        ],
        "probability_matrix": [
            [0,0.0109377306473744,0.07074054907237397,0.14834838454009522,0.09406467177281455,0.023835815846164888,0.16517142871446824,0.19417732758887268,0.07026945525855376,0.07219991525933292,0.15025472129994932],
            [0.13560910171815746,0,0.04282113616821321,0.07583930762437312,0.15197475395552854,3.0331758861116333E-4,0.07804659360655525,0.1494113974880483,0.14721455991957152,0.14203115177739697,0.07674868015354445],
            [0.17791170436930134,0.10452901058977128,0,0.1663082595928179,0.01747846125143337,0.16209091957646057,0.09195148867214668,0.09418757920792882,0.11227336979704391,0.04050077090727941,0.03276843603581676],
            [0.06819170968669369,0.0989288160904398,0.15865639493282846,0,0.14284258540337033,0.07199226482622556,0.0985428952372562,0.08673332475790026,0.09307440023652731,0.15842782839915293,0.022609780429605562],
            [0.07473139510742084,0.052879572043716655,0.12298979725088952,0.02877902569621762,0,0.29534307866727383,0.13281162634111912,0.08642666828641904,0.079292775403357,0.06707616760880471,0.05966989359478167],
            [0.0752576647834476,0.18391651284072535,0.0779238383564652,0.0037329959210319775,0.12451639182918882,0,0.18683022103158628,0.08015090251565224,0.18133815079164872,0.055602724393451805,0.030730597536802153],
            [0.1213802998973088,0.02823267701144315,0.1307408661753047,0.0460343524493473,0.10530354509376551,0.02625425788442117,0,0.11692485001223848,0.14587313992979142,0.15914207122826135,0.1201139403181179],
            [0.04491890655009836,0.017292683008177243,0.04734422210740868,0.16185895040880732,0.15423186048418625,0.13831791249682432,0.13249229650327637,0,0.042259478638656256,0.07300570484197043,0.18827798496059456],
            [0.173610348962971,0.14808786328025822,0.102137941026424,0.09572794070319154,0.10266797769734641,0.05573657786696224,0.1369475430827782,0.005237261240427446,0,0.08112891218771412,0.09871763395192659],
            [0.06403974507202327,0.11584730757363235,0.057484156752945374,0.12474592765190666,0.10722472757673633,0.06834453914298716,0.07761741380002933,0.134595126457984,0.12650999753455186,0,0.12359105843720355],
            [0.08244146545286145,0.03250498674950267,0.12513804637396492,0.11723473359615454,0.07291542469591843,0.13029593089048708,0.08572104262856521,0.13489364660803047,0.15266196396529044,0.06619275903922495,0]
        ],
        "city_names": ["Cardiff","Newcastle","Plymouth","Norwich","Manchester","London","Leeds","Sheffield","Birmingham","Liverpool","Portsmouth"],
        "reward_matrix": [
            [0,44455,20684,43918,68638,64503,62087,69479,85625,62427,51114],
            [44455,0,100,23333,69390,43918,88578,81186,65040,75601,30529],
            [20684,100,0,41806,24282,62391,17731,25123,41269,18071,75780],
            [43918,23333,41806,0,47516,85625,40965,48357,64503,41305,72236],
            [68638,69390,24282,47516,0,68101,87021,79628,89223,99999,54712],
            [64503,43918,62391,85625,68101,0,61550,68942,85088,61890,92821],
            [62087,88578,17731,40965,87021,61550,0,98817,82671,93232,48161],
            [69479,81186,25123,48357,79628,68942,98817,0,90064,85840,55553],
            [85625,65040,41269,64503,89223,85088,82671,90064,0,83012,71699],
            [62427,75601,18071,41305,99999,61890,93232,85840,83012,0,48501],
            [51114,30529,75780,72236,54712,92821,48161,55553,71699,48501,0]
        ]
    },
    "vehicle_cost_per_km": [5,5,5,5,5,5,5,5,5,5,5],
    "vehicle_capacities": [5,5,5,30,30,30,30,30,30,30,30],
    "runs": [{
        "number_of_vehicles": 3,
        "avg_task_cost_vs_number_of_task": [575,1776.5,2383.6666666666665,1787.7499999999998,2149.7999999999997,2088.8333333333335,2142.1428571428573,2163.875,1925,1858.9,1750.2727272727273,1700.25,1596.1538461538462,1518.9999999999998,1445.2666666666667,1507.9375,1563.235294117647,1529.111111111111,1454.0526315789473,1476.2499999999998,1462.1428571428569,1552.5,1571.0434782608693,1558.25,1573.04,1557.923076923077,1548.2222222222222,1492.9285714285713,1482.1379310344828,1462.8]
    }]
}