{
    "vehicle_starting_positions": ["Newcastle","Cardiff","Plymouth","Norwich","Manchester","London","Leeds","Sheffield","Birmingham","Liverpool","Portsmouth"],
    "task_distribution": {
        "distance_matrix": [
            [0,345,477.8,348,209.9,233,246.5,205.2,115,244.6,307.8],
            [345,0,592.8,463,205.7,348,98.5,139.8,230,171,422.8],
            [477.8,592.8,0,359.8,457.7,244.8,494.3,453,362.8,492.4,170],
            [348,463,359.8,0,327.9,115,364.5,323.2,233,362.6,189.8],
            [209.9,205.7,457.7,327.9,0,212.9,107.2,148.5,94.9,34.7,287.7],
            [233,348,244.8,115,212.9,0,249.5,208.2,118,247.6,74.8],
            [246.5,98.5,494.3,364.5,107.2,249.5,0,41.3,131.5,72.5,324.3],
            [205.2,139.8,453,323.2,148.5,208.2,41.3,0,90.2,113.8,283],
            [115,230,362.8,233,94.9,118,131.5,90.2,0,129.6,192.8],
            [244.6,171,492.4,362.6,34.7,247.6,72.5,113.8,129.6,0,322.4],
            [307.8,422.8,170,189.8,287.7,74.8,324.3,283,192.8,322.4,0]
        ],
        "weight_matrix": [
            [0,3,3,3,3,3,3,3,3,3,3],
            [3,0,3,3,3,3,3,3,3,3,3],
            [3,3,0,3,3,3,3,3,3,3,3],
            [3,3,3,0,3,3,3,3,3,3,3],
            [3,3,3,3,0,3,3,3,3,3,3],
            [3,3,3,3,3,0,3,3,3,3,3],
            [3,3,3,3,3,3,0,3,3,3,3],
            [3,3,3,3,3,3,3,0,3,3,3],
            [3,3,3,3,3,3,3,3,0,3,3],
            [3,3,3,3,3,3,3,3,3,0,3],
            [3,3,3,3,3,3,3,3,3,3,0]
        ],
        "probability_matrix": [
            [0,0.02543239935346398,0.1197947224717055,0.029726144537939585,0.20435442388856245,0.06380581472959629,0.14400628067814253,0.1910346379227666,0.07209931758618943,0.04947777804944974,0.10026848078218405],
            [0.1117041944572213,0,0.04559426416388945,0.16702477191006035,0.07297969911961985,0.07531385568469313,0.06116843799117967,0.17299854795820582,0.09764782182282004,0.14973670682420673,0.04583170006810364],
            [0.11234846877808605,0.1067096199604824,0,0.16145778580720932,0.16752216454401933,0.17000546182233564,0.07752910900306474,0.012226992888704373,0.020134494245125686,0.0687983552166731,0.10326754773429934],
            [0.05081369647011328,0.22289048072526235,0.05918595147425973,0,0.15344573107346837,0.07321034768341918,0.05344819748412053,0.014656693238509037,0.13991717528439684,0.11496542558690949,0.11746630097954128],
            [0.06745723639291529,0.06928047609208877,0.04102797048257489,0.0824293859648081,0,0.10321979491759577,0.116342579454158,0.1442273568075851,0.07019658145282366,0.1441687762021754,0.16164984223327505],
            [0.11779209226911448,0.19504920330418,0.08054546911109454,0.046153981791117064,0.16781336385028883,0,0.0115681903672605,0.06316009249419503,0.08803077835718072,0.11003636096528917,0.11985046749027972],
            [0.12132378690089178,0.1250412190501432,0.08047212583560379,0.08036707594681071,0.09621960344111004,0.020166571737185324,0,0.13648152954987006,0.2604256053335661,0.005275335072210453,0.07422714713260853],
            [0.12290478256706176,0.11864327419975557,0.0801154534001589,0.07708763881191973,0.1482882883346693,0.10940551908608274,0.09323210437905854,0,0.06344048711652975,0.04942043955610068,0.1374620125486629],
            [0.13518991690127657,0.03902030894107127,0.032982064949959145,0.07854857697854556,0.1693570356034433,0.12395704363542355,0.14884238340786937,0.061288845298826305,0,0.08480280277266125,0.12601102151092355],
            [0.06899995475844842,0.03463105427788697,0.12476722921685655,0.049438059036319947,0.15224494797667018,0.1453924728303282,0.017263463178508173,0.16173108625033364,0.08649809615266381,0,0.1590336363219842],
            [0.07963523317120133,0.03487955556463324,0.03385272019339602,0.1386402564736197,0.14865490006656587,0.03935416496048695,0.07030847214443474,0.1757886435500343,0.07785539083395127,0.20103066304167658,0]
        ],
        "city_names": ["Cardiff","Newcastle","Plymouth","Norwich","Manchester","London","Leeds","Sheffield","Birmingham","Liverpool","Portsmouth"],
        "reward_matrix": [
            [0,44455,20684,43918,68638,64503,62087,69479,85625,62427,51114],
            [44455,0,100,23333,69390,43918,88578,81186,65040,75601,30529],
            [20684,100,0,41806,24282,62391,17731,25123,41269,18071,75780],
            [43918,23333,41806,0,47516,85625,40965,48357,64503,41305,72236],
            [68638,69390,24282,47516,0,68101,87021,79628,89223,99999,54712],
            [64503,43918,62391,85625,68101,0,61550,68942,85088,61890,92821],
            [62087,88578,17731,40965,87021,61550,0,98817,82671,93232,48161],
            [69479,81186,25123,48357,79628,68942,98817,0,90064,85840,55553],
            [85625,65040,41269,64503,89223,85088,82671,90064,0,83012,71699],
            [62427,75601,18071,41305,99999,61890,93232,85840,83012,0,48501],
            [51114,30529,75780,72236,54712,92821,48161,55553,71699,48501,0]
        ]
    },
    "vehicle_cost_per_km": [10,15,10,5,5,5,5,5,5,5,5],
    "vehicle_capacities": [15,15,15,30,30,30,30,30,30,30,30],
    "runs": [{
        "number_of_vehicles": 3,
        "avg_task_cost_vs_number_of_task": [3495,2949.5,3048,2286,2318.8,1932.3333333333333,1656.2857142857142,1449.25,1531.5555555555557,1418.6000000000001,1289.6363636363637,1182.1666666666667,1183.1538461538462,1316.1428571428569,1228.3999999999999,1257.8749999999998,1224.7058823529412,1342,1474.9473684210527,1569.1000000000001,1501.6190476190477,1323.6363636363637,1483.5652173913043,1246.75,1245.12,1330.6346153846155,1302.2962962962963,1220.142857142857,1110.1379310344826,1370.1333333333334]
    }]
}