{
    "vehicle_starting_positions": ["Newcastle","Cardiff","Plymouth","Norwich","Manchester","London","Leeds","Sheffield","Birmingham","Liverpool","Portsmouth"],
    "task_distribution": {
        "distance_matrix": [
            [0,345,477.8,348,209.9,233,246.5,205.2,115,244.6,307.8],
            [345,0,592.8,463,205.7,348,98.5,139.8,230,171,422.8],
            [477.8,592.8,0,359.8,457.7,244.8,494.3,453,362.8,492.4,170],
            [348,463,359.8,0,327.9,115,364.5,323.2,233,362.6,189.8],
            [209.9,205.7,457.7,327.9,0,212.9,107.2,148.5,94.9,34.7,287.7],
            [233,348,244.8,115,212.9,0,249.5,208.2,118,247.6,74.8],
            [246.5,98.5,494.3,364.5,107.2,249.5,0,41.3,131.5,72.5,324.3],
            [205.2,139.8,453,323.2,148.5,208.2,41.3,0,90.2,113.8,283],
            [115,230,362.8,233,94.9,118,131.5,90.2,0,129.6,192.8],
            [244.6,171,492.4,362.6,34.7,247.6,72.5,113.8,129.6,0,322.4],
            [307.8,422.8,170,189.8,287.7,74.8,324.3,283,192.8,322.4,0]
        ],
        "weight_matrix": [
            [0,3,3,3,3,3,3,3,3,3,3],
            [3,0,3,3,3,3,3,3,3,3,3],
            [3,3,0,3,3,3,3,3,3,3,3],
            [3,3,3,0,3,3,3,3,3,3,3],
            [3,3,3,3,0,3,3,3,3,3,3],
            [3,3,3,3,3,0,3,3,3,3,3],
            [3,3,3,3,3,3,0,3,3,3,3],
            [3,3,3,3,3,3,3,0,3,3,3],
            [3,3,3,3,3,3,3,3,0,3,3],
            [3,3,3,3,3,3,3,3,3,0,3],
            [3,3,3,3,3,3,3,3,3,3,0]
        ],
        "probability_matrix": [
            [0,0.11503323408179086,0.08335834104303967,0.037462014212092665,0.18558045973361542,0.17073776895442822,0.022467356645963374,0.14918003361368984,0.023105104188460977,0.11103653373637239,0.10203915379054662],
            [0.1682944340098474,0,0.1372336656241721,0.012274837231088888,0.11678098826177248,0.04990036429776247,0.03771032159055142,0.10479487834175938,0.05066323327125298,0.1380536596241671,0.18429361774762584],
            [0.03509867987004054,0.15596447305329206,0,0.10866360330852606,0.1487467064110392,0.10887065149729457,0.03113444970399785,0.09139458995039267,0.040043527965797306,0.12084281158221416,0.15924050665740552],
            [0.0931496594261939,0.09947614374827277,0.07590369524451451,0,0.12137945232841192,0.15219679591246427,0.1075737831612963,0.14492795819085716,0.03600210384879076,0.07378002575384818,0.09561038238535038],
            [0.17228627362817273,0.03465404623582097,0.2089454130220657,0.2198889771227246,0,0.05981398383987926,0.026692523448654266,0.011731353610996269,0.05180566889350983,0.15376024662598778,0.060421513572188695],
            [0.17872866603614143,0.03554128330431006,0.1286386663727513,0.11334774068274361,0.10925609446216596,0,0.13727328145977644,0.02374019040824363,0.02519923786968619,0.0915096400316534,0.15676519937252795],
            [0.0490739560590193,0.14595759553540066,0.07329954725593664,0.06468800990563486,0.14027357129417095,0.1405104658477877,0,0.11548307355544003,0.04212773919328295,0.14814089931234345,0.08044514204098353],
            [0.01869849362686011,0.041391693015195075,0.00118486140178763,0.054104794257282006,0.1399587243123299,0.15366243998814452,0.14861127419011655,0,0.15382109104505018,0.1417648317605039,0.14680179640273006],
            [0.06707960662103453,0.042857604483967186,0.05734416655423456,0.16960026210058987,0.1592161246933732,0.1446628711035312,0.0093229740013877,0.1563971849976688,0,0.0394686053126274,0.15405060013158556],
            [0.10829759088603212,0.13032196950758887,0.08692221124248775,0.12875132541451995,0.1240397541946248,0.0680214614966703,0.12517530247651848,0.09044746768761262,0.05781093581126944,0,0.08021198128267557],
            [0.14007535953373612,0.136172962455526,0.030304418233081408,0.13877867414501743,0.15176762803711388,0.015282924368832286,0.09839633708448088,0.14962476306001682,0.1067919351529178,0.03280499792927753,0]
        ],
        "city_names": ["Cardiff","Newcastle","Plymouth","Norwich","Manchester","London","Leeds","Sheffield","Birmingham","Liverpool","Portsmouth"],
        "reward_matrix": [
            [0,44455,20684,43918,68638,64503,62087,69479,85625,62427,51114],
            [44455,0,100,23333,69390,43918,88578,81186,65040,75601,30529],
            [20684,100,0,41806,24282,62391,17731,25123,41269,18071,75780],
            [43918,23333,41806,0,47516,85625,40965,48357,64503,41305,72236],
            [68638,69390,24282,47516,0,68101,87021,79628,89223,99999,54712],
            [64503,43918,62391,85625,68101,0,61550,68942,85088,61890,92821],
            [62087,88578,17731,40965,87021,61550,0,98817,82671,93232,48161],
            [69479,81186,25123,48357,79628,68942,98817,0,90064,85840,55553],
            [85625,65040,41269,64503,89223,85088,82671,90064,0,83012,71699],
            [62427,75601,18071,41305,99999,61890,93232,85840,83012,0,48501],
            [51114,30529,75780,72236,54712,92821,48161,55553,71699,48501,0]
        ]
    },
    "vehicle_cost_per_km": [15,5,5,5,5,5,5,5,5,5,5],
    "vehicle_capacities": [15,15,15,30,30,30,30,30,30,30,30],
    "runs": [{
        "number_of_vehicles": 3,
        "avg_task_cost_vs_number_of_task": [1224,899.5,1010.5,1192.875,1167.8,1100.8333333333333,943.5714285714286,825.625,733.8888888888889,660.5,668.4545454545455,612.7500000000001,589.1538461538462,578.6428571428571,592.4,555.375,563.6764705882352,532.3611111111111,522.6052631578947,537.75,606.1904761904763,530.6363636363636,477.60869565217394,584.9375,606.08,551.3846153846154,648.2592592592592,593.0535714285713,540.6034482758621,623.6666666666666]
    }]
}