{
    "vehicle_starting_positions": ["Newcastle","Cardiff","Plymouth","Norwich","Manchester","London","Leeds","Sheffield","Birmingham","Liverpool","Portsmouth"],
    "task_distribution": {
        "distance_matrix": [
            [0,345,477.8,348,209.9,233,246.5,205.2,115,244.6,307.8],
            [345,0,592.8,463,205.7,348,98.5,139.8,230,171,422.8],
            [477.8,592.8,0,359.8,457.7,244.8,494.3,453,362.8,492.4,170],
            [348,463,359.8,0,327.9,115,364.5,323.2,233,362.6,189.8],
            [209.9,205.7,457.7,327.9,0,212.9,107.2,148.5,94.9,34.7,287.7],
            [233,348,244.8,115,212.9,0,249.5,208.2,118,247.6,74.8],
            [246.5,98.5,494.3,364.5,107.2,249.5,0,41.3,131.5,72.5,324.3],
            [205.2,139.8,453,323.2,148.5,208.2,41.3,0,90.2,113.8,283],
            [115,230,362.8,233,94.9,118,131.5,90.2,0,129.6,192.8],
            [244.6,171,492.4,362.6,34.7,247.6,72.5,113.8,129.6,0,322.4],
            [307.8,422.8,170,189.8,287.7,74.8,324.3,283,192.8,322.4,0]
        ],
        "weight_matrix": [
            [0,3,3,3,3,3,3,3,3,3,3],
            [3,0,3,3,3,3,3,3,3,3,3],
            [3,3,0,3,3,3,3,3,3,3,3],
            [3,3,3,0,3,3,3,3,3,3,3],
            [3,3,3,3,0,3,3,3,3,3,3],
            [3,3,3,3,3,0,3,3,3,3,3],
            [3,3,3,3,3,3,0,3,3,3,3],
            [3,3,3,3,3,3,3,0,3,3,3],
            [3,3,3,3,3,3,3,3,0,3,3],
            [3,3,3,3,3,3,3,3,3,0,3],
            [3,3,3,3,3,3,3,3,3,3,0]
        ],
        "probability_matrix": [
            [0,0.021730121228915458,0.056815764607196624,0.1527241908949002,0.11950535497479504,0.11109605347995528,0.10682750162119808,0.14826496454934218,0.12667823327421873,0.03364429522561197,0.12271352014386644],
            [0.19537739484124336,0,0.027033406025238804,0.06178501429461185,0.2127407111922423,0.07310172594369549,0.07731432256401015,0.03283541812482395,0.025095422992283536,0.21660158402516877,0.0781149999966818],
            [0.2366901243304038,0.00815698183744292,0,0.02081941893846746,0.20489673443995657,0.06889328777405766,0.13265775468394903,0.06395442023583692,0.10020207682650788,0.07542911768068301,0.08830008325269471],
            [0.17598861899862075,0.10140860923416847,0.0022944506525214665,0,0.15036591856369508,0.14717665451483827,0.03813028465967184,0.16481279931348805,0.14487995545519533,0.016456551179826848,0.05848615742797398],
            [0.054100686788232405,0.16929172268284376,0.123697466428281,0.09588995402236399,0,0.029846754303764877,0.18871338474836297,0.07337068350732734,0.029176987994610173,0.20796727895549555,0.02794508056871788],
            [0.10524589392026612,0.005452794771440016,0.014131588310919757,0.18160961181598015,0.1088333980098842,0,0.033484355572332966,0.15786627537370823,0.10930885176744566,0.18811007810676234,0.09595715235126051],
            [0.08803394826676673,0.02260921412025465,0.2910222380238835,0.011318817982884597,0.0436499345696952,0.23184947272789816,0,0.015669430492673216,0.21667064927209828,0.036907255387874205,0.04226903915597123],
            [0.12312280219513033,0.09974647461010265,0.07062959842977846,0.13334962357723712,0.15218454829270095,0.1639519685179315,0.006875496054952021,0,0.005121497450480375,0.1147521357318171,0.13026585513986963],
            [0.029268775151708035,0.2026978690451071,0.09967019270956458,0.04392749746521863,0.08348324871697617,0.02481458689846179,0.21623566082463722,0.18040194503098342,0,0.10870458918637341,0.010795634970969683],
            [0.10941649233034682,0.0472128977060198,0.10855798390707312,0.10158342493664564,0.11059886492184948,0.10901663449737002,0.026223270658013293,0.06356939288262195,0.19806196599648745,0,0.12575907216357246],
            [0.036479861876518284,0.11803955455146897,0.13264392389989738,0.11581738477296395,0.08863068218900952,0.15807446491485955,0.034589295302286355,0.12468426494899301,0.13235016524383492,0.05869040230016812,0]
        ],
        "city_names": ["Cardiff","Newcastle","Plymouth","Norwich","Manchester","London","Leeds","Sheffield","Birmingham","Liverpool","Portsmouth"],
        "reward_matrix": [
            [0,44455,20684,43918,68638,64503,62087,69479,85625,62427,51114],
            [44455,0,100,23333,69390,43918,88578,81186,65040,75601,30529],
            [20684,100,0,41806,24282,62391,17731,25123,41269,18071,75780],
            [43918,23333,41806,0,47516,85625,40965,48357,64503,41305,72236],
            [68638,69390,24282,47516,0,68101,87021,79628,89223,99999,54712],
            [64503,43918,62391,85625,68101,0,61550,68942,85088,61890,92821],
            [62087,88578,17731,40965,87021,61550,0,98817,82671,93232,48161],
            [69479,81186,25123,48357,79628,68942,98817,0,90064,85840,55553],
            [85625,65040,41269,64503,89223,85088,82671,90064,0,83012,71699],
            [62427,75601,18071,41305,99999,61890,93232,85840,83012,0,48501],
            [51114,30529,75780,72236,54712,92821,48161,55553,71699,48501,0]
        ]
    },
    "vehicle_cost_per_km": [10,5,5,5,5,5,5,5,5,5,5],
    "vehicle_capacities": [10,10,10,30,30,30,30,30,30,30,30],
    "runs": [{
        "number_of_vehicles": 3,
        "avg_task_cost_vs_number_of_task": [1396.5,2028.5,1352.3333333333335,1324,1059.2,882.6666666666666,970.4285714285716,849.1250000000001,796.1111111111111,791.3,719.3636363636364,720.75,725.4615384615385,799.4285714285714,859.4666666666667,848.8125,798.8823529411765,794.4444444444445,770.8947368421053,735.6499999999999,680.952380952381,684.8181818181819,710,746.2291666666666,686.84,710.7884615384615,697.7407407407409,736.0714285714286,686.3448275862069,758.5166666666667]
    }]
}