{
    "vehicle_starting_positions": ["Newcastle","Cardiff","Plymouth","Norwich","Manchester","London","Leeds","Sheffield","Birmingham","Liverpool","Portsmouth"],
    "task_distribution": {
        "distance_matrix": [
            [0,345,477.8,348,209.9,233,246.5,205.2,115,244.6,307.8],
            [345,0,592.8,463,205.7,348,98.5,139.8,230,171,422.8],
            [477.8,592.8,0,359.8,457.7,244.8,494.3,453,362.8,492.4,170],
            [348,463,359.8,0,327.9,115,364.5,323.2,233,362.6,189.8],
            [209.9,205.7,457.7,327.9,0,212.9,107.2,148.5,94.9,34.7,287.7],
            [233,348,244.8,115,212.9,0,249.5,208.2,118,247.6,74.8],
            [246.5,98.5,494.3,364.5,107.2,249.5,0,41.3,131.5,72.5,324.3],
            [205.2,139.8,453,323.2,148.5,208.2,41.3,0,90.2,113.8,283],
            [115,230,362.8,233,94.9,118,131.5,90.2,0,129.6,192.8],
            [244.6,171,492.4,362.6,34.7,247.6,72.5,113.8,129.6,0,322.4],
            [307.8,422.8,170,189.8,287.7,74.8,324.3,283,192.8,322.4,0]
        ],
        "weight_matrix": [
            [0,3,3,3,3,3,3,3,3,3,3],
            [3,0,3,3,3,3,3,3,3,3,3],
            [3,3,0,3,3,3,3,3,3,3,3],
            [3,3,3,0,3,3,3,3,3,3,3],
            [3,3,3,3,0,3,3,3,3,3,3],
            [3,3,3,3,3,0,3,3,3,3,3],
            [3,3,3,3,3,3,0,3,3,3,3],
            [3,3,3,3,3,3,3,0,3,3,3],
            [3,3,3,3,3,3,3,3,0,3,3],
            [3,3,3,3,3,3,3,3,3,0,3],
            [3,3,3,3,3,3,3,3,3,3,0]
        ],
        "probability_matrix": [
            [0,0.008271564105196699,0.13034254066183726,0.022440217469486032,0.05550026624003812,0.00547714290157698,0.19502825750274716,0.18361606432432512,0.18049397521779761,0.1201543118617737,0.09867565971522121],
            [0.07862888492150362,0,0.04559898654566657,0.08321173357821372,0.19933231644859553,0.11098826142191248,0.07915832032758453,0.08270815189350954,0.1961133957530813,0.041926778075320116,0.08233317103461267],
            [0.15181492103714114,0.05306550298325868,0,0.09133318713834938,0.16956317571142665,0.14559283944408483,0.1510059669264942,0.0338599355257725,0.07956714840904068,0.014390087724927166,0.10980723509950491],
            [0.13567621163705443,0.031589512987042226,0.14152541828005122,0,0.07777459768968313,0.07843484000242072,0.050830785249297766,0.114365880530207,0.1339438056607175,0.12889175082076038,0.10696719714276558],
            [0.07157412845902247,0.14671332428710113,3.214952654767339E-4,0.0618208960892882,0,0.13931439529131642,0.10454336158614266,0.12964847840177807,0.13928689167458902,0.08023244761283026,0.1265445813324548],
            [0.010150639986277837,0.06492099496778482,0.14624149721282087,0.08302520652246968,0.18748852196482121,0,0.10710928276953241,0.10361604514005428,0.07658517512535161,0.20695184659449148,0.013910789716395741],
            [0.0886357987180666,0.11199063748653504,0.08130885075334288,0.14180308912536302,0.13183651447408087,0.09337781894464496,0,0.01277325353995247,0.13133090448170098,0.0836079412471132,0.12333519122919986],
            [0.07556142103477857,0.09947710094567669,0.07538585252816152,0.14299801351928942,0.00771442766171791,0.07477263312139829,0.17014727016789757,0,0.12492199738686319,0.04274479549192751,0.18627648814228934],
            [0.1828896193756928,0.16429281203192136,0.06646058247479816,0.1512532278896238,0.041556194961887866,0.06543264213610207,0.08944216429361893,0.07313643307964161,0,0.10546494327974952,0.06007138047696392],
            [0.1607575738047421,0.037972507336539,0.11923197075365762,0.06500312378183287,0.11698941129704968,0.04148170341642604,0.13517457297625593,0.15886560976773942,0.05019668759665768,0,0.11432683926909964],
            [0.028524562244272078,0.11220512374914478,0.12317885862020693,0.029108591380241543,0.17500843003744737,0.12094526776185446,0.06590106706459686,0.08019204481663836,0.20397548203464214,0.06096057229095546,0]
        ],
        "city_names": ["Cardiff","Newcastle","Plymouth","Norwich","Manchester","London","Leeds","Sheffield","Birmingham","Liverpool","Portsmouth"],
        "reward_matrix": [
            [0,44455,20684,43918,68638,64503,62087,69479,85625,62427,51114],
            [44455,0,100,23333,69390,43918,88578,81186,65040,75601,30529],
            [20684,100,0,41806,24282,62391,17731,25123,41269,18071,75780],
            [43918,23333,41806,0,47516,85625,40965,48357,64503,41305,72236],
            [68638,69390,24282,47516,0,68101,87021,79628,89223,99999,54712],
            [64503,43918,62391,85625,68101,0,61550,68942,85088,61890,92821],
            [62087,88578,17731,40965,87021,61550,0,98817,82671,93232,48161],
            [69479,81186,25123,48357,79628,68942,98817,0,90064,85840,55553],
            [85625,65040,41269,64503,89223,85088,82671,90064,0,83012,71699],
            [62427,75601,18071,41305,99999,61890,93232,85840,83012,0,48501],
            [51114,30529,75780,72236,54712,92821,48161,55553,71699,48501,0]
        ]
    },
    "vehicle_cost_per_km": [15,5,15,5,5,5,5,5,5,5,5],
    "vehicle_capacities": [15,15,15,30,30,30,30,30,30,30,30],
    "runs": [{
        "number_of_vehicles": 3,
        "avg_task_cost_vs_number_of_task": [1725,1826.5,1217.6666666666667,1488.25,1190.6,992.1666666666666,850.4285714285714,1072.625,953.4444444444445,894.9,881.5454545454545,873.25,882.3846153846154,912.0714285714286,943.6,871.6875,935.9411764705884,931.2777777777778,899.263157894737,922.3000000000002,944.3809523809524,926.818181818182,886.3913043478262,953.1250000000001,950.2400000000001,975.2307692307694,961.6296296296297,1005.6785714285717,956.137931034483,1041.9666666666667]
    }]
}