{
    "vehicle_starting_positions": ["Newcastle","Cardiff","Plymouth","Norwich","Manchester","London","Leeds","Sheffield","Birmingham","Liverpool","Portsmouth"],
    "task_distribution": {
        "distance_matrix": [
            [0,345,477.8,348,209.9,233,246.5,205.2,115,244.6,307.8],
            [345,0,592.8,463,205.7,348,98.5,139.8,230,171,422.8],
            [477.8,592.8,0,359.8,457.7,244.8,494.3,453,362.8,492.4,170],
            [348,463,359.8,0,327.9,115,364.5,323.2,233,362.6,189.8],
            [209.9,205.7,457.7,327.9,0,212.9,107.2,148.5,94.9,34.7,287.7],
            [233,348,244.8,115,212.9,0,249.5,208.2,118,247.6,74.8],
            [246.5,98.5,494.3,364.5,107.2,249.5,0,41.3,131.5,72.5,324.3],
            [205.2,139.8,453,323.2,148.5,208.2,41.3,0,90.2,113.8,283],
            [115,230,362.8,233,94.9,118,131.5,90.2,0,129.6,192.8],
            [244.6,171,492.4,362.6,34.7,247.6,72.5,113.8,129.6,0,322.4],
            [307.8,422.8,170,189.8,287.7,74.8,324.3,283,192.8,322.4,0]
        ],
        "weight_matrix": [
            [0,3,3,3,3,3,3,3,3,3,3],
            [3,0,3,3,3,3,3,3,3,3,3],
            [3,3,0,3,3,3,3,3,3,3,3],
            [3,3,3,0,3,3,3,3,3,3,3],
            [3,3,3,3,0,3,3,3,3,3,3],
            [3,3,3,3,3,0,3,3,3,3,3],
            [3,3,3,3,3,3,0,3,3,3,3],
            [3,3,3,3,3,3,3,0,3,3,3],
            [3,3,3,3,3,3,3,3,0,3,3],
            [3,3,3,3,3,3,3,3,3,0,3],
            [3,3,3,3,3,3,3,3,3,3,0]
        ],
        "probability_matrix": [
            [0,0.05146468439431673,0.1089043845741346,0.035463108745048856,0.0866474465271624,0.1219445271454169,0.01057299149138488,0.2004830436668448,0.18048320324201797,0.15981286146932608,0.044223748744346814],
            [0.10731354263320825,0,0.0638098537960782,0.11402169960380679,0.13169862595054263,0.055291346364109026,0.1603245285362035,0.14135775040745638,0.13699811805917883,0.08580873513672985,0.0033757995126865235],
            [0.030560493098339716,0.18955615408316812,0,0.053520541142299725,0.029121818747549048,0.07605652499779399,0.06017745202647419,0.19363436616906549,0.12757015155073842,0.07858739849868125,0.16121509968588996],
            [0.10074637180563574,0.029202969707957386,0.10052221904070736,0,0.16246755993478543,0.011977355072630508,0.16659897283389505,0.003007756985289592,0.1284427563763006,0.17379578758719577,0.12323825065560247],
            [0.09344438808832631,0.15390337217851288,0.1266749902313545,0.11957107858439905,0,0.026348211858234667,0.14418461720078568,0.08186671764382109,0.12862045797615676,0.09520775512201768,0.030178411116391458],
            [0.05327468458218702,0.08638022299935573,0.09094421291976741,0.0509091795264507,0.07286071210197385,0,0.19435022849085562,0.08699840434649954,0.1562213974023592,0.1812756230242494,0.026785334606301565],
            [0.09681749671396306,0.1276215842807652,0.037426064075725705,0.11824587271444796,0.070226478432521,0.1121469843571846,0,0.08703215977065736,0.09672648097191346,0.12312245105279866,0.13063442763002311],
            [0.03207134894659043,0.09041323177448703,0.07775399501244679,0.14891686723842096,0.07103768918356926,0.12543748064532972,0.07343853029732807,0,0.1145731502820903,0.14704833011062982,0.11930937650910756],
            [0.07691083020150674,0.06625785170956469,0.15634502541564443,0.09782140444466167,0.11919571172870567,0.03623406584116924,0.1017194830453855,0.11150825053936232,0,0.12867096823234178,0.10533640884165799],
            [0.0016882587642132257,0.03178324656773282,0.13887022815514843,0.0857207872625545,0.20419508399337954,0.10300153683165843,0.22379388255558913,0.056476914425341494,0.0349539702302891,0,0.11951609121409326],
            [0.037080881004482834,0.11986998911761117,0.16218234992080788,0.15806221856239097,0.06173173833789497,0.09585156578183472,0.021651098852210646,0.1470195351109081,0.043505836026657814,0.1530447872852007,0]
        ],
        "city_names": ["Cardiff","Newcastle","Plymouth","Norwich","Manchester","London","Leeds","Sheffield","Birmingham","Liverpool","Portsmouth"],
        "reward_matrix": [
            [0,44455,20684,43918,68638,64503,62087,69479,85625,62427,51114],
            [44455,0,100,23333,69390,43918,88578,81186,65040,75601,30529],
            [20684,100,0,41806,24282,62391,17731,25123,41269,18071,75780],
            [43918,23333,41806,0,47516,85625,40965,48357,64503,41305,72236],
            [68638,69390,24282,47516,0,68101,87021,79628,89223,99999,54712],
            [64503,43918,62391,85625,68101,0,61550,68942,85088,61890,92821],
            [62087,88578,17731,40965,87021,61550,0,98817,82671,93232,48161],
            [69479,81186,25123,48357,79628,68942,98817,0,90064,85840,55553],
            [85625,65040,41269,64503,89223,85088,82671,90064,0,83012,71699],
            [62427,75601,18071,41305,99999,61890,93232,85840,83012,0,48501],
            [51114,30529,75780,72236,54712,92821,48161,55553,71699,48501,0]
        ]
    },
    "vehicle_cost_per_km": [10,10,5,5,5,5,5,5,5,5,5],
    "vehicle_capacities": [5,5,5,30,30,30,30,30,30,30,30],
    "runs": [{
        "number_of_vehicles": 3,
        "avg_task_cost_vs_number_of_task": [3612.0000000000005,2611,2369.666666666667,1880.5,1923,2084.1666666666665,1921.142857142857,1848.9999999999998,1858.5555555555557,1707.4,1706.7272727272723,1652.583333333333,1574.230769230769,1552.6071428571427,1653.9333333333332,1597.3125,1490.5294117647056,1573.833333333333,1647.1578947368416,1627.5499999999997,1679.8095238095239,1618.1818181818182,1584.2608695652175,1618.958333333333,1557.8,1651.1923076923074,1662.9629629629626,1580.9999999999998,1615.3103448275863,1576.7999999999995]
    }]
}