{
    "vehicle_starting_positions": ["Newcastle","Cardiff","Plymouth","Norwich","Manchester","London","Leeds","Sheffield","Birmingham","Liverpool","Portsmouth"],
    "task_distribution": {
        "distance_matrix": [
            [0,345,477.8,348,209.9,233,246.5,205.2,115,244.6,307.8],
            [345,0,592.8,463,205.7,348,98.5,139.8,230,171,422.8],
            [477.8,592.8,0,359.8,457.7,244.8,494.3,453,362.8,492.4,170],
            [348,463,359.8,0,327.9,115,364.5,323.2,233,362.6,189.8],
            [209.9,205.7,457.7,327.9,0,212.9,107.2,148.5,94.9,34.7,287.7],
            [233,348,244.8,115,212.9,0,249.5,208.2,118,247.6,74.8],
            [246.5,98.5,494.3,364.5,107.2,249.5,0,41.3,131.5,72.5,324.3],
            [205.2,139.8,453,323.2,148.5,208.2,41.3,0,90.2,113.8,283],
            [115,230,362.8,233,94.9,118,131.5,90.2,0,129.6,192.8],
            [244.6,171,492.4,362.6,34.7,247.6,72.5,113.8,129.6,0,322.4],
            [307.8,422.8,170,189.8,287.7,74.8,324.3,283,192.8,322.4,0]
        ],
        "weight_matrix": [
            [0,3,3,3,3,3,3,3,3,3,3],
            [3,0,3,3,3,3,3,3,3,3,3],
            [3,3,0,3,3,3,3,3,3,3,3],
            [3,3,3,0,3,3,3,3,3,3,3],
            [3,3,3,3,0,3,3,3,3,3,3],
            [3,3,3,3,3,0,3,3,3,3,3],
            [3,3,3,3,3,3,0,3,3,3,3],
            [3,3,3,3,3,3,3,0,3,3,3],
            [3,3,3,3,3,3,3,3,0,3,3],
            [3,3,3,3,3,3,3,3,3,0,3],
            [3,3,3,3,3,3,3,3,3,3,0]
        ],
        "probability_matrix": [
            [0,0.007238977310053787,0.05160613054731593,0.04862015923074575,0.038886942797811665,0.17252975067135057,0.1848616846379067,0.10497860454454935,0.17679277760004852,0.04999886545109928,0.16448610720911855],
            [0.11539668752806466,0,0.009836281962994551,0.148170876652916,0.22846046669670986,0.17382459822210203,0.0767244519824725,0.04694135083746695,0.039264946934996714,0.14834158466326636,0.013038754519010369],
            [0.1459673570453769,0.10094113459729677,0,0.02214388759929236,0.10252748637973332,0.17208504942903605,0.008869938807294747,0.14863427609720833,0.059687862626518366,0.14814516251585078,0.09099784490239243],
            [0.01926355347833485,0.18570587090008728,0.09685903075358063,0,0.1786346496011117,0.012840598986111213,0.10527026957913736,0.03190002059121092,0.1370005248949296,0.05370319021895783,0.1788222909965385],
            [0.018704202174602752,0.1558929155923737,0.07430186300328655,0.14379586039508513,0,0.05605616574470816,0.09927941855247109,0.1189757083202148,0.08377761703726119,0.14150739363230666,0.10770885554769001],
            [0.07062081717783972,0.007991761291865428,0.15067650937332513,0.17765345096852944,0.11606729396938041,0,0.06547078727229988,0.11728734133319317,0.11068844320627091,0.08660250016841865,0.09694109523887713],
            [0.013173349974121173,0.04623195032556216,0.11861164663968078,0.2238589755551141,0.06696247087732106,0.04934626123978286,0,0.00438314087261553,0.1699408052159599,0.11024478487401541,0.1972466144258269],
            [0.08877008038279748,0.06986950163307605,0.1506444666087053,0.12096084448603553,0.04305398723474477,0.11661223327292264,0.09173603644640929,0,0.039766667006322774,0.11927100388653541,0.15931517904245082],
            [0.11904538666057479,0.19104603235155646,0.12643188467746397,0.018747298623152046,0.1300961407060246,0.031107870958144924,0.09342429743841484,0.010404883762331544,0,0.15266307410350183,0.127033130718835],
            [0.08818648228627293,0.11223355344017832,0.13614709855336474,0.10818873056632478,0.08155793051869549,0.12224484049089743,0.011906187625449285,0.1261472746790464,0.14096171668707314,0,0.07242618515269736],
            [0.09245903478653268,0.10173615182243695,0.16115483072392536,0.1920544112460204,0.0813409251900287,0.01995293542394739,0.022627098845610753,0.0486561719184857,0.0986148194779116,0.18140362056510037,0]
        ],
        "city_names": ["Cardiff","Newcastle","Plymouth","Norwich","Manchester","London","Leeds","Sheffield","Birmingham","Liverpool","Portsmouth"],
        "reward_matrix": [
            [0,44455,20684,43918,68638,64503,62087,69479,85625,62427,51114],
            [44455,0,100,23333,69390,43918,88578,81186,65040,75601,30529],
            [20684,100,0,41806,24282,62391,17731,25123,41269,18071,75780],
            [43918,23333,41806,0,47516,85625,40965,48357,64503,41305,72236],
            [68638,69390,24282,47516,0,68101,87021,79628,89223,99999,54712],
            [64503,43918,62391,85625,68101,0,61550,68942,85088,61890,92821],
            [62087,88578,17731,40965,87021,61550,0,98817,82671,93232,48161],
            [69479,81186,25123,48357,79628,68942,98817,0,90064,85840,55553],
            [85625,65040,41269,64503,89223,85088,82671,90064,0,83012,71699],
            [62427,75601,18071,41305,99999,61890,93232,85840,83012,0,48501],
            [51114,30529,75780,72236,54712,92821,48161,55553,71699,48501,0]
        ]
    },
    "vehicle_cost_per_km": [5,10,5,5,5,5,5,5,5,5,5],
    "vehicle_capacities": [5,5,5,30,30,30,30,30,30,30,30],
    "runs": [{
        "number_of_vehicles": 3,
        "avg_task_cost_vs_number_of_task": [1624.5,2294.25,1950.8333333333333,2322.75,2077.2,1981.5,1875.4285714285713,1687,1713.7777777777776,1632.5999999999997,1656.7272727272723,1712.833333333333,1581.5384615384614,1529.2857142857142,1635.6666666666667,1567.1249999999998,1544.3529411764705,1536.2222222222217,1493.526315789474,1418.85,1394.2380952380954,1462.181818181818,1448.0869565217392,1437.625,1409.12,1434.3846153846155,1433.4074074074074,1439.3214285714287,1417.6206896551723,1381.1]
    }]
}