{
    "vehicle_starting_positions": ["Newcastle","Cardiff","Plymouth","Norwich","Manchester","London","Leeds","Sheffield","Birmingham","Liverpool","Portsmouth"],
    "task_distribution": {
        "distance_matrix": [
            [0,345,477.8,348,209.9,233,246.5,205.2,115,244.6,307.8],
            [345,0,592.8,463,205.7,348,98.5,139.8,230,171,422.8],
            [477.8,592.8,0,359.8,457.7,244.8,494.3,453,362.8,492.4,170],
            [348,463,359.8,0,327.9,115,364.5,323.2,233,362.6,189.8],
            [209.9,205.7,457.7,327.9,0,212.9,107.2,148.5,94.9,34.7,287.7],
            [233,348,244.8,115,212.9,0,249.5,208.2,118,247.6,74.8],
            [246.5,98.5,494.3,364.5,107.2,249.5,0,41.3,131.5,72.5,324.3],
            [205.2,139.8,453,323.2,148.5,208.2,41.3,0,90.2,113.8,283],
            [115,230,362.8,233,94.9,118,131.5,90.2,0,129.6,192.8],
            [244.6,171,492.4,362.6,34.7,247.6,72.5,113.8,129.6,0,322.4],
            [307.8,422.8,170,189.8,287.7,74.8,324.3,283,192.8,322.4,0]
        ],
        "weight_matrix": [
            [0,3,3,3,3,3,3,3,3,3,3],
            [3,0,3,3,3,3,3,3,3,3,3],
            [3,3,0,3,3,3,3,3,3,3,3],
            [3,3,3,0,3,3,3,3,3,3,3],
            [3,3,3,3,0,3,3,3,3,3,3],
            [3,3,3,3,3,0,3,3,3,3,3],
            [3,3,3,3,3,3,0,3,3,3,3],
            [3,3,3,3,3,3,3,0,3,3,3],
            [3,3,3,3,3,3,3,3,0,3,3],
            [3,3,3,3,3,3,3,3,3,0,3],
            [3,3,3,3,3,3,3,3,3,3,0]
        ],
        "probability_matrix": [
            [0,0.23732884209377003,0.033120676976246766,0.10691817177950076,0.04246966832165199,0.053170872621796164,0.038093996601871155,0.2046414825898547,0.027532350842452574,0.175806984646188,0.08091695352666793],
            [0.1413920865998638,0,0.10242210460855848,0.029223447011559673,0.17654407917467865,0.005793444551204277,0.02260584284173334,0.1219941026632221,0.13497082960979465,0.17592451990182018,0.08912954303756504],
            [0.1011916462963704,0.06948037518279454,0,0.1286894034866384,0.13810152427772887,0.10826133919355156,0.08613499266555819,0.14983439288797593,0.04845082980100571,0.08924925077159326,0.08060624543678312],
            [0.11150522622987803,0.038332036615288,0.08726885447818898,0,0.09006861680827292,0.15400416723892882,0.15509328995686056,0.08863066302610956,0.06789745751607786,0.06959748691785973,0.1376022012125355],
            [0.24882570797050063,0.07631708908566036,0.036915388749758395,0.1840500037140234,0,0.13592065904219966,0.10451869937411346,0.11026839219502953,0.019306674085585767,0.07829983124895745,0.005577554534171195],
            [0.17819234040756302,0.18949180980884153,0.14979788800026242,0.02115356140066783,0.07267985216676945,0,0.13876175806522284,0.0050414504680213554,0.0023216941747165776,0.09059895327062928,0.15196069223730557],
            [0.00621502098967031,0.13652141290556835,0.025533143097783418,0.07812146516497455,0.04312510574057693,0.21970684612964592,0,0.14278757531269695,0.11354581828748389,0.2304860823305937,0.0039575300410059945],
            [0.007816096755583231,0.16042599634353202,0.09604301308181452,0.0327263177960807,0.20820167407963147,0.1702618108442981,0.07372253486061904,0,0.13035127685093187,0.08653328709004711,0.033917992297462035],
            [0.14085186922175846,0.15210419993093813,0.10489454081072534,0.04951726243316444,0.16639176239623096,0.07845229052591919,0.06331142437640869,0.09540273767484556,0,0.02454497091331077,0.12452894171669843],
            [0.16489822399935927,0.09656017921574833,0.08635712926113084,0.09842546998083808,0.03878908209245953,0.08440011170738347,0.0030540823376118283,0.12140106490571191,0.11632498627476645,0,0.18978967022499035],
            [0.0513970133986152,0.14621503545484238,0.05886294303898475,0.09452454370055403,0.17269629734736242,0.006502879449546719,0.17028018182198784,0.1207152819002561,0.008477414798930986,0.17032840908891958,0]
        ],
        "city_names": ["Cardiff","Newcastle","Plymouth","Norwich","Manchester","London","Leeds","Sheffield","Birmingham","Liverpool","Portsmouth"],
        "reward_matrix": [
            [0,44455,20684,43918,68638,64503,62087,69479,85625,62427,51114],
            [44455,0,100,23333,69390,43918,88578,81186,65040,75601,30529],
            [20684,100,0,41806,24282,62391,17731,25123,41269,18071,75780],
            [43918,23333,41806,0,47516,85625,40965,48357,64503,41305,72236],
            [68638,69390,24282,47516,0,68101,87021,79628,89223,99999,54712],
            [64503,43918,62391,85625,68101,0,61550,68942,85088,61890,92821],
            [62087,88578,17731,40965,87021,61550,0,98817,82671,93232,48161],
            [69479,81186,25123,48357,79628,68942,98817,0,90064,85840,55553],
            [85625,65040,41269,64503,89223,85088,82671,90064,0,83012,71699],
            [62427,75601,18071,41305,99999,61890,93232,85840,83012,0,48501],
            [51114,30529,75780,72236,54712,92821,48161,55553,71699,48501,0]
        ]
    },
    "vehicle_cost_per_km": [5,15,15,5,5,5,5,5,5,5,5],
    "vehicle_capacities": [5,5,5,30,30,30,30,30,30,30,30],
    "runs": [{
        "number_of_vehicles": 3,
        "avg_task_cost_vs_number_of_task": [5229,3754,3711.3333333333326,2974.9999999999995,2560.399999999999,2258.333333333333,2397.6428571428564,2097.9374999999995,1970.2777777777774,1773.2499999999995,1612.0454545454543,1746.3749999999998,1960.4999999999995,1903.2857142857135,1918.7333333333327,1845.0937499999995,1840.9705882352937,1758.833333333333,1746.8157894736842,1868.4,1768.0238095238092,1687.6590909090905,1712.8260869565215,1587.708333333333,1626.46,1570.25,1598,1501.214285714286,1668.4827586206898,1758.4666666666667]
    }]
}