{
    "vehicle_starting_positions": ["Newcastle","Cardiff","Plymouth","Norwich","Manchester","London","Leeds","Sheffield","Birmingham","Liverpool","Portsmouth"],
    "task_distribution": {
        "distance_matrix": [
            [0,345,477.8,348,209.9,233,246.5,205.2,115,244.6,307.8],
            [345,0,592.8,463,205.7,348,98.5,139.8,230,171,422.8],
            [477.8,592.8,0,359.8,457.7,244.8,494.3,453,362.8,492.4,170],
            [348,463,359.8,0,327.9,115,364.5,323.2,233,362.6,189.8],
            [209.9,205.7,457.7,327.9,0,212.9,107.2,148.5,94.9,34.7,287.7],
            [233,348,244.8,115,212.9,0,249.5,208.2,118,247.6,74.8],
            [246.5,98.5,494.3,364.5,107.2,249.5,0,41.3,131.5,72.5,324.3],
            [205.2,139.8,453,323.2,148.5,208.2,41.3,0,90.2,113.8,283],
            [115,230,362.8,233,94.9,118,131.5,90.2,0,129.6,192.8],
            [244.6,171,492.4,362.6,34.7,247.6,72.5,113.8,129.6,0,322.4],
            [307.8,422.8,170,189.8,287.7,74.8,324.3,283,192.8,322.4,0]
        ],
        "weight_matrix": [
            [0,3,3,3,3,3,3,3,3,3,3],
            [3,0,3,3,3,3,3,3,3,3,3],
            [3,3,0,3,3,3,3,3,3,3,3],
            [3,3,3,0,3,3,3,3,3,3,3],
            [3,3,3,3,0,3,3,3,3,3,3],
            [3,3,3,3,3,0,3,3,3,3,3],
            [3,3,3,3,3,3,0,3,3,3,3],
            [3,3,3,3,3,3,3,0,3,3,3],
            [3,3,3,3,3,3,3,3,0,3,3],
            [3,3,3,3,3,3,3,3,3,0,3],
            [3,3,3,3,3,3,3,3,3,3,0]
        ],
        "probability_matrix": [
            [0,0.10879786115317173,0.12401710162672712,0.10358599684486369,0.11925325271806093,0.058612413764634226,0.04666129299362646,0.128652601166386,0.09430314777113416,0.0779841848057448,0.1381321471556509],
            [0.046110954236391784,0,0.028824411364540014,0.07315334545359392,0.11666629428363556,0.24388047418457384,0.08698330830138545,0.03581205785106689,0.11999070651457512,0.018880687246735632,0.22969776056350194],
            [0.049849052485949334,0.07535219747825882,0,0.014400548762371412,0.22184595806795196,0.0617254330674725,0.015087036887259589,0.1078771602142775,0.11378532951705879,0.19722659540054227,0.14285068811885798],
            [0.015705719906525577,0.18582608759826977,0.02634843000177966,0,0.1558444609028128,0.05325513902565703,0.1782454264771367,0.01181929264330181,0.18333455088856052,0.16749500702460152,0.022125885531354576],
            [0.006897519523134575,0.04050236220374765,0.18191540060627398,0.10653579898731128,0,0.08268432755347253,0.17513789758040768,0.031998417711372705,0.20006968593696134,0.1447399358507529,0.029518654046565427],
            [0.002548665486074238,0.046933958627001705,0.15677499856386723,0.16108673672479515,0.11529476577513406,0,0.045899983768413845,0.00465032611343771,0.20878153110289435,0.1689463085190431,0.08908272531933849],
            [0.01814910970992119,0.06838755085423084,0.18625295353235857,0.07821264815732912,0.11652327622297146,0.219227526465556,0,0.1187646749255605,0.014786976957536195,0.1030106742469224,0.07668460892761385],
            [0.07586298132704283,0.02596051393772335,0.20355133516671114,0.16452256296610293,0.17062963851108873,0.12525550392301812,0.10663679997362727,0,0.04349975505054609,0.07382348577204666,0.010257423372092718],
            [0.037904224015169574,0.09136600576101281,0.05434236040060216,0.1347262484910532,0.14991986831254195,0.07954271311748543,0.16949616966020864,2.579096918002756E-4,0,0.20121698509785246,0.08122751545227348],
            [0.020053325265039924,0.09484716267308478,0.17295268340243866,0.1252299392636379,0.1734879208783137,0.16779250621067462,0.08616818683353653,0.10337605654277497,0.030285602039291315,0,0.02580661689120768],
            [0.1334366309859547,0.07212565789366955,0.198020280819623,0.027515143153969877,0.09093323431631825,0.07547024637875907,0.07440889157458869,0.1631011848246608,0.015306990549204359,0.1496817395032515,0]
        ],
        "city_names": ["Cardiff","Newcastle","Plymouth","Norwich","Manchester","London","Leeds","Sheffield","Birmingham","Liverpool","Portsmouth"],
        "reward_matrix": [
            [0,44455,20684,43918,68638,64503,62087,69479,85625,62427,51114],
            [44455,0,100,23333,69390,43918,88578,81186,65040,75601,30529],
            [20684,100,0,41806,24282,62391,17731,25123,41269,18071,75780],
            [43918,23333,41806,0,47516,85625,40965,48357,64503,41305,72236],
            [68638,69390,24282,47516,0,68101,87021,79628,89223,99999,54712],
            [64503,43918,62391,85625,68101,0,61550,68942,85088,61890,92821],
            [62087,88578,17731,40965,87021,61550,0,98817,82671,93232,48161],
            [69479,81186,25123,48357,79628,68942,98817,0,90064,85840,55553],
            [85625,65040,41269,64503,89223,85088,82671,90064,0,83012,71699],
            [62427,75601,18071,41305,99999,61890,93232,85840,83012,0,48501],
            [51114,30529,75780,72236,54712,92821,48161,55553,71699,48501,0]
        ]
    },
    "vehicle_cost_per_km": [5,5,5,5,5,5,5,5,5,5,5],
    "vehicle_capacities": [15,15,15,30,30,30,30,30,30,30,30],
    "runs": [{
        "number_of_vehicles": 3,
        "avg_task_cost_vs_number_of_task": [1232.5,616.25,410.8333333333333,763.75,970.8,867.8333333333331,743.8571428571428,917.7499999999999,815.7777777777777,734.1999999999999,847.3636363636364,842.8333333333334,772,722.4285714285714,722.2,699.125,643.0588235294117,674.4444444444445,641.6052631578947,599.2,639.1428571428571,645.4545454545455,582.5217391304348,617.4166666666666,596.74,631.8846153846151,572.9444444444445,495.10714285714283,615.7931034482758,574.7333333333333]
    }]
}