{
    "vehicle_starting_positions": ["Newcastle","Cardiff","Plymouth","Norwich","Manchester","London","Leeds","Sheffield","Birmingham","Liverpool","Portsmouth"],
    "task_distribution": {
        "distance_matrix": [
            [0,345,477.8,348,209.9,233,246.5,205.2,115,244.6,307.8],
            [345,0,592.8,463,205.7,348,98.5,139.8,230,171,422.8],
            [477.8,592.8,0,359.8,457.7,244.8,494.3,453,362.8,492.4,170],
            [348,463,359.8,0,327.9,115,364.5,323.2,233,362.6,189.8],
            [209.9,205.7,457.7,327.9,0,212.9,107.2,148.5,94.9,34.7,287.7],
            [233,348,244.8,115,212.9,0,249.5,208.2,118,247.6,74.8],
            [246.5,98.5,494.3,364.5,107.2,249.5,0,41.3,131.5,72.5,324.3],
            [205.2,139.8,453,323.2,148.5,208.2,41.3,0,90.2,113.8,283],
            [115,230,362.8,233,94.9,118,131.5,90.2,0,129.6,192.8],
            [244.6,171,492.4,362.6,34.7,247.6,72.5,113.8,129.6,0,322.4],
            [307.8,422.8,170,189.8,287.7,74.8,324.3,283,192.8,322.4,0]
        ],
        "weight_matrix": [
            [0,3,3,3,3,3,3,3,3,3,3],
            [3,0,3,3,3,3,3,3,3,3,3],
            [3,3,0,3,3,3,3,3,3,3,3],
            [3,3,3,0,3,3,3,3,3,3,3],
            [3,3,3,3,0,3,3,3,3,3,3],
            [3,3,3,3,3,0,3,3,3,3,3],
            [3,3,3,3,3,3,0,3,3,3,3],
            [3,3,3,3,3,3,3,0,3,3,3],
            [3,3,3,3,3,3,3,3,0,3,3],
            [3,3,3,3,3,3,3,3,3,0,3],
            [3,3,3,3,3,3,3,3,3,3,0]
        ],
        "probability_matrix": [
            [0,0.051480590180132596,0.14108245551212692,0.19197716590073813,0.027477127864586632,0.12575519281259082,0.19783887890991522,0.062061765380283955,0.01771852305736557,0.0163898701948713,0.16821843018738855],
            [0.11528745632129138,0,0.05547034139712201,0.04104811098817585,0.06919001810957613,0.07055631850669983,0.19298844523112443,0.15744321343888862,0.04408988900655806,0.0888312178831422,0.16509498911742135],
            [0.010588403769963168,0.04425659781396275,0,0.11076738086480965,0.14674443036165385,0.13198771176933038,0.14001366938377444,0.13502279098636435,0.09035732355587575,0.0895544213632515,0.10070727013101426],
            [0.17836485573380728,0.0727504561337477,0.10319159417977877,0,0.0033068960261762757,0.19144423832506596,0.04690555690345583,0.026607346659834656,0.02740795964311054,0.15166097536863182,0.19836012102639106],
            [0.12277304082564777,0.11572493337613317,0.0011202180642321134,0.115746632038818,0,0.04568346719263762,0.14496844976854334,0.15808013881423738,0.07496799813372686,0.05891322979671269,0.16202189198931105],
            [0.14417556256949055,0.08527116888067479,0.005895329797398154,0.02632822815898147,0.11800229939506578,0,0.005209264183321688,0.18963000842304653,0.17007470555943446,0.14332286989261353,0.11209056313997307],
            [0.20260946599034946,0.0950336731143105,0.13225022210313048,0.12453232137442401,0.02924856560714707,0.17811548780848077,0,0.029203500033236407,0.09991585653832119,0.01843336690685565,0.09065754052374464],
            [0.07581099886364197,0.1916926833532082,0.04896876754902667,0.02598956019095897,0.08977419930957188,0.1261221575867562,0.13209801635812257,0,0.12561904406714441,0.05754439693450415,0.12638017578706487],
            [0.21792633327563088,0.07323403193856987,0.007199210617599387,0.0957972788887247,0.022160753775039767,0.07757240862298288,0.13419179191195874,0.10040820807740354,0,0.12638960980930825,0.14512037308278206],
            [0.09034691296575066,0.11871451735314077,0.10238788319858451,0.041080724554492166,0.1528297611592661,0.11415469496857014,0.13142566066220587,0.13919728600089695,0.013985429564291692,0,0.09587712957280102],
            [0.2561922952882467,0.15510945220528408,0.0033876279712096264,0.04145199845737798,0.1916449555487933,0.06731426552323957,0.03778294353716752,0.13003881929256966,0.04533725691554281,0.07174038526056874,0]
        ],
        "city_names": ["Cardiff","Newcastle","Plymouth","Norwich","Manchester","London","Leeds","Sheffield","Birmingham","Liverpool","Portsmouth"],
        "reward_matrix": [
            [0,44455,20684,43918,68638,64503,62087,69479,85625,62427,51114],
            [44455,0,100,23333,69390,43918,88578,81186,65040,75601,30529],
            [20684,100,0,41806,24282,62391,17731,25123,41269,18071,75780],
            [43918,23333,41806,0,47516,85625,40965,48357,64503,41305,72236],
            [68638,69390,24282,47516,0,68101,87021,79628,89223,99999,54712],
            [64503,43918,62391,85625,68101,0,61550,68942,85088,61890,92821],
            [62087,88578,17731,40965,87021,61550,0,98817,82671,93232,48161],
            [69479,81186,25123,48357,79628,68942,98817,0,90064,85840,55553],
            [85625,65040,41269,64503,89223,85088,82671,90064,0,83012,71699],
            [62427,75601,18071,41305,99999,61890,93232,85840,83012,0,48501],
            [51114,30529,75780,72236,54712,92821,48161,55553,71699,48501,0]
        ]
    },
    "vehicle_cost_per_km": [5,10,5,5,5,5,5,5,5,5,5],
    "vehicle_capacities": [15,15,15,30,30,30,30,30,30,30,30],
    "runs": [{
        "number_of_vehicles": 3,
        "avg_task_cost_vs_number_of_task": [2667.9999999999995,1334,1138.6666666666667,957.25,1024,1057.3333333333333,911.4285714285714,1014.9999999999999,902.2222222222222,868,789.0909090909091,764.125,705.3461538461538,620,665.0666666666667,734.1250000000001,692.7058823529413,757.0555555555555,705.6842105263158,738.35,657.2380952380954,677.6363636363636,566.7826086956522,723,668.44,672.5384615384615,669.7037037037037,659.4642857142857,634.9137931034483,714.5333333333333]
    }]
}