{
    "vehicle_starting_positions": ["Newcastle","Cardiff","Plymouth","Norwich","Manchester","London","Leeds","Sheffield","Birmingham","Liverpool","Portsmouth"],
    "task_distribution": {
        "distance_matrix": [
            [0,345,477.8,348,209.9,233,246.5,205.2,115,244.6,307.8],
            [345,0,592.8,463,205.7,348,98.5,139.8,230,171,422.8],
            [477.8,592.8,0,359.8,457.7,244.8,494.3,453,362.8,492.4,170],
            [348,463,359.8,0,327.9,115,364.5,323.2,233,362.6,189.8],
            [209.9,205.7,457.7,327.9,0,212.9,107.2,148.5,94.9,34.7,287.7],
            [233,348,244.8,115,212.9,0,249.5,208.2,118,247.6,74.8],
            [246.5,98.5,494.3,364.5,107.2,249.5,0,41.3,131.5,72.5,324.3],
            [205.2,139.8,453,323.2,148.5,208.2,41.3,0,90.2,113.8,283],
            [115,230,362.8,233,94.9,118,131.5,90.2,0,129.6,192.8],
            [244.6,171,492.4,362.6,34.7,247.6,72.5,113.8,129.6,0,322.4],
            [307.8,422.8,170,189.8,287.7,74.8,324.3,283,192.8,322.4,0]
        ],
        "weight_matrix": [
            [0,3,3,3,3,3,3,3,3,3,3],
            [3,0,3,3,3,3,3,3,3,3,3],
            [3,3,0,3,3,3,3,3,3,3,3],
            [3,3,3,0,3,3,3,3,3,3,3],
            [3,3,3,3,0,3,3,3,3,3,3],
            [3,3,3,3,3,0,3,3,3,3,3],
            [3,3,3,3,3,3,0,3,3,3,3],
            [3,3,3,3,3,3,3,0,3,3,3],
            [3,3,3,3,3,3,3,3,0,3,3],
            [3,3,3,3,3,3,3,3,3,0,3],
            [3,3,3,3,3,3,3,3,3,3,0]
        ],
        "probability_matrix": [
            [0,0.14544436641287037,0.15632491588868705,0.17521312007784634,0.04768583914604256,0.03497682449897934,0.05596918504502019,0.1476778173406864,0.11300981226971553,0.041753786994272686,0.08194433232587972],
            [0.14837076523007114,0,0.08551315891522213,0.08230991258655133,0.060395148549711716,0.07250787369628683,0.22121615342782,0.1296992480475074,0.020036868665308852,0.15563201450708233,0.02431885637443843],
            [0.04744648682151663,0.14669217269621068,0,0.030461166087304918,0.11820478337188242,0.018199643559488977,0.09077109571927063,0.21501227507192947,0.2046931745344895,0.0077295320102354495,0.1207896701276714],
            [0.05974251109517598,0.1710684079078687,0.100709793835503,0,0.04015023411623322,0.15945289022558093,0.11156132201722375,0.11866686414678061,0.13146122397309018,0.09047785398190429,0.016708898700639258],
            [0.09978387224183136,0.08308673944954885,0.16204426297895946,0.17577075772992123,0,0.02616897619441123,0.11862492348756908,0.042729291718523674,0.13033515660816852,0.1436488825385353,0.017807137052531372],
            [0.0900611690073078,0.07317773196486908,0.1333378116698582,0.14005139938914643,0.14148593025598988,0,0.08068980085011963,0.07459029442088237,0.06159606794728481,0.05446939395150333,0.1505404005430385],
            [0.09005488253290482,0.002988342638783989,0.16464131545126098,0.1756162528924951,0.025998955243155174,0.16652814340705513,0,0.005375823670450658,0.11140085866632338,0.1774042155910784,0.07999120990649222],
            [0.1567808228201089,0.04442217268438069,0.0605102025851802,0.009282679218543682,0.07799356660534973,0.03321583491481856,0.08080485091970191,0,0.18261989778875415,0.16341265130877858,0.1909573211543838],
            [6.512760834555027E-4,0.1186653659983961,0.00448642398605888,0.06132232082131333,0.16524256389536385,0.18751403858926885,0.06293580412341805,0.11457531694062367,0,0.16616309435184778,0.11844379521025415],
            [0.08440619550304239,0.08669963197482328,0.011901936965661056,0.20223600635321423,0.2143380532173375,0.02070988712948618,0.11525480187917157,0.061851075488053076,0.04025504523932823,0,0.16234736624988264],
            [0.03994136834126537,0.138524010903838,0.06478093713285149,0.18318349302837414,0.0036924823232567195,0.06704258070748222,0.13783713116321444,0.0541646919859845,0.1891543633309894,0.12167894108274362,0]
        ],
        "city_names": ["Cardiff","Newcastle","Plymouth","Norwich","Manchester","London","Leeds","Sheffield","Birmingham","Liverpool","Portsmouth"],
        "reward_matrix": [
            [0,44455,20684,43918,68638,64503,62087,69479,85625,62427,51114],
            [44455,0,100,23333,69390,43918,88578,81186,65040,75601,30529],
            [20684,100,0,41806,24282,62391,17731,25123,41269,18071,75780],
            [43918,23333,41806,0,47516,85625,40965,48357,64503,41305,72236],
            [68638,69390,24282,47516,0,68101,87021,79628,89223,99999,54712],
            [64503,43918,62391,85625,68101,0,61550,68942,85088,61890,92821],
            [62087,88578,17731,40965,87021,61550,0,98817,82671,93232,48161],
            [69479,81186,25123,48357,79628,68942,98817,0,90064,85840,55553],
            [85625,65040,41269,64503,89223,85088,82671,90064,0,83012,71699],
            [62427,75601,18071,41305,99999,61890,93232,85840,83012,0,48501],
            [51114,30529,75780,72236,54712,92821,48161,55553,71699,48501,0]
        ]
    },
    "vehicle_cost_per_km": [5,10,5,5,5,5,5,5,5,5,5],
    "vehicle_capacities": [5,5,5,30,30,30,30,30,30,30,30],
    "runs": [{
        "number_of_vehicles": 3,
        "avg_task_cost_vs_number_of_task": [2964,2315,1543.3333333333333,1338.75,1452,1267.8333333333333,1195.2857142857142,1271.0625,1294,1393.6999999999998,1386.5454545454543,1372.9999999999998,1296,1230.1428571428569,1366.7333333333331,1355.0624999999998,1388.7647058823527,1383.6111111111106,1329.052631578947,1272.6499999999996,1212.0476190476188,1173.8636363636363,1262.9999999999998,1210.375,1223.28,1199.3846153846155,1181.5925925925926,1139.392857142857,1205.2758620689656,1213.2]
    }]
}