{
    "vehicle_starting_positions": ["Newcastle","Cardiff","Plymouth","Norwich","Manchester","London","Leeds","Sheffield","Birmingham","Liverpool","Portsmouth"],
    "task_distribution": {
        "distance_matrix": [
            [0,345,477.8,348,209.9,233,246.5,205.2,115,244.6,307.8],
            [345,0,592.8,463,205.7,348,98.5,139.8,230,171,422.8],
            [477.8,592.8,0,359.8,457.7,244.8,494.3,453,362.8,492.4,170],
            [348,463,359.8,0,327.9,115,364.5,323.2,233,362.6,189.8],
            [209.9,205.7,457.7,327.9,0,212.9,107.2,148.5,94.9,34.7,287.7],
            [233,348,244.8,115,212.9,0,249.5,208.2,118,247.6,74.8],
            [246.5,98.5,494.3,364.5,107.2,249.5,0,41.3,131.5,72.5,324.3],
            [205.2,139.8,453,323.2,148.5,208.2,41.3,0,90.2,113.8,283],
            [115,230,362.8,233,94.9,118,131.5,90.2,0,129.6,192.8],
            [244.6,171,492.4,362.6,34.7,247.6,72.5,113.8,129.6,0,322.4],
            [307.8,422.8,170,189.8,287.7,74.8,324.3,283,192.8,322.4,0]
        ],
        "weight_matrix": [
            [0,3,3,3,3,3,3,3,3,3,3],
            [3,0,3,3,3,3,3,3,3,3,3],
            [3,3,0,3,3,3,3,3,3,3,3],
            [3,3,3,0,3,3,3,3,3,3,3],
            [3,3,3,3,0,3,3,3,3,3,3],
            [3,3,3,3,3,0,3,3,3,3,3],
            [3,3,3,3,3,3,0,3,3,3,3],
            [3,3,3,3,3,3,3,0,3,3,3],
            [3,3,3,3,3,3,3,3,0,3,3],
            [3,3,3,3,3,3,3,3,3,0,3],
            [3,3,3,3,3,3,3,3,3,3,0]
        ],
        "probability_matrix": [
            [0,0.15285050388619736,0.15787528766899692,0.03564686093995161,0.15320565302957204,0.043786951145323334,0.048270937189942846,0.1547988355997371,0.10996319692162237,0.12748947685955522,0.01611229675910117],
            [0.1155450747326901,0,0.14617332059028754,0.05898391237092078,0.16213037100604422,0.06562699153507337,0.1701989176560916,0.16759245586339344,0.031210704746013954,0.005983592647566448,0.07655465885191859],
            [0.07564654580050145,0.04137452953503625,0,0.10222233212422685,0.2058861105711543,0.015283555162697644,0.07875863482460474,0.0600814314342148,0.18926707266331116,0.15017670593077326,0.08130308195347971],
            [0.06170635939144078,0.07040194103727794,0.004942156853894256,0,0.10350667760693293,0.044824529261193874,0.07888230376474221,0.1466138025967974,0.11599721453720759,0.1827366761380909,0.19038833881242206],
            [0.12111621134433802,0.09319301414985075,0.07627211859129919,0.034606550694324466,0,0.1534895206062995,0.1309750108395804,0.061719636359062344,0.17130129011276304,0.10794245714291548,0.04938419015956678],
            [0.10222896154200588,0.06938532453992118,0.09892049792003402,0.006879783761692452,0.14787144807338634,0,0.160387224923935,0.13326701164435883,0.12735493832905428,0.0742988247985927,0.07940598446701948],
            [0.07820384036335475,0.05095807017958431,0.0809815138767676,0.19031848524889897,0.18393540119241822,0.07223298818102707,0,0.1065669954903217,0.18984945084090266,0.0074255858227492795,0.03952766880397554],
            [0.05044791283558339,0.13726599168718132,0.14944838348744424,0.11567063793058303,0.1493169791992974,0.08368825173747993,0.1545834164281934,0,0.03172465413643566,0.03235165724283891,0.09550211531496275],
            [0.06135584823752891,0.011120948939279236,0.17538024375547104,0.13497447719620986,0.08412194987499802,0.024441084708847257,0.14245993337557283,0.16390631149070356,0,0.09854942279099241,0.10368977963039683],
            [0.06731951302649386,0.09851252521596561,0.017965300717789474,0.17157484886661226,0.05485532201871252,0.07960960088664668,0.04634498069955295,0.17227301618590174,0.12714214930900133,0,0.16440274307332367],
            [0.041714070856161266,0.09966856418866293,0.2319391158477642,0.20357256556817455,0.12362127770344862,0.08586339479654319,0.07163615091510951,0.105080121643881,0.009016907645930985,0.0278878308343237,0]
        ],
        "city_names": ["Cardiff","Newcastle","Plymouth","Norwich","Manchester","London","Leeds","Sheffield","Birmingham","Liverpool","Portsmouth"],
        "reward_matrix": [
            [0,44455,20684,43918,68638,64503,62087,69479,85625,62427,51114],
            [44455,0,100,23333,69390,43918,88578,81186,65040,75601,30529],
            [20684,100,0,41806,24282,62391,17731,25123,41269,18071,75780],
            [43918,23333,41806,0,47516,85625,40965,48357,64503,41305,72236],
            [68638,69390,24282,47516,0,68101,87021,79628,89223,99999,54712],
            [64503,43918,62391,85625,68101,0,61550,68942,85088,61890,92821],
            [62087,88578,17731,40965,87021,61550,0,98817,82671,93232,48161],
            [69479,81186,25123,48357,79628,68942,98817,0,90064,85840,55553],
            [85625,65040,41269,64503,89223,85088,82671,90064,0,83012,71699],
            [62427,75601,18071,41305,99999,61890,93232,85840,83012,0,48501],
            [51114,30529,75780,72236,54712,92821,48161,55553,71699,48501,0]
        ]
    },
    "vehicle_cost_per_km": [10,5,10,5,5,5,5,5,5,5,5],
    "vehicle_capacities": [10,10,10,30,30,30,30,30,30,30,30],
    "runs": [{
        "number_of_vehicles": 3,
        "avg_task_cost_vs_number_of_task": [2389,2094,1696.6666666666667,1451,1420,1354.3333333333333,1160.857142857143,1015.75,902.8888888888889,812.6,969.3636363636364,938.6666666666666,969.8461538461538,1076.2142857142858,952.6,942.3750000000001,897.6470588235294,887.388888888889,930.4473684210526,945.8500000000001,976.0476190476193,962.4318181818181,1000.3478260869565,981.5416666666669,888.4600000000003,1039.6538461538462,1058.0740740740744,993.1428571428571,1002.8275862068969,1082.6666666666667]
    }]
}