{
    "vehicle_starting_positions": ["Brest","Paris","Marseille","Genève","Monaco","Le Havre","Bordeaux","Lyon","Strasbourg"],
    "task_distribution": {
        "distance_matrix": [
            [0,591,1373,1206,1598,787,1175,1057,1078],
            [591,0,782,615,1007,196,584,466,487],
            [1373,782,0,465,225,978,646,316,854],
            [1206,615,465,0,521,811,737,149,389],
            [1598,1007,225,521,0,1203,871,541,910],
            [787,196,978,811,1203,0,780,662,683],
            [1175,584,646,737,871,780,0,588,1071],
            [1057,466,316,149,541,662,588,0,538],
            [1078,487,854,389,910,683,1071,538,0]
        ],
        "weight_matrix": [
            [0,3,3,3,3,3,3,3,3],
            [3,0,3,3,3,3,3,3,3],
            [3,3,0,3,3,3,3,3,3],
            [3,3,3,0,3,3,3,3,3],
            [3,3,3,3,0,3,3,3,3],
            [3,3,3,3,3,0,3,3,3],
            [3,3,3,3,3,3,0,3,3],
            [3,3,3,3,3,3,3,0,3],
            [3,3,3,3,3,3,3,3,0]
        ],
        "probability_matrix": [
            [0,0.19851869403849237,0.02330349141024547,0.1449816858708775,0.1198367826556675,0.1753629847454768,0.09233498777510311,0.1718140612146632,0.07384731228947415],
            [0.11125716588665173,0,0.25288294244382414,0.04793918707032638,0.10899996452078858,0.09426518095429805,0.11758743690069247,0.07726598032527186,0.1898021418981469],
            [0.11780808284157299,0.16498951347744664,0,0.0679030866190143,0.2036230727777902,0.20119577791614554,0.13066077962924258,0.09424407548227258,0.01957561125651491],
            [0.15372410650658982,0.18006698985078343,0.04294284301686162,0,0.16888907803997358,0.1780115879542026,0.04092709208104845,0.056503322224559095,0.1789349803259812],
            [0.2760282953264956,0.1429421730628043,0.07569097493315652,0.0265794136111554,0,0.237179053412119,0.09040028162242414,0.030012478403978558,0.1211673296278666],
            [0.2006342735474175,0.0031389810927661263,0.10593945446628451,0.09844308591274216,0.08319432388209201,0,0.15740533941263407,0.21117563601994047,0.14006890566612323],
            [0.1620962551983727,0.18738246281587256,0.17581381187171252,0.09184478612912726,0.11961456649483304,0.0030171778593516374,0,0.07645949752922541,0.18377144210150495],
            [0.222003768840414,0.2436667968137999,0.05526573091100494,0.09157662317706593,0.13519857883567934,0.06721829200634115,0.01894411981169358,0,0.166126089604001],
            [0.0160363997904636,0.20977831141631173,0.29551810724151745,0.1716389699259302,0.012542005340962503,0.07910384862883861,0.06519137581692182,0.15019098183905402,0]
        ],
        "city_names": ["Brest","Paris","Marseille","Genève","Monaco","Le Havre","Bordeaux","Lyon","Strasbourg"],
        "reward_matrix": [
            [0,69526,15612,27125,100,56013,29263,37398,35950],
            [69526,0,56357,67871,40845,96758,70008,78143,76696],
            [15612,56357,0,78212,94759,42844,65734,88485,51393],
            [27125,67871,78212,0,74352,54358,59460,99999,83452],
            [100,40845,94759,74352,0,27332,50221,72973,47533],
            [56013,96758,42844,54358,27332,0,56495,64631,63183],
            [29263,70008,65734,59460,50221,56495,0,69732,36433],
            [37398,78143,88485,99999,72973,64631,69732,0,73180],
            [35950,76696,51393,83452,47533,63183,36433,73180,0]
        ]
    },
    "vehicle_cost_per_km": [5,15,15,5,5,5,5,5,5],
    "vehicle_capacities": [15,15,15,30,30,30,30,30,30],
    "runs": [{
        "number_of_vehicles": 3,
        "avg_task_cost_vs_number_of_task": [4740,5567.5,4458.333333333333,3343.75,3162,2635,2720,2625,2405,2100,2161.818181818182,2320,2429.230769230769,2307.5,2197.6666666666665,1961.25,2422.9411764705883,2253.8888888888887,2277.1052631578946,2574,2029.047619047619,2244.090909090909,2727.8260869565215,2495.2083333333335,2464.8,2748.4615384615386,2593.8888888888887,2487.3214285714284,2718.2758620689656,2465.5]
    }]
}