{
    "vehicle_starting_positions": ["Brest","Paris","Marseille","Genève","Monaco","Le Havre","Bordeaux","Lyon","Strasbourg"],
    "task_distribution": {
        "distance_matrix": [
            [0,591,1373,1206,1598,787,1175,1057,1078],
            [591,0,782,615,1007,196,584,466,487],
            [1373,782,0,465,225,978,646,316,854],
            [1206,615,465,0,521,811,737,149,389],
            [1598,1007,225,521,0,1203,871,541,910],
            [787,196,978,811,1203,0,780,662,683],
            [1175,584,646,737,871,780,0,588,1071],
            [1057,466,316,149,541,662,588,0,538],
            [1078,487,854,389,910,683,1071,538,0]
        ],
        "weight_matrix": [
            [0,3,3,3,3,3,3,3,3],
            [3,0,3,3,3,3,3,3,3],
            [3,3,0,3,3,3,3,3,3],
            [3,3,3,0,3,3,3,3,3],
            [3,3,3,3,0,3,3,3,3],
            [3,3,3,3,3,0,3,3,3],
            [3,3,3,3,3,3,0,3,3],
            [3,3,3,3,3,3,3,0,3],
            [3,3,3,3,3,3,3,3,0]
        ],
        "probability_matrix": [
            [0,0.1616072949998702,0.24142600130210826,0.03881743293707851,0.0022736530242413815,1.4805053985425534E-4,0.1280460427149332,0.17061357661103138,0.2570679478708827],
            [0.11014135148017776,0,0.16613740809809593,0.14896678187720228,0.15686661378191213,0.220257999024569,0.0015153527481058362,0.15228834658069498,0.04382614640924178],
            [0.30310281314065485,0.03363440912631255,0,0.011607571748135813,0.09906520056505456,0.024294706904762542,0.11040973289009384,0.2577181509305983,0.16016741469438753],
            [0.26208488478376046,0.2824546961435608,0.004721820374034381,0,0.08891485529844058,0.06429067424991998,0.10408870672691858,0.17695959637188746,0.01648476605147768],
            [0.09766836254114225,0.08124064252350528,0.2314764394980992,0.09266673924748021,0,0.06104459900366011,0.22070480886592125,0.06423229694119036,0.1509661113790013],
            [0.22400652900973905,1.3017605388199478E-4,0.09859335769244384,0.1138336173238112,0.18728744444386,0,0.06481121231542142,0.2024935195843442,0.10884414357649833],
            [0.029022661464884043,0.19780571364720947,0.23601789001121457,0.1030744897227612,0.06927257097595711,0.10842074941286454,0,0.06043818253833282,0.19594774222677624],
            [0.2142975070872896,0.0014282619772480792,0.002556452838027287,0.07706931345616981,0.16795731874406047,0.21695760020254562,0.08514159447339276,0,0.2345919512212664],
            [0.257451869567648,0.22840112463918313,0.007910863775855904,0.01658217796722471,0.08446027860339628,0.15426353086973488,0.11382941170301789,0.1371007428739393,0]
        ],
        "city_names": ["Brest","Paris","Marseille","Genève","Monaco","Le Havre","Bordeaux","Lyon","Strasbourg"],
        "reward_matrix": [
            [0,69526,15612,27125,100,56013,29263,37398,35950],
            [69526,0,56357,67871,40845,96758,70008,78143,76696],
            [15612,56357,0,78212,94759,42844,65734,88485,51393],
            [27125,67871,78212,0,74352,54358,59460,99999,83452],
            [100,40845,94759,74352,0,27332,50221,72973,47533],
            [56013,96758,42844,54358,27332,0,56495,64631,63183],
            [29263,70008,65734,59460,50221,56495,0,69732,36433],
            [37398,78143,88485,99999,72973,64631,69732,0,73180],
            [35950,76696,51393,83452,47533,63183,36433,73180,0]
        ]
    },
    "vehicle_cost_per_km": [5,10,5,5,5,5,5,5,5],
    "vehicle_capacities": [5,5,5,30,30,30,30,30,30],
    "runs": [{
        "number_of_vehicles": 3,
        "avg_task_cost_vs_number_of_task": [6150,6150,6160,5892.5,5884,5803.333333333333,5295.714285714285,5771.875,6470.555555555556,5823.5,5507.727272727273,5704.583333333333,6251.923076923077,6083.214285714285,5931.333333333333,5683.125,5348.823529411765,5267.777777777777,5093.684210526316,4951.5,4866.190476190476,4938.636363636364,5016.304347826087,4901.041666666667,4853.2,4884.423076923077,5012.962962962963,4887.142857142857,4718.620689655172,4855.5]
    }]
}