{
    "vehicle_starting_positions": ["Brest","Paris","Marseille","Genève","Monaco","Le Havre","Bordeaux","Lyon","Strasbourg"],
    "task_distribution": {
        "distance_matrix": [
            [0,591,1373,1206,1598,787,1175,1057,1078],
            [591,0,782,615,1007,196,584,466,487],
            [1373,782,0,465,225,978,646,316,854],
            [1206,615,465,0,521,811,737,149,389],
            [1598,1007,225,521,0,1203,871,541,910],
            [787,196,978,811,1203,0,780,662,683],
            [1175,584,646,737,871,780,0,588,1071],
            [1057,466,316,149,541,662,588,0,538],
            [1078,487,854,389,910,683,1071,538,0]
        ],
        "weight_matrix": [
            [0,3,3,3,3,3,3,3,3],
            [3,0,3,3,3,3,3,3,3],
            [3,3,0,3,3,3,3,3,3],
            [3,3,3,0,3,3,3,3,3],
            [3,3,3,3,0,3,3,3,3],
            [3,3,3,3,3,0,3,3,3],
            [3,3,3,3,3,3,0,3,3],
            [3,3,3,3,3,3,3,0,3],
            [3,3,3,3,3,3,3,3,0]
        ],
        "probability_matrix": [
            [0,0.23323350099346207,0.02101375705290729,0.15085137480853314,0.032961997527986,0.009459407184161215,0.16283458335640502,0.14994557569754863,0.2396998033789968],
            [0.00771488707811614,0,0.1942135883603057,0.14838506417164068,0.20012328995600454,0.09308630568087149,0.19831588627500327,0.1178272719232877,0.040333706554770504],
            [0.10917429634884765,0.018562178861513304,0,0.19333712893187094,0.0816520969749182,0.04724162969428219,0.1822069998747395,0.24111353414520698,0.1267121351686212],
            [0.053510632095176945,0.18796253802741328,0.03683665898260872,0,0.21838113910575807,0.22262141026916257,0.057257777634480984,0.21227851156714975,0.011151332318249682],
            [0.10010067674873606,0.17859597819014456,0.1518856387685474,0.07470088505108494,0,0.2410892125486687,0.11671111958776367,0.09762394933942446,0.03929253976563022],
            [0.1464337970052596,0.14393312756565715,0.05449556550880463,0.15393853395217955,0.09003105549422405,0,0.02038881713806662,0.20577102023593452,0.1850080830998738],
            [0.11871151391663681,0.14597401993707246,0.19680021492964456,0.19851885705498645,0.008881503853949079,0.2296679773995456,0,0.04981025063348335,0.05163566227468186],
            [0.20425068100759214,0.17861159626376835,0.0634872013129741,0.052275965719801094,0.20572894149665008,0.04209379455190611,0.05793842837495545,0,0.1956133912723526],
            [0.06447970113012251,0.14153937564405025,0.015397774591142352,0.13545864509533173,0.29079480484332093,0.048614316408371466,0.12615004196761523,0.17756534032004553,0]
        ],
        "city_names": ["Brest","Paris","Marseille","Genève","Monaco","Le Havre","Bordeaux","Lyon","Strasbourg"],
        "reward_matrix": [
            [0,69526,15612,27125,100,56013,29263,37398,35950],
            [69526,0,56357,67871,40845,96758,70008,78143,76696],
            [15612,56357,0,78212,94759,42844,65734,88485,51393],
            [27125,67871,78212,0,74352,54358,59460,99999,83452],
            [100,40845,94759,74352,0,27332,50221,72973,47533],
            [56013,96758,42844,54358,27332,0,56495,64631,63183],
            [29263,70008,65734,59460,50221,56495,0,69732,36433],
            [37398,78143,88485,99999,72973,64631,69732,0,73180],
            [35950,76696,51393,83452,47533,63183,36433,73180,0]
        ]
    },
    "vehicle_cost_per_km": [10,5,10,5,5,5,5,5,5],
    "vehicle_capacities": [10,10,10,30,30,30,30,30,30],
    "runs": [{
        "number_of_vehicles": 3,
        "avg_task_cost_vs_number_of_task": [3820,3035,3898.3333333333335,2923.75,2339,2518.3333333333335,2478.5714285714284,2413.75,2288.8888888888887,2353,2078.6363636363635,2302.0833333333335,2334.6153846153848,2500.3571428571427,2466,2625.3125,2908.235294117647,2681.1111111111113,2572.6315789473683,2843.25,2673.095238095238,2843.181818181818,2730.4347826086955,2632.2916666666665,2648.6,2477.8846153846152,2548.703703703704,2609.6428571428573,2505,2504]
    }]
}