{
    "vehicle_starting_positions": ["Brest","Paris","Marseille","Genève","Monaco","Le Havre","Bordeaux","Lyon","Strasbourg"],
    "task_distribution": {
        "distance_matrix": [
            [0,591,1373,1206,1598,787,1175,1057,1078],
            [591,0,782,615,1007,196,584,466,487],
            [1373,782,0,465,225,978,646,316,854],
            [1206,615,465,0,521,811,737,149,389],
            [1598,1007,225,521,0,1203,871,541,910],
            [787,196,978,811,1203,0,780,662,683],
            [1175,584,646,737,871,780,0,588,1071],
            [1057,466,316,149,541,662,588,0,538],
            [1078,487,854,389,910,683,1071,538,0]
        ],
        "weight_matrix": [
            [0,3,3,3,3,3,3,3,3],
            [3,0,3,3,3,3,3,3,3],
            [3,3,0,3,3,3,3,3,3],
            [3,3,3,0,3,3,3,3,3],
            [3,3,3,3,0,3,3,3,3],
            [3,3,3,3,3,0,3,3,3],
            [3,3,3,3,3,3,0,3,3],
            [3,3,3,3,3,3,3,0,3],
            [3,3,3,3,3,3,3,3,0]
        ],
        "probability_matrix": [
            [0,0.22827573979965254,0.04183918572017592,0.2673057322704037,0.05375180284219805,0.15617005271978493,0.06603092027802163,0.06967355515327495,0.11695301121648836],
            [0.09112760859041828,0,0.15342169113826257,0.18909712157299371,0.031948026338903666,0.3310239854982336,0.06889839846227123,0.07793309363565137,0.05655007476326546],
            [0.04313563407420994,0.1962859175230868,0,0.019825319374488014,0.19101816827631338,0.18423254566646868,0.0738628266756536,0.09097406396049462,0.20066552444928482],
            [0.06462779033205757,0.1486606357477285,0.23746719645098685,0,0.21497583841219436,0.11547824599695401,0.09329426477834812,0.12403080662291915,0.0014652216588113601],
            [0.03703965306470327,0.12477208391828254,0.07748759617563533,0.2313180833831439,0,0.08436893528892682,0.15711603512586722,0.12720849120045663,0.16068912184298415],
            [0.176503749569916,0.24422746666704626,0.050668418385005305,0.07019464230693453,0.15742500480465016,0,0.09277038782789415,0.009798475163392693,0.19841185527516111],
            [0.116769325844471,0.09690107052447228,0.18837010036804405,0.08848782065164786,0.14241390771049717,0.1888090958223915,0,0.035623263068089675,0.14262541601038642],
            [0.20747158257191212,0.005536150457387004,0.11446814044835142,0.20654461916920203,0.022973938667992997,0.08515435318623127,0.19751245765974199,0,0.16033875783918128],
            [0.22574587237438754,0.04817656253193827,0.12502464747952094,0.1462389221667076,0.06529093367914894,0.10902779085171423,0.10909733338105305,0.17139793753552912,0]
        ],
        "city_names": ["Brest","Paris","Marseille","Genève","Monaco","Le Havre","Bordeaux","Lyon","Strasbourg"],
        "reward_matrix": [
            [0,69526,15612,27125,100,56013,29263,37398,35950],
            [69526,0,56357,67871,40845,96758,70008,78143,76696],
            [15612,56357,0,78212,94759,42844,65734,88485,51393],
            [27125,67871,78212,0,74352,54358,59460,99999,83452],
            [100,40845,94759,74352,0,27332,50221,72973,47533],
            [56013,96758,42844,54358,27332,0,56495,64631,63183],
            [29263,70008,65734,59460,50221,56495,0,69732,36433],
            [37398,78143,88485,99999,72973,64631,69732,0,73180],
            [35950,76696,51393,83452,47533,63183,36433,73180,0]
        ]
    },
    "vehicle_cost_per_km": [15,5,5,5,5,5,5,5,5],
    "vehicle_capacities": [15,15,15,30,30,30,30,30,30],
    "runs": [{
        "number_of_vehicles": 3,
        "avg_task_cost_vs_number_of_task": [5125,5517.5,3678.3333333333335,3736.25,3270,2725,2335.714285714286,2043.75,2127.222222222222,1914.5,1740.4545454545455,1595.4166666666667,1472.6923076923076,1972.5,1981.3333333333333,2047.5,2256.764705882353,2203.3333333333335,2087.3684210526317,2075.25,2005.4761904761904,1880.2272727272727,1859.7826086956522,1910,1924.6,1780.9615384615386,2090.925925925926,1989.8214285714287,1874.4827586206898,2001]
    }]
}