{
    "vehicle_starting_positions": ["Brest","Paris","Marseille","Genève","Monaco","Le Havre","Bordeaux","Lyon","Strasbourg"],
    "task_distribution": {
        "distance_matrix": [
            [0,591,1373,1206,1598,787,1175,1057,1078],
            [591,0,782,615,1007,196,584,466,487],
            [1373,782,0,465,225,978,646,316,854],
            [1206,615,465,0,521,811,737,149,389],
            [1598,1007,225,521,0,1203,871,541,910],
            [787,196,978,811,1203,0,780,662,683],
            [1175,584,646,737,871,780,0,588,1071],
            [1057,466,316,149,541,662,588,0,538],
            [1078,487,854,389,910,683,1071,538,0]
        ],
        "weight_matrix": [
            [0,3,3,3,3,3,3,3,3],
            [3,0,3,3,3,3,3,3,3],
            [3,3,0,3,3,3,3,3,3],
            [3,3,3,0,3,3,3,3,3],
            [3,3,3,3,0,3,3,3,3],
            [3,3,3,3,3,0,3,3,3],
            [3,3,3,3,3,3,0,3,3],
            [3,3,3,3,3,3,3,0,3],
            [3,3,3,3,3,3,3,3,0]
        ],
        "probability_matrix": [
            [0,0.13498386218953376,0.046442105947109937,0.09209177037863192,0.21763643045498315,0.09133073798458782,0.17807910476234246,0.08583727977352916,0.1535987085092819],
            [0.16068756595793202,0,0.08457045148067717,0.013345923102580433,0.14854603954757062,0.08724321969602568,0.18327710922716306,0.16696996580922818,0.15535972517882293],
            [0.11620268379849712,0.004212313405277791,0,0.1636332126139843,0.17888856811404724,0.10986027008597489,0.07267471309794815,0.189173891392352,0.16535434749191852],
            [0.05467384722628509,0.1341162480524264,0.09741204134430058,0,0.08117542857879725,0.22959086917203994,0.16069532366624076,0.09415750116761401,0.14817874079229595],
            [0.1660662848312513,0.2588473012127342,0.003514871366506337,0.20910827448470862,0,0.024855410506579127,0.0021883263208011157,0.21332102324786648,0.12209850802955292],
            [0.11663322662366142,0.1326223685712467,0.18824116084036005,0.15831534473582154,0.13891853930758602,0,0.05948697577630161,0.14046033206223138,0.0653220520827913],
            [0.09783223785827405,0.30432384320929834,0.08312639655746197,0.11803849025731843,0.05973351538199699,0.08448967026285838,0,0.04809436515645059,0.2043614813163411],
            [0.00720860089262565,0.26302103044305547,0.03390969677260752,0.03343813589181298,0.255052656973272,0.03584840616353538,0.1839435140855077,0,0.18757795877758338],
            [0.07859600109190167,0.042470191754699356,0.14277883374492806,0.23312996410504105,0.10303236590421017,0.030275907781823878,0.2451867151982545,0.12453002041914137,0]
        ],
        "city_names": ["Brest","Paris","Marseille","Genève","Monaco","Le Havre","Bordeaux","Lyon","Strasbourg"],
        "reward_matrix": [
            [0,69526,15612,27125,100,56013,29263,37398,35950],
            [69526,0,56357,67871,40845,96758,70008,78143,76696],
            [15612,56357,0,78212,94759,42844,65734,88485,51393],
            [27125,67871,78212,0,74352,54358,59460,99999,83452],
            [100,40845,94759,74352,0,27332,50221,72973,47533],
            [56013,96758,42844,54358,27332,0,56495,64631,63183],
            [29263,70008,65734,59460,50221,56495,0,69732,36433],
            [37398,78143,88485,99999,72973,64631,69732,0,73180],
            [35950,76696,51393,83452,47533,63183,36433,73180,0]
        ]
    },
    "vehicle_cost_per_km": [5,15,10,5,5,5,5,5,5],
    "vehicle_capacities": [15,15,15,30,30,30,30,30,30],
    "runs": [{
        "number_of_vehicles": 3,
        "avg_task_cost_vs_number_of_task": [6030,3987.5,3796.6666666666665,3637.5,3697,3080.8333333333335,2960.714285714286,2590.625,2552.777777777778,2556,2570.909090909091,2441.25,2274.6153846153848,2112.1428571428573,2109.6666666666665,2045.3125,2032.3529411764705,2030.5555555555557,2063.684210526316,2357.25,2288.5714285714284,1974.7727272727273,2462.1739130434785,2334.375,2484.4,2091.5384615384614,2312.962962962963,2003.5714285714287,2318.793103448276,2088]
    }]
}