{
    "vehicle_starting_positions": ["Brest","Paris","Marseille","Genève","Monaco","Le Havre","Bordeaux","Lyon","Strasbourg"],
    "task_distribution": {
        "distance_matrix": [
            [0,591,1373,1206,1598,787,1175,1057,1078],
            [591,0,782,615,1007,196,584,466,487],
            [1373,782,0,465,225,978,646,316,854],
            [1206,615,465,0,521,811,737,149,389],
            [1598,1007,225,521,0,1203,871,541,910],
            [787,196,978,811,1203,0,780,662,683],
            [1175,584,646,737,871,780,0,588,1071],
            [1057,466,316,149,541,662,588,0,538],
            [1078,487,854,389,910,683,1071,538,0]
        ],
        "weight_matrix": [
            [0,3,3,3,3,3,3,3,3],
            [3,0,3,3,3,3,3,3,3],
            [3,3,0,3,3,3,3,3,3],
            [3,3,3,0,3,3,3,3,3],
            [3,3,3,3,0,3,3,3,3],
            [3,3,3,3,3,0,3,3,3],
            [3,3,3,3,3,3,0,3,3],
            [3,3,3,3,3,3,3,0,3],
            [3,3,3,3,3,3,3,3,0]
        ],
        "probability_matrix": [
            [0,0.1309240379207856,0.20882965077443058,0.0251519835531195,0.23558700105895952,0.21082108106669203,0.05738714370969155,0.014325579643955177,0.11697352227236599],
            [0.16543212991473472,0,0.06673249952915487,0.16443234122787367,0.17442197454142908,0.0568157275012944,0.04182401288736756,0.3197698858886988,0.010571428509446913],
            [0.18504235043956835,0.025619794277691482,0,0.03985258361392971,0.2105535558853563,0.10229972016819028,0.06249411399404132,0.18530220320275864,0.18883567841846394],
            [0.20583402924420535,0.19035695046458448,0.010657335102920417,0,0.13133037799648442,0.15824340541911303,0.15834596533711676,0.0025935368562740647,0.14263839957930144],
            [0.06817865446244466,0.18311290122537022,0.10267560317123832,0.028559861737895778,0,0.20879584061719855,0.08712160146756857,0.10403625660453229,0.21751928071375165],
            [0.10103007761440107,0.1546501159347947,0.1622798909464332,0.10860349685359424,0.1358838436912224,0,0.1059422965439765,0.08278371272019991,0.14882656569537805],
            [0.08426804111454418,0.20549280966214453,0.042774368339706076,0.13794852816434805,0.023597879905433723,0.1237329040726685,0,0.14899374662983564,0.2331917221113193],
            [0.17342218147061542,0.10136906684475648,0.05609256407900613,0.27412047445789267,0.27010232374882215,0.008854617468900932,0.07243125333054089,0,0.043607518599465406],
            [0.12363775310167138,0.085817838630584,0.15144858716186846,0.11690296168255955,0.0629770547314131,0.15603207482810277,0.15503333525404053,0.14815039460976004,0]
        ],
        "city_names": ["Brest","Paris","Marseille","Genève","Monaco","Le Havre","Bordeaux","Lyon","Strasbourg"],
        "reward_matrix": [
            [0,69526,15612,27125,100,56013,29263,37398,35950],
            [69526,0,56357,67871,40845,96758,70008,78143,76696],
            [15612,56357,0,78212,94759,42844,65734,88485,51393],
            [27125,67871,78212,0,74352,54358,59460,99999,83452],
            [100,40845,94759,74352,0,27332,50221,72973,47533],
            [56013,96758,42844,54358,27332,0,56495,64631,63183],
            [29263,70008,65734,59460,50221,56495,0,69732,36433],
            [37398,78143,88485,99999,72973,64631,69732,0,73180],
            [35950,76696,51393,83452,47533,63183,36433,73180,0]
        ]
    },
    "vehicle_cost_per_km": [15,5,15,5,5,5,5,5,5],
    "vehicle_capacities": [10,10,10,30,30,30,30,30,30],
    "runs": [{
        "number_of_vehicles": 3,
        "avg_task_cost_vs_number_of_task": [6160,3865,5741.666666666667,4306.25,3574,3195.8333333333335,2739.285714285714,2502.5,2817.777777777778,2395.5,2305.4545454545455,2347.0833333333335,1993.4615384615386,2537.5,2085.3333333333335,2797.8125,2844.4117647058824,2580,2596.315789473684,2863.5,3037.8571428571427,3131.590909090909,3163.478260869565,2547.2916666666665,3064.8,3278.4615384615386,2872.037037037037,3268.9285714285716,2896.206896551724,3010.5]
    }]
}