{
    "vehicle_starting_positions": ["Brest","Paris","Marseille","Genève","Monaco","Le Havre","Bordeaux","Lyon","Strasbourg"],
    "task_distribution": {
        "distance_matrix": [
            [0,591,1373,1206,1598,787,1175,1057,1078],
            [591,0,782,615,1007,196,584,466,487],
            [1373,782,0,465,225,978,646,316,854],
            [1206,615,465,0,521,811,737,149,389],
            [1598,1007,225,521,0,1203,871,541,910],
            [787,196,978,811,1203,0,780,662,683],
            [1175,584,646,737,871,780,0,588,1071],
            [1057,466,316,149,541,662,588,0,538],
            [1078,487,854,389,910,683,1071,538,0]
        ],
        "weight_matrix": [
            [0,3,3,3,3,3,3,3,3],
            [3,0,3,3,3,3,3,3,3],
            [3,3,0,3,3,3,3,3,3],
            [3,3,3,0,3,3,3,3,3],
            [3,3,3,3,0,3,3,3,3],
            [3,3,3,3,3,0,3,3,3],
            [3,3,3,3,3,3,0,3,3],
            [3,3,3,3,3,3,3,0,3],
            [3,3,3,3,3,3,3,3,0]
        ],
        "probability_matrix": [
            [0,0.06785970226835032,0.27257497739677844,0.0046947346230250386,0.16013678496970088,0.0696786052501056,0.17133302262495653,0.19269727505278908,0.0610248978142941],
            [0.2298095644907693,0,0.19325425748346717,0.1836057772969977,0.09023417616065828,0.020418862377223766,0.0052927697458283,0.2192032288534418,0.05818136359161376],
            [0.016471402309293375,0.05506730377917944,0,0.1445705836305871,0.2229534095260528,0.08382867359619502,0.02354531397622116,0.24516546857177998,0.20839784461069114],
            [0.17757494252439235,0.04404138158024863,0.10523731960952849,0,0.15382945986907715,0.016612741432354042,0.2355228731057521,0.14260768261552847,0.12457359926311873],
            [0.10004207073069553,0.20649179879997487,0.03054703561081908,0.10698058672134961,0,0.046339054582714555,0.2103535510435597,0.10163687012542655,0.1976090323854602],
            [0.18049264171606103,0.058978762409406436,0.11314243579540638,0.16481890653816175,0.05965894619903285,0,0.20220182404425263,0.15903707196810787,0.061669411329571155],
            [0.14257818115693627,0.1580068954546786,0.08251333671052641,0.02963834791691791,0.12850080752033363,0.17920791494715876,0,0.1290169217113759,0.15053759458207264],
            [0.02106989973532501,0.12318370964575812,0.0809020554498954,0.08852302016715383,0.29161651014625595,0.03201562823560418,0.22809310323962512,0,0.13459607338038249],
            [0.16012713986945373,0.1768523425923604,0.21981631689080183,0.08229918802252167,0.04225647619139913,0.12011049670267955,0.044447090144334005,0.15409094958644956,0]
        ],
        "city_names": ["Brest","Paris","Marseille","Genève","Monaco","Le Havre","Bordeaux","Lyon","Strasbourg"],
        "reward_matrix": [
            [0,69526,15612,27125,100,56013,29263,37398,35950],
            [69526,0,56357,67871,40845,96758,70008,78143,76696],
            [15612,56357,0,78212,94759,42844,65734,88485,51393],
            [27125,67871,78212,0,74352,54358,59460,99999,83452],
            [100,40845,94759,74352,0,27332,50221,72973,47533],
            [56013,96758,42844,54358,27332,0,56495,64631,63183],
            [29263,70008,65734,59460,50221,56495,0,69732,36433],
            [37398,78143,88485,99999,72973,64631,69732,0,73180],
            [35950,76696,51393,83452,47533,63183,36433,73180,0]
        ]
    },
    "vehicle_cost_per_km": [10,5,5,5,5,5,5,5,5],
    "vehicle_capacities": [5,5,5,30,30,30,30,30,30],
    "runs": [{
        "number_of_vehicles": 3,
        "avg_task_cost_vs_number_of_task": [5840,7317.5,7740,6367.5,5862,6355.833333333333,5447.857142857143,5011.875,4725.555555555556,4337.5,4264.090909090909,4319.166666666667,4024.230769230769,4113.571428571428,4186.666666666667,4405.9375,4490.294117647059,4385,4173.1578947368425,4288,4282.619047619048,4194.772727272727,4238.913043478261,4271.458333333333,4466.8,4295,4354.814814814815,4343.392857142857,4254.482758620689,4307.333333333333]
    }]
}