{
    "vehicle_starting_positions": ["Brest","Paris","Marseille","Genève","Monaco","Le Havre","Bordeaux","Lyon","Strasbourg"],
    "task_distribution": {
        "distance_matrix": [
            [0,591,1373,1206,1598,787,1175,1057,1078],
            [591,0,782,615,1007,196,584,466,487],
            [1373,782,0,465,225,978,646,316,854],
            [1206,615,465,0,521,811,737,149,389],
            [1598,1007,225,521,0,1203,871,541,910],
            [787,196,978,811,1203,0,780,662,683],
            [1175,584,646,737,871,780,0,588,1071],
            [1057,466,316,149,541,662,588,0,538],
            [1078,487,854,389,910,683,1071,538,0]
        ],
        "weight_matrix": [
            [0,3,3,3,3,3,3,3,3],
            [3,0,3,3,3,3,3,3,3],
            [3,3,0,3,3,3,3,3,3],
            [3,3,3,0,3,3,3,3,3],
            [3,3,3,3,0,3,3,3,3],
            [3,3,3,3,3,0,3,3,3],
            [3,3,3,3,3,3,0,3,3],
            [3,3,3,3,3,3,3,0,3],
            [3,3,3,3,3,3,3,3,0]
        ],
        "probability_matrix": [
            [0,0.12306685317325086,0.23620752879621126,0.008974097765940173,0.04549966202892649,0.27321391223816716,0.010850204017709919,0.08091914442251762,0.22126859755727643],
            [0.17720891787879095,0,0.1519569148680106,0.04427463701907547,0.02628541291707551,0.048122849527169685,0.2536622295778795,0.2537941978866737,0.04469484032532472],
            [9.425197366198199E-4,0.27892727137695267,0,0.01613410030543734,0.27303162989698204,0.05714223354681257,0.12745964333765833,0.03234592062852597,0.2140166811710114],
            [0.16611131437106405,0.043693253828334284,0.00947922495936797,0,0.2950998567933893,0.2840460810958909,0.014034116115340455,0.017175379604857394,0.17036077323175552],
            [0.10155052440843634,0.006813241210667533,0.20583621211290842,0.12815765744838073,0,0.10517205239078817,0.18662506653612443,0.19690918761599205,0.0689360582767023],
            [0.12729646642591458,0.009968226005725422,0.15913442851021317,0.19693020251695634,0.031774507726254245,0,0.1769544557238733,0.12794561871895788,0.16999609437210506],
            [0.12843548987596967,0.0834682676277928,0.0857865554437771,0.18067201162842134,0.033989209480321254,0.20097714165055428,0,0.11714719707187164,0.16952412722129206],
            [0.17831831340232535,0.0964616821119177,0.03906154750864028,0.11283948517163346,0.15464258173833573,0.05905901602400194,0.15799785997193808,0,0.20161951407120757],
            [0.239900092265255,0.23831470411509093,0.02974174299839416,0.14766813903477463,0.035082115062495436,0.17874186993377578,0.01945101546976174,0.11110032112045244,0]
        ],
        "city_names": ["Brest","Paris","Marseille","Genève","Monaco","Le Havre","Bordeaux","Lyon","Strasbourg"],
        "reward_matrix": [
            [0,69526,15612,27125,100,56013,29263,37398,35950],
            [69526,0,56357,67871,40845,96758,70008,78143,76696],
            [15612,56357,0,78212,94759,42844,65734,88485,51393],
            [27125,67871,78212,0,74352,54358,59460,99999,83452],
            [100,40845,94759,74352,0,27332,50221,72973,47533],
            [56013,96758,42844,54358,27332,0,56495,64631,63183],
            [29263,70008,65734,59460,50221,56495,0,69732,36433],
            [37398,78143,88485,99999,72973,64631,69732,0,73180],
            [35950,76696,51393,83452,47533,63183,36433,73180,0]
        ]
    },
    "vehicle_cost_per_km": [5,10,5,5,5,5,5,5,5],
    "vehicle_capacities": [10,10,10,30,30,30,30,30,30],
    "runs": [{
        "number_of_vehicles": 3,
        "avg_task_cost_vs_number_of_task": [7990,3995,3531.6666666666665,4503.75,3603,3384.1666666666665,2940,2572.5,2666.1111111111113,2399.5,2258.181818181818,2070,2412.3076923076924,2347.8571428571427,2463.6666666666665,2532.5,2538.529411764706,2335.8333333333335,2212.8947368421054,2205.5,2077.3809523809523,2021.8181818181818,2265,2186.875,2298,2381.346153846154,2189.6296296296296,2294.6428571428573,2414.655172413793,2128.1666666666665]
    }]
}