{
    "vehicle_starting_positions": ["Brest","Paris","Marseille","Genève","Monaco","Le Havre","Bordeaux","Lyon","Strasbourg"],
    "task_distribution": {
        "distance_matrix": [
            [0,591,1373,1206,1598,787,1175,1057,1078],
            [591,0,782,615,1007,196,584,466,487],
            [1373,782,0,465,225,978,646,316,854],
            [1206,615,465,0,521,811,737,149,389],
            [1598,1007,225,521,0,1203,871,541,910],
            [787,196,978,811,1203,0,780,662,683],
            [1175,584,646,737,871,780,0,588,1071],
            [1057,466,316,149,541,662,588,0,538],
            [1078,487,854,389,910,683,1071,538,0]
        ],
        "weight_matrix": [
            [0,3,3,3,3,3,3,3,3],
            [3,0,3,3,3,3,3,3,3],
            [3,3,0,3,3,3,3,3,3],
            [3,3,3,0,3,3,3,3,3],
            [3,3,3,3,0,3,3,3,3],
            [3,3,3,3,3,0,3,3,3],
            [3,3,3,3,3,3,0,3,3],
            [3,3,3,3,3,3,3,0,3],
            [3,3,3,3,3,3,3,3,0]
        ],
        "probability_matrix": [
            [0,0.0346025930763817,0.23175313562392003,0.03648897342169633,0.19186749814768989,0.14591371155731764,0.2418426710392071,0.0010962847085575203,0.1164351324252298],
            [0.23008205248651395,0,0.01238714903544758,0.10051083496378854,0.15302298080003052,0.22642006396190673,0.13305417259976088,0.13304628090044573,0.011476465252106008],
            [0.15110485148449154,0.003501478951063407,0,0.15515321378983662,0.02715710912919696,0.17592370443145922,0.11941961628835565,0.24465482109931758,0.12308520482627895],
            [0.010355894479061831,0.12541710880537324,0.07664959149701608,0,0.16087424013863316,0.07129529401055683,0.12616927278455992,0.19899063784800688,0.2302479604367921],
            [0.07680938567820356,0.08852652449284107,0.09481311293341801,0.262768972148781,0,0.0516402076596201,0.13603156402752828,0.09675581706123867,0.19265441599836944],
            [0.15673661405611666,0.028019959307594353,0.15104845900207625,0.19738343100025316,0.17424809824102905,0,0.16898982001198273,0.06503956751393501,0.05853405086701293],
            [0.15880864479490817,0.22404620514435497,0.15248862124439055,0.03206218950633345,0.08110280479485708,0.13108563798485653,0,0.08555396080943792,0.13485193572086135],
            [0.17345632733903046,0.011693619794856983,0.1779835703399413,0.07193726743354988,0.1652522385687871,2.5327650550745976E-4,0.1965525121510757,0,0.20287118786725117],
            [0.06345239907695066,0.015309393408846135,0.06366808525973107,0.22234645737392555,0.12014083862137195,0.21191609142643264,0.15713897712731503,0.14602775770542697,0]
        ],
        "city_names": ["Brest","Paris","Marseille","Genève","Monaco","Le Havre","Bordeaux","Lyon","Strasbourg"],
        "reward_matrix": [
            [0,69526,15612,27125,100,56013,29263,37398,35950],
            [69526,0,56357,67871,40845,96758,70008,78143,76696],
            [15612,56357,0,78212,94759,42844,65734,88485,51393],
            [27125,67871,78212,0,74352,54358,59460,99999,83452],
            [100,40845,94759,74352,0,27332,50221,72973,47533],
            [56013,96758,42844,54358,27332,0,56495,64631,63183],
            [29263,70008,65734,59460,50221,56495,0,69732,36433],
            [37398,78143,88485,99999,72973,64631,69732,0,73180],
            [35950,76696,51393,83452,47533,63183,36433,73180,0]
        ]
    },
    "vehicle_cost_per_km": [15,10,15,5,5,5,5,5,5],
    "vehicle_capacities": [15,15,15,30,30,30,30,30,30],
    "runs": [{
        "number_of_vehicles": 3,
        "avg_task_cost_vs_number_of_task": [10540,10375,7783.333333333333,7607.5,6086,5725,5541.428571428572,4848.75,4465.555555555556,5201,4774.545454545455,4517.5,4170,4207.857142857143,4138.666666666667,4386.25,4155.882352941177,4214.444444444444,4029.4736842105262,4054,3768.095238095238,4058.6363636363635,3638.695652173913,3972.0833333333335,3813.2,4216.153846153846,4181.481481481482,3761.4285714285716,3983.448275862069,4123.833333333333]
    }]
}