{
    "vehicle_starting_positions": ["Brest","Paris","Marseille","Genève","Monaco","Le Havre","Bordeaux","Lyon","Strasbourg"],
    "task_distribution": {
        "distance_matrix": [
            [0,591,1373,1206,1598,787,1175,1057,1078],
            [591,0,782,615,1007,196,584,466,487],
            [1373,782,0,465,225,978,646,316,854],
            [1206,615,465,0,521,811,737,149,389],
            [1598,1007,225,521,0,1203,871,541,910],
            [787,196,978,811,1203,0,780,662,683],
            [1175,584,646,737,871,780,0,588,1071],
            [1057,466,316,149,541,662,588,0,538],
            [1078,487,854,389,910,683,1071,538,0]
        ],
        "weight_matrix": [
            [0,3,3,3,3,3,3,3,3],
            [3,0,3,3,3,3,3,3,3],
            [3,3,0,3,3,3,3,3,3],
            [3,3,3,0,3,3,3,3,3],
            [3,3,3,3,0,3,3,3,3],
            [3,3,3,3,3,0,3,3,3],
            [3,3,3,3,3,3,0,3,3],
            [3,3,3,3,3,3,3,0,3],
            [3,3,3,3,3,3,3,3,0]
        ],
        "probability_matrix": [
            [0,0.16327670746408454,0.1199724763030108,0.16275136812207713,0.15059305568493997,0.005756894248311884,0.1200474770074377,0.17321573170772506,0.10438628946241303],
            [0.01202775276849893,0,0.16803397459899747,0.23299664877061912,0.0837998357256006,0.02404018080473911,0.2872600031921984,0.07600900724523328,0.1158325968941131],
            [0.17290612422493506,0.09408275223638418,0,0.06088229979472527,0.2101798668797381,0.06732551658611785,0.1442232761610383,0.10614073435907477,0.14425942975798645],
            [0.20283817603035342,0.1513874916518361,0.10179119862957846,0,0.16842631333889746,0.1697486769271973,0.09449036778003547,0.05792255563620713,0.053395220005894445],
            [0.10454136479607776,0.20011565167815332,0.19218237405980146,0.018293492829940174,0,0.06192614363588655,0.17618595241934998,0.19037949328120396,0.05637552729958681],
            [0.22442662050102616,0.088064888645239,0.21728491525193688,0.18437696554228783,0.14049304804236942,0,0.07484487186218303,0.049807743354588416,0.020700946800369362],
            [0.0515085517297019,0.13441148817392953,0.2309905914949155,0.0937339606826509,0.11248492920391646,0.12741760261932147,0,0.17080996266502277,0.07864291343054139],
            [0.024253925027099343,0.11890127810092925,0.23746872084623083,0.17135854675458376,0.2003547931575037,0.07924437618933347,0.09307430446278277,0,0.07534405546153669],
            [0.03236888097543362,0.12895365425186325,0.052464795585372155,0.2618950948193008,0.15532449789537658,0.16221357025487318,0.04353685829556457,0.16324264792221582,0]
        ],
        "city_names": ["Brest","Paris","Marseille","Genève","Monaco","Le Havre","Bordeaux","Lyon","Strasbourg"],
        "reward_matrix": [
            [0,69526,15612,27125,100,56013,29263,37398,35950],
            [69526,0,56357,67871,40845,96758,70008,78143,76696],
            [15612,56357,0,78212,94759,42844,65734,88485,51393],
            [27125,67871,78212,0,74352,54358,59460,99999,83452],
            [100,40845,94759,74352,0,27332,50221,72973,47533],
            [56013,96758,42844,54358,27332,0,56495,64631,63183],
            [29263,70008,65734,59460,50221,56495,0,69732,36433],
            [37398,78143,88485,99999,72973,64631,69732,0,73180],
            [35950,76696,51393,83452,47533,63183,36433,73180,0]
        ]
    },
    "vehicle_cost_per_km": [5,10,5,5,5,5,5,5,5],
    "vehicle_capacities": [5,5,5,30,30,30,30,30,30],
    "runs": [{
        "number_of_vehicles": 3,
        "avg_task_cost_vs_number_of_task": [2250,2287.5,3055,3540,3971,4620.833333333333,4656.428571428572,4809.375,5218.333333333333,4844.5,4655.454545454545,4570,4218.461538461538,4479.285714285715,4330.666666666667,4496.5625,4575.588235294118,4755.833333333333,5079.473684210527,5039.75,5560.714285714285,5573.409090909091,5514.565217391304,5610.625,5568.8,5555,5349.259259259259,5344.285714285715,5417.413793103448,5377.5]
    }]
}