{
    "vehicle_starting_positions": ["Lausanne","Genève","Sion","Neuchâtel","Bern","Basel","Fribourg","Zürich","Aarau","Luzern","St-Gallen","Thun"],
    "task_distribution": {
        "distance_matrix": [
            [0,90,150,100,150,290,100,320,260,350,440,190],
            [90,0,240,190,240,380,190,410,350,440,530,280],
            [150,240,0,220,160,300,210,330,270,360,450,120],
            [100,190,220,0,60,200,110,230,170,260,350,100],
            [150,240,160,60,0,140,50,170,110,200,290,40],
            [290,380,300,200,140,0,190,120,180,190,240,180],
            [100,190,210,110,50,190,0,220,160,250,340,90],
            [320,410,330,230,170,120,220,0,60,70,120,210],
            [260,350,270,170,110,180,160,60,0,90,180,150],
            [350,440,360,260,200,190,250,70,90,0,190,240],
            [440,530,450,350,290,240,340,120,180,190,0,330],
            [190,280,120,100,40,180,90,210,150,240,330,0]
        ],
        "weight_matrix": [
            [0,3,3,3,3,3,3,3,3,3,3,3],
            [3,0,3,3,3,3,3,3,3,3,3,3],
            [3,3,0,3,3,3,3,3,3,3,3,3],
            [3,3,3,0,3,3,3,3,3,3,3,3],
            [3,3,3,3,0,3,3,3,3,3,3,3],
            [3,3,3,3,3,0,3,3,3,3,3,3],
            [3,3,3,3,3,3,0,3,3,3,3,3],
            [3,3,3,3,3,3,3,0,3,3,3,3],
            [3,3,3,3,3,3,3,3,0,3,3,3],
            [3,3,3,3,3,3,3,3,3,0,3,3],
            [3,3,3,3,3,3,3,3,3,3,0,3],
            [3,3,3,3,3,3,3,3,3,3,3,0]
        ],
        "probability_matrix": [
            [0,0.009036299539392502,0.08094660802512478,0.07799347330135792,0.20968840604430436,0.10844318035581574,0.09943640651519482,0.07073508695746669,0.018044204943162574,0.03593273454661237,0.1684542317539931,0.12128936801757512],
            [0.058647663448689324,0,0.17382275812473844,0.11913365704127238,0.13612418079599353,0.0693332472818067,0.08641658178374338,0.055682615730811826,0.12195873822469455,0.06918442739970271,0.009384642927231105,0.10031148724131594],
            [0.06068365352346896,0.13484517526839226,0,0.09204336987726705,0.09313728512333967,0.18751678211372025,0.09909581830516455,0.08966619341841339,0.10254581039192807,0.06260126221335385,0.05257643145889794,0.025288218306053975],
            [0.05078783038302489,0.10392801857140088,0.1188414004803851,0,0.09775115940011489,0.13496458920472426,0.13482960145278733,0.12572574982442095,0.005887718661613466,0.09388945349929498,0.030183081871071223,0.10321139665116205],
            [0.003882664041140891,0.14651204638500323,0.14784962984617162,0.11895858160825694,0,0.084913199306798,0.03509040806855658,0.11584859623056741,0.10263016553043088,0.11243392386554353,0.004503967689546402,0.12737681742798448],
            [0.15743845118289623,0.08377364264860981,0.019624253618516458,0.08250843267584469,0.0703725958231053,0,0.04832092903998044,0.009271243553321718,0.15505852552806662,0.09740891741482992,0.16219114297814446,0.11403186553668436],
            [0.10711456319832179,0.1352675847592564,0.08124716419727081,0.01448160471964713,0.08632934607108715,0.030691574709278076,0,0.06316456996294062,0.1517064048026393,0.06795967257888182,0.10121125914680014,0.16082625585387694],
            [0.191373289058674,0.1935960116638612,0.035405599279724656,0.053677236508832916,0.06605815389677878,0.03825069029974811,0.07816471878922707,0,0.1288981849739776,0.08334928831477008,0.03469048306164489,0.09653634415276051],
            [0.12967504232336446,0.14224722596901448,0.01662631292447582,0.06020816887500093,0.1346118295015436,0.09233566976995679,0.07425004109876512,0.0026961991974935994,0,0.13821983894093098,0.10576171174396791,0.10336795965548641],
            [0.13507277712729573,0.007826665894856285,0.013596238202601387,0.023208379585244833,0.13027631720818073,0.18210880010825464,0.09486413488612455,0.05812403755580497,0.18756729407215272,0,0.09479635009471517,0.07255900526476898],
            [0.12809320819030193,0.08377650057101758,0.06196121009345258,0.051790110991668685,0.04904311639984555,0.1388385743489952,0.11433282474124289,0.09191822517047346,0.05195858682543232,0.11771287109637414,0,0.1105747715711956],
            [0.06044699112191178,0.08396315816782367,0.15946550398684833,0.07674121578817576,0.11972234380134776,0.03300027346660171,0.06601059873500388,0.07934748203653338,0.1617222144024744,0.07821189235894938,0.08136832613432986,0]
        ],
        "city_names": ["Lausanne","Genève","Sion","Neuchâtel","Bern","Basel","Fribourg","Zürich","Aarau","Luzern","St-Gallen","Thun"],
        "reward_matrix": [
            [0,89805,77572,87766,77572,49030,87766,42913,55146,36797,18448,69417],
            [89805,0,59223,69417,59223,30681,69417,24565,36797,18448,100,51068],
            [77572,59223,0,63301,75533,46991,65340,40875,53107,34758,16410,83688],
            [87766,69417,63301,0,95921,67378,85727,61262,73495,55146,36797,87766],
            [77572,59223,75533,95921,0,79611,97960,73495,85727,67378,49030,99999],
            [49030,30681,46991,67378,79611,0,69417,83688,71456,69417,59223,71456],
            [87766,69417,65340,85727,97960,69417,0,63301,75533,57185,38836,89805],
            [42913,24565,40875,61262,73495,83688,63301,0,95921,93882,83688,65340],
            [55146,36797,53107,73495,85727,71456,75533,95921,0,89805,71456,77572],
            [36797,18448,34758,55146,67378,69417,57185,93882,89805,0,69417,59223],
            [18448,100,16410,36797,49030,59223,38836,83688,71456,69417,0,40875],
            [69417,51068,83688,87766,99999,71456,89805,65340,77572,59223,40875,0]
        ]
    },
    "vehicle_cost_per_km": [10,15,10,5,5,5,5,5,5,5,5,5],
    "vehicle_capacities": [15,15,15,30,30,30,30,30,30,30,30,30],
    "runs": [{
        "number_of_vehicles": 3,
        "avg_task_cost_vs_number_of_task": [3200,3000,2833.3333333333335,2125,1700,2000,2057.1428571428573,1925,1922.2222222222222,1880,1709.090909090909,1650,1607.6923076923076,1500,1460,1318.75,1335.2941176470588,1211.111111111111,1326.3157894736842,1155,1171.4285714285713,1181.8181818181818,1152.1739130434783,1204.1666666666667,1140,1111.5384615384614,1166.6666666666667,1200,1068.9655172413793,1123.3333333333333]
    }]
}