{
    "vehicle_starting_positions": ["Lausanne","Genève","Sion","Neuchâtel","Bern","Basel","Fribourg","Zürich","Aarau","Luzern","St-Gallen","Thun"],
    "task_distribution": {
        "distance_matrix": [
            [0,90,150,100,150,290,100,320,260,350,440,190],
            [90,0,240,190,240,380,190,410,350,440,530,280],
            [150,240,0,220,160,300,210,330,270,360,450,120],
            [100,190,220,0,60,200,110,230,170,260,350,100],
            [150,240,160,60,0,140,50,170,110,200,290,40],
            [290,380,300,200,140,0,190,120,180,190,240,180],
            [100,190,210,110,50,190,0,220,160,250,340,90],
            [320,410,330,230,170,120,220,0,60,70,120,210],
            [260,350,270,170,110,180,160,60,0,90,180,150],
            [350,440,360,260,200,190,250,70,90,0,190,240],
            [440,530,450,350,290,240,340,120,180,190,0,330],
            [190,280,120,100,40,180,90,210,150,240,330,0]
        ],
        "weight_matrix": [
            [0,3,3,3,3,3,3,3,3,3,3,3],
            [3,0,3,3,3,3,3,3,3,3,3,3],
            [3,3,0,3,3,3,3,3,3,3,3,3],
            [3,3,3,0,3,3,3,3,3,3,3,3],
            [3,3,3,3,0,3,3,3,3,3,3,3],
            [3,3,3,3,3,0,3,3,3,3,3,3],
            [3,3,3,3,3,3,0,3,3,3,3,3],
            [3,3,3,3,3,3,3,0,3,3,3,3],
            [3,3,3,3,3,3,3,3,0,3,3,3],
            [3,3,3,3,3,3,3,3,3,0,3,3],
            [3,3,3,3,3,3,3,3,3,3,0,3],
            [3,3,3,3,3,3,3,3,3,3,3,0]
        ],
        "probability_matrix": [
            [0,0.12810273839645478,0.006085198827961535,0.1211302059089962,0.10038138020058672,0.1427963441782947,0.08172891870150828,0.15486447862574748,0.07995654771045478,0.049701154117593974,0.08037876780800667,0.054874265524394915],
            [0.06103204434740513,0,0.08753779696459894,0.08241069643916224,0.12031738078335143,0.1488410751043476,0.15819891450608656,0.07868891187834844,0.05943557498215808,0.05470813666241231,0.06318928418604947,0.08564018414607971],
            [0.07943940081089691,0.09022972652527066,0,0.09426534834703429,0.01892001977219536,0.05325864055187824,0.13511290846892016,0.1794137828460677,0.009425982762267608,0.16639167201512298,0.11007542653045735,0.06346709136988864],
            [0.04684943505501699,0.08038921319080085,0.020164599603392282,0,0.1706172026698775,0.21910387763157346,0.18196782984176837,0.051504882855937587,0.053378089404806116,0.06803106280650568,0.009077036168934014,0.09891677077138725],
            [0.08803020732482113,0.06944127719044942,0.04906757766631385,0.008944463692920202,0,0.09393713252526423,0.10574029135502468,0.10995856836682623,0.11561565555845524,0.13357962965861353,0.09838089653662399,0.12730430012468746],
            [0.1468464165552674,0.0934854445573108,0.019168999968934047,0.1272449913795813,0.036099355667259886,0,0.1379891466623466,0.1143223951094017,0.1017840768305606,0.14509441681606164,0.07702204304886034,9.427134044156773E-4],
            [0.1191604596741427,0.08905751630276541,0.1133510373794755,0.11116915250857191,0.130541136529513,0.11679180193565415,0,0.056475693004319566,0.08903031022151964,0.040010118009321485,0.09168346061568701,0.042729313819029655],
            [0.03900505611828815,0.14228148668897858,0.08501819574372851,0.18336434853189743,0.15575703220601322,0.011674340432302676,0.14905028837558246,0,0.09056149493657524,0.13761377335126898,0.0013921600895773847,0.004281823525787488],
            [0.17214729669295914,0.06578418573017762,0.08882431326275476,0.07496519391137747,0.06127419281125401,0.04842918383816479,0.08691944141108873,0.09728684968438327,0,0.18128134183876168,0.12174304792523495,0.0013449528938436499],
            [0.10395269564121366,0.15298560571341258,0.1824389375585231,0.012669346785135028,0.021797725392084442,0.09712332957823533,0.07288333259834147,0.17673167831608944,0.1511806419385511,0,0.012077953403770963,0.016158753074642915],
            [0.09104627854984378,0.13323185577508817,0.07122460084504231,0.17137148968081756,0.058186386899086714,0.07985251559092794,0.110174130838126,0.03059330835659512,0.14959448230470163,0.02566823400071825,0,0.07905671715905238],
            [0.17183970633738868,0.0441318686261261,0.07071483232528396,0.08663094181233386,0.02613569391664613,0.0011922269185879934,0.03545236432188483,0.15834601491992614,0.22016226747841205,0.1096072647392327,0.07578681860417755,0]
        ],
        "city_names": ["Lausanne","Genève","Sion","Neuchâtel","Bern","Basel","Fribourg","Zürich","Aarau","Luzern","St-Gallen","Thun"],
        "reward_matrix": [
            [0,89805,77572,87766,77572,49030,87766,42913,55146,36797,18448,69417],
            [89805,0,59223,69417,59223,30681,69417,24565,36797,18448,100,51068],
            [77572,59223,0,63301,75533,46991,65340,40875,53107,34758,16410,83688],
            [87766,69417,63301,0,95921,67378,85727,61262,73495,55146,36797,87766],
            [77572,59223,75533,95921,0,79611,97960,73495,85727,67378,49030,99999],
            [49030,30681,46991,67378,79611,0,69417,83688,71456,69417,59223,71456],
            [87766,69417,65340,85727,97960,69417,0,63301,75533,57185,38836,89805],
            [42913,24565,40875,61262,73495,83688,63301,0,95921,93882,83688,65340],
            [55146,36797,53107,73495,85727,71456,75533,95921,0,89805,71456,77572],
            [36797,18448,34758,55146,67378,69417,57185,93882,89805,0,69417,59223],
            [18448,100,16410,36797,49030,59223,38836,83688,71456,69417,0,40875],
            [69417,51068,83688,87766,99999,71456,89805,65340,77572,59223,40875,0]
        ]
    },
    "vehicle_cost_per_km": [5,15,15,5,5,5,5,5,5,5,5,5],
    "vehicle_capacities": [15,15,15,30,30,30,30,30,30,30,30,30],
    "runs": [{
        "number_of_vehicles": 3,
        "avg_task_cost_vs_number_of_task": [2650,2200,1466.6666666666667,1225,1240,1033.3333333333333,885.7142857142857,868.75,850,795,859.0909090909091,891.6666666666666,765.3846153846154,742.8571428571429,730,778.125,788.2352941176471,722.2222222222222,639.4736842105264,757.5,804.7619047619048,838.6363636363636,856.5217391304348,847.9166666666666,862,880.7692307692307,935.1851851851852,876.7857142857143,934.4827586206897,841.6666666666666]
    }]
}