{
    "vehicle_starting_positions": ["Lausanne","Genève","Sion","Neuchâtel","Bern","Basel","Fribourg","Zürich","Aarau","Luzern","St-Gallen","Thun"],
    "task_distribution": {
        "distance_matrix": [
            [0,90,150,100,150,290,100,320,260,350,440,190],
            [90,0,240,190,240,380,190,410,350,440,530,280],
            [150,240,0,220,160,300,210,330,270,360,450,120],
            [100,190,220,0,60,200,110,230,170,260,350,100],
            [150,240,160,60,0,140,50,170,110,200,290,40],
            [290,380,300,200,140,0,190,120,180,190,240,180],
            [100,190,210,110,50,190,0,220,160,250,340,90],
            [320,410,330,230,170,120,220,0,60,70,120,210],
            [260,350,270,170,110,180,160,60,0,90,180,150],
            [350,440,360,260,200,190,250,70,90,0,190,240],
            [440,530,450,350,290,240,340,120,180,190,0,330],
            [190,280,120,100,40,180,90,210,150,240,330,0]
        ],
        "weight_matrix": [
            [0,3,3,3,3,3,3,3,3,3,3,3],
            [3,0,3,3,3,3,3,3,3,3,3,3],
            [3,3,0,3,3,3,3,3,3,3,3,3],
            [3,3,3,0,3,3,3,3,3,3,3,3],
            [3,3,3,3,0,3,3,3,3,3,3,3],
            [3,3,3,3,3,0,3,3,3,3,3,3],
            [3,3,3,3,3,3,0,3,3,3,3,3],
            [3,3,3,3,3,3,3,0,3,3,3,3],
            [3,3,3,3,3,3,3,3,0,3,3,3],
            [3,3,3,3,3,3,3,3,3,0,3,3],
            [3,3,3,3,3,3,3,3,3,3,0,3],
            [3,3,3,3,3,3,3,3,3,3,3,0]
        ],
        "probability_matrix": [
            [0,0.1571107525291813,0.012094686461274174,0.10900951925599925,0.11840572103353675,0.02990377208097939,0.10785737344536775,0.116912317612745,0.1464542675133371,0.10547835166687815,0.08862885861069023,0.008144379790010849],
            [0.18231355213179898,0,0.056027139324653266,0.07425317024169155,0.008329744244203867,0.05481435983487545,0.09496992559334752,0.04925811896703182,0.12962769577870029,0.1412514693238437,0.03904414985841151,0.17011067470144217],
            [0.10163755383324374,0.17215085334254288,0,0.12847253993076257,0.008988018527768777,0.17444190833010256,0.0810428087810018,0.06994775393358565,0.057839598382493196,0.10441936559658067,0.05453568727879201,0.046523912063126206],
            [0.05937588997555313,0.03889931282436608,0.04904422548694183,0,0.12792103699237167,0.12203878794024063,0.1139963432105924,0.08428929027941666,0.041057891018215206,0.13259172810903766,0.09924369295649607,0.13154180120676862],
            [0.15293239569333486,0.036283901422970596,0.04897716450216848,0.14272675003564403,0,0.042270217316764336,0.15839754273449397,0.14153634606487156,0.05221821659060711,0.034374657678372146,0.12604355156053232,0.0642392564002407],
            [0.033343148455090246,0.12665068728946213,0.1454130255069822,0.11754986187044751,0.03363867723399496,0,0.049035784707127036,0.1416757120507159,0.14368142482013557,0.12254543602499564,0.028027561414008213,0.058438680627040565],
            [0.07233243520458131,0.0032511172913639295,0.15907970961075263,0.07802273447558596,0.13422782640044367,0.14573751864209553,0,0.13735153215458323,0.12140471596502254,0.12127093831205579,0.016062974495844987,0.01125849744767066],
            [0.09762001504737465,0.1441369631429156,0.09963862898713625,0.05393753900473479,0.05879783408234844,0.09733955605652207,0.058810890955317406,0,0.11602622028551716,0.043561091696498556,0.10740659293255275,0.12272466780908226],
            [0.06874223130013889,0.05435278681698167,0.07003067667907638,0.08962586405497192,0.13030842082709856,0.06491176134760705,0.10904484456918702,0.13729502245041003,0,0.08062274041051132,0.08208582467292029,0.11297982687109678],
            [0.09120814200407892,0.17772700740322867,0.018458499250632542,0.05009152020135291,0.1414880317709497,0.08681372044034606,0.031058914576929737,0.0338952114621296,0.20731614769348775,0,0.05742559598683283,0.10451720921003128],
            [0.1441372457664829,0.12783535320617304,0.06791112261749158,0.15675486261268973,0.0066538521669827376,0.07465192476264676,0.1569584944067203,0.02477232604159398,0.11511300252074318,0.00781742772837676,0,0.11739438817009899],
            [0.05057392408437356,0.046077645804687054,0.12364702187470011,0.1088205568405127,0.08203990887295132,0.12827013484034883,0.11581417691704167,0.11486236410830579,0.007820219158130685,0.1198249379779689,0.10224910952097929,0]
        ],
        "city_names": ["Lausanne","Genève","Sion","Neuchâtel","Bern","Basel","Fribourg","Zürich","Aarau","Luzern","St-Gallen","Thun"],
        "reward_matrix": [
            [0,89805,77572,87766,77572,49030,87766,42913,55146,36797,18448,69417],
            [89805,0,59223,69417,59223,30681,69417,24565,36797,18448,100,51068],
            [77572,59223,0,63301,75533,46991,65340,40875,53107,34758,16410,83688],
            [87766,69417,63301,0,95921,67378,85727,61262,73495,55146,36797,87766],
            [77572,59223,75533,95921,0,79611,97960,73495,85727,67378,49030,99999],
            [49030,30681,46991,67378,79611,0,69417,83688,71456,69417,59223,71456],
            [87766,69417,65340,85727,97960,69417,0,63301,75533,57185,38836,89805],
            [42913,24565,40875,61262,73495,83688,63301,0,95921,93882,83688,65340],
            [55146,36797,53107,73495,85727,71456,75533,95921,0,89805,71456,77572],
            [36797,18448,34758,55146,67378,69417,57185,93882,89805,0,69417,59223],
            [18448,100,16410,36797,49030,59223,38836,83688,71456,69417,0,40875],
            [69417,51068,83688,87766,99999,71456,89805,65340,77572,59223,40875,0]
        ]
    },
    "vehicle_cost_per_km": [5,10,5,5,5,5,5,5,5,5,5,5],
    "vehicle_capacities": [15,15,15,30,30,30,30,30,30,30,30,30],
    "runs": [{
        "number_of_vehicles": 3,
        "avg_task_cost_vs_number_of_task": [750,600,1133.3333333333333,850,840,841.6666666666666,728.5714285714286,637.5,722.2222222222222,680,677.2727272727273,687.5,611.5384615384615,592.8571428571429,550,562.5,529.4117647058823,516.6666666666666,505.2631578947368,475,509.5238095238095,540.9090909090909,476.0869565217391,579.1666666666666,556,550,505.55555555555554,514.2857142857143,534.4827586206897,530]
    }]
}