{
    "vehicle_starting_positions": ["Lausanne","Genève","Sion","Neuchâtel","Bern","Basel","Fribourg","Zürich","Aarau","Luzern","St-Gallen","Thun"],
    "task_distribution": {
        "distance_matrix": [
            [0,90,150,100,150,290,100,320,260,350,440,190],
            [90,0,240,190,240,380,190,410,350,440,530,280],
            [150,240,0,220,160,300,210,330,270,360,450,120],
            [100,190,220,0,60,200,110,230,170,260,350,100],
            [150,240,160,60,0,140,50,170,110,200,290,40],
            [290,380,300,200,140,0,190,120,180,190,240,180],
            [100,190,210,110,50,190,0,220,160,250,340,90],
            [320,410,330,230,170,120,220,0,60,70,120,210],
            [260,350,270,170,110,180,160,60,0,90,180,150],
            [350,440,360,260,200,190,250,70,90,0,190,240],
            [440,530,450,350,290,240,340,120,180,190,0,330],
            [190,280,120,100,40,180,90,210,150,240,330,0]
        ],
        "weight_matrix": [
            [0,3,3,3,3,3,3,3,3,3,3,3],
            [3,0,3,3,3,3,3,3,3,3,3,3],
            [3,3,0,3,3,3,3,3,3,3,3,3],
            [3,3,3,0,3,3,3,3,3,3,3,3],
            [3,3,3,3,0,3,3,3,3,3,3,3],
            [3,3,3,3,3,0,3,3,3,3,3,3],
            [3,3,3,3,3,3,0,3,3,3,3,3],
            [3,3,3,3,3,3,3,0,3,3,3,3],
            [3,3,3,3,3,3,3,3,0,3,3,3],
            [3,3,3,3,3,3,3,3,3,0,3,3],
            [3,3,3,3,3,3,3,3,3,3,0,3],
            [3,3,3,3,3,3,3,3,3,3,3,0]
        ],
        "probability_matrix": [
            [0,0.04164239133293666,0.0028249441463881596,0.10808311531667791,0.12320764776903206,0.04896364703315808,0.09711946123343393,0.1274304016100864,0.10014807463064106,0.17515218906960645,0.012766436486350298,0.16266169137168898],
            [0.094655456735835,0,0.011389896461173676,0.10098461065077206,0.10235944590886316,0.04123470983065936,0.1188326222242403,0.1673295939820934,0.050001620780687005,0.1670930154514524,0.08624184153667008,0.059877186437553374],
            [0.10453920798775967,0.006707214716682709,0,0.05484896216900265,0.011559511616506257,0.12478568263807319,0.20091209322304554,0.12724286990548558,0.03485213666168408,0.033319085588205025,0.11788388751333526,0.18334934798022],
            [0.20662854899983138,0.05144012671057644,0.011472016416527456,0,0.1677716393949434,0.028829457206951268,0.09303555263316846,0.09887663077214194,0.04198915084577263,0.16371881424993334,0.01937782448577781,0.11686023828437589],
            [0.040676832690568925,0.0011232490012196865,0.05724874362479414,0.09550287550167175,0,0.029222699824992444,0.23972522840838406,0.13576619480568422,0.024002799856148373,0.13129816037564535,0.23513671017200027,0.010296505738890613],
            [0.04287925918804443,0.09259008091535859,0.1084656066283635,0.05338660704675977,0.09739845942585681,0,0.12183178837890234,0.10544461874592377,0.14476667890954287,0.11741626321178336,0.06280464168082317,0.05301599586864136],
            [0.12070846598387028,0.13593231613578646,0.1070204697872314,0.12376488602823232,0.1571070768299964,0.09891802396217704,0,0.03040361818296098,0.04768913702299874,0.025978153881278797,0.08163359058478385,0.07084426160068363],
            [0.1140352132358879,0.1105504727164184,0.12408294812793279,0.027900732892936358,0.09424995206920497,0.08411072288640331,0.08627196920832278,0,0.05409489587907081,0.10409517753680321,0.09496499082113416,0.10564292462588534],
            [0.0314449184047849,0.05248628087426132,0.07490531527708293,0.030305733399764667,0.13585056277570723,0.19300400987091645,0.12204776445649067,0.1871144591751577,0,0.03859693834621313,0.049652904938656345,0.0845911124809646],
            [0.1326379146863478,0.04463676949929043,0.12158242616873016,0.06499546314360667,0.018227483997940937,0.058081393141625595,0.015037580539495705,0.09918997241000893,0.17490810185936903,0,0.1757226199363717,0.09498027461721308],
            [0.1628706458009857,0.05796005108984439,0.05171480811323062,0.1052821669278792,0.025367817515229537,0.1181999055453683,0.0651531426117978,0.15597071189482103,0.062050281497934054,0.11562200962651276,0,0.07980845937639656],
            [0.04320885221335932,0.032683634302535354,0.17869054129519796,0.16275450456528268,0.030234672821225002,0.008023010438904724,0.0012536118353123691,0.09783661571341269,0.13990909992504222,0.1315011725900811,0.17390428429964652,0]
        ],
        "city_names": ["Lausanne","Genève","Sion","Neuchâtel","Bern","Basel","Fribourg","Zürich","Aarau","Luzern","St-Gallen","Thun"],
        "reward_matrix": [
            [0,89805,77572,87766,77572,49030,87766,42913,55146,36797,18448,69417],
            [89805,0,59223,69417,59223,30681,69417,24565,36797,18448,100,51068],
            [77572,59223,0,63301,75533,46991,65340,40875,53107,34758,16410,83688],
            [87766,69417,63301,0,95921,67378,85727,61262,73495,55146,36797,87766],
            [77572,59223,75533,95921,0,79611,97960,73495,85727,67378,49030,99999],
            [49030,30681,46991,67378,79611,0,69417,83688,71456,69417,59223,71456],
            [87766,69417,65340,85727,97960,69417,0,63301,75533,57185,38836,89805],
            [42913,24565,40875,61262,73495,83688,63301,0,95921,93882,83688,65340],
            [55146,36797,53107,73495,85727,71456,75533,95921,0,89805,71456,77572],
            [36797,18448,34758,55146,67378,69417,57185,93882,89805,0,69417,59223],
            [18448,100,16410,36797,49030,59223,38836,83688,71456,69417,0,40875],
            [69417,51068,83688,87766,99999,71456,89805,65340,77572,59223,40875,0]
        ]
    },
    "vehicle_cost_per_km": [5,15,10,5,5,5,5,5,5,5,5,5],
    "vehicle_capacities": [5,5,5,30,30,30,30,30,30,30,30,30],
    "runs": [{
        "number_of_vehicles": 3,
        "avg_task_cost_vs_number_of_task": [2650,2525,2650,2362.5,2590,2741.6666666666665,2442.8571428571427,2375,2244.4444444444443,2170,1972.7272727272727,1933.3333333333333,1819.2307692307693,1860.7142857142858,1750,1668.75,1570.5882352941176,1483.3333333333333,1447.3684210526317,1435,1380.952380952381,1361.3636363636363,1386.9565217391305,1427.0833333333333,1340,1430.7692307692307,1403.7037037037037,1398.2142857142858,1391.3793103448277,1450]
    }]
}