{
    "vehicle_starting_positions": ["Lausanne","Genève","Sion","Neuchâtel","Bern","Basel","Fribourg","Zürich","Aarau","Luzern","St-Gallen","Thun"],
    "task_distribution": {
        "distance_matrix": [
            [0,90,150,100,150,290,100,320,260,350,440,190],
            [90,0,240,190,240,380,190,410,350,440,530,280],
            [150,240,0,220,160,300,210,330,270,360,450,120],
            [100,190,220,0,60,200,110,230,170,260,350,100],
            [150,240,160,60,0,140,50,170,110,200,290,40],
            [290,380,300,200,140,0,190,120,180,190,240,180],
            [100,190,210,110,50,190,0,220,160,250,340,90],
            [320,410,330,230,170,120,220,0,60,70,120,210],
            [260,350,270,170,110,180,160,60,0,90,180,150],
            [350,440,360,260,200,190,250,70,90,0,190,240],
            [440,530,450,350,290,240,340,120,180,190,0,330],
            [190,280,120,100,40,180,90,210,150,240,330,0]
        ],
        "weight_matrix": [
            [0,3,3,3,3,3,3,3,3,3,3,3],
            [3,0,3,3,3,3,3,3,3,3,3,3],
            [3,3,0,3,3,3,3,3,3,3,3,3],
            [3,3,3,0,3,3,3,3,3,3,3,3],
            [3,3,3,3,0,3,3,3,3,3,3,3],
            [3,3,3,3,3,0,3,3,3,3,3,3],
            [3,3,3,3,3,3,0,3,3,3,3,3],
            [3,3,3,3,3,3,3,0,3,3,3,3],
            [3,3,3,3,3,3,3,3,0,3,3,3],
            [3,3,3,3,3,3,3,3,3,0,3,3],
            [3,3,3,3,3,3,3,3,3,3,0,3],
            [3,3,3,3,3,3,3,3,3,3,3,0]
        ],
        "probability_matrix": [
            [0,0.08302862968512975,0.04802284679237724,0.15916610166266315,0.16599526287864966,0.05186545481502819,0.04787282559176495,0.10364806008960233,0.09234318661662184,0.06765237093460486,0.08637481998882023,0.09403044094473792],
            [0.07177569166462937,0,0.08319185129924489,0.055044601421116314,0.11665059078044009,0.040017002880530485,0.09064727631386793,0.11474869473492784,0.0883766702721778,0.11288457270483919,0.10067165196869222,0.1259913959595338],
            [0.041921977829850646,0.11942753924113261,0,0.1331494854994585,0.10943366906127751,0.12148102435851114,0.1058819005701223,0.011565327884055643,0.0949546204572633,0.09972277502098437,0.02625765701858749,0.13620402305875634],
            [0.11691061292126874,0.026918795178943328,0.09743211378567876,0,0.06045028617956961,0.1333163564250168,0.1168990671724098,0.07727896968097757,0.11972416595574333,0.05233364707033134,0.16644524829119198,0.032290737338868884],
            [0.10958553614451086,0.08109867940435041,0.09631044150945653,0.028038793368395057,0,0.029729626634423398,0.046988768073132015,0.07668987315326577,0.1461046453654819,0.1299418112620072,0.11093950519728495,0.144572319887692],
            [0.1682834661359627,0.17547822750415856,0.037655560471261916,0.10329089722194491,0.08528610762375088,0,0.045603702668513595,0.03723426464980862,0.17853459688884682,0.043720740853375815,0.09504218326913852,0.029870252713237663],
            [0.11226725816575567,0.12278350614666296,0.07520203685569617,0.138594665147153,0.1305476642047031,0.11943018281955266,0,0.1299366389202769,0.13955875899309197,0.013671972487627426,0.0047150544082559115,0.01329226185122421],
            [0.01486375002466163,0.11756669047451605,0.0462531052808778,0.09006781800963937,0.11084508004826057,0.12084569790325536,0.026038671006819284,0,0.1653332101084351,0.14051439965116383,0.08881359441339838,0.07885798307897275],
            [0.1079244662251626,0.11165718807931797,0.06623648536166737,0.13231380653585065,0.12372594795225858,0.08579540119346485,0.04669195870990808,0.1366511489813708,0,0.05073839534124222,0.029245214574091787,0.1090199870456652],
            [0.12896509704430242,0.18575343680525755,0.08051862260325333,0.023921028568995802,0.09731718172249665,0.011766981558659266,0.10360323741718569,0.17403852816469137,0.10856334764600674,0,0.08118903554511538,0.0043635029240355495],
            [0.047603776083406255,0.030679007845716116,0.08200544432364176,0.16062352342769812,0.12383143369681716,0.19190473657342988,0.06619649324519129,0.049648982261509565,0.1328081717870675,0.026514466308199838,0,0.08818396444732246],
            [0.028784527029560268,0.10735359563776325,0.06737873638528469,0.12841920320252856,0.14080194011562153,0.06934515124638517,0.022997589950900246,0.1311429672895576,0.11105902577832201,0.1460650121860525,0.04665225117802404,0]
        ],
        "city_names": ["Lausanne","Genève","Sion","Neuchâtel","Bern","Basel","Fribourg","Zürich","Aarau","Luzern","St-Gallen","Thun"],
        "reward_matrix": [
            [0,89805,77572,87766,77572,49030,87766,42913,55146,36797,18448,69417],
            [89805,0,59223,69417,59223,30681,69417,24565,36797,18448,100,51068],
            [77572,59223,0,63301,75533,46991,65340,40875,53107,34758,16410,83688],
            [87766,69417,63301,0,95921,67378,85727,61262,73495,55146,36797,87766],
            [77572,59223,75533,95921,0,79611,97960,73495,85727,67378,49030,99999],
            [49030,30681,46991,67378,79611,0,69417,83688,71456,69417,59223,71456],
            [87766,69417,65340,85727,97960,69417,0,63301,75533,57185,38836,89805],
            [42913,24565,40875,61262,73495,83688,63301,0,95921,93882,83688,65340],
            [55146,36797,53107,73495,85727,71456,75533,95921,0,89805,71456,77572],
            [36797,18448,34758,55146,67378,69417,57185,93882,89805,0,69417,59223],
            [18448,100,16410,36797,49030,59223,38836,83688,71456,69417,0,40875],
            [69417,51068,83688,87766,99999,71456,89805,65340,77572,59223,40875,0]
        ]
    },
    "vehicle_cost_per_km": [15,10,10,5,5,5,5,5,5,5,5,5],
    "vehicle_capacities": [15,15,15,30,30,30,30,30,30,30,30,30],
    "runs": [{
        "number_of_vehicles": 3,
        "avg_task_cost_vs_number_of_task": [3900,2800,2166.6666666666665,2475,1980,1900,2071.4285714285716,1812.5,1700,1660,1536.3636363636363,1475,1338.4615384615386,1385.7142857142858,1320,1300,1282.3529411764705,1172.2222222222222,1163.157894736842,1215,1214.2857142857142,1100,1260.8695652173913,1179.1666666666667,1180,1292.3076923076924,1066.6666666666667,1078.5714285714287,1086.2068965517242,1123.3333333333333]
    }]
}