{
    "vehicle_starting_positions": ["Lausanne","Genève","Sion","Neuchâtel","Bern","Basel","Fribourg","Zürich","Aarau","Luzern","St-Gallen","Thun"],
    "task_distribution": {
        "distance_matrix": [
            [0,90,150,100,150,290,100,320,260,350,440,190],
            [90,0,240,190,240,380,190,410,350,440,530,280],
            [150,240,0,220,160,300,210,330,270,360,450,120],
            [100,190,220,0,60,200,110,230,170,260,350,100],
            [150,240,160,60,0,140,50,170,110,200,290,40],
            [290,380,300,200,140,0,190,120,180,190,240,180],
            [100,190,210,110,50,190,0,220,160,250,340,90],
            [320,410,330,230,170,120,220,0,60,70,120,210],
            [260,350,270,170,110,180,160,60,0,90,180,150],
            [350,440,360,260,200,190,250,70,90,0,190,240],
            [440,530,450,350,290,240,340,120,180,190,0,330],
            [190,280,120,100,40,180,90,210,150,240,330,0]
        ],
        "weight_matrix": [
            [0,3,3,3,3,3,3,3,3,3,3,3],
            [3,0,3,3,3,3,3,3,3,3,3,3],
            [3,3,0,3,3,3,3,3,3,3,3,3],
            [3,3,3,0,3,3,3,3,3,3,3,3],
            [3,3,3,3,0,3,3,3,3,3,3,3],
            [3,3,3,3,3,0,3,3,3,3,3,3],
            [3,3,3,3,3,3,0,3,3,3,3,3],
            [3,3,3,3,3,3,3,0,3,3,3,3],
            [3,3,3,3,3,3,3,3,0,3,3,3],
            [3,3,3,3,3,3,3,3,3,0,3,3],
            [3,3,3,3,3,3,3,3,3,3,0,3],
            [3,3,3,3,3,3,3,3,3,3,3,0]
        ],
        "probability_matrix": [
            [0,0.11800368355051921,0.14376314755710434,0.1089590864084071,0.0712334798419354,0.10590996933699906,0.07735415453737546,0.09239992448509193,0.013382258172689237,0.04526554646908369,0.08043342344359572,0.1432953261971988],
            [0.16577046583591123,0,0.01598622449764091,0.09735114082010783,0.04132195358141893,0.14297853711046776,0.13868210133273223,0.05027960437760775,0.1832766591531113,0.15150560969841598,0.004220104520783497,0.00862759907180257],
            [0.08235704556733268,0.006689115850506357,0,0.0526178778094187,0.20591419899970845,0.16414004632088436,0.10594925550107612,0.13081862316004483,0.04855319828816822,0.11754964085539256,0.03819818887244037,0.04721280877502724],
            [0.004638171001221798,0.055547207336898954,0.13817468256526827,0,0.027521352742180583,0.03903108822790668,0.03219081748166411,0.09086206410998757,0.10511974359513528,0.25683274739921974,0.09346975154298777,0.1566123739975293],
            [0.03966625084337303,0.10823752495528555,0.025453205825204786,0.0773111786701378,0,0.13946760244276024,0.14471845427238428,0.13959096139768606,0.07367398473590094,0.0770957319359678,0.1437637763869252,0.031021328534374247],
            [0.14220434643681856,0.15919743233716277,0.09735087020628387,0.01696228370064549,0.07423094489280115,0,0.13559552747309667,0.10934864948275681,0.12348483545999646,0.070961156533874,0.028748877188067682,0.04191507628849631],
            [0.022842060421559136,0.05723500521577926,0.08259773050548207,0.11599295093986695,0.11898785247037236,0.11979578331275409,0,0.07370779035239411,0.12952749796035481,0.12136210549345136,0.040078591940292195,0.1178726313876935],
            [0.07876555152228626,0.07347120993366531,0.05386830727138239,0.1741770082936889,0.041327095949515065,0.09842673301729497,0.1864854773767606,0,0.17876186268199315,0.034131869412487886,0.062319638099891474,0.018265246441033993],
            [0.1594839852862961,0.03942277074048579,0.08645975312764924,0.022045014621213135,0.1196652223809182,0.0754263731192539,0.1456542404412961,0.08782088972712107,0,0.00310315671590058,0.17871092499591987,0.08220766884394586],
            [0.17831972445644112,0.12505878865872191,0.09444527559014171,0.07916354360305722,0.023726130403575744,0.09693427927116238,0.07777493870404496,0.14792252647962653,0.009267087263956942,0,0.14871423954964472,0.018673466019626817],
            [0.11114002692027482,0.10422290015924944,0.0859653219597605,0.20751097516819678,0.041403258802598625,0.13916926123660905,0.04208646131997221,0.09008831291190787,0.06715831589608472,0.036605481515658164,0,0.0746496841096878],
            [0.08187152245262845,0.0882895638741443,0.0748581102156626,0.07868954193430093,0.13035008366917236,0.08654624891751869,0.15269138072249594,0.029955384612098984,0.10554919451779682,0.10225052780537001,0.0689484412788109,0]
        ],
        "city_names": ["Lausanne","Genève","Sion","Neuchâtel","Bern","Basel","Fribourg","Zürich","Aarau","Luzern","St-Gallen","Thun"],
        "reward_matrix": [
            [0,89805,77572,87766,77572,49030,87766,42913,55146,36797,18448,69417],
            [89805,0,59223,69417,59223,30681,69417,24565,36797,18448,100,51068],
            [77572,59223,0,63301,75533,46991,65340,40875,53107,34758,16410,83688],
            [87766,69417,63301,0,95921,67378,85727,61262,73495,55146,36797,87766],
            [77572,59223,75533,95921,0,79611,97960,73495,85727,67378,49030,99999],
            [49030,30681,46991,67378,79611,0,69417,83688,71456,69417,59223,71456],
            [87766,69417,65340,85727,97960,69417,0,63301,75533,57185,38836,89805],
            [42913,24565,40875,61262,73495,83688,63301,0,95921,93882,83688,65340],
            [55146,36797,53107,73495,85727,71456,75533,95921,0,89805,71456,77572],
            [36797,18448,34758,55146,67378,69417,57185,93882,89805,0,69417,59223],
            [18448,100,16410,36797,49030,59223,38836,83688,71456,69417,0,40875],
            [69417,51068,83688,87766,99999,71456,89805,65340,77572,59223,40875,0]
        ]
    },
    "vehicle_cost_per_km": [15,10,10,5,5,5,5,5,5,5,5,5],
    "vehicle_capacities": [5,5,5,30,30,30,30,30,30,30,30,30],
    "runs": [{
        "number_of_vehicles": 3,
        "avg_task_cost_vs_number_of_task": [2800,2450,1700,2350,2440,2500,2485.714285714286,2650,2566.6666666666665,2810,2663.6363636363635,2808.3333333333335,2915.3846153846152,2757.1428571428573,2680,2800,2800,2722.222222222222,2715.7894736842104,2670,2571.4285714285716,2581.818181818182,2634.782608695652,2708.3333333333335,2786,2725,2648.1481481481483,2619.6428571428573,2675.862068965517,2735]
    }]
}