{
    "vehicle_starting_positions": ["Lausanne","Genève","Sion","Neuchâtel","Bern","Basel","Fribourg","Zürich","Aarau","Luzern","St-Gallen","Thun"],
    "task_distribution": {
        "distance_matrix": [
            [0,90,150,100,150,290,100,320,260,350,440,190],
            [90,0,240,190,240,380,190,410,350,440,530,280],
            [150,240,0,220,160,300,210,330,270,360,450,120],
            [100,190,220,0,60,200,110,230,170,260,350,100],
            [150,240,160,60,0,140,50,170,110,200,290,40],
            [290,380,300,200,140,0,190,120,180,190,240,180],
            [100,190,210,110,50,190,0,220,160,250,340,90],
            [320,410,330,230,170,120,220,0,60,70,120,210],
            [260,350,270,170,110,180,160,60,0,90,180,150],
            [350,440,360,260,200,190,250,70,90,0,190,240],
            [440,530,450,350,290,240,340,120,180,190,0,330],
            [190,280,120,100,40,180,90,210,150,240,330,0]
        ],
        "weight_matrix": [
            [0,3,3,3,3,3,3,3,3,3,3,3],
            [3,0,3,3,3,3,3,3,3,3,3,3],
            [3,3,0,3,3,3,3,3,3,3,3,3],
            [3,3,3,0,3,3,3,3,3,3,3,3],
            [3,3,3,3,0,3,3,3,3,3,3,3],
            [3,3,3,3,3,0,3,3,3,3,3,3],
            [3,3,3,3,3,3,0,3,3,3,3,3],
            [3,3,3,3,3,3,3,0,3,3,3,3],
            [3,3,3,3,3,3,3,3,0,3,3,3],
            [3,3,3,3,3,3,3,3,3,0,3,3],
            [3,3,3,3,3,3,3,3,3,3,0,3],
            [3,3,3,3,3,3,3,3,3,3,3,0]
        ],
        "probability_matrix": [
            [0,0.10855716562810139,0.030976984780205365,0.028525533228434746,0.1437944064172158,0.09659963207794071,0.16727467288109604,0.16287999113551324,0.09027228830576565,0.07887388157619224,0.012384460348545984,0.07986098362098884],
            [0.14195803440905524,0,0.022150191774495447,0.06897198700458144,0.1938141020828437,0.01521923155259901,0.10495821860151543,0.14019555540992024,0.10839966381812871,0.04389360331338152,0.048215793587710054,0.11222361844576928],
            [0.11614019512891618,0.04153227165872226,0,0.08146946509391045,0.004497144789530655,0.1478642803691408,0.10107778063169122,0.09522217295673338,0.11127513759562688,0.14307475547347692,0.11616934792797438,0.0416774483742769],
            [0.19264617519192612,0.05021876279272278,0.17618285910338446,0,0.04083933823375868,0.109317913128048,0.006408089296830855,0.2173417269681005,0.040302168769735955,0.010968654081158463,0.14667177821172878,0.009102534222605334],
            [0.03387685658131521,0.00607668776366548,0.08582652039534429,0.034659573998797225,0,0.12430100739840112,0.05323855924222895,0.2082275870588267,0.0160566781626205,0.11258837847823037,0.14754378669365772,0.17760436422691228],
            [0.05490810661272498,0.07794794704959199,0.1435260213963008,0.03763081871254425,0.11866406796488786,0,0.08796448149691558,0.09422235821291275,0.09054893592512629,0.15011582272363508,0.020887550113104746,0.1235838897922557],
            [0.1628657415295207,0.09552100736081477,0.044191728470736116,0.048692986230729304,0.13734526325973867,0.12351499153395579,0,0.042940618577549036,0.02223095072047332,0.13408310318612948,0.10308057016723654,0.08553303896311616],
            [0.016265113352631578,0.1085939880864744,0.11708571301134424,0.11473610502375335,0.15617823473632733,0.022981649418806805,0.1447830376012654,0,0.1060535284558219,0.021729858151178522,0.10772731545084784,0.0838654567115485],
            [0.15011006376673314,0.0026823049438562973,0.034692590796096025,0.17925250970080583,0.029793465037032126,0.08622056280920627,0.16515274700957813,0.1376569889236813,0,0.10562235679573487,0.06304042435764624,0.04577598585962985],
            [0.06138846340490244,0.08595489803512223,0.12524049442260296,0.03152037145779829,0.08357533005549243,0.09436461782525937,0.13508276927305174,0.11531178519974103,0.0033079900761873227,0,0.1282853876724791,0.13596789257736297],
            [0.12143958471870885,4.589518894144601E-4,0.167303319510151,0.09932253494195703,0.04469152551333761,0.021016721903292887,0.1408378960033517,0.1404603716502248,0.06841589557806413,0.1521577453205586,0,0.043895452970938845],
            [0.004740654269921173,0.1506078262413156,0.10049307590884846,0.056259782049175505,0.1764197069340464,0.0317836438136928,0.04963036583673033,0.07401027140703277,0.1132167087283194,0.0989022795543937,0.14393568525652387,0]
        ],
        "city_names": ["Lausanne","Genève","Sion","Neuchâtel","Bern","Basel","Fribourg","Zürich","Aarau","Luzern","St-Gallen","Thun"],
        "reward_matrix": [
            [0,89805,77572,87766,77572,49030,87766,42913,55146,36797,18448,69417],
            [89805,0,59223,69417,59223,30681,69417,24565,36797,18448,100,51068],
            [77572,59223,0,63301,75533,46991,65340,40875,53107,34758,16410,83688],
            [87766,69417,63301,0,95921,67378,85727,61262,73495,55146,36797,87766],
            [77572,59223,75533,95921,0,79611,97960,73495,85727,67378,49030,99999],
            [49030,30681,46991,67378,79611,0,69417,83688,71456,69417,59223,71456],
            [87766,69417,65340,85727,97960,69417,0,63301,75533,57185,38836,89805],
            [42913,24565,40875,61262,73495,83688,63301,0,95921,93882,83688,65340],
            [55146,36797,53107,73495,85727,71456,75533,95921,0,89805,71456,77572],
            [36797,18448,34758,55146,67378,69417,57185,93882,89805,0,69417,59223],
            [18448,100,16410,36797,49030,59223,38836,83688,71456,69417,0,40875],
            [69417,51068,83688,87766,99999,71456,89805,65340,77572,59223,40875,0]
        ]
    },
    "vehicle_cost_per_km": [10,10,5,5,5,5,5,5,5,5,5,5],
    "vehicle_capacities": [10,10,10,30,30,30,30,30,30,30,30,30],
    "runs": [{
        "number_of_vehicles": 3,
        "avg_task_cost_vs_number_of_task": [2450,1725,1316.6666666666667,1037.5,990,1025,957.1428571428571,837.5,805.5555555555555,725,781.8181818181819,741.6666666666666,715.3846153846154,728.5714285714286,686.6666666666666,690.625,770.5882352941177,652.7777777777778,700,757.5,754.7619047619048,834.0909090909091,691.304347826087,802.0833333333334,838,790.3846153846154,888.8888888888889,835.7142857142857,858.6206896551724,710]
    }]
}