{
    "vehicle_starting_positions": ["Lausanne","Genève","Sion","Neuchâtel","Bern","Basel","Fribourg","Zürich","Aarau","Luzern","St-Gallen","Thun"],
    "task_distribution": {
        "distance_matrix": [
            [0,90,150,100,150,290,100,320,260,350,440,190],
            [90,0,240,190,240,380,190,410,350,440,530,280],
            [150,240,0,220,160,300,210,330,270,360,450,120],
            [100,190,220,0,60,200,110,230,170,260,350,100],
            [150,240,160,60,0,140,50,170,110,200,290,40],
            [290,380,300,200,140,0,190,120,180,190,240,180],
            [100,190,210,110,50,190,0,220,160,250,340,90],
            [320,410,330,230,170,120,220,0,60,70,120,210],
            [260,350,270,170,110,180,160,60,0,90,180,150],
            [350,440,360,260,200,190,250,70,90,0,190,240],
            [440,530,450,350,290,240,340,120,180,190,0,330],
            [190,280,120,100,40,180,90,210,150,240,330,0]
        ],
        "weight_matrix": [
            [0,3,3,3,3,3,3,3,3,3,3,3],
            [3,0,3,3,3,3,3,3,3,3,3,3],
            [3,3,0,3,3,3,3,3,3,3,3,3],
            [3,3,3,0,3,3,3,3,3,3,3,3],
            [3,3,3,3,0,3,3,3,3,3,3,3],
            [3,3,3,3,3,0,3,3,3,3,3,3],
            [3,3,3,3,3,3,0,3,3,3,3,3],
            [3,3,3,3,3,3,3,0,3,3,3,3],
            [3,3,3,3,3,3,3,3,0,3,3,3],
            [3,3,3,3,3,3,3,3,3,0,3,3],
            [3,3,3,3,3,3,3,3,3,3,0,3],
            [3,3,3,3,3,3,3,3,3,3,3,0]
        ],
        "probability_matrix": [
            [0,0.15299017987212102,0.041866058544277544,0.12255892627650769,0.12947083832429013,0.005503772880694721,0.1119003880858019,0.15353028789958895,0.07155420863067889,0.05415177321404742,0.007413503478316978,0.14906006279367492],
            [0.006855459697500782,0,0.123913376322648,0.1274408094947492,0.11999326581167234,0.11305450251108161,0.02402701900572527,0.1122011566398046,0.11546322695687486,0.06193773761892341,0.10008333742457401,0.09503010851644599],
            [0.012567699630677555,0.004364728130302212,0,0.12348686691355733,0.05780801032352124,0.11063398685850503,0.20237643189769222,0.07649599487426668,0.1383708990706601,0.1924064158480986,0.07153620950836774,0.009952756944351366],
            [0.18145120610576373,0.10755567967064726,0.056138193947261245,0,0.024804979330615765,0.16998896671258354,0.14478448091720206,0.020501474730307685,0.13094809698792434,0.03638034689748408,0.025419212334405333,0.10202736236580486],
            [0.13323649319402966,0.14942372553895503,0.11885766803837791,0.04116215522028871,0,0.07973601909779961,0.05276259087045947,0.029121013145845476,0.07913851303964389,0.14565430531549675,0.13566538572199002,0.0352421308171134],
            [0.20566192056638788,0.010301818206269261,0.12001098493630785,0.027420736284070192,0.045902131700812254,0,0.1891782491943138,0.08080960956250657,0.0017726486734907728,0.14909078430047243,0.07684486584738029,0.09300625072798875],
            [0.13260156973656362,0.08404559035157758,0.10642420073435742,0.12930556034720694,0.030833150100531278,0.05965920395827787,0,0.0330557122401437,0.1650736385641749,0.08571029418900945,0.12395766370838433,0.04933341606977291],
            [0.06552230392787965,0.03904848547819487,0.14039144226911268,0.08222526451190497,0.10281232416494646,0.11992777116295682,0.09032161535366066,0,0.11962296284951557,0.08945071561003184,0.06926183559202462,0.08141527907977182],
            [0.08691797558480051,0.13209377881554624,0.010179607825686186,0.1582379136248155,0.12073182303081083,0.05269363600063966,0.0010469139319741617,0.15803653556505576,0,0.0034169743971628965,0.15709891939465181,0.11954592182885658],
            [0.09815250207399012,0.14599886674995866,0.1166088857478598,0.0736829413353557,0.12689347753183164,0.07984245129535447,0.08479269467184045,0.1546544335269686,0.008595617005347016,0,0.10028845282870949,0.010489677232784055],
            [0.04326952606792728,0.14446103012363348,0.07227340390475244,0.0825892290744567,0.07620121382610805,0.1494538154399566,0.06811819037129702,0.11338851191306579,0.011175979033703319,0.12152608403635304,0,0.11754301620874627],
            [0.04971076022150757,0.07856919222283182,0.06145722757688815,0.1114661130279707,0.13658889391605814,0.11496135080445574,0.12654126473806868,0.09745110226542666,0.013633789776759988,0.09997375408517002,0.10964655136486237,0]
        ],
        "city_names": ["Lausanne","Genève","Sion","Neuchâtel","Bern","Basel","Fribourg","Zürich","Aarau","Luzern","St-Gallen","Thun"],
        "reward_matrix": [
            [0,89805,77572,87766,77572,49030,87766,42913,55146,36797,18448,69417],
            [89805,0,59223,69417,59223,30681,69417,24565,36797,18448,100,51068],
            [77572,59223,0,63301,75533,46991,65340,40875,53107,34758,16410,83688],
            [87766,69417,63301,0,95921,67378,85727,61262,73495,55146,36797,87766],
            [77572,59223,75533,95921,0,79611,97960,73495,85727,67378,49030,99999],
            [49030,30681,46991,67378,79611,0,69417,83688,71456,69417,59223,71456],
            [87766,69417,65340,85727,97960,69417,0,63301,75533,57185,38836,89805],
            [42913,24565,40875,61262,73495,83688,63301,0,95921,93882,83688,65340],
            [55146,36797,53107,73495,85727,71456,75533,95921,0,89805,71456,77572],
            [36797,18448,34758,55146,67378,69417,57185,93882,89805,0,69417,59223],
            [18448,100,16410,36797,49030,59223,38836,83688,71456,69417,0,40875],
            [69417,51068,83688,87766,99999,71456,89805,65340,77572,59223,40875,0]
        ]
    },
    "vehicle_cost_per_km": [10,5,10,5,5,5,5,5,5,5,5,5],
    "vehicle_capacities": [15,15,15,30,30,30,30,30,30,30,30,30],
    "runs": [{
        "number_of_vehicles": 3,
        "avg_task_cost_vs_number_of_task": [3350,2300,2183.3333333333335,1637.5,1310,1158.3333333333333,992.8571428571429,937.5,833.3333333333334,945,731.8181818181819,729.1666666666666,788.4615384615385,664.2857142857143,746.6666666666666,618.75,617.6470588235294,641.6666666666666,657.8947368421053,720,745.2380952380952,672.7272727272727,767.3913043478261,668.75,684,728.8461538461538,855.5555555555555,628.5714285714286,636.2068965517242,593.3333333333334]
    }]
}