{
    "vehicle_starting_positions": ["Lausanne","Genève","Sion","Neuchâtel","Bern","Basel","Fribourg","Zürich","Aarau","Luzern","St-Gallen","Thun"],
    "task_distribution": {
        "distance_matrix": [
            [0,90,150,100,150,290,100,320,260,350,440,190],
            [90,0,240,190,240,380,190,410,350,440,530,280],
            [150,240,0,220,160,300,210,330,270,360,450,120],
            [100,190,220,0,60,200,110,230,170,260,350,100],
            [150,240,160,60,0,140,50,170,110,200,290,40],
            [290,380,300,200,140,0,190,120,180,190,240,180],
            [100,190,210,110,50,190,0,220,160,250,340,90],
            [320,410,330,230,170,120,220,0,60,70,120,210],
            [260,350,270,170,110,180,160,60,0,90,180,150],
            [350,440,360,260,200,190,250,70,90,0,190,240],
            [440,530,450,350,290,240,340,120,180,190,0,330],
            [190,280,120,100,40,180,90,210,150,240,330,0]
        ],
        "weight_matrix": [
            [0,3,3,3,3,3,3,3,3,3,3,3],
            [3,0,3,3,3,3,3,3,3,3,3,3],
            [3,3,0,3,3,3,3,3,3,3,3,3],
            [3,3,3,0,3,3,3,3,3,3,3,3],
            [3,3,3,3,0,3,3,3,3,3,3,3],
            [3,3,3,3,3,0,3,3,3,3,3,3],
            [3,3,3,3,3,3,0,3,3,3,3,3],
            [3,3,3,3,3,3,3,0,3,3,3,3],
            [3,3,3,3,3,3,3,3,0,3,3,3],
            [3,3,3,3,3,3,3,3,3,0,3,3],
            [3,3,3,3,3,3,3,3,3,3,0,3],
            [3,3,3,3,3,3,3,3,3,3,3,0]
        ],
        "probability_matrix": [
            [0,0.1544043145981139,0.06685940339776432,0.07283171949358735,0.08618841145840503,0.11859010300317598,0.038953181993204515,0.0950475984777874,0.11629810122748109,0.02726694174621687,0.1311277571568026,0.09243246744746092],
            [0.07875879209859334,0,0.1019775571326514,0.13800681760342723,0.09122196407548716,0.06347205006308769,0.12337299451524382,0.13425444769394929,0.11131664693150413,0.09521454832556045,0.00664745352610907,0.055756728034386326],
            [0.05363420070728032,0.03399048762263838,0,0.12084299034923923,0.11090131572120919,0.15487128582525156,0.06545943262723987,0.17259818524464482,0.044454626385429165,0.11631752698280547,0.045491205743342665,0.08143874279091937],
            [0.021781586603654618,0.05502558228977834,0.10810734956527679,0,0.017268319408333708,0.15446210153007933,0.05371044491414622,0.1637324325520141,0.01111219440772935,0.09355115361736699,0.16040144577892593,0.16084738933269468],
            [0.07873538396071152,0.011823240303118768,0.13917001212670757,0.013049304857790392,0,0.09689130535075823,0.009796075119040605,0.14448206238330266,0.005349599026519848,0.15135090228445422,0.1766171694663837,0.17273494512121243],
            [0.06511430742206689,0.14235812310650195,0.1137764816419812,0.11975855492939512,0.08350351901888034,0,0.07750488395899778,0.08570851792501014,0.03674452003776987,0.13060430316357435,0.10869777514272107,0.03622901365310126],
            [0.06970612646752053,0.13881219992539734,0.14829165005175587,0.006855626113361655,0.07742349380423978,0.01173419381367407,0,0.1797016570917322,0.03910744907787936,0.18957557052613463,0.02618083002422112,0.11261120310408343],
            [0.1443527396229502,0.032370282554697864,0.1420035476356176,0.1307426150076623,0.06565460961834767,0.07641518540604934,0.12844092156143233,0,0.055570840161587864,0.029119615334507864,0.1349788640460825,0.060350779051064236],
            [0.1915211697248075,0.18419423531325554,0.02805449228034624,0.06322783395350831,0.12109529927611037,0.11222946169466802,0.06165700094691077,0.0515211901041037,0,0.0022275415172695752,0.0533492754293824,0.13092249975963743],
            [0.07765892171745743,0.027597839149151916,0.16626682434304504,0.12703013534118027,0.009060904500537058,0.1330176957535188,0.04944290629084549,0.06883671033210413,0.08692945822175574,0,0.16935113419309267,0.08480747015731153],
            [0.027333016505414493,0.09486154916472377,0.1415765586162855,0.15447461851647198,0.0867033681380458,0.11181977683387721,0.03557240016036108,0.1374178561625275,0.12456934428955607,0.034697104939714105,0,0.050974406673022415],
            [0.09035765852036876,0.08674378015735838,0.12147698739959555,0.10558969017449922,0.08482190500919987,0.15275066991896888,0.10788039016543363,0.005507192453926065,0.012372186805656946,0.1486375401001148,0.08386199929487814,0]
        ],
        "city_names": ["Lausanne","Genève","Sion","Neuchâtel","Bern","Basel","Fribourg","Zürich","Aarau","Luzern","St-Gallen","Thun"],
        "reward_matrix": [
            [0,89805,77572,87766,77572,49030,87766,42913,55146,36797,18448,69417],
            [89805,0,59223,69417,59223,30681,69417,24565,36797,18448,100,51068],
            [77572,59223,0,63301,75533,46991,65340,40875,53107,34758,16410,83688],
            [87766,69417,63301,0,95921,67378,85727,61262,73495,55146,36797,87766],
            [77572,59223,75533,95921,0,79611,97960,73495,85727,67378,49030,99999],
            [49030,30681,46991,67378,79611,0,69417,83688,71456,69417,59223,71456],
            [87766,69417,65340,85727,97960,69417,0,63301,75533,57185,38836,89805],
            [42913,24565,40875,61262,73495,83688,63301,0,95921,93882,83688,65340],
            [55146,36797,53107,73495,85727,71456,75533,95921,0,89805,71456,77572],
            [36797,18448,34758,55146,67378,69417,57185,93882,89805,0,69417,59223],
            [18448,100,16410,36797,49030,59223,38836,83688,71456,69417,0,40875],
            [69417,51068,83688,87766,99999,71456,89805,65340,77572,59223,40875,0]
        ]
    },
    "vehicle_cost_per_km": [10,5,10,5,5,5,5,5,5,5,5,5],
    "vehicle_capacities": [5,5,5,30,30,30,30,30,30,30,30,30],
    "runs": [{
        "number_of_vehicles": 3,
        "avg_task_cost_vs_number_of_task": [2850,1800,2050,2400,2130,2325,2057.1428571428573,1862.5,1861.111111111111,2010,1936.3636363636363,2004.1666666666667,2000,1892.857142857143,1880,1834.375,1994.1176470588234,1883.3333333333333,1828.9473684210527,1822.5,1740.4761904761904,1804.5454545454545,1756.5217391304348,1856.25,1850,1848.076923076923,1929.6296296296296,1914.2857142857142,1889.655172413793,1856.6666666666667]
    }]
}