{
    "vehicle_starting_positions": ["Lausanne","Genève","Sion","Neuchâtel","Bern","Basel","Fribourg","Zürich","Aarau","Luzern","St-Gallen","Thun"],
    "task_distribution": {
        "distance_matrix": [
            [0,90,150,100,150,290,100,320,260,350,440,190],
            [90,0,240,190,240,380,190,410,350,440,530,280],
            [150,240,0,220,160,300,210,330,270,360,450,120],
            [100,190,220,0,60,200,110,230,170,260,350,100],
            [150,240,160,60,0,140,50,170,110,200,290,40],
            [290,380,300,200,140,0,190,120,180,190,240,180],
            [100,190,210,110,50,190,0,220,160,250,340,90],
            [320,410,330,230,170,120,220,0,60,70,120,210],
            [260,350,270,170,110,180,160,60,0,90,180,150],
            [350,440,360,260,200,190,250,70,90,0,190,240],
            [440,530,450,350,290,240,340,120,180,190,0,330],
            [190,280,120,100,40,180,90,210,150,240,330,0]
        ],
        "weight_matrix": [
            [0,3,3,3,3,3,3,3,3,3,3,3],
            [3,0,3,3,3,3,3,3,3,3,3,3],
            [3,3,0,3,3,3,3,3,3,3,3,3],
            [3,3,3,0,3,3,3,3,3,3,3,3],
            [3,3,3,3,0,3,3,3,3,3,3,3],
            [3,3,3,3,3,0,3,3,3,3,3,3],
            [3,3,3,3,3,3,0,3,3,3,3,3],
            [3,3,3,3,3,3,3,0,3,3,3,3],
            [3,3,3,3,3,3,3,3,0,3,3,3],
            [3,3,3,3,3,3,3,3,3,0,3,3],
            [3,3,3,3,3,3,3,3,3,3,0,3],
            [3,3,3,3,3,3,3,3,3,3,3,0]
        ],
        "probability_matrix": [
            [0,0.04379015495526206,0.1429971144229749,0.1286847797718756,7.09777622799254E-4,0.05742989654392875,0.09058490684113178,0.1291612656162701,0.09993186755592323,0.07337695213452979,0.14036721646787806,0.09296606806742638],
            [0.05325602135434472,0,0.06705028628528666,0.1341300633127398,0.09181671502794758,0.08940805835175676,0.13272972522348916,0.09991410159870165,0.1321658418504837,0.10953070490629935,0.039325295265263405,0.050673186823687176],
            [0.13854297575455993,0.11082221195538335,0,0.04903026884883474,0.06411827805213302,0.08606315408546769,8.898444154968977E-4,0.0632967149511077,0.14010302028512306,0.1496417444283327,0.09132363430512594,0.10616815291843489],
            [0.08789396631595559,0.04021579865542519,0.15106758085938815,0,0.04591529506919042,0.10699192988772528,0.15179946665236738,0.15240876536336345,0.01764794419124283,0.05340752678932154,0.09080535983473174,0.10184636638128852],
            [0.08470418678578567,0.13510878795708056,0.12942446750387482,0.040290534332025986,0,0.07531868875698165,0.073476191725235,0.12835575532084464,0.06550986005951405,0.10774450421506092,0.022855902790705134,0.1372111205528915],
            [0.13540408627129008,0.06185252913435904,0.1299851549417188,0.04869368325860106,0.06853627283459492,0,0.13865472574911442,0.08307140835291052,0.01653378048982402,0.10256603376146578,0.11390688092413094,0.10079544428199025],
            [0.03618868356720997,0.17979236359687623,0.093045495844328,0.05733368573169231,0.08409841859178194,0.01049739214478199,0,0.20651061585381386,0.13967905317222468,0.040108875522474906,0.06552231215591257,0.08722310381890351],
            [0.1041645123118996,0.06993424319745033,0.14788846294523886,0.05343613060432715,0.011396507870993179,0.0908232849431919,0.08535919769632898,0,0.04445461203359944,0.12541589052136523,0.10660739085084076,0.1605197670247646],
            [0.06467897043989128,0.07528027571635915,0.04954165264357921,0.009441068972485159,0.1887477084063966,0.1515593347630543,0.07626939150530962,0.14936627120045926,0,0.14716605885370565,0.06260020200700914,0.02534906549175067],
            [0.038534795512048116,0.09108115182984332,0.10650943264594549,0.15843459175592392,0.010573669164422591,0.15413388815731544,0.0786231215704717,0.15038492397426498,0.05358951989500706,0,0.07941018924084227,0.07872471625391503],
            [0.11385913875978632,0.0892938110594314,0.02188665732581412,0.1584702744244644,0.16719635920442125,0.05642416921532512,0.07681358554671612,0.1598790326751967,0.11571651062332665,0.03484457180331406,0,0.00561588936220395],
            [0.18676642722053477,0.00407286400554847,0.06480090522826809,0.0485549794656397,0.1300155492500916,0.12285849589122658,0.13538019666771064,0.06536858952156879,0.172999859645886,6.310028041154739E-4,0.06855113029940986,0]
        ],
        "city_names": ["Lausanne","Genève","Sion","Neuchâtel","Bern","Basel","Fribourg","Zürich","Aarau","Luzern","St-Gallen","Thun"],
        "reward_matrix": [
            [0,89805,77572,87766,77572,49030,87766,42913,55146,36797,18448,69417],
            [89805,0,59223,69417,59223,30681,69417,24565,36797,18448,100,51068],
            [77572,59223,0,63301,75533,46991,65340,40875,53107,34758,16410,83688],
            [87766,69417,63301,0,95921,67378,85727,61262,73495,55146,36797,87766],
            [77572,59223,75533,95921,0,79611,97960,73495,85727,67378,49030,99999],
            [49030,30681,46991,67378,79611,0,69417,83688,71456,69417,59223,71456],
            [87766,69417,65340,85727,97960,69417,0,63301,75533,57185,38836,89805],
            [42913,24565,40875,61262,73495,83688,63301,0,95921,93882,83688,65340],
            [55146,36797,53107,73495,85727,71456,75533,95921,0,89805,71456,77572],
            [36797,18448,34758,55146,67378,69417,57185,93882,89805,0,69417,59223],
            [18448,100,16410,36797,49030,59223,38836,83688,71456,69417,0,40875],
            [69417,51068,83688,87766,99999,71456,89805,65340,77572,59223,40875,0]
        ]
    },
    "vehicle_cost_per_km": [10,10,5,5,5,5,5,5,5,5,5,5],
    "vehicle_capacities": [15,15,15,30,30,30,30,30,30,30,30,30],
    "runs": [{
        "number_of_vehicles": 3,
        "avg_task_cost_vs_number_of_task": [1900,1600,1433.3333333333333,1412.5,1210,1008.3333333333334,864.2857142857143,831.25,755.5555555555555,740,677.2727272727273,791.6666666666666,750,710.7142857142857,640,693.75,741.1764705882352,694.4444444444445,634.2105263157895,740,623.8095238095239,690.9090909090909,634.7826086956521,741.6666666666666,646,655.7692307692307,674.074074074074,700,698.2758620689655,681.6666666666666]
    }]
}