{
    "vehicle_starting_positions": ["Lausanne","Genève","Sion","Neuchâtel","Bern","Basel","Fribourg","Zürich","Aarau","Luzern","St-Gallen","Thun"],
    "task_distribution": {
        "distance_matrix": [
            [0,90,150,100,150,290,100,320,260,350,440,190],
            [90,0,240,190,240,380,190,410,350,440,530,280],
            [150,240,0,220,160,300,210,330,270,360,450,120],
            [100,190,220,0,60,200,110,230,170,260,350,100],
            [150,240,160,60,0,140,50,170,110,200,290,40],
            [290,380,300,200,140,0,190,120,180,190,240,180],
            [100,190,210,110,50,190,0,220,160,250,340,90],
            [320,410,330,230,170,120,220,0,60,70,120,210],
            [260,350,270,170,110,180,160,60,0,90,180,150],
            [350,440,360,260,200,190,250,70,90,0,190,240],
            [440,530,450,350,290,240,340,120,180,190,0,330],
            [190,280,120,100,40,180,90,210,150,240,330,0]
        ],
        "weight_matrix": [
            [0,3,3,3,3,3,3,3,3,3,3,3],
            [3,0,3,3,3,3,3,3,3,3,3,3],
            [3,3,0,3,3,3,3,3,3,3,3,3],
            [3,3,3,0,3,3,3,3,3,3,3,3],
            [3,3,3,3,0,3,3,3,3,3,3,3],
            [3,3,3,3,3,0,3,3,3,3,3,3],
            [3,3,3,3,3,3,0,3,3,3,3,3],
            [3,3,3,3,3,3,3,0,3,3,3,3],
            [3,3,3,3,3,3,3,3,0,3,3,3],
            [3,3,3,3,3,3,3,3,3,0,3,3],
            [3,3,3,3,3,3,3,3,3,3,0,3],
            [3,3,3,3,3,3,3,3,3,3,3,0]
        ],
        "probability_matrix": [
            [0,0.055440353392532934,0.10528390612926546,0.01929115545371652,0.13671079446401035,0.0961984237264515,0.15040953492005357,0.0319690719200238,0.04201402679577484,0.08795544538474996,0.14724877539466694,0.127478512418754],
            [0.14485428010284496,0,0.1495799388027725,0.12778582164210062,0.018931385697258045,0.07748424732699404,0.08476368746557411,0.04867132188098286,0.08735403697337858,0.13798476458916475,0.06817155408234198,0.054418961436587476],
            [0.006591599070346237,0.09742659374581045,0,0.08151417053868146,0.005749189170047278,0.0685350344529986,0.13979184546140366,0.12120443706042498,0.09866617955865958,0.09063407596166047,0.15939830998795765,0.13048856499200956],
            [0.17043971670517663,0.03005341190973923,0.16960825258191878,0,0.1570463048706827,0.005696842191659693,0.01532425199426273,0.02762987346607861,0.022462853857862602,0.16366957211570607,0.13281914661528468,0.1052497736916282],
            [0.12441625450818852,0.04746992919525712,0.02797587474408158,0.10709097979957173,0,0.11349506901544884,0.11700902516993654,0.061399187350281666,0.12512805014178846,0.07496714974511323,0.08350039637459279,0.11754808395573942],
            [0.12346569450564283,0.03208109391303455,0.0241409792334598,0.08437782218024617,0.10360526163290788,0,0.19754483463371877,0.06922977129149437,0.004462307596524912,0.15402149767760295,0.11893720502689913,0.08813353230846865],
            [0.06744274151119245,0.13272309891649323,0.10744964950210012,0.07842229829364945,0.03261784567527063,0.03446059375577889,0,0.0016476133579936467,0.1387465570522865,0.055329276320639005,0.18251269011176363,0.16864763550283246],
            [0.0020344146456479162,0.07308484461070092,0.17056350979224424,0.05774212452927654,0.03695236678951785,0.1592266958725559,0.20869078978129144,0,0.08280589203798586,0.12254990389223762,0.03356434457006454,0.05278511347847721],
            [0.14418046694594258,0.13836937138654276,0.14593774830803768,0.025867063874915296,0.02669722585447553,0.10970103968257625,0.13511692857091234,0.048500353737095034,0,0.13040860538966464,0.044510089821886846,0.05071110642795093],
            [0.14603989246339974,0.12132657942902399,0.14670860065120453,0.16658900365182847,0.022969627132420227,0.03396023842090586,0.09382267525307333,0.02719246912548537,0.019174227313189237,0,0.05639622045205069,0.16582046610741857],
            [0.11360161251755588,0.0426237810633679,0.0794872857447663,0.12543107470781484,0.12365005381069456,0.07691840685271151,0.035781293844720154,0.11888083767456442,0.0016626741717238008,0.16175014297055054,0,0.12021283664153003],
            [0.13063010661541988,0.09706408044841774,0.04314618460451279,0.09288258121717938,0.12739959726958056,0.035796727138032274,0.005976646657169705,0.12953024318496908,0.14034734220407863,0.07540106448807024,0.12182542617256978,0]
        ],
        "city_names": ["Lausanne","Genève","Sion","Neuchâtel","Bern","Basel","Fribourg","Zürich","Aarau","Luzern","St-Gallen","Thun"],
        "reward_matrix": [
            [0,89805,77572,87766,77572,49030,87766,42913,55146,36797,18448,69417],
            [89805,0,59223,69417,59223,30681,69417,24565,36797,18448,100,51068],
            [77572,59223,0,63301,75533,46991,65340,40875,53107,34758,16410,83688],
            [87766,69417,63301,0,95921,67378,85727,61262,73495,55146,36797,87766],
            [77572,59223,75533,95921,0,79611,97960,73495,85727,67378,49030,99999],
            [49030,30681,46991,67378,79611,0,69417,83688,71456,69417,59223,71456],
            [87766,69417,65340,85727,97960,69417,0,63301,75533,57185,38836,89805],
            [42913,24565,40875,61262,73495,83688,63301,0,95921,93882,83688,65340],
            [55146,36797,53107,73495,85727,71456,75533,95921,0,89805,71456,77572],
            [36797,18448,34758,55146,67378,69417,57185,93882,89805,0,69417,59223],
            [18448,100,16410,36797,49030,59223,38836,83688,71456,69417,0,40875],
            [69417,51068,83688,87766,99999,71456,89805,65340,77572,59223,40875,0]
        ]
    },
    "vehicle_cost_per_km": [15,5,5,5,5,5,5,5,5,5,5,5],
    "vehicle_capacities": [5,5,5,30,30,30,30,30,30,30,30,30],
    "runs": [{
        "number_of_vehicles": 3,
        "avg_task_cost_vs_number_of_task": [1000,750,1383.3333333333333,1712.5,1760,2050,1871.4285714285713,1737.5,1866.6666666666667,1770,1800,1650,1676.923076923077,1728.5714285714287,1613.3333333333333,1593.75,1764.7058823529412,1700,1752.6315789473683,1690,1685.7142857142858,1636.3636363636363,1595.6521739130435,1529.1666666666667,1512,1515.3846153846155,1485.1851851851852,1458.9285714285713,1453.448275862069,1493.3333333333333]
    }]
}