{
    "vehicle_starting_positions": ["Lausanne","Genève","Sion","Neuchâtel","Bern","Basel","Fribourg","Zürich","Aarau","Luzern","St-Gallen","Thun"],
    "task_distribution": {
        "distance_matrix": [
            [0,90,150,100,150,290,100,320,260,350,440,190],
            [90,0,240,190,240,380,190,410,350,440,530,280],
            [150,240,0,220,160,300,210,330,270,360,450,120],
            [100,190,220,0,60,200,110,230,170,260,350,100],
            [150,240,160,60,0,140,50,170,110,200,290,40],
            [290,380,300,200,140,0,190,120,180,190,240,180],
            [100,190,210,110,50,190,0,220,160,250,340,90],
            [320,410,330,230,170,120,220,0,60,70,120,210],
            [260,350,270,170,110,180,160,60,0,90,180,150],
            [350,440,360,260,200,190,250,70,90,0,190,240],
            [440,530,450,350,290,240,340,120,180,190,0,330],
            [190,280,120,100,40,180,90,210,150,240,330,0]
        ],
        "weight_matrix": [
            [0,3,3,3,3,3,3,3,3,3,3,3],
            [3,0,3,3,3,3,3,3,3,3,3,3],
            [3,3,0,3,3,3,3,3,3,3,3,3],
            [3,3,3,0,3,3,3,3,3,3,3,3],
            [3,3,3,3,0,3,3,3,3,3,3,3],
            [3,3,3,3,3,0,3,3,3,3,3,3],
            [3,3,3,3,3,3,0,3,3,3,3,3],
            [3,3,3,3,3,3,3,0,3,3,3,3],
            [3,3,3,3,3,3,3,3,0,3,3,3],
            [3,3,3,3,3,3,3,3,3,0,3,3],
            [3,3,3,3,3,3,3,3,3,3,0,3],
            [3,3,3,3,3,3,3,3,3,3,3,0]
        ],
        "probability_matrix": [
            [0,0.15238079584381123,0.10171578677306163,0.046131455426713174,0.15771271132093154,0.03295659788249992,0.014867679020196967,0.15886407724073198,0.11221286368538178,0.04189956786372696,0.08636522982340253,0.09489323511954223],
            [0.0967198417590411,0,0.07750635925624805,0.06863020717648567,0.051672649065434305,0.11122331807237193,0.11961620758651013,0.11727395730913895,0.06949463002950033,0.07213066476286033,0.10231343066091776,0.11341873432149141],
            [0.002171866539229574,0.16644607463281377,0,0.15985033771849896,0.07742626238489692,0.060723309209482726,0.0583181856497317,0.11804015400562495,0.07642963447531383,0.11759226174490553,0.0660019607843972,0.0969999528551049],
            [0.057923380428302404,0.2558568142212613,0.026229930641940166,0,0.09715266076917095,0.17033636912395775,0.22811418220415414,0.01524149128100221,0.05845319074038909,0.02265845416628283,0.0075364800824600136,0.06049704634107912],
            [0.10466845767231821,0.08217705358337365,0.19262256890150706,0.0783417237902546,0,0.035135882543441875,0.007705542384100002,0.004202303446695477,0.020582151897548088,0.05486323483115439,0.20644810235439737,0.21325297859520922],
            [0.06784018707955833,0.09563863533870323,0.057881767987369284,0.13656949583098094,0.12367908237123536,0,0.10215116473568196,0.0107403675309068,0.08243155953467361,0.059548487029762,0.12384649271991732,0.13967275984121102],
            [0.1217983185803661,0.03802151744199428,0.10698429302749682,0.11121758140438052,0.06467648855668943,0.06406442054911463,0,0.17545995112414686,0.07190851938163688,0.122172949029668,0.005900190978822927,0.11779576992568354],
            [0.09525302628492481,0.05572439545540711,0.12461631859545065,0.04627450763903229,0.1308520480240545,0.04529101612449119,0.00119973342724649,0,0.07096393817805886,0.14476757292841466,0.1825255529350164,0.10253189040790302],
            [0.14420493419577776,0.05589190003178004,0.007586290254234318,0.15937839696039244,0.08572597042033121,0.07747338485963703,0.15847341758359473,0.015094885325748826,0,0.1575234201823345,0.049530754999897564,0.08911664518627141],
            [0.16572648107213514,0.025969631964767013,0.1442070013596269,0.12879114007006454,0.061126848669347374,0.16762507324389772,0.005160411567402814,0.060211655107846436,0.12885033040953042,0,0.10641804324185167,0.005913383293529967],
            [0.1564399490035807,0.115016989801945,0.09133516548103282,0.13509742047625362,0.016699473216085215,0.1559076941082257,0.04410992454415289,0.10030186436496673,0.09536670572394429,0.016847441983147422,0,0.07287737129666577],
            [0.17496090811959383,0.08439453521970293,0.039311861980297985,0.05541450763354418,0.03260602271836689,0.13647912712034244,0.1720221936211864,0.17837357737204634,0.013199894704755263,0.055664022748424434,0.05757334876173918,0]
        ],
        "city_names": ["Lausanne","Genève","Sion","Neuchâtel","Bern","Basel","Fribourg","Zürich","Aarau","Luzern","St-Gallen","Thun"],
        "reward_matrix": [
            [0,89805,77572,87766,77572,49030,87766,42913,55146,36797,18448,69417],
            [89805,0,59223,69417,59223,30681,69417,24565,36797,18448,100,51068],
            [77572,59223,0,63301,75533,46991,65340,40875,53107,34758,16410,83688],
            [87766,69417,63301,0,95921,67378,85727,61262,73495,55146,36797,87766],
            [77572,59223,75533,95921,0,79611,97960,73495,85727,67378,49030,99999],
            [49030,30681,46991,67378,79611,0,69417,83688,71456,69417,59223,71456],
            [87766,69417,65340,85727,97960,69417,0,63301,75533,57185,38836,89805],
            [42913,24565,40875,61262,73495,83688,63301,0,95921,93882,83688,65340],
            [55146,36797,53107,73495,85727,71456,75533,95921,0,89805,71456,77572],
            [36797,18448,34758,55146,67378,69417,57185,93882,89805,0,69417,59223],
            [18448,100,16410,36797,49030,59223,38836,83688,71456,69417,0,40875],
            [69417,51068,83688,87766,99999,71456,89805,65340,77572,59223,40875,0]
        ]
    },
    "vehicle_cost_per_km": [5,5,10,5,5,5,5,5,5,5,5,5],
    "vehicle_capacities": [15,15,15,30,30,30,30,30,30,30,30,30],
    "runs": [{
        "number_of_vehicles": 3,
        "avg_task_cost_vs_number_of_task": [1200,1500,1200,1137.5,910,900,771.4285714285714,737.5,705.5555555555555,680,650,595.8333333333334,569.2307692307693,564.2857142857143,546.6666666666666,553.125,597.0588235294117,625,589.4736842105264,600,576.1904761904761,595.4545454545455,589.1304347826087,637.5,604,578.8461538461538,531.4814814814815,551.7857142857143,553.448275862069,585]
    }]
}