{
    "vehicle_starting_positions": ["Amsterdam","Rotterdam","Den Haag","Utrecht","Eindhoven","Almere","Groningen","Nijmegen","Breda","Apeldoorn"],
    "task_distribution": {
        "distance_matrix": [
            [0,90.6,65.2,45.6,137.5,31.9,185.9,132,119.1,90.2],
            [90.6,0,25.4,62.3,110.8,105.6,259.6,112,48.6,129.3],
            [65.2,25.4,0,87.7,136.2,97.1,251.1,137.4,74,154.7],
            [45.6,62.3,87.7,0,91.9,43.3,197.3,86.4,73.5,67],
            [137.5,110.8,136.2,91.9,0,135.2,268.3,70.2,62.2,127.3],
            [31.9,105.6,97.1,43.3,135.2,0,154,129.7,116.8,80.1],
            [185.9,259.6,251.1,197.3,268.3,154,0,198.1,270.8,141],
            [132,112,137.4,86.4,70.2,129.7,198.1,0,96.2,57.1],
            [119.1,48.6,74,73.5,62.2,116.8,270.8,96.2,0,140.5],
            [90.2,129.3,154.7,67,127.3,80.1,141,57.1,140.5,0]
        ],
        "weight_matrix": [
            [0,3,3,3,3,3,3,3,3,3],
            [3,0,3,3,3,3,3,3,3,3],
            [3,3,0,3,3,3,3,3,3,3],
            [3,3,3,0,3,3,3,3,3,3],
            [3,3,3,3,0,3,3,3,3,3],
            [3,3,3,3,3,0,3,3,3,3],
            [3,3,3,3,3,3,0,3,3,3],
            [3,3,3,3,3,3,3,0,3,3],
            [3,3,3,3,3,3,3,3,0,3],
            [3,3,3,3,3,3,3,3,3,0]
        ],
        "probability_matrix": [
            [0,0.1740668756287103,0.08854903757795297,0.10174518257042803,0.18211689664897512,0.08611526996996771,0.152390098321769,0.03306405790993251,0.14619127736544535,0.035761304006819046],
            [0.062009384847821876,0,0.05561658558130045,0.08192429720461117,0.06067444032288112,0.1490258778989683,0.16587158307277505,0.1754649286899363,0.10854105948396078,0.14087184289774504],
            [0.1670195630066767,0.14123509659214908,0,0.10548233450385373,0.09344305889962376,0.007849369541864354,0.1364997112995611,0.1398164228582231,0.06188371507042682,0.1467707282276214],
            [0.03189254225938548,0.008039503549218095,0.07129078856561959,0,0.08459583852938289,0.2069918151428362,0.09521624232464426,0.2545271539299507,0.16442801146178496,0.08301810423717775],
            [0.17170993017598554,0.17217172870862865,0.07172862235728211,0.10895016641730797,0,0.15512192626406318,0.0468476334587611,0.04881631658584715,0.07305660084498976,0.15159707518713458],
            [0.0489402116445366,0.08583617217235034,0.11294073770410076,0.17745151632752856,0.04070126535524725,0,0.2113840058492043,0.007232527841763791,0.11029645990304159,0.20521710320222675],
            [0.06478848743592132,0.14121629214468298,0.20126023889318276,0.04938469104891229,0.14802071208553746,0.07906121785145935,0,0.1177207115501011,0.07394634791938517,0.12460130107081745],
            [0.20133315784828157,0.1828985069623431,0.053019763755425615,0.060562093940865286,0.028938571149131447,0.15537840407346926,0.12319526450947894,0,0.048827982011718674,0.1458462557492861],
            [0.11503215294769013,0.09120814385570823,0.19377167611170235,0.19776735801042614,0.03476854087407704,0.04385730702515718,0.033710522286820734,0.10469113780737066,0,0.18519316108104739],
            [0.04138394262833505,0.0707612758998817,0.04824750822439217,0.22758112321126875,0.2221707617618564,0.17371783942257982,0.08325388314133549,0.11185133089981726,0.02103233481053365,0]
        ],
        "city_names": ["Amsterdam","Rotterdam","Den Haag","Utrecht","Eindhoven","Almere","Groningen","Nijmegen","Breda","Apeldoorn"],
        "reward_matrix": [
            [0,73456,83796,91775,54364,97352,34661,56603,61855,73619],
            [73456,0,99999,84977,65233,67350,4659,64745,90554,57702],
            [83796,99999,0,74637,54893,70810,8119,54405,80214,47362],
            [91775,84977,74637,0,72927,92712,30020,75166,80418,83064],
            [54364,65233,54893,72927,0,55300,1117,81761,85018,58516],
            [97352,67350,70810,92712,55300,0,47647,57539,62791,77731],
            [34661,4659,8119,30020,1117,47647,0,29695,100,52939],
            [56603,64745,54405,75166,81761,57539,29695,0,71177,87094],
            [61855,90554,80214,80418,85018,62791,100,71177,0,53143],
            [73619,57702,47362,83064,58516,77731,52939,87094,53143,0]
        ]
    },
    "vehicle_cost_per_km": [10,5,5,5,5,5,5,5,5,5],
    "vehicle_capacities": [5,5,5,5,20,30,30,30,30,30],
    "runs": [{
        "number_of_vehicles": 3,
        "avg_task_cost_vs_number_of_task": [456,508,645.8333333333334,805.125,657,742.1666666666666,636.1428571428571,676.1875,611.2777777777778,598.25,557.3181818181818,561.1249999999999,670.0384615384614,666.6785714285714,746.0999999999999,817.4062499999999,789.3529411764705,776.7222222222221,809.3157894736842,787.3249999999998,782.2380952380951,755.0227272727271,722.195652173913,712.2916666666666,718.8,713.980769230769,735.8888888888888,704.3214285714286,715.3793103448276,730.4833333333333]
    }]
}