{
    "vehicle_starting_positions": ["Amsterdam","Rotterdam","Den Haag","Utrecht","Eindhoven","Almere","Groningen","Nijmegen","Breda","Apeldoorn"],
    "task_distribution": {
        "distance_matrix": [
            [0,90.6,65.2,45.6,137.5,31.9,185.9,132,119.1,90.2],
            [90.6,0,25.4,62.3,110.8,105.6,259.6,112,48.6,129.3],
            [65.2,25.4,0,87.7,136.2,97.1,251.1,137.4,74,154.7],
            [45.6,62.3,87.7,0,91.9,43.3,197.3,86.4,73.5,67],
            [137.5,110.8,136.2,91.9,0,135.2,268.3,70.2,62.2,127.3],
            [31.9,105.6,97.1,43.3,135.2,0,154,129.7,116.8,80.1],
            [185.9,259.6,251.1,197.3,268.3,154,0,198.1,270.8,141],
            [132,112,137.4,86.4,70.2,129.7,198.1,0,96.2,57.1],
            [119.1,48.6,74,73.5,62.2,116.8,270.8,96.2,0,140.5],
            [90.2,129.3,154.7,67,127.3,80.1,141,57.1,140.5,0]
        ],
        "weight_matrix": [
            [0,3,3,3,3,3,3,3,3,3],
            [3,0,3,3,3,3,3,3,3,3],
            [3,3,0,3,3,3,3,3,3,3],
            [3,3,3,0,3,3,3,3,3,3],
            [3,3,3,3,0,3,3,3,3,3],
            [3,3,3,3,3,0,3,3,3,3],
            [3,3,3,3,3,3,0,3,3,3],
            [3,3,3,3,3,3,3,0,3,3],
            [3,3,3,3,3,3,3,3,0,3],
            [3,3,3,3,3,3,3,3,3,0]
        ],
        "probability_matrix": [
            [0,0.13236285563589098,0.14370539653058703,0.16565647109388462,0.12929030457417828,0.001662304994315773,0.01327275400941763,0.14070051143902682,0.13039018464693677,0.1429592170757621],
            [0.16502503041150826,0,0.1648505066273452,0.03663369519605141,0.10562083785688099,0.15460125846222514,0.07210518452660462,0.11278271952801196,0.10816706837419952,0.08021369901717298],
            [0.1341132271713841,0.1640472142809741,0,0.005721962946376852,0.18547575057268145,0.12968103052914828,0.18549002619335997,0.05339271308935278,0.10408585317821496,0.03799222203850753],
            [0.002985863578170056,0.05580822759407468,0.1583573671503526,0,0.21947193442929952,0.13562042912843664,0.06146305576170576,0.09670731766153311,0.10225719712136432,0.16732860757506332],
            [0.09417889597009543,0.10523324880788315,0.09847760195823707,0.13279208410942228,0,0.11974313546392563,0.17192919890746255,0.08748194955739914,0.11495539359623903,0.0752084916293358],
            [0.11788738859595849,0.08276942152575116,0.17624404473447564,0.07633081277176279,0.02352956689895429,0,0.20498983050741948,0.20291506439612192,0.05041119382946094,0.0649226767400953],
            [0.18328582116872044,0.1226584075460799,0.1796739525516196,0.11458685070300752,0.13950937791940238,0.0495674353835679,0,0.10499073725159681,0.07946421825424883,0.026263199221756503],
            [0.015350819717678354,0.16329492570098872,0.09976331264250185,0.23001519661534456,0.0935173277468003,0.18268857283403375,0.11457606840409543,0,0.036585578305857035,0.06420819803269975],
            [0.17138630825141385,1.4329373128986085E-4,0.2258535412565577,0.10978199369299098,0.08310780830044115,0.059671881663660956,0.15633896027365815,0.17447050306131473,0,0.01924570976867245],
            [0.1547867964326937,0.05687446226479207,0.13775073899691972,0.03903897236899996,0.06912507518296947,0.08560867289525972,0.11886340082680785,0.1300259160825654,0.20792596494899218,0]
        ],
        "city_names": ["Amsterdam","Rotterdam","Den Haag","Utrecht","Eindhoven","Almere","Groningen","Nijmegen","Breda","Apeldoorn"],
        "reward_matrix": [
            [0,73456,83796,91775,54364,97352,34661,56603,61855,73619],
            [73456,0,99999,84977,65233,67350,4659,64745,90554,57702],
            [83796,99999,0,74637,54893,70810,8119,54405,80214,47362],
            [91775,84977,74637,0,72927,92712,30020,75166,80418,83064],
            [54364,65233,54893,72927,0,55300,1117,81761,85018,58516],
            [97352,67350,70810,92712,55300,0,47647,57539,62791,77731],
            [34661,4659,8119,30020,1117,47647,0,29695,100,52939],
            [56603,64745,54405,75166,81761,57539,29695,0,71177,87094],
            [61855,90554,80214,80418,85018,62791,100,71177,0,53143],
            [73619,57702,47362,83064,58516,77731,52939,87094,53143,0]
        ]
    },
    "vehicle_cost_per_km": [15,5,15,5,5,5,5,5,5,5],
    "vehicle_capacities": [15,15,15,5,20,30,30,30,30,30],
    "runs": [{
        "number_of_vehicles": 3,
        "avg_task_cost_vs_number_of_task": [1597.0000000000002,934.25,679.3333333333334,601.875,598.5,552.6666666666666,510.92857142857144,517.5,523.9444444444445,462.80000000000007,382.72727272727275,350.8333333333333,364.6153846153845,347.1428571428572,399.6000000000001,365.8749999999999,348.5,358.2222222222223,413.5263157894737,377.45,394.85714285714295,404.1590909090908,467.54347826086956,397.8333333333333,429.72,362.3076923076924,428.14814814814815,452.0892857142858,480.86206896551715,414.25]
    }]
}