{
    "vehicle_starting_positions": ["Amsterdam","Rotterdam","Den Haag","Utrecht","Eindhoven","Almere","Groningen","Nijmegen","Breda","Apeldoorn"],
    "task_distribution": {
        "distance_matrix": [
            [0,90.6,65.2,45.6,137.5,31.9,185.9,132,119.1,90.2],
            [90.6,0,25.4,62.3,110.8,105.6,259.6,112,48.6,129.3],
            [65.2,25.4,0,87.7,136.2,97.1,251.1,137.4,74,154.7],
            [45.6,62.3,87.7,0,91.9,43.3,197.3,86.4,73.5,67],
            [137.5,110.8,136.2,91.9,0,135.2,268.3,70.2,62.2,127.3],
            [31.9,105.6,97.1,43.3,135.2,0,154,129.7,116.8,80.1],
            [185.9,259.6,251.1,197.3,268.3,154,0,198.1,270.8,141],
            [132,112,137.4,86.4,70.2,129.7,198.1,0,96.2,57.1],
            [119.1,48.6,74,73.5,62.2,116.8,270.8,96.2,0,140.5],
            [90.2,129.3,154.7,67,127.3,80.1,141,57.1,140.5,0]
        ],
        "weight_matrix": [
            [0,3,3,3,3,3,3,3,3,3],
            [3,0,3,3,3,3,3,3,3,3],
            [3,3,0,3,3,3,3,3,3,3],
            [3,3,3,0,3,3,3,3,3,3],
            [3,3,3,3,0,3,3,3,3,3],
            [3,3,3,3,3,0,3,3,3,3],
            [3,3,3,3,3,3,0,3,3,3],
            [3,3,3,3,3,3,3,0,3,3],
            [3,3,3,3,3,3,3,3,0,3],
            [3,3,3,3,3,3,3,3,3,0]
        ],
        "probability_matrix": [
            [0,0.09054346656488631,0.0730346240290406,0.05136297637373177,0.0947386728725976,0.20287352270396725,0.2347998790713905,0.11239119255191266,0.08166298133435043,0.05859268449812301],
            [0.006789824829180654,0,0.1574761135695218,0.08595598330665753,0.1692848667882366,0.0954463346595703,0.06319517871379103,0.17112813577381009,0.13507749259462346,0.11564606976460853],
            [0.10408674482857391,0.056995301272045724,0,0.11396510711882711,0.03173254851687067,0.1095973265266544,0.1346220509505359,0.144076564848644,0.12451080168815494,0.18041355424969333],
            [0.003409039717309256,0.18785345421543437,0.04688238157559806,0,0.13644650456327612,0.05194606325892386,0.15018810942495167,0.018485900897506582,0.23650961327806735,0.16827893306893274],
            [0.12941966881191386,0.09833003821167223,0.04228675797793137,0.18852686671930355,0,0.12070932326568311,0.10400236123906205,0.0232606569001389,0.15943181550900737,0.13403251136528754],
            [0.12627669857997256,0.1354057008905365,0.01715932094848636,0.11971129015194115,0.18580389002831482,0,0.020331187348488256,0.1831669568021719,0.0593067869105111,0.15283816833957742],
            [0.22511438353540217,0.011711323710695408,0.01671871624742807,0.028492820347536765,0.1917773787703095,0.16553868479895273,0,0.17732114642727353,0.1067606815350118,0.07656486462739011],
            [0.06250499359491257,0.05896115126222844,0.1767338451473943,0.16679387042694646,0.00937536088006384,0.04611434921463967,0.12422976767494903,0,0.20180902144099325,0.15347764035787242],
            [0.07341489031881514,0.2074608877721891,0.08907505856308806,0.04026834957716624,0.01508687564486343,0.16372214584018366,0.04179917238709035,0.17206614547800803,0,0.19710647441859602],
            [0.18693849767693893,0.1936159286629154,0.04340362428615613,0.13829691764911847,0.020352404627400875,0.1201759052268942,0.0891375359423745,0.07198142197562717,0.1360977639525743,0]
        ],
        "city_names": ["Amsterdam","Rotterdam","Den Haag","Utrecht","Eindhoven","Almere","Groningen","Nijmegen","Breda","Apeldoorn"],
        "reward_matrix": [
            [0,73456,83796,91775,54364,97352,34661,56603,61855,73619],
            [73456,0,99999,84977,65233,67350,4659,64745,90554,57702],
            [83796,99999,0,74637,54893,70810,8119,54405,80214,47362],
            [91775,84977,74637,0,72927,92712,30020,75166,80418,83064],
            [54364,65233,54893,72927,0,55300,1117,81761,85018,58516],
            [97352,67350,70810,92712,55300,0,47647,57539,62791,77731],
            [34661,4659,8119,30020,1117,47647,0,29695,100,52939],
            [56603,64745,54405,75166,81761,57539,29695,0,71177,87094],
            [61855,90554,80214,80418,85018,62791,100,71177,0,53143],
            [73619,57702,47362,83064,58516,77731,52939,87094,53143,0]
        ]
    },
    "vehicle_cost_per_km": [10,5,10,5,5,5,5,5,5,5],
    "vehicle_capacities": [10,10,10,5,20,30,30,30,30,30],
    "runs": [{
        "number_of_vehicles": 3,
        "avg_task_cost_vs_number_of_task": [1351.5,1126.25,918.1666666666666,779.75,651.5,542.9166666666666,566.3571428571429,495.75,530.7777777777778,443.85,470.6363636363636,443.2916666666667,468.2692307692308,483.67857142857144,427.03333333333336,415.46875,382.2647058823529,498.22222222222223,448.2368421052632,442.30000000000007,468.0952380952382,434.47727272727275,462.9782608695653,462.29166666666674,471.14,459.173076923077,454.00000000000006,429.50000000000006,423.67241379310343,445.76666666666677]
    }]
}