{
    "vehicle_starting_positions": ["Amsterdam","Rotterdam","Den Haag","Utrecht","Eindhoven","Almere","Groningen","Nijmegen","Breda","Apeldoorn"],
    "task_distribution": {
        "distance_matrix": [
            [0,90.6,65.2,45.6,137.5,31.9,185.9,132,119.1,90.2],
            [90.6,0,25.4,62.3,110.8,105.6,259.6,112,48.6,129.3],
            [65.2,25.4,0,87.7,136.2,97.1,251.1,137.4,74,154.7],
            [45.6,62.3,87.7,0,91.9,43.3,197.3,86.4,73.5,67],
            [137.5,110.8,136.2,91.9,0,135.2,268.3,70.2,62.2,127.3],
            [31.9,105.6,97.1,43.3,135.2,0,154,129.7,116.8,80.1],
            [185.9,259.6,251.1,197.3,268.3,154,0,198.1,270.8,141],
            [132,112,137.4,86.4,70.2,129.7,198.1,0,96.2,57.1],
            [119.1,48.6,74,73.5,62.2,116.8,270.8,96.2,0,140.5],
            [90.2,129.3,154.7,67,127.3,80.1,141,57.1,140.5,0]
        ],
        "weight_matrix": [
            [0,3,3,3,3,3,3,3,3,3],
            [3,0,3,3,3,3,3,3,3,3],
            [3,3,0,3,3,3,3,3,3,3],
            [3,3,3,0,3,3,3,3,3,3],
            [3,3,3,3,0,3,3,3,3,3],
            [3,3,3,3,3,0,3,3,3,3],
            [3,3,3,3,3,3,0,3,3,3],
            [3,3,3,3,3,3,3,0,3,3],
            [3,3,3,3,3,3,3,3,0,3],
            [3,3,3,3,3,3,3,3,3,0]
        ],
        "probability_matrix": [
            [0,0.12076501679929139,0.1377092418904887,0.07625653999008267,0.14543368726592387,0.06229834875418728,0.17692833205356692,0.06846958917052869,0.025969709871760935,0.18616953420416946],
            [0.003955346333935281,0,0.21275376289760367,0.15768852457051863,0.1287717863499286,0.02062536237428685,0.050282356447695443,0.15515984013074335,0.148713958314329,0.12204906258095924],
            [0.19470356169252181,0.06762394284129748,0,0.08379009505431315,0.10852540597402857,0.07461585923212988,0.10029490058281304,0.08689946880964478,0.24140120955587496,0.04214555625737638],
            [0.17662565441745895,0.1678494138764278,0.11306733014520447,0,0.01642839198431999,0.045337441325598284,0.1594147836483407,0.13147735185706452,0.07349499343961206,0.11630463930597308],
            [0.2132367199489754,0.16296446393319147,0.06111736305380521,0.06150515374424183,0,5.39844842636322E-4,0.16389730556631318,0.1128733445851059,0.10292035395149869,0.12094545037423199],
            [0.07509048012306606,0.01708295730741115,0.13378234998539543,0.17736854996387202,0.04086547190132803,0,0.16167178440704086,0.12605714879389046,0.16884107269445742,0.09924018482353861],
            [0.1869632226572439,0.06461556572796723,0.1036818083057476,0.044587167180754665,0.026377224435975653,0.18476223481272447,0,0.20950792711676386,0.012934494197217239,0.16657035556560526],
            [0.06770841141714477,0.16736869122698067,0.05610495724630088,0.11600373731918971,0.07757075158435961,0.19337019829706886,0.06514914249983647,0,0.11905060416641121,0.1376735062427079],
            [0.15019399363730437,0.046549340953314415,0.13378476412755216,0.01628800074350745,0.10708495898787972,0.10330857278296635,0.14758821856331533,0.059324005627274135,0,0.23587814457688608],
            [0.13755829999114347,0.048497715054487044,0.14830126354914733,0.038819853453419706,0.13631202343743473,0.12786752772865198,0.1272845428592104,0.13200575487288604,0.1033530190536194,0]
        ],
        "city_names": ["Amsterdam","Rotterdam","Den Haag","Utrecht","Eindhoven","Almere","Groningen","Nijmegen","Breda","Apeldoorn"],
        "reward_matrix": [
            [0,73456,83796,91775,54364,97352,34661,56603,61855,73619],
            [73456,0,99999,84977,65233,67350,4659,64745,90554,57702],
            [83796,99999,0,74637,54893,70810,8119,54405,80214,47362],
            [91775,84977,74637,0,72927,92712,30020,75166,80418,83064],
            [54364,65233,54893,72927,0,55300,1117,81761,85018,58516],
            [97352,67350,70810,92712,55300,0,47647,57539,62791,77731],
            [34661,4659,8119,30020,1117,47647,0,29695,100,52939],
            [56603,64745,54405,75166,81761,57539,29695,0,71177,87094],
            [61855,90554,80214,80418,85018,62791,100,71177,0,53143],
            [73619,57702,47362,83064,58516,77731,52939,87094,53143,0]
        ]
    },
    "vehicle_cost_per_km": [15,5,5,5,5,5,5,5,5,5],
    "vehicle_capacities": [15,15,15,5,20,30,30,30,30,30],
    "runs": [{
        "number_of_vehicles": 3,
        "avg_task_cost_vs_number_of_task": [1041,797,713.6666666666666,603.1249999999999,507.9,627.2500000000001,587.6428571428571,525.8125000000001,467.38888888888897,461.95,422,378.2916666666667,360.6153846153847,335.3214285714286,334.20000000000005,348.59375,302.35294117647067,368.8888888888889,359.1052631578948,326.17500000000007,330.07142857142856,327.75,318.9347826086957,281.625,286.50000000000006,296.3846153846155,306.05555555555554,316.1607142857143,366.13793103448285,306.1166666666667]
    }]
}