{
    "vehicle_starting_positions": ["Amsterdam","Rotterdam","Den Haag","Utrecht","Eindhoven","Almere","Groningen","Nijmegen","Breda","Apeldoorn"],
    "task_distribution": {
        "distance_matrix": [
            [0,90.6,65.2,45.6,137.5,31.9,185.9,132,119.1,90.2],
            [90.6,0,25.4,62.3,110.8,105.6,259.6,112,48.6,129.3],
            [65.2,25.4,0,87.7,136.2,97.1,251.1,137.4,74,154.7],
            [45.6,62.3,87.7,0,91.9,43.3,197.3,86.4,73.5,67],
            [137.5,110.8,136.2,91.9,0,135.2,268.3,70.2,62.2,127.3],
            [31.9,105.6,97.1,43.3,135.2,0,154,129.7,116.8,80.1],
            [185.9,259.6,251.1,197.3,268.3,154,0,198.1,270.8,141],
            [132,112,137.4,86.4,70.2,129.7,198.1,0,96.2,57.1],
            [119.1,48.6,74,73.5,62.2,116.8,270.8,96.2,0,140.5],
            [90.2,129.3,154.7,67,127.3,80.1,141,57.1,140.5,0]
        ],
        "weight_matrix": [
            [0,3,3,3,3,3,3,3,3,3],
            [3,0,3,3,3,3,3,3,3,3],
            [3,3,0,3,3,3,3,3,3,3],
            [3,3,3,0,3,3,3,3,3,3],
            [3,3,3,3,0,3,3,3,3,3],
            [3,3,3,3,3,0,3,3,3,3],
            [3,3,3,3,3,3,0,3,3,3],
            [3,3,3,3,3,3,3,0,3,3],
            [3,3,3,3,3,3,3,3,0,3],
            [3,3,3,3,3,3,3,3,3,0]
        ],
        "probability_matrix": [
            [0,0.15246933459627537,0.0047578311105283926,0.23833710111561812,0.16312436796240853,0.08779971646732054,0.06606540177696957,0.09075296191724548,0.06898895887532787,0.1277043261783063],
            [0.3130612698751479,0,0.07566469411541343,0.09902419371792671,0.045451882034762296,0.06176108808158671,0.011458786624845976,0.017548456319533588,0.09329670797289927,0.28273292125788413],
            [0.20828371715496927,0.07450747294532983,0,0.04237344357971151,0.07184601888803742,0.15076924838626202,0.1240925883922776,0.09162338550345958,0.03997394712970571,0.19653017802024703],
            [0.15986404654779526,0.12729811777940658,0.015509282563923109,0,0.01624783729642066,0.15466175345521285,0.13612484826508264,0.2077507856177152,0.007211521743531625,0.17533180673091223],
            [0.08228223581523009,0.07229804557907792,0.13429714460943679,0.10305925637250031,0,0.16788351819311353,0.11679076955155841,0.1368811620935056,0.15632726442955433,0.03018060335602294],
            [0.08552863694596276,0.026490619135302696,0.1144904861659399,0.1438555293724478,0.0018773071199364286,0,0.20361365396602618,0.1270953731854727,0.17848672364651277,0.11856167046239871],
            [0.16059520730498464,0.03554656083341434,0.15566481685854672,0.18171541129962543,0.15348596705156586,0.10323900957737399,0,0.07856558613997779,0.041638320722380856,0.08954912021213048],
            [0.12662366112300494,0.1677386648155381,0.08134275165125517,0.20167702421623332,0.04711981716975046,0.16400746041108727,0.0051952643873093484,0,0.14986362094711247,0.056431735278709004],
            [0.15970195185995484,0.16461097314559336,0.0441058536549879,0.04722706421780608,0.11082942310009411,0.17157068318133845,0.08143174481994253,0.16479269996450513,0,0.05572960605577765],
            [0.19106809212488896,0.10159056946103472,0.2109242540883674,0.08305863861592677,0.11483063456008397,0.11169986655935003,0.015862040185547502,0.1698433465080971,0.0011225578967034684,0]
        ],
        "city_names": ["Amsterdam","Rotterdam","Den Haag","Utrecht","Eindhoven","Almere","Groningen","Nijmegen","Breda","Apeldoorn"],
        "reward_matrix": [
            [0,73456,83796,91775,54364,97352,34661,56603,61855,73619],
            [73456,0,99999,84977,65233,67350,4659,64745,90554,57702],
            [83796,99999,0,74637,54893,70810,8119,54405,80214,47362],
            [91775,84977,74637,0,72927,92712,30020,75166,80418,83064],
            [54364,65233,54893,72927,0,55300,1117,81761,85018,58516],
            [97352,67350,70810,92712,55300,0,47647,57539,62791,77731],
            [34661,4659,8119,30020,1117,47647,0,29695,100,52939],
            [56603,64745,54405,75166,81761,57539,29695,0,71177,87094],
            [61855,90554,80214,80418,85018,62791,100,71177,0,53143],
            [73619,57702,47362,83064,58516,77731,52939,87094,53143,0]
        ]
    },
    "vehicle_cost_per_km": [10,10,5,5,5,5,5,5,5,5],
    "vehicle_capacities": [15,15,15,5,20,30,30,30,30,30],
    "runs": [{
        "number_of_vehicles": 3,
        "avg_task_cost_vs_number_of_task": [1140.5,737.75,623,521.5,417.2,347.6666666666667,432.42857142857144,378.375,336.3333333333333,356.75,441.04545454545456,411.4583333333333,350.2692307692308,342.7857142857143,339.8333333333333,388.87499999999994,372.3823529411765,345.02777777777777,323.1052631578948,369.225,310.0238095238095,356.45454545454555,352.19565217391306,329.9166666666667,368.58,393.7307692307692,386.22222222222223,377.5892857142857,337.2758620689656,342.51666666666665]
    }]
}