{
    "vehicle_starting_positions": ["Amsterdam","Rotterdam","Den Haag","Utrecht","Eindhoven","Almere","Groningen","Nijmegen","Breda","Apeldoorn"],
    "task_distribution": {
        "distance_matrix": [
            [0,90.6,65.2,45.6,137.5,31.9,185.9,132,119.1,90.2],
            [90.6,0,25.4,62.3,110.8,105.6,259.6,112,48.6,129.3],
            [65.2,25.4,0,87.7,136.2,97.1,251.1,137.4,74,154.7],
            [45.6,62.3,87.7,0,91.9,43.3,197.3,86.4,73.5,67],
            [137.5,110.8,136.2,91.9,0,135.2,268.3,70.2,62.2,127.3],
            [31.9,105.6,97.1,43.3,135.2,0,154,129.7,116.8,80.1],
            [185.9,259.6,251.1,197.3,268.3,154,0,198.1,270.8,141],
            [132,112,137.4,86.4,70.2,129.7,198.1,0,96.2,57.1],
            [119.1,48.6,74,73.5,62.2,116.8,270.8,96.2,0,140.5],
            [90.2,129.3,154.7,67,127.3,80.1,141,57.1,140.5,0]
        ],
        "weight_matrix": [
            [0,3,3,3,3,3,3,3,3,3],
            [3,0,3,3,3,3,3,3,3,3],
            [3,3,0,3,3,3,3,3,3,3],
            [3,3,3,0,3,3,3,3,3,3],
            [3,3,3,3,0,3,3,3,3,3],
            [3,3,3,3,3,0,3,3,3,3],
            [3,3,3,3,3,3,0,3,3,3],
            [3,3,3,3,3,3,3,0,3,3],
            [3,3,3,3,3,3,3,3,0,3],
            [3,3,3,3,3,3,3,3,3,0]
        ],
        "probability_matrix": [
            [0,0.15541796289417675,0.1640746161864544,0.04715159227868996,0.1153159028409928,0.040580684914861796,0.1986717404342374,0.18202537190563636,0.034368953539367544,0.06239317500558302],
            [0.08205350995926086,0,0.17730690725065365,0.09714370356295489,0.06638102926160534,0.21338475944925497,0.001320935382198272,0.15871540189785804,0.06354443211964292,0.14014932111657105],
            [0.10170954433788294,0.012269920472592458,0,0.12091423558567163,0.006394555310689112,0.32070739280987787,0.1265747170270813,0.13964814304407894,0.15934338850073862,0.012438102911387024],
            [0.17316988086124224,0.05040455437475472,0.11004577184858468,0,0.08262267567916487,0.1307890185271897,0.0012249801155817801,0.06570265743733111,0.150482982371318,0.23555747878483294],
            [0.17499714256681878,0.035483744022838395,0.035634367214268485,0.03565068271168903,0,0.16486610043460814,0.046770371446295304,0.17698077274092064,0.14409334774429347,0.18552347111826772],
            [0.07041384137706622,0.21411421015640375,0.08505726848117486,0.020143578855988775,0.004400453815199251,0,0.24762049286425106,0.034214849706379204,0.20888966729793834,0.11514563744559865],
            [0.20361990676502303,0.07606058151169247,0.11617355594219823,0.013116823811804953,0.06882154254989219,0.20543051737713883,0,0.16163675592922727,0.07605512287562419,0.07908519323739896],
            [0.06185444087007429,0.08170738601000863,0.028587132766590438,0.12072777956778899,0.16840078054215005,0.23000954483614816,0.161907838382166,0,0.06548205326060313,0.0813230437644703],
            [0.16701882330898948,0.12203772364734894,0.21697900528444133,0.0992028235059468,0.03680199746348285,0.13387661492804487,0.06359838291875848,0.06954592242616356,0,0.09093870651682365],
            [0.015213649058224275,0.1277801073843192,0.07049782898345683,0.16067754634971537,0.0016586996875087268,0.2536483320546435,0.12181739604750863,0.04388947840603025,0.20481696202859323,0]
        ],
        "city_names": ["Amsterdam","Rotterdam","Den Haag","Utrecht","Eindhoven","Almere","Groningen","Nijmegen","Breda","Apeldoorn"],
        "reward_matrix": [
            [0,73456,83796,91775,54364,97352,34661,56603,61855,73619],
            [73456,0,99999,84977,65233,67350,4659,64745,90554,57702],
            [83796,99999,0,74637,54893,70810,8119,54405,80214,47362],
            [91775,84977,74637,0,72927,92712,30020,75166,80418,83064],
            [54364,65233,54893,72927,0,55300,1117,81761,85018,58516],
            [97352,67350,70810,92712,55300,0,47647,57539,62791,77731],
            [34661,4659,8119,30020,1117,47647,0,29695,100,52939],
            [56603,64745,54405,75166,81761,57539,29695,0,71177,87094],
            [61855,90554,80214,80418,85018,62791,100,71177,0,53143],
            [73619,57702,47362,83064,58516,77731,52939,87094,53143,0]
        ]
    },
    "vehicle_cost_per_km": [5,10,5,5,5,5,5,5,5,5],
    "vehicle_capacities": [5,5,5,5,20,30,30,30,30,30],
    "runs": [{
        "number_of_vehicles": 3,
        "avg_task_cost_vs_number_of_task": [1072.5,816.5,985.6666666666669,1159,1181.8,1219.8333333333333,1184.4285714285713,1126.5,1046.111111111111,1028.3999999999999,1007.6363636363633,923.6666666666665,889.9999999999999,911.6785714285712,908.8333333333331,852.0312499999999,816.8529411764705,842.194444444444,807.6052631578947,803.5999999999998,796.3809523809522,780.3863636363635,754.869565217391,762.1458333333334,731.6599999999999,725.1730769230767,721.9999999999998,696.2142857142857,695.3103448275859,713.9666666666665]
    }]
}