{
    "vehicle_starting_positions": ["Amsterdam","Rotterdam","Den Haag","Utrecht","Eindhoven","Almere","Groningen","Nijmegen","Breda","Apeldoorn"],
    "task_distribution": {
        "distance_matrix": [
            [0,90.6,65.2,45.6,137.5,31.9,185.9,132,119.1,90.2],
            [90.6,0,25.4,62.3,110.8,105.6,259.6,112,48.6,129.3],
            [65.2,25.4,0,87.7,136.2,97.1,251.1,137.4,74,154.7],
            [45.6,62.3,87.7,0,91.9,43.3,197.3,86.4,73.5,67],
            [137.5,110.8,136.2,91.9,0,135.2,268.3,70.2,62.2,127.3],
            [31.9,105.6,97.1,43.3,135.2,0,154,129.7,116.8,80.1],
            [185.9,259.6,251.1,197.3,268.3,154,0,198.1,270.8,141],
            [132,112,137.4,86.4,70.2,129.7,198.1,0,96.2,57.1],
            [119.1,48.6,74,73.5,62.2,116.8,270.8,96.2,0,140.5],
            [90.2,129.3,154.7,67,127.3,80.1,141,57.1,140.5,0]
        ],
        "weight_matrix": [
            [0,3,3,3,3,3,3,3,3,3],
            [3,0,3,3,3,3,3,3,3,3],
            [3,3,0,3,3,3,3,3,3,3],
            [3,3,3,0,3,3,3,3,3,3],
            [3,3,3,3,0,3,3,3,3,3],
            [3,3,3,3,3,0,3,3,3,3],
            [3,3,3,3,3,3,0,3,3,3],
            [3,3,3,3,3,3,3,0,3,3],
            [3,3,3,3,3,3,3,3,0,3],
            [3,3,3,3,3,3,3,3,3,0]
        ],
        "probability_matrix": [
            [0,0.1147629844279822,0.1509022339987067,0.03429348337133817,0.16558639619306875,0.18470025497984313,0.11312252930581848,0.12818277409656134,0.03569687551192209,0.07275246811475927],
            [0.07260618807572881,0,0.08537274066345094,0.14486395747118025,0.05212849187330846,0.003749996109373235,0.17722293468755984,0.12931883849936537,0.1797703649269948,0.15496648769303822],
            [0.12118811172681773,0.1113997488193607,0,0.11689773304110228,0.14196655721909684,0.0037457557586965807,0.11543806004298132,0.13053915709688577,0.13229919974303755,0.12652567655202113],
            [0.10198284845742536,0.11164636514005359,0.1144313246928422,0,0.015318466196032063,0.16392208891669297,0.019957532077752308,0.16809502991820133,0.18202395758273468,0.12262238701826544],
            [0.0057419417523929045,0.27313332465462337,0.04283059262717144,0.01194974031916687,0,0.0013008169760178841,0.12236598501080242,0.08026032509442095,0.11394114359645977,0.3484761299689445],
            [0.09241286802237268,0.1497954224997618,0.1551126429581035,0.012236219274209339,0.15236077710174345,0,0.1726915770861261,0.040960177690631004,0.1574946486669778,0.06693566670007428],
            [0.042058303347104156,0.15284151572675944,0.06630286465863688,0.08379097646484658,0.016896313856789875,0.23533630688867258,0,0.22729128814608368,0.10704160271847572,0.06844082819263093],
            [0.11841935812258712,0.045566228023885734,0.11492842016837293,0.17378149813556393,0.2036965450674604,0.0977888152246922,0.19131344845158918,0,0.03080671941546107,0.023698967390387148],
            [0.06178459513104545,0.12442789178583152,0.020780394909463495,0.015063803792117142,0.2139018601092202,0.25414153324055916,0.03711321147591144,0.2134420267589901,0,0.05934468279686145],
            [0.0575353477761671,0.12014710613357676,0.2549234389169505,0.17464947534691788,0.030711171746010468,0.006477751703768706,0.10778928947517928,0.24110910651252412,0.006657312388905415,0]
        ],
        "city_names": ["Amsterdam","Rotterdam","Den Haag","Utrecht","Eindhoven","Almere","Groningen","Nijmegen","Breda","Apeldoorn"],
        "reward_matrix": [
            [0,73456,83796,91775,54364,97352,34661,56603,61855,73619],
            [73456,0,99999,84977,65233,67350,4659,64745,90554,57702],
            [83796,99999,0,74637,54893,70810,8119,54405,80214,47362],
            [91775,84977,74637,0,72927,92712,30020,75166,80418,83064],
            [54364,65233,54893,72927,0,55300,1117,81761,85018,58516],
            [97352,67350,70810,92712,55300,0,47647,57539,62791,77731],
            [34661,4659,8119,30020,1117,47647,0,29695,100,52939],
            [56603,64745,54405,75166,81761,57539,29695,0,71177,87094],
            [61855,90554,80214,80418,85018,62791,100,71177,0,53143],
            [73619,57702,47362,83064,58516,77731,52939,87094,53143,0]
        ]
    },
    "vehicle_cost_per_km": [10,5,5,5,5,5,5,5,5,5],
    "vehicle_capacities": [15,15,15,5,20,30,30,30,30,30],
    "runs": [{
        "number_of_vehicles": 3,
        "avg_task_cost_vs_number_of_task": [773.5,527.75,351.8333333333333,440.125,352.1,464.6666666666667,433,384.0625,341.3888888888889,322.05,326.5,302.125,293.2692307692308,270.25,258.26666666666665,252.71874999999997,289.9117647058824,279,229.99999999999994,263.8,248.42857142857142,237.63636363636363,256.95652173913044,225.5625,225.62,254.5,261.88888888888897,257.2857142857143,297.44827586206895,262.9]
    }]
}