{
    "vehicle_starting_positions": ["Amsterdam","Rotterdam","Den Haag","Utrecht","Eindhoven","Almere","Groningen","Nijmegen","Breda","Apeldoorn"],
    "task_distribution": {
        "distance_matrix": [
            [0,90.6,65.2,45.6,137.5,31.9,185.9,132,119.1,90.2],
            [90.6,0,25.4,62.3,110.8,105.6,259.6,112,48.6,129.3],
            [65.2,25.4,0,87.7,136.2,97.1,251.1,137.4,74,154.7],
            [45.6,62.3,87.7,0,91.9,43.3,197.3,86.4,73.5,67],
            [137.5,110.8,136.2,91.9,0,135.2,268.3,70.2,62.2,127.3],
            [31.9,105.6,97.1,43.3,135.2,0,154,129.7,116.8,80.1],
            [185.9,259.6,251.1,197.3,268.3,154,0,198.1,270.8,141],
            [132,112,137.4,86.4,70.2,129.7,198.1,0,96.2,57.1],
            [119.1,48.6,74,73.5,62.2,116.8,270.8,96.2,0,140.5],
            [90.2,129.3,154.7,67,127.3,80.1,141,57.1,140.5,0]
        ],
        "weight_matrix": [
            [0,3,3,3,3,3,3,3,3,3],
            [3,0,3,3,3,3,3,3,3,3],
            [3,3,0,3,3,3,3,3,3,3],
            [3,3,3,0,3,3,3,3,3,3],
            [3,3,3,3,0,3,3,3,3,3],
            [3,3,3,3,3,0,3,3,3,3],
            [3,3,3,3,3,3,0,3,3,3],
            [3,3,3,3,3,3,3,0,3,3],
            [3,3,3,3,3,3,3,3,0,3],
            [3,3,3,3,3,3,3,3,3,0]
        ],
        "probability_matrix": [
            [0,0.031172217144927582,0.11275033121487639,0.20773394841074735,0.1287238834291882,0.050069691472320925,0.14146248043671655,0.03135609603119631,0.07715111644783004,0.21958023541219673],
            [0.04620248462557556,0,0.09388724919649746,0.06409584430295608,0.10887456110378838,0.15060893729915076,0.18832777117009258,0.19937027748329042,0.09070602066774651,0.05792685415090232],
            [0.14544387874976308,0.12823283768259786,0,0.16354955425324474,0.032446509538618086,0.1351848631156569,0.14915465466899117,0.16778002654601207,0.05269913715164637,0.025508538293469732],
            [0.12863734627310006,0.011837248420482562,0.06837605475954914,0,0.13055363855450133,0.16097290701938854,0.11922344844057754,0.04209472585921495,0.1860272046947894,0.1522774259783964],
            [0.058884602286097404,0.04877643005138389,0.1351931587870161,0.1905636810012983,0,0.026500923535338446,0.19247207827998922,0.14443093209863675,0.05293525987455328,0.15024293408568665],
            [0.19621959711494755,0.21915245086780297,0.15373066927040435,0.044262568403282555,0.12908254008148193,0,0.01540758825354521,0.10476781546796944,0.027113565161677913,0.11026320537888791],
            [0.07813620274638554,0.014911506157253037,0.1609079062702984,0.1524420313151756,0.1777902854508745,0.035186498396903985,0,0.1956279972625739,0.08126847631576767,0.10372909608476731],
            [0.2089224658307809,0.10100701555618963,0.06083648514727094,0.06883620509966903,0.03243308630165446,0.19817345605034573,0.09069783276906916,0,0.044616305537111954,0.1944771477079081],
            [0.015449391604276391,0.10020015708174468,0.10753701222761437,0.22043348253631495,0.11635979133509719,0.22348203443362274,0.17410140841495272,0.017618205680384986,0,0.024818516685991825],
            [0.036918204718378825,0.053694603750299524,0.04138463680865403,0.03206908405657217,0.1297032221006422,0.16706604989952492,0.25274858798217076,0.022616749673215884,0.2637988610105416,0]
        ],
        "city_names": ["Amsterdam","Rotterdam","Den Haag","Utrecht","Eindhoven","Almere","Groningen","Nijmegen","Breda","Apeldoorn"],
        "reward_matrix": [
            [0,73456,83796,91775,54364,97352,34661,56603,61855,73619],
            [73456,0,99999,84977,65233,67350,4659,64745,90554,57702],
            [83796,99999,0,74637,54893,70810,8119,54405,80214,47362],
            [91775,84977,74637,0,72927,92712,30020,75166,80418,83064],
            [54364,65233,54893,72927,0,55300,1117,81761,85018,58516],
            [97352,67350,70810,92712,55300,0,47647,57539,62791,77731],
            [34661,4659,8119,30020,1117,47647,0,29695,100,52939],
            [56603,64745,54405,75166,81761,57539,29695,0,71177,87094],
            [61855,90554,80214,80418,85018,62791,100,71177,0,53143],
            [73619,57702,47362,83064,58516,77731,52939,87094,53143,0]
        ]
    },
    "vehicle_cost_per_km": [5,10,5,5,5,5,5,5,5,5],
    "vehicle_capacities": [15,15,15,5,20,30,30,30,30,30],
    "runs": [{
        "number_of_vehicles": 3,
        "avg_task_cost_vs_number_of_task": [127,368.75,491.8333333333333,450.37499999999994,395.7,471.6666666666667,404.2857142857143,386.25,329.44444444444446,333,322.6363636363636,326.6666666666667,313.8076923076923,320.2857142857143,298.1333333333333,314.21875,310.02941176470586,274.3611111111111,282.4736842105263,335.54999999999995,318.9047619047619,317.6363636363636,325.0217391304348,302.3958333333333,327.78,304.3461538461538,288.9074074074074,311.1607142857142,299.3965517241379,290.21666666666664]
    }]
}