{
    "vehicle_starting_positions": ["Amsterdam","Rotterdam","Den Haag","Utrecht","Eindhoven","Almere","Groningen","Nijmegen","Breda","Apeldoorn"],
    "task_distribution": {
        "distance_matrix": [
            [0,90.6,65.2,45.6,137.5,31.9,185.9,132,119.1,90.2],
            [90.6,0,25.4,62.3,110.8,105.6,259.6,112,48.6,129.3],
            [65.2,25.4,0,87.7,136.2,97.1,251.1,137.4,74,154.7],
            [45.6,62.3,87.7,0,91.9,43.3,197.3,86.4,73.5,67],
            [137.5,110.8,136.2,91.9,0,135.2,268.3,70.2,62.2,127.3],
            [31.9,105.6,97.1,43.3,135.2,0,154,129.7,116.8,80.1],
            [185.9,259.6,251.1,197.3,268.3,154,0,198.1,270.8,141],
            [132,112,137.4,86.4,70.2,129.7,198.1,0,96.2,57.1],
            [119.1,48.6,74,73.5,62.2,116.8,270.8,96.2,0,140.5],
            [90.2,129.3,154.7,67,127.3,80.1,141,57.1,140.5,0]
        ],
        "weight_matrix": [
            [0,3,3,3,3,3,3,3,3,3],
            [3,0,3,3,3,3,3,3,3,3],
            [3,3,0,3,3,3,3,3,3,3],
            [3,3,3,0,3,3,3,3,3,3],
            [3,3,3,3,0,3,3,3,3,3],
            [3,3,3,3,3,0,3,3,3,3],
            [3,3,3,3,3,3,0,3,3,3],
            [3,3,3,3,3,3,3,0,3,3],
            [3,3,3,3,3,3,3,3,0,3],
            [3,3,3,3,3,3,3,3,3,0]
        ],
        "probability_matrix": [
            [0,0.025463781301180207,0.15871477604364748,0.15005649027782034,0.09988329475327402,0.15815348644515337,0.08674812165777608,0.15769652445079033,0.1615068489734096,0.0017766760969485707],
            [0.2180949124366071,0,0.07286994439779673,0.16720865719519046,0.1757889226447314,0.01003017914439034,0.014775497060570195,0.02802232591950339,0.06812708367748806,0.2450824775237223],
            [0.0605415134233065,0.19269061862896014,0,0.11453622791214707,0.10706121956703399,0.0560392295606274,0.0847743028870061,0.19040083903045923,0.07665520609666183,0.1173008428937975],
            [0.08780316326309467,0.02870799273823948,0.10244778478262877,0,0.17848017476233097,0.09915577975824702,0.18566419813670007,0.17540884160827985,0.04833808391632407,0.09399398103415504],
            [0.1696766307430662,0.14231456935613487,0.07269755271575896,0.14892913468120028,0,0.0550677135229552,0.03795929228629403,0.05785561752375959,0.2080870156971159,0.10741247347371484],
            [0.14817068366749012,0.1802254698186777,0.15510103248777377,0.1343814724599069,0.06513838975452316,0,0.011721982850749914,0.19600167060985957,0.03459441065842851,0.07466488769259047],
            [0.06505093937394017,0.027515944471210307,0.15616621625148217,0.19383113839507746,0.03481964440547096,0.16198823663176373,0,0.07685721346130035,0.10882261627860856,0.1749480507311462],
            [0.12365859569930089,0.09203008090906853,0.18510699086014928,0.047797195640044796,0.12961910097040752,0.15287447848815852,0.08300699631006146,0,0.11107723893428399,0.07482932218852495],
            [0.1127844149361326,0.12421517640531751,0.07139486923532491,0.14798877466588228,0.07678665694320004,0.0017658243030597657,0.1767795807635976,0.15897176673569194,0,0.12931293601179344],
            [0.13116106449960363,0.13437480483152103,0.1952559118034897,0.04296957732386504,0.05814251223266502,0.04613004345425011,0.15719527363273622,0.016170927136961288,0.21859988508490796,0]
        ],
        "city_names": ["Amsterdam","Rotterdam","Den Haag","Utrecht","Eindhoven","Almere","Groningen","Nijmegen","Breda","Apeldoorn"],
        "reward_matrix": [
            [0,73456,83796,91775,54364,97352,34661,56603,61855,73619],
            [73456,0,99999,84977,65233,67350,4659,64745,90554,57702],
            [83796,99999,0,74637,54893,70810,8119,54405,80214,47362],
            [91775,84977,74637,0,72927,92712,30020,75166,80418,83064],
            [54364,65233,54893,72927,0,55300,1117,81761,85018,58516],
            [97352,67350,70810,92712,55300,0,47647,57539,62791,77731],
            [34661,4659,8119,30020,1117,47647,0,29695,100,52939],
            [56603,64745,54405,75166,81761,57539,29695,0,71177,87094],
            [61855,90554,80214,80418,85018,62791,100,71177,0,53143],
            [73619,57702,47362,83064,58516,77731,52939,87094,53143,0]
        ]
    },
    "vehicle_cost_per_km": [10,5,10,5,5,5,5,5,5,5],
    "vehicle_capacities": [15,15,15,5,20,30,30,30,30,30],
    "runs": [{
        "number_of_vehicles": 3,
        "avg_task_cost_vs_number_of_task": [1120,732.5,697,767.6249999999999,689.2,617.6666666666666,524.6428571428571,498.375,443.00000000000006,422.8,388.77272727272725,401.04166666666674,368.7692307692308,381.35714285714283,330.4,344.0625,385.0294117647059,370.69444444444446,351.6315789473684,346.69999999999993,378.4285714285714,367.1136363636364,352.0652173913044,423.54166666666674,387.82,374.36538461538464,333.7777777777778,377.00000000000006,375.18965517241367,358.6833333333334]
    }]
}