{
    "vehicle_starting_positions": ["Amsterdam","Rotterdam","Den Haag","Utrecht","Eindhoven","Almere","Groningen","Nijmegen","Breda","Apeldoorn"],
    "task_distribution": {
        "distance_matrix": [
            [0,90.6,65.2,45.6,137.5,31.9,185.9,132,119.1,90.2],
            [90.6,0,25.4,62.3,110.8,105.6,259.6,112,48.6,129.3],
            [65.2,25.4,0,87.7,136.2,97.1,251.1,137.4,74,154.7],
            [45.6,62.3,87.7,0,91.9,43.3,197.3,86.4,73.5,67],
            [137.5,110.8,136.2,91.9,0,135.2,268.3,70.2,62.2,127.3],
            [31.9,105.6,97.1,43.3,135.2,0,154,129.7,116.8,80.1],
            [185.9,259.6,251.1,197.3,268.3,154,0,198.1,270.8,141],
            [132,112,137.4,86.4,70.2,129.7,198.1,0,96.2,57.1],
            [119.1,48.6,74,73.5,62.2,116.8,270.8,96.2,0,140.5],
            [90.2,129.3,154.7,67,127.3,80.1,141,57.1,140.5,0]
        ],
        "weight_matrix": [
            [0,3,3,3,3,3,3,3,3,3],
            [3,0,3,3,3,3,3,3,3,3],
            [3,3,0,3,3,3,3,3,3,3],
            [3,3,3,0,3,3,3,3,3,3],
            [3,3,3,3,0,3,3,3,3,3],
            [3,3,3,3,3,0,3,3,3,3],
            [3,3,3,3,3,3,0,3,3,3],
            [3,3,3,3,3,3,3,0,3,3],
            [3,3,3,3,3,3,3,3,0,3],
            [3,3,3,3,3,3,3,3,3,0]
        ],
        "probability_matrix": [
            [0,0.05945486196986186,0.15612672288235963,0.1628252803092624,0.007846400491088408,0.04303422650399371,0.14548854606281722,0.1393033106319074,0.1333307060351901,0.1525899451135194],
            [0.10447307039028478,0,0.14210263990705554,0.13256225713789033,0.13748331573231848,0.017758070083674003,0.16238106902255373,0.12117732337472162,0.027954999757860425,0.1541072545936409],
            [0.1444333874687069,0.11686696088124687,0,0.1931011213304377,0.06917909791888242,0.15102396019325218,0.1286409773754734,0.07231338028937417,0.0543920132364717,0.07004910130615488],
            [0.19572382090869875,0.004386925298119395,0.091545463246792,0,0.016585348103306936,0.07166799298277768,0.10504864075108426,0.1445530396900472,0.1897228684346843,0.1807659005844895],
            [0.14185321775185697,0.09429822499796356,0.17362524896688278,0.1613844223981685,0,0.09313154701707965,0.08444912006039298,0.1865535240759874,0.0010055620334231822,0.0636991326982447],
            [0.12823932053993484,0.18878988413281084,0.04737940161183033,0.1672720319634551,0.05280104267753412,0,0.04104685504491717,0.18213050432450456,0.05170508903442019,0.14063587067059283],
            [0.07779393951506475,0.02142044312814023,0.1815575457004361,0.12304738275332051,0.024906247954009687,0.0798147731031405,0,0.1680852129594493,0.17422771530574416,0.14914673958069483],
            [0.12835898756710723,0.06898937013021389,0.08879996600640858,0.17833963452350662,0.1430814147392855,0.07794108315933151,0.09471611166380861,0,0.14903612172858446,0.07073731048175375],
            [0.04407888064366342,0.07858069448372064,0.11522732126362517,0.07188995655221395,0.12121004576791189,0.14295039418975397,0.18995482798493732,0.07428683211534508,0,0.16182104699882865],
            [0.0881990505692283,0.10523674790087788,0.17136849472807048,0.07706496917055508,0.2274366339775636,0.04965003205455782,0.10484388482133498,0.1663308120205143,0.009869374757297452,0]
        ],
        "city_names": ["Amsterdam","Rotterdam","Den Haag","Utrecht","Eindhoven","Almere","Groningen","Nijmegen","Breda","Apeldoorn"],
        "reward_matrix": [
            [0,73456,83796,91775,54364,97352,34661,56603,61855,73619],
            [73456,0,99999,84977,65233,67350,4659,64745,90554,57702],
            [83796,99999,0,74637,54893,70810,8119,54405,80214,47362],
            [91775,84977,74637,0,72927,92712,30020,75166,80418,83064],
            [54364,65233,54893,72927,0,55300,1117,81761,85018,58516],
            [97352,67350,70810,92712,55300,0,47647,57539,62791,77731],
            [34661,4659,8119,30020,1117,47647,0,29695,100,52939],
            [56603,64745,54405,75166,81761,57539,29695,0,71177,87094],
            [61855,90554,80214,80418,85018,62791,100,71177,0,53143],
            [73619,57702,47362,83064,58516,77731,52939,87094,53143,0]
        ]
    },
    "vehicle_cost_per_km": [5,15,15,5,5,5,5,5,5,5],
    "vehicle_capacities": [15,15,15,5,20,30,30,30,30,30],
    "runs": [{
        "number_of_vehicles": 3,
        "avg_task_cost_vs_number_of_task": [1099.5,649.25,432.8333333333333,404.375,356.3,296.9166666666667,368.5,322.4375,286.6111111111111,306.49999999999994,293.54545454545456,291.7083333333333,353.65384615384613,392.5714285714285,436.4666666666666,424.78125,412.64705882352933,373.1111111111112,384.6052631578948,416.17500000000007,416.8095238095238,430.22727272727275,406.4347826086956,361.1666666666667,384.38000000000005,374.59615384615387,407.2037037037037,433.07142857142856,372.7586206896552,459.2666666666665]
    }]
}