{
    "vehicle_starting_positions": ["Amsterdam","Rotterdam","Den Haag","Utrecht","Eindhoven","Almere","Groningen","Nijmegen","Breda","Apeldoorn"],
    "task_distribution": {
        "distance_matrix": [
            [0,90.6,65.2,45.6,137.5,31.9,185.9,132,119.1,90.2],
            [90.6,0,25.4,62.3,110.8,105.6,259.6,112,48.6,129.3],
            [65.2,25.4,0,87.7,136.2,97.1,251.1,137.4,74,154.7],
            [45.6,62.3,87.7,0,91.9,43.3,197.3,86.4,73.5,67],
            [137.5,110.8,136.2,91.9,0,135.2,268.3,70.2,62.2,127.3],
            [31.9,105.6,97.1,43.3,135.2,0,154,129.7,116.8,80.1],
            [185.9,259.6,251.1,197.3,268.3,154,0,198.1,270.8,141],
            [132,112,137.4,86.4,70.2,129.7,198.1,0,96.2,57.1],
            [119.1,48.6,74,73.5,62.2,116.8,270.8,96.2,0,140.5],
            [90.2,129.3,154.7,67,127.3,80.1,141,57.1,140.5,0]
        ],
        "weight_matrix": [
            [0,3,3,3,3,3,3,3,3,3],
            [3,0,3,3,3,3,3,3,3,3],
            [3,3,0,3,3,3,3,3,3,3],
            [3,3,3,0,3,3,3,3,3,3],
            [3,3,3,3,0,3,3,3,3,3],
            [3,3,3,3,3,0,3,3,3,3],
            [3,3,3,3,3,3,0,3,3,3],
            [3,3,3,3,3,3,3,0,3,3],
            [3,3,3,3,3,3,3,3,0,3],
            [3,3,3,3,3,3,3,3,3,0]
        ],
        "probability_matrix": [
            [0,0.22263911870441333,0.1180922540145607,0.05713680683537978,0.20647910687327675,0.03897502991065936,0.18388653636135197,0.09215163427790432,0.02640910574460196,0.05423040727785177],
            [0.004311533680215287,0,0.12754701291229117,0.15272229431881476,0.03483917750024585,0.15385499553362222,0.11043378000299436,0.1273715122844085,0.12962279272705804,0.15929690104034983],
            [0.16190330946819276,0.16623759797115703,0,0.13445855421596176,0.10404440155423418,0.13611023111976336,0.073060318316431,0.0768937635280443,0.09593940658029257,0.0513524172459232],
            [0.11833092365120035,0.16885981139469955,0.16068538086633707,0,0.021743194704591875,0.08511135510736999,0.20641408545073756,0.17728487552522654,0.03129754299335229,0.030272830306484873],
            [0.01604055853236116,0.17118254944139333,0.06226879467155433,0.027516385490231766,0,0.08167662314556516,0.130773329285349,0.04682603428728683,0.18017373425975702,0.2835419908865013],
            [0.14041284570115903,0.012302961367066746,0.1313106120606496,0.05284438147549931,0.027018680632694435,0,0.09268317913942124,0.20700622614139597,0.15884289204557847,0.1775782214365354],
            [0.13924204191850376,0.14590142210918963,0.09804889077199527,0.13157037059833587,0.13719736938991434,0.05560801891880289,0,0.05891344958231252,0.12529841585469034,0.10822002085625526],
            [0.09123049060276378,0.24333131227354282,0.07950646379791824,0.07043176008768637,0.0013626686822711472,0.03713576649722752,0.1280417445309918,0,0.11118425711225213,0.23777553641534613],
            [0.029387963356220317,0.10889631132198398,0.11274681773028633,0.1379162314903278,0.0902205418172992,0.17448260482236572,0.1935909478860094,0.009257314331161268,0,0.1435012672443459],
            [0.07557314425416593,0.05803322056639922,0.042986898983211945,0.15229284372804197,0.08484682606369502,0.20803171632263961,0.061706258532445234,0.11939267119528854,0.19713642035411238,0]
        ],
        "city_names": ["Amsterdam","Rotterdam","Den Haag","Utrecht","Eindhoven","Almere","Groningen","Nijmegen","Breda","Apeldoorn"],
        "reward_matrix": [
            [0,73456,83796,91775,54364,97352,34661,56603,61855,73619],
            [73456,0,99999,84977,65233,67350,4659,64745,90554,57702],
            [83796,99999,0,74637,54893,70810,8119,54405,80214,47362],
            [91775,84977,74637,0,72927,92712,30020,75166,80418,83064],
            [54364,65233,54893,72927,0,55300,1117,81761,85018,58516],
            [97352,67350,70810,92712,55300,0,47647,57539,62791,77731],
            [34661,4659,8119,30020,1117,47647,0,29695,100,52939],
            [56603,64745,54405,75166,81761,57539,29695,0,71177,87094],
            [61855,90554,80214,80418,85018,62791,100,71177,0,53143],
            [73619,57702,47362,83064,58516,77731,52939,87094,53143,0]
        ]
    },
    "vehicle_cost_per_km": [15,10,15,5,5,5,5,5,5,5],
    "vehicle_capacities": [15,15,15,5,20,30,30,30,30,30],
    "runs": [{
        "number_of_vehicles": 3,
        "avg_task_cost_vs_number_of_task": [2094,1237.5,1214.3333333333333,1106.75,885.4,1190.0000000000002,1020.0000000000001,892.5000000000001,793.3333333333335,714.0000000000001,649.0909090909091,637.0833333333334,611.3076923076923,603.9285714285714,586.0000000000001,618.4375000000001,670.4117647058823,661.5555555555557,631.8947368421053,560.45,605,607.6363636363639,633.8260869565219,597.625,536.9600000000002,560.6153846153846,591.9074074074075,717.0357142857143,614.3793103448277,745.2]
    }]
}