{
    "vehicle_starting_positions": ["Amsterdam","Rotterdam","Den Haag","Utrecht","Eindhoven","Almere","Groningen","Nijmegen","Breda","Apeldoorn"],
    "task_distribution": {
        "distance_matrix": [
            [0,90.6,65.2,45.6,137.5,31.9,185.9,132,119.1,90.2],
            [90.6,0,25.4,62.3,110.8,105.6,259.6,112,48.6,129.3],
            [65.2,25.4,0,87.7,136.2,97.1,251.1,137.4,74,154.7],
            [45.6,62.3,87.7,0,91.9,43.3,197.3,86.4,73.5,67],
            [137.5,110.8,136.2,91.9,0,135.2,268.3,70.2,62.2,127.3],
            [31.9,105.6,97.1,43.3,135.2,0,154,129.7,116.8,80.1],
            [185.9,259.6,251.1,197.3,268.3,154,0,198.1,270.8,141],
            [132,112,137.4,86.4,70.2,129.7,198.1,0,96.2,57.1],
            [119.1,48.6,74,73.5,62.2,116.8,270.8,96.2,0,140.5],
            [90.2,129.3,154.7,67,127.3,80.1,141,57.1,140.5,0]
        ],
        "weight_matrix": [
            [0,3,3,3,3,3,3,3,3,3],
            [3,0,3,3,3,3,3,3,3,3],
            [3,3,0,3,3,3,3,3,3,3],
            [3,3,3,0,3,3,3,3,3,3],
            [3,3,3,3,0,3,3,3,3,3],
            [3,3,3,3,3,0,3,3,3,3],
            [3,3,3,3,3,3,0,3,3,3],
            [3,3,3,3,3,3,3,0,3,3],
            [3,3,3,3,3,3,3,3,0,3],
            [3,3,3,3,3,3,3,3,3,0]
        ],
        "probability_matrix": [
            [0,0.09168270820931569,0.010814962340036769,0.09003228239394981,0.2050677304231421,0.18817177588959175,0.2405588477199109,0.08022429467402882,0.08629744480445051,0.007149953545573497],
            [0.22447610928553327,0,0.11206271684533031,0.056854630294404594,0.21534349167962127,0.014574927515720013,0.10868336817295665,0.15174292755202495,0.09450378943729466,0.021758039217114156],
            [0.18665181511245205,0.20736435119312585,0,0.10110787575662372,0.004536646736747609,0.018229404393419548,0.13462070975181742,0.09363379302876074,0.2422941583390422,0.011561245688010825],
            [0.030967593687260028,0.03591843969463183,0.13108629966147822,0,0.10428393794040748,0.050797796502759965,0.021377947688258684,0.21109613692317322,0.16346074702412033,0.2510111008779102],
            [0.07016496574431305,0.10216415581734713,0.1387110092969976,0.31762044739377654,0,0.1355947893687268,0.029421724841094628,0.06554306583074009,0.10486723500515102,0.03591260670185328],
            [0.0871030498204553,0.08778179164538054,0.2201807800990111,0.17166123506785,0.19677885716434756,0,0.030862288017401502,0.009978907365452993,0.11393309457255196,0.08171999624754914],
            [0.17437735780195465,0.05731507385442019,0.004760758085457047,0.152163459907374,0.027115529070860674,0.15457722980770616,0,0.13135335797418432,0.17872514058637473,0.11961209291166833],
            [0.10016777711942333,0.11609814196935628,0.13368681597961252,0.13198497086431688,0.1547307469620638,0.14590963366096113,0.07800197135167848,0,0.10958628954000137,0.029833652552586236],
            [0.16749710522704656,0.1116736437118783,0.1764769465669266,0.142113813812502,0.03936169963809352,0.03428288882549508,0.07890627160080609,0.06240867347048388,0,0.18727895714676793],
            [0.20029543427549074,0.06380278462191695,0.12266754269119072,0.10619140879047187,0.09879226739023955,0.012184291544675326,0.1462531031317224,0.122369427502765,0.1274437400515273,0]
        ],
        "city_names": ["Amsterdam","Rotterdam","Den Haag","Utrecht","Eindhoven","Almere","Groningen","Nijmegen","Breda","Apeldoorn"],
        "reward_matrix": [
            [0,73456,83796,91775,54364,97352,34661,56603,61855,73619],
            [73456,0,99999,84977,65233,67350,4659,64745,90554,57702],
            [83796,99999,0,74637,54893,70810,8119,54405,80214,47362],
            [91775,84977,74637,0,72927,92712,30020,75166,80418,83064],
            [54364,65233,54893,72927,0,55300,1117,81761,85018,58516],
            [97352,67350,70810,92712,55300,0,47647,57539,62791,77731],
            [34661,4659,8119,30020,1117,47647,0,29695,100,52939],
            [56603,64745,54405,75166,81761,57539,29695,0,71177,87094],
            [61855,90554,80214,80418,85018,62791,100,71177,0,53143],
            [73619,57702,47362,83064,58516,77731,52939,87094,53143,0]
        ]
    },
    "vehicle_cost_per_km": [5,15,15,5,5,5,5,5,5,5],
    "vehicle_capacities": [15,15,15,5,20,30,30,30,30,30],
    "runs": [{
        "number_of_vehicles": 3,
        "avg_task_cost_vs_number_of_task": [652,790.75,874.6666666666666,656,524.8,437.3333333333333,415.57142857142856,382.12500000000006,339.66666666666674,424.85,428.8636363636364,354.125,417.6538461538461,354.0357142857143,374.4666666666666,438.5,362.88235294117646,420.1111111111112,435.2105263157895,344.475,427.5238095238095,410.36363636363643,476.7173913043478,399.06249999999994,418.28,438.8653846153847,426.2037037037037,440.4642857142856,413.0517241379311,423.63333333333344]
    }]
}