{
    "vehicle_starting_positions": ["Amsterdam","Rotterdam","Den Haag","Utrecht","Eindhoven","Almere","Groningen","Nijmegen","Breda","Apeldoorn"],
    "task_distribution": {
        "distance_matrix": [
            [0,90.6,65.2,45.6,137.5,31.9,185.9,132,119.1,90.2],
            [90.6,0,25.4,62.3,110.8,105.6,259.6,112,48.6,129.3],
            [65.2,25.4,0,87.7,136.2,97.1,251.1,137.4,74,154.7],
            [45.6,62.3,87.7,0,91.9,43.3,197.3,86.4,73.5,67],
            [137.5,110.8,136.2,91.9,0,135.2,268.3,70.2,62.2,127.3],
            [31.9,105.6,97.1,43.3,135.2,0,154,129.7,116.8,80.1],
            [185.9,259.6,251.1,197.3,268.3,154,0,198.1,270.8,141],
            [132,112,137.4,86.4,70.2,129.7,198.1,0,96.2,57.1],
            [119.1,48.6,74,73.5,62.2,116.8,270.8,96.2,0,140.5],
            [90.2,129.3,154.7,67,127.3,80.1,141,57.1,140.5,0]
        ],
        "weight_matrix": [
            [0,3,3,3,3,3,3,3,3,3],
            [3,0,3,3,3,3,3,3,3,3],
            [3,3,0,3,3,3,3,3,3,3],
            [3,3,3,0,3,3,3,3,3,3],
            [3,3,3,3,0,3,3,3,3,3],
            [3,3,3,3,3,0,3,3,3,3],
            [3,3,3,3,3,3,0,3,3,3],
            [3,3,3,3,3,3,3,0,3,3],
            [3,3,3,3,3,3,3,3,0,3],
            [3,3,3,3,3,3,3,3,3,0]
        ],
        "probability_matrix": [
            [0,0.057307241530906196,0.14467128953295944,0.18198290983280657,0.13463308703690827,0.021677380381054025,0.02427792221156156,0.17512746063696805,0.07440977926756101,0.18591292956927502],
            [0.17884476772175853,0,0.1326778456775891,0.1812390412191611,0.08483964441072438,0.13511303797918792,0.005831036631154703,0.12192462065734817,0.0021551942764812663,0.1573748114265947],
            [0.13585870546471288,0.17708670540062993,0,0.17253732407024888,0.13316028334772334,0.019428288426581893,0.18713442561978424,0.03422666596876345,0.051145232581592176,0.0894223691199631],
            [0.11795014775804673,0.12150850040333185,0.14488817614738442,0,0.1267199754545482,0.018965885511428096,0.15126871927821822,0.0974477440057983,0.0946856568891543,0.12656519455208995],
            [0.0631707753434326,0.06333300415384514,0.02012954483881657,0.014103095933495235,0,0.2042533399099651,0.08968617905515722,0.14909788698635631,0.14734537737770145,0.24888079640123031],
            [0.0090923942463884,0.09155413781890376,3.6087799391740894E-4,0.20009287590145436,0.12425097805259655,0,0.08769430116069676,0.1894036807256759,0.1579240631376039,0.13962669096276312],
            [0.18225861581915898,0.06643037867450183,0.1152025341295379,0.11319449197711356,0.22182923594627574,0.06831766076153348,0,0.018140182104592995,0.07198956074344058,0.14263733984384488],
            [0.0685610428228913,0.035742186793969434,0.17079743342746487,0.14622645046560565,0.17906088004364176,0.08117933081804588,0.10892562005086967,0,0.17082425164500833,0.03868280393250302],
            [0.2442100772656674,0.1382288365443624,0.00558353042740266,0.04524945962296913,0.14491726524321133,0.19039946233198315,0.020421660617892263,0.18821125560371987,0,0.022778452342791786],
            [0.1320853973185813,0.16400195079711394,0.05799154607717184,0.1090742308858474,0.17577652681724143,0.12697384568185482,0.026975912811744853,0.1200907164116913,0.08702987319875287,0]
        ],
        "city_names": ["Amsterdam","Rotterdam","Den Haag","Utrecht","Eindhoven","Almere","Groningen","Nijmegen","Breda","Apeldoorn"],
        "reward_matrix": [
            [0,73456,83796,91775,54364,97352,34661,56603,61855,73619],
            [73456,0,99999,84977,65233,67350,4659,64745,90554,57702],
            [83796,99999,0,74637,54893,70810,8119,54405,80214,47362],
            [91775,84977,74637,0,72927,92712,30020,75166,80418,83064],
            [54364,65233,54893,72927,0,55300,1117,81761,85018,58516],
            [97352,67350,70810,92712,55300,0,47647,57539,62791,77731],
            [34661,4659,8119,30020,1117,47647,0,29695,100,52939],
            [56603,64745,54405,75166,81761,57539,29695,0,71177,87094],
            [61855,90554,80214,80418,85018,62791,100,71177,0,53143],
            [73619,57702,47362,83064,58516,77731,52939,87094,53143,0]
        ]
    },
    "vehicle_cost_per_km": [5,15,15,5,5,5,5,5,5,5],
    "vehicle_capacities": [5,5,5,5,20,30,30,30,30,30],
    "runs": [{
        "number_of_vehicles": 3,
        "avg_task_cost_vs_number_of_task": [660,1496.0000000000002,1251.8333333333333,1094.625,962.3,855.0833333333334,831.7857142857141,866.9374999999998,793.611111111111,714.2499999999999,649.3181818181819,701.2916666666666,671.8846153846154,695.8571428571429,691.4666666666667,686.9375,668.1470588235294,689.1944444444445,711.3157894736842,701.475,815.666666666667,796.2045454545453,747.282608695652,830.9375,756.0800000000002,870.8076923076923,850.0370370370372,813.2857142857144,820.310344827586,805.1833333333336]
    }]
}