{
    "vehicle_starting_positions": ["Amsterdam","Rotterdam","Den Haag","Utrecht","Eindhoven","Almere","Groningen","Nijmegen","Breda","Apeldoorn"],
    "task_distribution": {
        "distance_matrix": [
            [0,90.6,65.2,45.6,137.5,31.9,185.9,132,119.1,90.2],
            [90.6,0,25.4,62.3,110.8,105.6,259.6,112,48.6,129.3],
            [65.2,25.4,0,87.7,136.2,97.1,251.1,137.4,74,154.7],
            [45.6,62.3,87.7,0,91.9,43.3,197.3,86.4,73.5,67],
            [137.5,110.8,136.2,91.9,0,135.2,268.3,70.2,62.2,127.3],
            [31.9,105.6,97.1,43.3,135.2,0,154,129.7,116.8,80.1],
            [185.9,259.6,251.1,197.3,268.3,154,0,198.1,270.8,141],
            [132,112,137.4,86.4,70.2,129.7,198.1,0,96.2,57.1],
            [119.1,48.6,74,73.5,62.2,116.8,270.8,96.2,0,140.5],
            [90.2,129.3,154.7,67,127.3,80.1,141,57.1,140.5,0]
        ],
        "weight_matrix": [
            [0,3,3,3,3,3,3,3,3,3],
            [3,0,3,3,3,3,3,3,3,3],
            [3,3,0,3,3,3,3,3,3,3],
            [3,3,3,0,3,3,3,3,3,3],
            [3,3,3,3,0,3,3,3,3,3],
            [3,3,3,3,3,0,3,3,3,3],
            [3,3,3,3,3,3,0,3,3,3],
            [3,3,3,3,3,3,3,0,3,3],
            [3,3,3,3,3,3,3,3,0,3],
            [3,3,3,3,3,3,3,3,3,0]
        ],
        "probability_matrix": [
            [0,0.09228494610212917,0.09902736814171703,0.02033967569894464,0.05074576051175437,0.1686762528711852,0.20921627260352527,0.18820625614306508,0.028728335040942504,0.1427751328867367],
            [0.13870479759926213,0,0.0875115916469699,0.11840530400336309,0.05485441705982498,0.13911668767119287,0.19659246399192293,0.18355051363533942,0.05953820401163946,0.0217260203804851],
            [0.04550385839957327,0.028059290184009846,0,0.2753465899820503,0.026501478574165942,0.1746588830860925,0.05745744655968323,0.049224849303494786,0.2695273885379295,0.07372021537300055],
            [0.19287873930948837,0.05167042150762079,0.2066132888627535,0,0.06346281739893203,0.13859955695784149,0.05713145485306432,0.2008732809545036,0.06721297256484017,0.02155746759095579],
            [0.09787979765958026,0.1722166446896724,0.010306152380857837,0.13364632635516757,0,0.17320154522429063,0.10708122445191763,0.11536508846276379,0.09710223823334987,0.09320098254239995],
            [0.10060607167045985,0.0518350172646049,0.05014563990522463,0.09024329397721251,0.16209663451341408,0,0.13019586166961322,0.03297467067093796,0.1841197563171018,0.19778305401143106],
            [0.13009639029029416,0.15879460334635115,0.07272377507011854,0.1664414015940408,0.016135595502325052,0.15159029476400013,0,0.0647750931061032,0.10744033001516085,0.13200251631160623],
            [0.14317566012958113,0.08566626894896208,0.024685600508439008,0.20279443561288457,0.12417511761287209,0.06942649124175633,0.11423633121366543,0,0.0780682177853461,0.15777187694649314],
            [0.12526894250888648,0.01898559843337703,0.05291156152432325,0.15369170861383358,0.1931594701128329,0.11253814496018004,0.17293643824606816,0.1670615866620119,0,0.0034465489384867313],
            [0.049723404918373924,0.17037420581189167,0.12833677927513606,0.025413356818827598,0.31187918555883554,0.01197612992856389,0.015978782670275103,0.10851473990429104,0.17780341511380512,0]
        ],
        "city_names": ["Amsterdam","Rotterdam","Den Haag","Utrecht","Eindhoven","Almere","Groningen","Nijmegen","Breda","Apeldoorn"],
        "reward_matrix": [
            [0,73456,83796,91775,54364,97352,34661,56603,61855,73619],
            [73456,0,99999,84977,65233,67350,4659,64745,90554,57702],
            [83796,99999,0,74637,54893,70810,8119,54405,80214,47362],
            [91775,84977,74637,0,72927,92712,30020,75166,80418,83064],
            [54364,65233,54893,72927,0,55300,1117,81761,85018,58516],
            [97352,67350,70810,92712,55300,0,47647,57539,62791,77731],
            [34661,4659,8119,30020,1117,47647,0,29695,100,52939],
            [56603,64745,54405,75166,81761,57539,29695,0,71177,87094],
            [61855,90554,80214,80418,85018,62791,100,71177,0,53143],
            [73619,57702,47362,83064,58516,77731,52939,87094,53143,0]
        ]
    },
    "vehicle_cost_per_km": [5,15,10,5,5,5,5,5,5,5],
    "vehicle_capacities": [5,5,5,5,20,30,30,30,30,30],
    "runs": [{
        "number_of_vehicles": 3,
        "avg_task_cost_vs_number_of_task": [1347,673.5,924,1078,1170.4,1084,1107.357142857143,1059.3125,1026.4444444444443,1035,969.9090909090909,898.5833333333334,860.6923076923077,822,835.7333333333333,845.75,839.8823529411765,850.2499999999999,792.7631578947369,866.05,832.2619047619046,812.0909090909089,832.6086956521737,867.6458333333334,837.04,797.8653846153846,861.9814814814812,851.0357142857146,874.3620689655171,891.8]
    }]
}