{
    "vehicle_starting_positions": ["Amsterdam","Rotterdam","Den Haag","Utrecht","Eindhoven","Almere","Groningen","Nijmegen","Breda","Apeldoorn"],
    "task_distribution": {
        "distance_matrix": [
            [0,90.6,65.2,45.6,137.5,31.9,185.9,132,119.1,90.2],
            [90.6,0,25.4,62.3,110.8,105.6,259.6,112,48.6,129.3],
            [65.2,25.4,0,87.7,136.2,97.1,251.1,137.4,74,154.7],
            [45.6,62.3,87.7,0,91.9,43.3,197.3,86.4,73.5,67],
            [137.5,110.8,136.2,91.9,0,135.2,268.3,70.2,62.2,127.3],
            [31.9,105.6,97.1,43.3,135.2,0,154,129.7,116.8,80.1],
            [185.9,259.6,251.1,197.3,268.3,154,0,198.1,270.8,141],
            [132,112,137.4,86.4,70.2,129.7,198.1,0,96.2,57.1],
            [119.1,48.6,74,73.5,62.2,116.8,270.8,96.2,0,140.5],
            [90.2,129.3,154.7,67,127.3,80.1,141,57.1,140.5,0]
        ],
        "weight_matrix": [
            [0,3,3,3,3,3,3,3,3,3],
            [3,0,3,3,3,3,3,3,3,3],
            [3,3,0,3,3,3,3,3,3,3],
            [3,3,3,0,3,3,3,3,3,3],
            [3,3,3,3,0,3,3,3,3,3],
            [3,3,3,3,3,0,3,3,3,3],
            [3,3,3,3,3,3,0,3,3,3],
            [3,3,3,3,3,3,3,0,3,3],
            [3,3,3,3,3,3,3,3,0,3],
            [3,3,3,3,3,3,3,3,3,0]
        ],
        "probability_matrix": [
            [0,0.1774021615190313,0.00494584137105395,0.023262600320263217,0.10008611124990897,0.09833797152445217,0.18186880788514445,0.19183128987274162,0.1626243717724978,0.059640844484906565],
            [0.06801284896267082,0,0.04926403907168719,0.2056979054500598,0.15644189621074733,0.2261407743775383,0.0931218584029558,0.13586942017401218,0.0073651481624167625,0.05808610918791191],
            [0.10441693739794164,0.23875944894954737,0,0.18150331504452052,0.05654408914853777,0.17597706200681446,0.030692529549879007,0.07707969274539074,0.04523967327233439,0.0897872518850341],
            [0.16528108549430978,0.002287172199295498,0.18036842244587684,0,0.08763811304468692,0.11383739479370668,0.048125906731604565,0.09825065318864783,0.14494298269351932,0.15926826940835254],
            [0.18190992600269654,0.13290298108388193,0.06657290030567478,0.10440731495129116,0,0.17288815200307084,0.00764912731431355,0.1129240246286834,0.15655270951456587,0.06419286419582193],
            [0.08585359631121947,0.05595578274001623,0.19347227148543095,0.11170882544618696,0.11896139571345998,0,0.05899601440804219,0.07760865220408356,0.18492202189107637,0.11252143980048417],
            [0.23199966775416245,0.1817632119009238,0.05074253160093244,0.13953346557572274,0.007654175694830932,0.06626539782804894,0,0.07470454643407873,0.2023555252821024,0.04498147792919765],
            [0.18740813688332944,0.09076963887855531,0.08819237973166114,0.05943541880205954,0.1479647305389533,0.16563722108296663,0.09774102722687128,0,0.13038753051437768,0.0324639163412258],
            [0.1310857260215138,0.22174248067216157,0.09146999188785944,0.03156526194995968,0.020701847193412552,0.14732217157771735,0.06447511193111001,0.22325088189213588,0,0.06838652687412979],
            [0.1454689942267177,0.09912156462691825,0.24793183234704935,0.05270767855045782,0.18244571541283158,0.07148947310416649,0.06170718615840247,0.08614597413011153,0.05298158144334469,0]
        ],
        "city_names": ["Amsterdam","Rotterdam","Den Haag","Utrecht","Eindhoven","Almere","Groningen","Nijmegen","Breda","Apeldoorn"],
        "reward_matrix": [
            [0,73456,83796,91775,54364,97352,34661,56603,61855,73619],
            [73456,0,99999,84977,65233,67350,4659,64745,90554,57702],
            [83796,99999,0,74637,54893,70810,8119,54405,80214,47362],
            [91775,84977,74637,0,72927,92712,30020,75166,80418,83064],
            [54364,65233,54893,72927,0,55300,1117,81761,85018,58516],
            [97352,67350,70810,92712,55300,0,47647,57539,62791,77731],
            [34661,4659,8119,30020,1117,47647,0,29695,100,52939],
            [56603,64745,54405,75166,81761,57539,29695,0,71177,87094],
            [61855,90554,80214,80418,85018,62791,100,71177,0,53143],
            [73619,57702,47362,83064,58516,77731,52939,87094,53143,0]
        ]
    },
    "vehicle_cost_per_km": [5,5,5,5,5,5,5,5,5,5],
    "vehicle_capacities": [10,10,10,5,20,30,30,30,30,30],
    "runs": [{
        "number_of_vehicles": 3,
        "avg_task_cost_vs_number_of_task": [159.5,280,510.8333333333333,383.125,381.79999999999995,336.3333333333333,373.07142857142856,397.87499999999994,394.99999999999994,355.49999999999994,342.27272727272725,332.6666666666667,329.46153846153845,316.64285714285717,358.8,357.40625,337.97058823529414,308.1388888888889,316.5,313.6,319.35714285714283,259,278.17391304347825,282.3958333333333,282.28,275.15384615384613,294.74074074074076,271.30357142857144,302.1896551724138,298.65]
    }]
}