{
    "vehicle_starting_positions": ["Newcastle","Cardiff","Plymouth","Norwich","Manchester","London","Leeds","Sheffield","Birmingham","Liverpool","Portsmouth"],
    "task_distribution": {
        "distance_matrix": [
            [0,345,477.8,348,209.9,233,246.5,205.2,115,244.6,307.8],
            [345,0,592.8,463,205.7,348,98.5,139.8,230,171,422.8],
            [477.8,592.8,0,359.8,457.7,244.8,494.3,453,362.8,492.4,170],
            [348,463,359.8,0,327.9,115,364.5,323.2,233,362.6,189.8],
            [209.9,205.7,457.7,327.9,0,212.9,107.2,148.5,94.9,34.7,287.7],
            [233,348,244.8,115,212.9,0,249.5,208.2,118,247.6,74.8],
            [246.5,98.5,494.3,364.5,107.2,249.5,0,41.3,131.5,72.5,324.3],
            [205.2,139.8,453,323.2,148.5,208.2,41.3,0,90.2,113.8,283],
            [115,230,362.8,233,94.9,118,131.5,90.2,0,129.6,192.8],
            [244.6,171,492.4,362.6,34.7,247.6,72.5,113.8,129.6,0,322.4],
            [307.8,422.8,170,189.8,287.7,74.8,324.3,283,192.8,322.4,0]
        ],
        "weight_matrix": [
            [0,3,3,3,3,3,3,3,3,3,3],
            [3,0,3,3,3,3,3,3,3,3,3],
            [3,3,0,3,3,3,3,3,3,3,3],
            [3,3,3,0,3,3,3,3,3,3,3],
            [3,3,3,3,0,3,3,3,3,3,3],
            [3,3,3,3,3,0,3,3,3,3,3],
            [3,3,3,3,3,3,0,3,3,3,3],
            [3,3,3,3,3,3,3,0,3,3,3],
            [3,3,3,3,3,3,3,3,0,3,3],
            [3,3,3,3,3,3,3,3,3,0,3],
            [3,3,3,3,3,3,3,3,3,3,0]
        ],
        "probability_matrix": [
            [0,0.14257147326439268,0.11568767585651303,0.04225629340279016,0.1699657791229434,0.09645756866031235,0.016119042370029563,0.10851038644078301,0.11413346611715118,0.15595529494957736,0.03834301981550734],
            [0.13295229393202734,0,0.16072400406892756,0.03323651985575756,0.06359276288544836,0.11183719889258559,0.028873133230894184,0.13615843430278932,0.149367820346098,0.15215050370738178,0.031107328778090384],
            [0.013821478438584405,0.16232057068948844,0,0.09091365954957357,0.1834325280775519,0.15186294840134723,0.014083908013739413,0.08233764211933808,0.13904307473385966,0.012146377754621577,0.15003781222189577],
            [0.02544364608332705,0.040522200385254704,0.1399161699553894,0,0.09562677499549144,0.16039820327085585,0.11558224479761812,0.12846668749423154,0.15310894769611588,0.09448736458042778,0.046447760741288084],
            [0.14119731986923614,0.1349037474875253,0.12359439782491127,0.12495420408576348,0,0.06232756209600862,0.10981908101656149,0.1258933445313947,0.0828862760541994,0.07921259413066939,0.015211472903730369],
            [0.11574179355444307,0.19523574976915706,0.12080827995839268,0.13203008057568655,0.07791841926926915,0,0.016255041363470144,0.09144717691467107,0.03936087150199356,0.050435275468958596,0.16076731162395813],
            [0.12786167165642073,9.268018785320908E-4,0.019565471380862908,0.08592048398499928,0.15972922466332334,0.09674987880500441,0,0.136148249003685,0.12004223573510985,0.07583305078696277,0.17722293210509957],
            [0.025978653325077414,0.10272269783547651,0.18455767690452418,0.016031130002538634,0.011760159166708369,0.18775919270194324,0.06865464883787875,0,0.16316921308808904,0.10669996246601075,0.13266666567175303],
            [0.16511866440854356,0.1842145223315495,0.18594065139784946,0.06406724684413671,0.09766844448793238,0.007885663621535048,0.1424778521509537,0.01316438399156293,0,0.022685684819847757,0.11677688594608897],
            [0.1270369947953899,0.20075657184444815,0.032199192615033984,0.1850145553355983,0.04407343228483626,0.12074239853468141,0.02395030868575573,0.14736541714498086,0.04456264685036474,0,0.07429848190891081],
            [0.048366801850633044,0.025436067575258958,0.15535374612111766,0.005270397401998193,0.11127401899588062,0.07487795576352041,0.09778085726775179,0.18428687341514102,0.11365291253028936,0.1837003690784089,0]
        ],
        "city_names": ["Cardiff","Newcastle","Plymouth","Norwich","Manchester","London","Leeds","Sheffield","Birmingham","Liverpool","Portsmouth"],
        "reward_matrix": [
            [0,44455,20684,43918,68638,64503,62087,69479,85625,62427,51114],
            [44455,0,100,23333,69390,43918,88578,81186,65040,75601,30529],
            [20684,100,0,41806,24282,62391,17731,25123,41269,18071,75780],
            [43918,23333,41806,0,47516,85625,40965,48357,64503,41305,72236],
            [68638,69390,24282,47516,0,68101,87021,79628,89223,99999,54712],
            [64503,43918,62391,85625,68101,0,61550,68942,85088,61890,92821],
            [62087,88578,17731,40965,87021,61550,0,98817,82671,93232,48161],
            [69479,81186,25123,48357,79628,68942,98817,0,90064,85840,55553],
            [85625,65040,41269,64503,89223,85088,82671,90064,0,83012,71699],
            [62427,75601,18071,41305,99999,61890,93232,85840,83012,0,48501],
            [51114,30529,75780,72236,54712,92821,48161,55553,71699,48501,0]
        ]
    },
    "vehicle_cost_per_km": [15,5,15,5,5,5,5,5,5,5,5],
    "vehicle_capacities": [15,15,15,30,30,30,30,30,30,30,30],
    "runs": [{
        "number_of_vehicles": 3,
        "avg_task_cost_vs_number_of_task": [3151,1662.2500000000002,1463,1615.25,1292.2,1076.8333333333333,1059.2857142857142,1003.0625,894.3888888888889,968.9,935.9090909090909,871.25,775.6153846153846,799.4285714285717,807.8000000000003,1049.9375,874.7647058823529,821.2222222222222,901.6842105263158,810.4,819.0238095238097,924.0909090909089,1121.7391304347823,1092.708333333333,1086.2399999999998,1093.7692307692307,963.6666666666665,1101.5892857142858,1081.758620689655,1201.8666666666663]
    }]
}