{
    "vehicle_starting_positions": ["Newcastle","Cardiff","Plymouth","Norwich","Manchester","London","Leeds","Sheffield","Birmingham","Liverpool","Portsmouth"],
    "task_distribution": {
        "distance_matrix": [
            [0,345,477.8,348,209.9,233,246.5,205.2,115,244.6,307.8],
            [345,0,592.8,463,205.7,348,98.5,139.8,230,171,422.8],
            [477.8,592.8,0,359.8,457.7,244.8,494.3,453,362.8,492.4,170],
            [348,463,359.8,0,327.9,115,364.5,323.2,233,362.6,189.8],
            [209.9,205.7,457.7,327.9,0,212.9,107.2,148.5,94.9,34.7,287.7],
            [233,348,244.8,115,212.9,0,249.5,208.2,118,247.6,74.8],
            [246.5,98.5,494.3,364.5,107.2,249.5,0,41.3,131.5,72.5,324.3],
            [205.2,139.8,453,323.2,148.5,208.2,41.3,0,90.2,113.8,283],
            [115,230,362.8,233,94.9,118,131.5,90.2,0,129.6,192.8],
            [244.6,171,492.4,362.6,34.7,247.6,72.5,113.8,129.6,0,322.4],
            [307.8,422.8,170,189.8,287.7,74.8,324.3,283,192.8,322.4,0]
        ],
        "weight_matrix": [
            [0,3,3,3,3,3,3,3,3,3,3],
            [3,0,3,3,3,3,3,3,3,3,3],
            [3,3,0,3,3,3,3,3,3,3,3],
            [3,3,3,0,3,3,3,3,3,3,3],
            [3,3,3,3,0,3,3,3,3,3,3],
            [3,3,3,3,3,0,3,3,3,3,3],
            [3,3,3,3,3,3,0,3,3,3,3],
            [3,3,3,3,3,3,3,0,3,3,3],
            [3,3,3,3,3,3,3,3,0,3,3],
            [3,3,3,3,3,3,3,3,3,0,3],
            [3,3,3,3,3,3,3,3,3,3,0]
        ],
        "probability_matrix": [
            [0,0.09368963563521561,0.1118098543160551,0.01930214224977718,0.14678874253373403,0.14695174473493258,0.12680940517641962,0.04587077463337451,0.14743684083460795,0.12155638009346764,0.03978447979241569],
            [0.03559400710424154,0,0.12565885675452432,0.16198233341189427,0.10279870255977996,0.01884792991315415,0.15724343765124865,0.1629959371195159,0.13654518103595614,0.034006142680205305,0.06432747176947982],
            [0.053368423501737774,0.15780674131141598,0,0.17462258968303304,0.14668727209891017,0.021661397039477875,0.16060766151842265,0.017458413351031963,0.05783443476808744,0.08705517876571926,0.12289788796216386],
            [0.059608894470848536,0.09042840784805792,0.07679815731824373,0,0.0673351371634867,0.09253903797606666,0.10929619682480946,0.1398781413627743,0.08309554377700967,0.14737826000141568,0.13364222325728745],
            [0.14228432828548546,0.07979768981161726,0.029065091451489337,0.1169305814429581,0,0.1337840967417916,0.02951538231126663,0.04563265974859234,0.14700942822657287,0.1432988535525557,0.13268188842767076],
            [0.12152213995526921,0.05577893427699848,0.13413356398744716,0.08457688687718065,0.08498237152274199,0,0.15564777349750167,0.08295762164698137,0.11062368599399737,0.035545377230774916,0.13423164501110715],
            [0.0740287519584639,0.1035633232299245,0.02538196567746549,0.14167781209888852,0.12552553286258789,0.12432155451532469,0,0.042843303892892204,0.057505863334767864,0.1546475106655239,0.15050438176416114],
            [0.012191639639820671,0.032337115261131005,0.10069016376167704,0.11045481378605597,0.14271923834275826,0.027612223387814716,0.21679551861902716,0,0.15057236029856247,0.14092688468766054,0.06570004221549211],
            [0.10055508991045768,0.12356584369524974,0.07548830658453744,0.12980199705485174,0.10064273196960327,0.14111170207432422,0.12327711852824365,0.021178909928988538,0,0.020967163012669595,0.1634111372410742],
            [0.026602864434520448,0.0654489756812516,0.2172082949903758,0.01233587331250143,0.0902361105649847,0.053688648467212836,0.14169231994764492,0.13569281157048138,0.047933266420856026,0,0.20916083461017082],
            [0.1579986016953306,0.014746371823894546,0.1332841926875332,0.09070971372082054,0.0640614641112749,0.04070283543578203,0.13209537435181704,0.17678023064084905,0.0802789282888775,0.10934228724382063,0]
        ],
        "city_names": ["Cardiff","Newcastle","Plymouth","Norwich","Manchester","London","Leeds","Sheffield","Birmingham","Liverpool","Portsmouth"],
        "reward_matrix": [
            [0,44455,20684,43918,68638,64503,62087,69479,85625,62427,51114],
            [44455,0,100,23333,69390,43918,88578,81186,65040,75601,30529],
            [20684,100,0,41806,24282,62391,17731,25123,41269,18071,75780],
            [43918,23333,41806,0,47516,85625,40965,48357,64503,41305,72236],
            [68638,69390,24282,47516,0,68101,87021,79628,89223,99999,54712],
            [64503,43918,62391,85625,68101,0,61550,68942,85088,61890,92821],
            [62087,88578,17731,40965,87021,61550,0,98817,82671,93232,48161],
            [69479,81186,25123,48357,79628,68942,98817,0,90064,85840,55553],
            [85625,65040,41269,64503,89223,85088,82671,90064,0,83012,71699],
            [62427,75601,18071,41305,99999,61890,93232,85840,83012,0,48501],
            [51114,30529,75780,72236,54712,92821,48161,55553,71699,48501,0]
        ]
    },
    "vehicle_cost_per_km": [10,10,5,5,5,5,5,5,5,5,5],
    "vehicle_capacities": [10,10,10,30,30,30,30,30,30,30,30],
    "runs": [{
        "number_of_vehicles": 3,
        "avg_task_cost_vs_number_of_task": [2099,3223,2477,1857.75,1486.2,1238.5,1111.142857142857,972.2500000000001,971.7777777777778,946.5,931.7272727272727,900.2500000000001,848.6923076923078,894.1428571428571,835.3333333333335,887.5000000000001,863.5294117647059,872.2777777777778,955.2631578947369,900.05,978.3333333333334,976.8181818181816,843.4347826086956,918.1666666666666,859.2800000000002,917.6923076923077,830.7407407407406,860.8571428571429,941.1724137931031,961]
    }]
}