{
    "vehicle_starting_positions": ["Newcastle","Cardiff","Plymouth","Norwich","Manchester","London","Leeds","Sheffield","Birmingham","Liverpool","Portsmouth"],
    "task_distribution": {
        "distance_matrix": [
            [0,345,477.8,348,209.9,233,246.5,205.2,115,244.6,307.8],
            [345,0,592.8,463,205.7,348,98.5,139.8,230,171,422.8],
            [477.8,592.8,0,359.8,457.7,244.8,494.3,453,362.8,492.4,170],
            [348,463,359.8,0,327.9,115,364.5,323.2,233,362.6,189.8],
            [209.9,205.7,457.7,327.9,0,212.9,107.2,148.5,94.9,34.7,287.7],
            [233,348,244.8,115,212.9,0,249.5,208.2,118,247.6,74.8],
            [246.5,98.5,494.3,364.5,107.2,249.5,0,41.3,131.5,72.5,324.3],
            [205.2,139.8,453,323.2,148.5,208.2,41.3,0,90.2,113.8,283],
            [115,230,362.8,233,94.9,118,131.5,90.2,0,129.6,192.8],
            [244.6,171,492.4,362.6,34.7,247.6,72.5,113.8,129.6,0,322.4],
            [307.8,422.8,170,189.8,287.7,74.8,324.3,283,192.8,322.4,0]
        ],
        "weight_matrix": [
            [0,3,3,3,3,3,3,3,3,3,3],
            [3,0,3,3,3,3,3,3,3,3,3],
            [3,3,0,3,3,3,3,3,3,3,3],
            [3,3,3,0,3,3,3,3,3,3,3],
            [3,3,3,3,0,3,3,3,3,3,3],
            [3,3,3,3,3,0,3,3,3,3,3],
            [3,3,3,3,3,3,0,3,3,3,3],
            [3,3,3,3,3,3,3,0,3,3,3],
            [3,3,3,3,3,3,3,3,0,3,3],
            [3,3,3,3,3,3,3,3,3,0,3],
            [3,3,3,3,3,3,3,3,3,3,0]
        ],
        "probability_matrix": [
            [0,0.1547826941261176,0.06784574248954282,0.0883037896717045,0.030728738400424855,0.07948887617713324,0.10785193456855884,0.10389439321320172,0.11625943146629243,0.1114262716371378,0.1394181282498861],
            [0.11522233010819083,0,0.14876579789013017,0.022480878025201594,0.05442729998460305,0.16788770962547292,0.13393978914236848,0.09808438439376926,0.0317958443802849,0.22300799198493423,0.004387974465044645],
            [0.01930905826943051,0.048978507710278035,0,0.02887940355311099,0.17762314117384068,0.11030806143983578,0.07736233946750441,0.1817009500934416,0.18725276449793354,0.048385855193143715,0.12019991860148088],
            [0.10824971857343578,0.1427565635415276,0.09907303745957373,0,0.0351575021738287,0.10436188681312887,0.09399690740919144,0.0681126230137124,0.08595806669365871,0.08398820163279373,0.178345492689149],
            [0.13023472214111448,0.16150373157129722,0.056374847602313136,0.08897148080299394,0,0.1549043117167088,0.14139498291144512,0.11585962413268801,0.02247764363147817,0.10838856686200948,0.01989008862795167],
            [0.009591616032330216,0.17949907899144998,0.05984697452897213,0.18603273386399935,0.07977975601073967,0,0.021765309852497198,0.036631863441938424,0.1925443741694824,0.23383395701723156,4.74336091359105E-4],
            [0.002828771369179516,0.20584399470928877,0.21131635916475536,0.030870123565112494,0.16694111092903766,8.121520738899425E-4,0,0.12283477681091716,0.1594271797747607,0.09722566907238903,0.0018998625306693333],
            [0.018085380941022657,0.07444355351886175,0.059280808900901025,0.2030745820270056,0.08962787220263904,0.023715439238978314,0.0687981055892981,0,0.07445417085302244,0.20408950399125667,0.18443058273701451],
            [0.06716946038309257,0.1456008606104923,0.07171161316060384,0.01578899628396337,0.168899336984676,0.04126141358508926,0.15051053621016564,0.16637915161302688,0,0.04731560640764988,0.12536302476124],
            [0.054759319427823985,0.0011985450377021492,0.11827234645287746,0.08299133622275691,0.144737050320254,0.07747930078116264,0.17920027361718072,0.1125420488405435,0.16614186829013536,0,0.06267791100956327],
            [0.15268865718209138,0.0928192242387439,0.17022075218740082,0.1509564430390739,0.10996229437746707,0.05308819455756431,0.08442593928443047,0.05588023500472947,0.07662826855941048,0.053329991569088235,0]
        ],
        "city_names": ["Cardiff","Newcastle","Plymouth","Norwich","Manchester","London","Leeds","Sheffield","Birmingham","Liverpool","Portsmouth"],
        "reward_matrix": [
            [0,44455,20684,43918,68638,64503,62087,69479,85625,62427,51114],
            [44455,0,100,23333,69390,43918,88578,81186,65040,75601,30529],
            [20684,100,0,41806,24282,62391,17731,25123,41269,18071,75780],
            [43918,23333,41806,0,47516,85625,40965,48357,64503,41305,72236],
            [68638,69390,24282,47516,0,68101,87021,79628,89223,99999,54712],
            [64503,43918,62391,85625,68101,0,61550,68942,85088,61890,92821],
            [62087,88578,17731,40965,87021,61550,0,98817,82671,93232,48161],
            [69479,81186,25123,48357,79628,68942,98817,0,90064,85840,55553],
            [85625,65040,41269,64503,89223,85088,82671,90064,0,83012,71699],
            [62427,75601,18071,41305,99999,61890,93232,85840,83012,0,48501],
            [51114,30529,75780,72236,54712,92821,48161,55553,71699,48501,0]
        ]
    },
    "vehicle_cost_per_km": [10,15,10,5,5,5,5,5,5,5,5],
    "vehicle_capacities": [15,15,15,30,30,30,30,30,30,30,30],
    "runs": [{
        "number_of_vehicles": 3,
        "avg_task_cost_vs_number_of_task": [6634,6797,4531.333333333333,3584.5,3006.4,2505.3333333333335,2211.428571428571,1934.9999999999998,1720,1796.2,1474.9090909090908,1530.6666666666667,1580.3076923076928,1564.2857142857142,1415.8666666666666,1390.875,1363.7647058823527,1489.3333333333333,1452.421052631579,1287.1,1350.6666666666667,1407.090909090909,1219.7391304347825,1245.1666666666667,1278.4,1231.4615384615386,1270.8148148148148,1263.5714285714287,1421.1724137931035,1156.5]
    }]
}