{
    "vehicle_starting_positions": ["Newcastle","Cardiff","Plymouth","Norwich","Manchester","London","Leeds","Sheffield","Birmingham","Liverpool","Portsmouth"],
    "task_distribution": {
        "distance_matrix": [
            [0,345,477.8,348,209.9,233,246.5,205.2,115,244.6,307.8],
            [345,0,592.8,463,205.7,348,98.5,139.8,230,171,422.8],
            [477.8,592.8,0,359.8,457.7,244.8,494.3,453,362.8,492.4,170],
            [348,463,359.8,0,327.9,115,364.5,323.2,233,362.6,189.8],
            [209.9,205.7,457.7,327.9,0,212.9,107.2,148.5,94.9,34.7,287.7],
            [233,348,244.8,115,212.9,0,249.5,208.2,118,247.6,74.8],
            [246.5,98.5,494.3,364.5,107.2,249.5,0,41.3,131.5,72.5,324.3],
            [205.2,139.8,453,323.2,148.5,208.2,41.3,0,90.2,113.8,283],
            [115,230,362.8,233,94.9,118,131.5,90.2,0,129.6,192.8],
            [244.6,171,492.4,362.6,34.7,247.6,72.5,113.8,129.6,0,322.4],
            [307.8,422.8,170,189.8,287.7,74.8,324.3,283,192.8,322.4,0]
        ],
        "weight_matrix": [
            [0,3,3,3,3,3,3,3,3,3,3],
            [3,0,3,3,3,3,3,3,3,3,3],
            [3,3,0,3,3,3,3,3,3,3,3],
            [3,3,3,0,3,3,3,3,3,3,3],
            [3,3,3,3,0,3,3,3,3,3,3],
            [3,3,3,3,3,0,3,3,3,3,3],
            [3,3,3,3,3,3,0,3,3,3,3],
            [3,3,3,3,3,3,3,0,3,3,3],
            [3,3,3,3,3,3,3,3,0,3,3],
            [3,3,3,3,3,3,3,3,3,0,3],
            [3,3,3,3,3,3,3,3,3,3,0]
        ],
        "probability_matrix": [
            [0,0.11707277908184202,0.0683248601351828,0.1943508322756019,0.05709460676700595,0.031988133065995135,0.22248739505412246,0.05516528027770227,0.014338196430311595,0.1497239400862982,0.0894539768259376],
            [0.04748527762393586,0,0.17639501961919146,0.08962424998198656,0.017595296170635055,0.022108666311218984,0.20333309387472198,0.010617493514710927,0.14596313647081385,0.19826311220725804,0.08861465422552729],
            [0.021503922375800524,0.13585616937199496,0,0.04301473123092787,0.15523434342200598,0.08260849154727262,0.148941298499493,0.1579730727182158,0.05456527426344514,0.16979309178591198,0.030509604784932153],
            [0.019666392135916498,0.12677309748990384,0.002264056579768354,0,0.015798042412254132,0.1909264948806738,0.15647839152966223,0.145539261501147,0.057863643411727686,0.21710376205355136,0.0675868580053951],
            [0.01979928440253222,0.21556938130983178,0.21630403383847208,0.08571921604511852,0,0.048736057561967354,0.039414070332244595,0.060054936193280374,0.14132857969812893,0.1716356605965193,0.001438780021904853],
            [0.18000172679104917,0.15313159350756356,0.0645981860942531,0.02785266762751866,0.009590774562881389,0,0.11671657918023089,0.023305198338832014,0.09929416159471705,0.18808905358007663,0.13742005872287769],
            [0.016267448548755854,0.08602689627676219,0.01333528301880926,0.0952203396140716,0.12508681970781535,0.13522775047375055,0,0.058362787882278507,0.16075844519057217,0.16309354895370848,0.14662068033347617],
            [0.13798665692265347,0.04707861497949841,0.13575197815008624,0.1551183206800608,0.08295373863249265,0.01209937880900485,0.0713462386208481,0,0.11962414488159007,0.13016095087496385,0.10787997744880153],
            [0.10675003118258433,0.10862500789795719,0.03971933195902644,0.05828316798879403,0.1653306770641142,0.1463666675679428,0.18624731228794159,0.0023461929029239487,0,0.039668022188874205,0.1466635889598412],
            [0.10290802289125162,0.09409521271570899,0.026653148796867903,0.12232103788288967,0.09505344169458128,0.033828926332508016,0.1413232252604508,0.12171896984943098,0.1361713390529533,0,0.12592667552335735],
            [0.14436770296410886,0.015314784183856647,0.10638702000702178,0.09173660617642278,0.08434047934008096,0.20731477196708795,0.06594254191678241,0.08480471773238679,0.16132540162508918,0.03846597408716266,0]
        ],
        "city_names": ["Cardiff","Newcastle","Plymouth","Norwich","Manchester","London","Leeds","Sheffield","Birmingham","Liverpool","Portsmouth"],
        "reward_matrix": [
            [0,44455,20684,43918,68638,64503,62087,69479,85625,62427,51114],
            [44455,0,100,23333,69390,43918,88578,81186,65040,75601,30529],
            [20684,100,0,41806,24282,62391,17731,25123,41269,18071,75780],
            [43918,23333,41806,0,47516,85625,40965,48357,64503,41305,72236],
            [68638,69390,24282,47516,0,68101,87021,79628,89223,99999,54712],
            [64503,43918,62391,85625,68101,0,61550,68942,85088,61890,92821],
            [62087,88578,17731,40965,87021,61550,0,98817,82671,93232,48161],
            [69479,81186,25123,48357,79628,68942,98817,0,90064,85840,55553],
            [85625,65040,41269,64503,89223,85088,82671,90064,0,83012,71699],
            [62427,75601,18071,41305,99999,61890,93232,85840,83012,0,48501],
            [51114,30529,75780,72236,54712,92821,48161,55553,71699,48501,0]
        ]
    },
    "vehicle_cost_per_km": [5,5,10,5,5,5,5,5,5,5,5],
    "vehicle_capacities": [10,10,10,30,30,30,30,30,30,30,30],
    "runs": [{
        "number_of_vehicles": 3,
        "avg_task_cost_vs_number_of_task": [4851,2712.9999999999995,1808.6666666666663,1444.75,1385.8,1215.2500000000002,1041.6428571428573,1055.1875,937.9444444444445,844.15,812.181818181818,854.0833333333334,788.3846153846154,751.3928571428571,785.4666666666666,759.3749999999999,734.8235294117648,702.5833333333333,759.3157894736842,697.6,748.9047619047618,700.340909090909,698.0217391304348,654.2291666666666,728.32,770.0769230769231,755.3703703703703,710.3928571428571,753.1206896551724,728.55]
    }]
}