{
    "vehicle_starting_positions": ["Newcastle","Cardiff","Plymouth","Norwich","Manchester","London","Leeds","Sheffield","Birmingham","Liverpool","Portsmouth"],
    "task_distribution": {
        "distance_matrix": [
            [0,345,477.8,348,209.9,233,246.5,205.2,115,244.6,307.8],
            [345,0,592.8,463,205.7,348,98.5,139.8,230,171,422.8],
            [477.8,592.8,0,359.8,457.7,244.8,494.3,453,362.8,492.4,170],
            [348,463,359.8,0,327.9,115,364.5,323.2,233,362.6,189.8],
            [209.9,205.7,457.7,327.9,0,212.9,107.2,148.5,94.9,34.7,287.7],
            [233,348,244.8,115,212.9,0,249.5,208.2,118,247.6,74.8],
            [246.5,98.5,494.3,364.5,107.2,249.5,0,41.3,131.5,72.5,324.3],
            [205.2,139.8,453,323.2,148.5,208.2,41.3,0,90.2,113.8,283],
            [115,230,362.8,233,94.9,118,131.5,90.2,0,129.6,192.8],
            [244.6,171,492.4,362.6,34.7,247.6,72.5,113.8,129.6,0,322.4],
            [307.8,422.8,170,189.8,287.7,74.8,324.3,283,192.8,322.4,0]
        ],
        "weight_matrix": [
            [0,3,3,3,3,3,3,3,3,3,3],
            [3,0,3,3,3,3,3,3,3,3,3],
            [3,3,0,3,3,3,3,3,3,3,3],
            [3,3,3,0,3,3,3,3,3,3,3],
            [3,3,3,3,0,3,3,3,3,3,3],
            [3,3,3,3,3,0,3,3,3,3,3],
            [3,3,3,3,3,3,0,3,3,3,3],
            [3,3,3,3,3,3,3,0,3,3,3],
            [3,3,3,3,3,3,3,3,0,3,3],
            [3,3,3,3,3,3,3,3,3,0,3],
            [3,3,3,3,3,3,3,3,3,3,0]
        ],
        "probability_matrix": [
            [0,0.01925357737244877,0.050792354891495466,0.10499502401203645,0.11511686437487567,0.13607438334529093,0.1603105329481741,0.14798333811594283,0.10726497534748446,0.0867108350094085,0.07149811458284297],
            [0.019740877942028535,0,0.2219915336841113,0.06462488804871863,0.14044144071149978,0.012919544402067105,0.08805596371077548,0.06137073084750947,0.07278201842003446,0.19665917216767737,0.12141383006557793],
            [0.11618730666038635,0.021508456482976272,0,0.22079317319382555,0.03021190120791218,0.11122157700949059,0.20859689022795955,0.021206295983338286,0.054753143343241974,0.1321006533006522,0.08342060259021696],
            [0.1676773427133652,0.04102016146611311,0.12559305855060107,0,0.0808616130439951,0.030270837914006404,0.03979289590018809,0.16382619912766452,0.09923446137100753,0.10567305641509049,0.1460503734979683],
            [0.06762899903779315,0.06426880599941658,0.14578597899793289,0.06966513675355498,0,0.17816570090927178,0.05075761589705474,0.18765630213333895,0.09006337886009644,0.08159424387174115,0.06441383753979951],
            [0.03476613644885841,0.0836946344747096,0.16618994093959785,0.08810581525350429,0.11384640443280188,0,0.005814798776553918,0.1318138917855528,0.15423674247154404,0.1780800664308196,0.04345156898605776],
            [0.10560626939627554,0.062215152858965936,0.32235079511078657,0.1789533881092942,0.1284856616656813,0.0471719541264352,0,0.047182287613735864,0.04143868883013957,0.01869617238277733,0.047899629905908424],
            [0.07518458263896168,0.02392703923438052,0.001985583754938982,0.1443192633946357,0.06540439956944068,0.15939189033777448,0.1968513275749933,0,0.06662050681321999,0.15037796475671375,0.11593744192494088],
            [0.051352881681949326,0.0286049774252573,0.038837441641030916,0.08914050657076757,0.16305988728120016,0.1780347325001923,0.13178204790957446,0.010886642985200526,0,0.16634808797323897,0.14195279403158848],
            [0.15622265655692472,0.1064749686299573,0.054791929345367446,0.009134992454709551,0.16416439394335144,0.13031376251581905,0.15735866011179644,0.04345937261824469,0.14694590712984423,0,0.031133356693984867],
            [0.1142111418628096,0.1290842785832121,0.0861530321005787,0.05824304395868216,0.16365360050252303,0.04654765889451208,0.02103303799637865,0.23444854376432436,0.02051541370166865,0.12611024863531062,0]
        ],
        "city_names": ["Cardiff","Newcastle","Plymouth","Norwich","Manchester","London","Leeds","Sheffield","Birmingham","Liverpool","Portsmouth"],
        "reward_matrix": [
            [0,44455,20684,43918,68638,64503,62087,69479,85625,62427,51114],
            [44455,0,100,23333,69390,43918,88578,81186,65040,75601,30529],
            [20684,100,0,41806,24282,62391,17731,25123,41269,18071,75780],
            [43918,23333,41806,0,47516,85625,40965,48357,64503,41305,72236],
            [68638,69390,24282,47516,0,68101,87021,79628,89223,99999,54712],
            [64503,43918,62391,85625,68101,0,61550,68942,85088,61890,92821],
            [62087,88578,17731,40965,87021,61550,0,98817,82671,93232,48161],
            [69479,81186,25123,48357,79628,68942,98817,0,90064,85840,55553],
            [85625,65040,41269,64503,89223,85088,82671,90064,0,83012,71699],
            [62427,75601,18071,41305,99999,61890,93232,85840,83012,0,48501],
            [51114,30529,75780,72236,54712,92821,48161,55553,71699,48501,0]
        ]
    },
    "vehicle_cost_per_km": [5,15,10,5,5,5,5,5,5,5,5],
    "vehicle_capacities": [10,10,10,30,30,30,30,30,30,30,30],
    "runs": [{
        "number_of_vehicles": 3,
        "avg_task_cost_vs_number_of_task": [3264,1838.5000000000002,1628.5,1309.625,1047.7,873.0833333333334,1017.3571428571429,1018.75,944.7777777777778,909.9,858.7272727272727,1078.5833333333335,1017.230769230769,1054.0357142857142,1041.033333333333,926.0625000000002,982.1470588235294,1012.8333333333331,954.3157894736844,973.625,935.2857142857141,989.1136363636364,903.7826086956521,917.5833333333335,966.76,936.1730769230769,987.8888888888889,992,992.3103448275862,1013.2]
    }]
}