{
    "vehicle_starting_positions": ["Newcastle","Cardiff","Plymouth","Norwich","Manchester","London","Leeds","Sheffield","Birmingham","Liverpool","Portsmouth"],
    "task_distribution": {
        "distance_matrix": [
            [0,345,477.8,348,209.9,233,246.5,205.2,115,244.6,307.8],
            [345,0,592.8,463,205.7,348,98.5,139.8,230,171,422.8],
            [477.8,592.8,0,359.8,457.7,244.8,494.3,453,362.8,492.4,170],
            [348,463,359.8,0,327.9,115,364.5,323.2,233,362.6,189.8],
            [209.9,205.7,457.7,327.9,0,212.9,107.2,148.5,94.9,34.7,287.7],
            [233,348,244.8,115,212.9,0,249.5,208.2,118,247.6,74.8],
            [246.5,98.5,494.3,364.5,107.2,249.5,0,41.3,131.5,72.5,324.3],
            [205.2,139.8,453,323.2,148.5,208.2,41.3,0,90.2,113.8,283],
            [115,230,362.8,233,94.9,118,131.5,90.2,0,129.6,192.8],
            [244.6,171,492.4,362.6,34.7,247.6,72.5,113.8,129.6,0,322.4],
            [307.8,422.8,170,189.8,287.7,74.8,324.3,283,192.8,322.4,0]
        ],
        "weight_matrix": [
            [0,3,3,3,3,3,3,3,3,3,3],
            [3,0,3,3,3,3,3,3,3,3,3],
            [3,3,0,3,3,3,3,3,3,3,3],
            [3,3,3,0,3,3,3,3,3,3,3],
            [3,3,3,3,0,3,3,3,3,3,3],
            [3,3,3,3,3,0,3,3,3,3,3],
            [3,3,3,3,3,3,0,3,3,3,3],
            [3,3,3,3,3,3,3,0,3,3,3],
            [3,3,3,3,3,3,3,3,0,3,3],
            [3,3,3,3,3,3,3,3,3,0,3],
            [3,3,3,3,3,3,3,3,3,3,0]
        ],
        "probability_matrix": [
            [0,0.048676123643238506,0.1407387806653772,0.15290719377530484,0.07655359329663926,0.17898425576706226,0.017407460105844184,0.07642391369927524,0.177602511692255,0.025312345559239238,0.10539382179576448],
            [0.1710341065132354,0,0.18739454982118586,0.08458021249175517,0.012440365494067908,0.018956765604640897,0.09325714082362548,0.1486277336319702,0.10373540092388767,0.06669470299430927,0.11327902170132195],
            [0.09101001958471071,0.09375721902717848,0,0.13295045994400986,0.09031312871505257,0.09828451707215938,0.08106864685403528,0.14091883133445987,0.15911611829261282,0.028134732648115193,0.08444632652766577],
            [0.03581257743599368,0.1380089088791742,0.10739525815841704,0,0.08573716350620249,0.12589407179095552,0.1584603020439705,0.15733313021412446,0.07757828552362064,0.0035293756888535844,0.11025092675868774],
            [0.13381671463722009,0.06393450671377296,0.08708475161166242,0.13932564093852168,0,0.15957307540198712,0.07651143742705509,0.0963977941404653,0.03948197473341945,0.18889257314747662,0.01498153124841943],
            [0.1470370021959964,0.13976494542552123,0.10890110265964587,0.16452674222076524,0.120288354044515,0,0.016339728104322864,0.01521599491641322,0.032856568493131275,0.15831665133355935,0.09675291060612963],
            [0.06272859584107844,0.19961545123011226,0.11924132066599187,0.10432329865924252,0.07465217723223748,0.0538113872365969,0,0.1487777891577202,0.04452504240771073,0.027210034767452766,0.16511490280185684],
            [0.14134306444169648,0.026374141205804735,0.11988692894733378,0.1114465753291169,0.07341205613292724,0.08498221714856545,0.12432980631937786,0,0.15062893852688308,0.02129868609667458,0.14629758585161995],
            [0.044984647624903965,0.10680852036798011,0.0071871018840680215,0.14668013881622124,0.13884846673207057,0.1007748182141313,0.23666903826522168,0.02578630683885534,0,0.17376202317775674,0.018498938078791098],
            [0.07286297757844154,0.129098281507203,0.10145511419978338,0.14526617024920682,0.1657217320795463,0.15154252068226587,0.07003631796066095,0.03456940032335125,0.09640276617490917,0,0.03304471924463166],
            [0.19645730613807771,0.056876257509678015,0.046509001417899105,0.10422717376799123,0.022743379348413105,0.10762755690573511,0.06674310389336793,0.1654859542848241,0.05029820280970169,0.18303206392431193,0]
        ],
        "city_names": ["Cardiff","Newcastle","Plymouth","Norwich","Manchester","London","Leeds","Sheffield","Birmingham","Liverpool","Portsmouth"],
        "reward_matrix": [
            [0,44455,20684,43918,68638,64503,62087,69479,85625,62427,51114],
            [44455,0,100,23333,69390,43918,88578,81186,65040,75601,30529],
            [20684,100,0,41806,24282,62391,17731,25123,41269,18071,75780],
            [43918,23333,41806,0,47516,85625,40965,48357,64503,41305,72236],
            [68638,69390,24282,47516,0,68101,87021,79628,89223,99999,54712],
            [64503,43918,62391,85625,68101,0,61550,68942,85088,61890,92821],
            [62087,88578,17731,40965,87021,61550,0,98817,82671,93232,48161],
            [69479,81186,25123,48357,79628,68942,98817,0,90064,85840,55553],
            [85625,65040,41269,64503,89223,85088,82671,90064,0,83012,71699],
            [62427,75601,18071,41305,99999,61890,93232,85840,83012,0,48501],
            [51114,30529,75780,72236,54712,92821,48161,55553,71699,48501,0]
        ]
    },
    "vehicle_cost_per_km": [5,15,10,5,5,5,5,5,5,5,5],
    "vehicle_capacities": [5,5,5,30,30,30,30,30,30,30,30],
    "runs": [{
        "number_of_vehicles": 3,
        "avg_task_cost_vs_number_of_task": [2093,1233.5,2064.6666666666665,2062.75,1847.2,1597.1666666666667,1808.714285714285,1688.875,1626.6666666666667,1571.1999999999996,1581.0909090909088,1767.166666666666,1973.615384615385,1848.714285714285,1845.4,1786.4374999999998,1773.1176470588234,1755,1774.3947368421052,1697.0000000000005,1787.2380952380956,1797.8181818181818,1802.5652173913043,1846.4166666666672,1847.7399999999998,1704.192307692308,1847.6666666666667,1707.642857142857,1812.6551724137926,1730.4333333333334]
    }]
}