{
    "vehicle_starting_positions": ["Newcastle","Cardiff","Plymouth","Norwich","Manchester","London","Leeds","Sheffield","Birmingham","Liverpool","Portsmouth"],
    "task_distribution": {
        "distance_matrix": [
            [0,345,477.8,348,209.9,233,246.5,205.2,115,244.6,307.8],
            [345,0,592.8,463,205.7,348,98.5,139.8,230,171,422.8],
            [477.8,592.8,0,359.8,457.7,244.8,494.3,453,362.8,492.4,170],
            [348,463,359.8,0,327.9,115,364.5,323.2,233,362.6,189.8],
            [209.9,205.7,457.7,327.9,0,212.9,107.2,148.5,94.9,34.7,287.7],
            [233,348,244.8,115,212.9,0,249.5,208.2,118,247.6,74.8],
            [246.5,98.5,494.3,364.5,107.2,249.5,0,41.3,131.5,72.5,324.3],
            [205.2,139.8,453,323.2,148.5,208.2,41.3,0,90.2,113.8,283],
            [115,230,362.8,233,94.9,118,131.5,90.2,0,129.6,192.8],
            [244.6,171,492.4,362.6,34.7,247.6,72.5,113.8,129.6,0,322.4],
            [307.8,422.8,170,189.8,287.7,74.8,324.3,283,192.8,322.4,0]
        ],
        "weight_matrix": [
            [0,3,3,3,3,3,3,3,3,3,3],
            [3,0,3,3,3,3,3,3,3,3,3],
            [3,3,0,3,3,3,3,3,3,3,3],
            [3,3,3,0,3,3,3,3,3,3,3],
            [3,3,3,3,0,3,3,3,3,3,3],
            [3,3,3,3,3,0,3,3,3,3,3],
            [3,3,3,3,3,3,0,3,3,3,3],
            [3,3,3,3,3,3,3,0,3,3,3],
            [3,3,3,3,3,3,3,3,0,3,3],
            [3,3,3,3,3,3,3,3,3,0,3],
            [3,3,3,3,3,3,3,3,3,3,0]
        ],
        "probability_matrix": [
            [0,0.03233065914046572,0.046774916229399305,0.1701906679962619,0.1575575008786824,0.14189959618043915,0.12689945991701823,0.11097300636086473,0.03242839689523784,0.08354372099026015,0.09740207541137062],
            [0.07699321068440058,0,0.11919398570581001,0.06432592065916698,0.08987102630067327,0.0765099524415963,0.08594054965613158,0.10059486723152845,0.11687485478633271,0.1303590551698796,0.1393365773644805],
            [0.008329837307129013,0.08080859854312725,0,0.1995009210435573,0.053898230467828316,0.18394904093939257,0.16365908915830402,0.13825102269880896,0.09970470194756285,0.014485726724797308,0.057412831169492605],
            [0.014369620254171938,0.052058302931132595,0.11491326967363154,0,0.02480491598468652,0.15621901589811032,0.1583515639795973,0.1044082814999795,0.14651380806861494,0.06521026473115897,0.16315095697891632],
            [0.013882727647039666,0.09332932337656466,0.1613059237134321,0.031307629574060865,0,0.027155561227913554,0.18750945578932918,0.043445765894921204,0.17096928555995033,0.08873101095269142,0.18236331626409702],
            [0.14518504369150642,0.03877407930026141,0.12081150927174629,0.1998692283522575,0.19102947336430184,0,0.11530988872069535,0.03613633181595307,0.012809118657725618,0.05453319882348169,0.08554212800207077],
            [0.17243904744155253,0.020960649277332138,0.054703492005070235,0.21989778809530908,0.11266504979454496,0.094869977116934,0,0.14525244373040455,0.03145664868973122,0.08648784857389592,0.061267055275225565],
            [0.2048553335086022,0.06785731348780853,0.08097012671946333,0.004258039810564897,0.02799838386890043,0.08439237167192883,0.2606963456382946,0,0.23912500240966722,0.02712969457061976,0.002717388314150191],
            [0.13618850256338239,0.012813552489894851,0.07011470459934381,0.06877241431240455,0.22153688684775819,0.20221367308790347,0.11088225847942496,0.007866015787121624,0,0.1176300159472054,0.05198197588556058],
            [0.1838533083849059,0.13155859837230222,0.07562948693615881,0.0810079991721285,0.039063237830363085,0.1656889068574426,0.12250067458514896,0.03586701768844228,0.16383818397264704,0,9.925862004604318E-4],
            [0.15913798506698187,0.07839735927696781,0.07142284216408695,0.06979223561426864,0.0794387133901843,0.026578205163388133,0.1077479797297324,0.1587290893249146,0.09257548884850186,0.15618010142097338,0]
        ],
        "city_names": ["Cardiff","Newcastle","Plymouth","Norwich","Manchester","London","Leeds","Sheffield","Birmingham","Liverpool","Portsmouth"],
        "reward_matrix": [
            [0,44455,20684,43918,68638,64503,62087,69479,85625,62427,51114],
            [44455,0,100,23333,69390,43918,88578,81186,65040,75601,30529],
            [20684,100,0,41806,24282,62391,17731,25123,41269,18071,75780],
            [43918,23333,41806,0,47516,85625,40965,48357,64503,41305,72236],
            [68638,69390,24282,47516,0,68101,87021,79628,89223,99999,54712],
            [64503,43918,62391,85625,68101,0,61550,68942,85088,61890,92821],
            [62087,88578,17731,40965,87021,61550,0,98817,82671,93232,48161],
            [69479,81186,25123,48357,79628,68942,98817,0,90064,85840,55553],
            [85625,65040,41269,64503,89223,85088,82671,90064,0,83012,71699],
            [62427,75601,18071,41305,99999,61890,93232,85840,83012,0,48501],
            [51114,30529,75780,72236,54712,92821,48161,55553,71699,48501,0]
        ]
    },
    "vehicle_cost_per_km": [10,10,5,5,5,5,5,5,5,5,5],
    "vehicle_capacities": [15,15,15,30,30,30,30,30,30,30,30],
    "runs": [{
        "number_of_vehicles": 3,
        "avg_task_cost_vs_number_of_task": [3291,2228,1926.6666666666667,1551.75,1471.4,1430.1666666666667,1328.5714285714287,1162.5,1072.5555555555557,930,845.4545454545455,775,880.0769230769231,758.2142857142857,720.9333333333333,763.375,789.764705882353,753.3333333333334,758.4736842105261,801.6499999999999,758.5238095238095,764.6363636363636,792.2173913043479,762.9583333333335,698.18,830.3846153846154,826.2962962962963,664.0714285714286,888.8275862068965,755.8]
    }]
}