{
    "vehicle_starting_positions": ["Newcastle","Cardiff","Plymouth","Norwich","Manchester","London","Leeds","Sheffield","Birmingham","Liverpool","Portsmouth"],
    "task_distribution": {
        "distance_matrix": [
            [0,345,477.8,348,209.9,233,246.5,205.2,115,244.6,307.8],
            [345,0,592.8,463,205.7,348,98.5,139.8,230,171,422.8],
            [477.8,592.8,0,359.8,457.7,244.8,494.3,453,362.8,492.4,170],
            [348,463,359.8,0,327.9,115,364.5,323.2,233,362.6,189.8],
            [209.9,205.7,457.7,327.9,0,212.9,107.2,148.5,94.9,34.7,287.7],
            [233,348,244.8,115,212.9,0,249.5,208.2,118,247.6,74.8],
            [246.5,98.5,494.3,364.5,107.2,249.5,0,41.3,131.5,72.5,324.3],
            [205.2,139.8,453,323.2,148.5,208.2,41.3,0,90.2,113.8,283],
            [115,230,362.8,233,94.9,118,131.5,90.2,0,129.6,192.8],
            [244.6,171,492.4,362.6,34.7,247.6,72.5,113.8,129.6,0,322.4],
            [307.8,422.8,170,189.8,287.7,74.8,324.3,283,192.8,322.4,0]
        ],
        "weight_matrix": [
            [0,3,3,3,3,3,3,3,3,3,3],
            [3,0,3,3,3,3,3,3,3,3,3],
            [3,3,0,3,3,3,3,3,3,3,3],
            [3,3,3,0,3,3,3,3,3,3,3],
            [3,3,3,3,0,3,3,3,3,3,3],
            [3,3,3,3,3,0,3,3,3,3,3],
            [3,3,3,3,3,3,0,3,3,3,3],
            [3,3,3,3,3,3,3,0,3,3,3],
            [3,3,3,3,3,3,3,3,0,3,3],
            [3,3,3,3,3,3,3,3,3,0,3],
            [3,3,3,3,3,3,3,3,3,3,0]
        ],
        "probability_matrix": [
            [0,0.01312277807412673,0.0152520560859124,0.07036630738998603,0.2017983180858833,0.03118503014557464,0.15518888416713061,0.08701098308203557,0.11914032867056286,0.1416425145788968,0.16529279971989103],
            [0.16617015794604423,0,0.15742585543817617,0.13240001718424807,0.14125571519106556,0.028722517402977456,0.07215299308847019,0.022068421466345235,0.0933180728335286,0.08656420982250303,0.09992203962664124],
            [0.1377341109105239,0.1259554136033388,0,0.2140683300361131,0.02401451633541103,0.13911621377840425,0.031122040083429073,0.011535776124323426,0.1140803206505876,0.152700735180183,0.049672543297685896],
            [0.1388091053279385,0.14835500869986215,0.1433570361515935,0,0.1481897399851384,0.09439041135448735,0.013660435176116877,0.00755323533913553,0.124653655682762,0.1308735296764774,0.0501578426064881],
            [0.031244367232682715,0.022076092462510414,0.16669031089463077,0.15418763753615397,0,0.05842296536277417,0.037427456121713505,0.22742106349223307,0.16097558103984472,0.10492278052856026,0.03663174532889648],
            [0.06345676559341709,0.09080347640861908,0.031411913215700825,0.14012694644536958,0.1438583548757168,0,0.077409324600438,0.19998153221492992,0.029365617672560754,0.022155308096530275,0.2014307608767177],
            [0.11388898389073801,0.09640539074342326,0.1438664976788115,0.10120067438377389,0.016079372446391346,0.13295141421801412,0,0.03593289985812267,0.12375709804895282,0.113361109513105,0.12255655921866743],
            [0.11800535973201683,0.04463380400530286,0.07894169755487057,0.07426619384181271,0.13677513751031287,0.04002359163689888,0.14777098827995475,0,0.14642980926723412,0.09682502004307494,0.11632839812852151],
            [0.15541598576985477,0.08414249518532081,0.07805777507743569,0.14238877028483607,0.11998338695436986,0.03560576598264234,0.07906860962864815,0.029576502869627277,0,0.15407313476730633,0.12168757347995866],
            [0.10435825436081292,0.13702366952228426,0.07369665469378006,0.1526836662290038,0.024085050784054166,0.12233359794039429,0.05702992855755224,0.10360588592076833,0.09608466833059318,0,0.12909862366075658],
            [0.01175048203388082,0.19756098174358985,0.20222468911274846,0.04835707107140854,0.00995159552682773,0.07551731122436756,0.09733543724178698,0.029301937707448072,0.12739301048771645,0.20060748385022542,0]
        ],
        "city_names": ["Cardiff","Newcastle","Plymouth","Norwich","Manchester","London","Leeds","Sheffield","Birmingham","Liverpool","Portsmouth"],
        "reward_matrix": [
            [0,44455,20684,43918,68638,64503,62087,69479,85625,62427,51114],
            [44455,0,100,23333,69390,43918,88578,81186,65040,75601,30529],
            [20684,100,0,41806,24282,62391,17731,25123,41269,18071,75780],
            [43918,23333,41806,0,47516,85625,40965,48357,64503,41305,72236],
            [68638,69390,24282,47516,0,68101,87021,79628,89223,99999,54712],
            [64503,43918,62391,85625,68101,0,61550,68942,85088,61890,92821],
            [62087,88578,17731,40965,87021,61550,0,98817,82671,93232,48161],
            [69479,81186,25123,48357,79628,68942,98817,0,90064,85840,55553],
            [85625,65040,41269,64503,89223,85088,82671,90064,0,83012,71699],
            [62427,75601,18071,41305,99999,61890,93232,85840,83012,0,48501],
            [51114,30529,75780,72236,54712,92821,48161,55553,71699,48501,0]
        ]
    },
    "vehicle_cost_per_km": [5,5,5,5,5,5,5,5,5,5,5],
    "vehicle_capacities": [10,10,10,30,30,30,30,30,30,30,30],
    "runs": [{
        "number_of_vehicles": 3,
        "avg_task_cost_vs_number_of_task": [1049.5,935.5000000000001,1007,1098.25,1108.6,1081,1011.7142857142857,1181.25,1050,945,859.0909090909091,1014.1666666666666,892.9230769230769,898.5,866.1333333333336,861.0000000000001,816.1764705882352,770.8333333333334,808.421052631579,807.95,733.2857142857143,797.5,824.695652173913,785.0833333333334,856.76,834.1923076923077,804.5925925925926,844.5357142857143,793.448275862069,779.2666666666667]
    }]
}