{
    "vehicle_starting_positions": ["Newcastle","Cardiff","Plymouth","Norwich","Manchester","London","Leeds","Sheffield","Birmingham","Liverpool","Portsmouth"],
    "task_distribution": {
        "distance_matrix": [
            [0,345,477.8,348,209.9,233,246.5,205.2,115,244.6,307.8],
            [345,0,592.8,463,205.7,348,98.5,139.8,230,171,422.8],
            [477.8,592.8,0,359.8,457.7,244.8,494.3,453,362.8,492.4,170],
            [348,463,359.8,0,327.9,115,364.5,323.2,233,362.6,189.8],
            [209.9,205.7,457.7,327.9,0,212.9,107.2,148.5,94.9,34.7,287.7],
            [233,348,244.8,115,212.9,0,249.5,208.2,118,247.6,74.8],
            [246.5,98.5,494.3,364.5,107.2,249.5,0,41.3,131.5,72.5,324.3],
            [205.2,139.8,453,323.2,148.5,208.2,41.3,0,90.2,113.8,283],
            [115,230,362.8,233,94.9,118,131.5,90.2,0,129.6,192.8],
            [244.6,171,492.4,362.6,34.7,247.6,72.5,113.8,129.6,0,322.4],
            [307.8,422.8,170,189.8,287.7,74.8,324.3,283,192.8,322.4,0]
        ],
        "weight_matrix": [
            [0,3,3,3,3,3,3,3,3,3,3],
            [3,0,3,3,3,3,3,3,3,3,3],
            [3,3,0,3,3,3,3,3,3,3,3],
            [3,3,3,0,3,3,3,3,3,3,3],
            [3,3,3,3,0,3,3,3,3,3,3],
            [3,3,3,3,3,0,3,3,3,3,3],
            [3,3,3,3,3,3,0,3,3,3,3],
            [3,3,3,3,3,3,3,0,3,3,3],
            [3,3,3,3,3,3,3,3,0,3,3],
            [3,3,3,3,3,3,3,3,3,0,3],
            [3,3,3,3,3,3,3,3,3,3,0]
        ],
        "probability_matrix": [
            [0,0.17637222566187352,0.10353768912765259,0.0858348030660844,0.08425976285625869,0.014158606342080432,0.1336905305749506,0.11103438370580411,0.17442994916964238,0.08711021584780848,0.029571833647844735],
            [0.09207691183327159,0,0.10009542551031282,0.18341124853806037,0.22508044193610693,0.0568696871842281,0.1107678231107639,0.05495425752565082,0.03195804809918415,0.05647306246889216,0.08831309379352906],
            [0.02320722623880602,0.09027079509518923,0,0.1311465014250884,0.03935527720195078,0.12278835680673895,0.1438300387875947,0.10779273169419129,0.18931435278342326,0.047170852674754,0.10512386729226335],
            [0.057358435671913816,0.08938931640532617,0.1607551090287358,0,0.08950509129434732,0.011759929136955468,0.0072383590665914994,0.18909725385041998,0.09625060402881995,0.1526558485130878,0.14599005300380222],
            [0.15842750617629975,0.02807508798744972,0.11394891990108112,0.08377310061446495,0,0.09671347960703974,0.1210259283803023,0.13938639425854374,0.013290034237088008,0.15537680394972814,0.08998274488800242],
            [0.07590086099597475,0.038024704966476336,0.180553715283635,0.1628386679383618,0.07098939858167509,0,0.04160853860372544,0.15980971641903952,0.04191752316787769,0.13567134745458156,0.09268552658865296],
            [0.11901803459125267,0.01648703368134901,0.16964404290749277,0.18254223426452587,0.11720197091832046,0.17630819134617132,0,0.11407232790971189,0.033912935714967465,0.002869281033642738,0.06794394763256592],
            [0.021048082734605136,0.02684410273795048,0.20936006017742276,0.08588799517295138,0.23138273961025357,8.80774864133107E-4,0.2186687076259761,0,0.02549359481035814,0.0684037418424487,0.11203020042390062],
            [0.12584308753583442,0.07589126812383315,0.035299917454192024,0.04963777085617394,0.18796287224537336,0.04397644378543175,0.14635289949566516,0.14866247744073685,0,0.12173684671389962,0.06463641634885958],
            [0.047074246272008055,0.20743495345441668,0.08311860479941978,0.08907093783827419,0.19149746583308908,0.04871479564128896,0.0655803309362737,0.025091455016143564,0.10445186582573918,0,0.13796534438334687],
            [0.005898246961577579,0.13044238945535874,0.175191569422635,0.03587361038437447,0.05905450025388753,0.1566655850158121,0.09444239874586954,0.05460294457809781,0.15999861010949346,0.12783014507289378,0]
        ],
        "city_names": ["Cardiff","Newcastle","Plymouth","Norwich","Manchester","London","Leeds","Sheffield","Birmingham","Liverpool","Portsmouth"],
        "reward_matrix": [
            [0,44455,20684,43918,68638,64503,62087,69479,85625,62427,51114],
            [44455,0,100,23333,69390,43918,88578,81186,65040,75601,30529],
            [20684,100,0,41806,24282,62391,17731,25123,41269,18071,75780],
            [43918,23333,41806,0,47516,85625,40965,48357,64503,41305,72236],
            [68638,69390,24282,47516,0,68101,87021,79628,89223,99999,54712],
            [64503,43918,62391,85625,68101,0,61550,68942,85088,61890,92821],
            [62087,88578,17731,40965,87021,61550,0,98817,82671,93232,48161],
            [69479,81186,25123,48357,79628,68942,98817,0,90064,85840,55553],
            [85625,65040,41269,64503,89223,85088,82671,90064,0,83012,71699],
            [62427,75601,18071,41305,99999,61890,93232,85840,83012,0,48501],
            [51114,30529,75780,72236,54712,92821,48161,55553,71699,48501,0]
        ]
    },
    "vehicle_cost_per_km": [10,5,10,5,5,5,5,5,5,5,5],
    "vehicle_capacities": [15,15,15,30,30,30,30,30,30,30,30],
    "runs": [{
        "number_of_vehicles": 3,
        "avg_task_cost_vs_number_of_task": [1396.5,1922.25,2088.6666666666665,1566.5,1253.2,1252.25,1073.357142857143,939.1875,962.6111111111111,901.05,870,844.2083333333334,666.4230769230769,752.3214285714286,857.4999999999999,769.1250000000001,753.1176470588235,830.6666666666666,662.7894736842103,784.4499999999999,772.3333333333333,744.8863636363639,759.3478260869565,671.0833333333334,758.16,696.9423076923075,681.8888888888886,808.6607142857143,764.6896551724135,721.9333333333332]
    }]
}