{
    "vehicle_starting_positions": ["Newcastle","Cardiff","Plymouth","Norwich","Manchester","London","Leeds","Sheffield","Birmingham","Liverpool","Portsmouth"],
    "task_distribution": {
        "distance_matrix": [
            [0,345,477.8,348,209.9,233,246.5,205.2,115,244.6,307.8],
            [345,0,592.8,463,205.7,348,98.5,139.8,230,171,422.8],
            [477.8,592.8,0,359.8,457.7,244.8,494.3,453,362.8,492.4,170],
            [348,463,359.8,0,327.9,115,364.5,323.2,233,362.6,189.8],
            [209.9,205.7,457.7,327.9,0,212.9,107.2,148.5,94.9,34.7,287.7],
            [233,348,244.8,115,212.9,0,249.5,208.2,118,247.6,74.8],
            [246.5,98.5,494.3,364.5,107.2,249.5,0,41.3,131.5,72.5,324.3],
            [205.2,139.8,453,323.2,148.5,208.2,41.3,0,90.2,113.8,283],
            [115,230,362.8,233,94.9,118,131.5,90.2,0,129.6,192.8],
            [244.6,171,492.4,362.6,34.7,247.6,72.5,113.8,129.6,0,322.4],
            [307.8,422.8,170,189.8,287.7,74.8,324.3,283,192.8,322.4,0]
        ],
        "weight_matrix": [
            [0,3,3,3,3,3,3,3,3,3,3],
            [3,0,3,3,3,3,3,3,3,3,3],
            [3,3,0,3,3,3,3,3,3,3,3],
            [3,3,3,0,3,3,3,3,3,3,3],
            [3,3,3,3,0,3,3,3,3,3,3],
            [3,3,3,3,3,0,3,3,3,3,3],
            [3,3,3,3,3,3,0,3,3,3,3],
            [3,3,3,3,3,3,3,0,3,3,3],
            [3,3,3,3,3,3,3,3,0,3,3],
            [3,3,3,3,3,3,3,3,3,0,3],
            [3,3,3,3,3,3,3,3,3,3,0]
        ],
        "probability_matrix": [
            [0,0.07333546872363379,0.03474081412509299,0.17204743004003317,0.10144173451687546,0.20891549061151973,0.004661108975598428,0.06564683977467076,0.06530634983268667,0.1090252857287234,0.16487947767116565],
            [0.20787274614629678,0,0.09400385332544259,0.17478995731209845,0.04308255136705081,0.15134017645373027,0.03655573058257661,0.03310108296338539,0.06568606450754888,0.013332955228545766,0.1802348821133244],
            [0.13597607561297267,0.07301202603220858,0,0.1526840824890064,0.012201884216654831,0.16386408119800497,0.05114515050302666,0.08372780174943399,0.09302787329970516,0.13518119664181583,0.09917982825717092],
            [0.06339781328333254,0.1461302550102933,0.004564124182456076,0,0.07797895733288074,0.11320899949232155,0.14184225062363154,0.09714927602747,0.1238965468077141,0.10243346431536847,0.12939831292453158],
            [0.009385371016191552,0.10247502128766948,0.03779965947984297,0.12520076273979677,0,0.07758175266928137,0.05572400957821751,0.17213147943012513,0.10514490584418075,0.12151040455306453,0.19304663340162986],
            [0.08665057285444931,0.1236818904346412,0.10499864168429587,0.09879578343114899,0.17672526926975174,0,0.10719155608359712,0.03870012667865335,0.14807580917719,0.0035989731765243074,0.11158137720974812],
            [0.13048903357995997,0.06909699121263409,0.165537769437736,0.03853815459582429,0.03959704478999083,0.1230223442486405,0,0.17248141138106418,0.15082587104657938,0.05701288412681088,0.05339849558075972],
            [0.0756095103318477,0.13808578794329032,0.10364020236823697,0.06124423955137803,0.08372145265403962,0.05001227532170479,0.13581260236686,0,0.1381471932326274,0.11963761694101271,0.09408911928900238],
            [0.16029868713820072,0.04201578446075762,0.0017524467914592974,0.06138876906013729,0.08669647242819224,0.17691316302236734,0.10928462424105712,7.485698506928205E-4,0,0.18635729537818582,0.17454418762894955],
            [0.0879118866397264,0.039896903966452034,0.12684038688927118,0.13277058433737834,0.15753823331556985,0.0854432201075341,0.12814259532452915,0.16138561307906438,0.03605851215058432,0,0.04401206418989013],
            [0.02189204103615334,0.04198458819206565,0.06588117288244001,7.286375460732984E-4,0.17150199156499718,0.09072748245193198,0.1546068180337538,0.2126786054543857,0.045746618974443064,0.19425204386375594,0]
        ],
        "city_names": ["Cardiff","Newcastle","Plymouth","Norwich","Manchester","London","Leeds","Sheffield","Birmingham","Liverpool","Portsmouth"],
        "reward_matrix": [
            [0,44455,20684,43918,68638,64503,62087,69479,85625,62427,51114],
            [44455,0,100,23333,69390,43918,88578,81186,65040,75601,30529],
            [20684,100,0,41806,24282,62391,17731,25123,41269,18071,75780],
            [43918,23333,41806,0,47516,85625,40965,48357,64503,41305,72236],
            [68638,69390,24282,47516,0,68101,87021,79628,89223,99999,54712],
            [64503,43918,62391,85625,68101,0,61550,68942,85088,61890,92821],
            [62087,88578,17731,40965,87021,61550,0,98817,82671,93232,48161],
            [69479,81186,25123,48357,79628,68942,98817,0,90064,85840,55553],
            [85625,65040,41269,64503,89223,85088,82671,90064,0,83012,71699],
            [62427,75601,18071,41305,99999,61890,93232,85840,83012,0,48501],
            [51114,30529,75780,72236,54712,92821,48161,55553,71699,48501,0]
        ]
    },
    "vehicle_cost_per_km": [5,15,15,5,5,5,5,5,5,5,5],
    "vehicle_capacities": [15,15,15,30,30,30,30,30,30,30,30],
    "runs": [{
        "number_of_vehicles": 3,
        "avg_task_cost_vs_number_of_task": [4630,2315,1543.3333333333333,1245.75,1716.2,1430.1666666666667,1225.857142857143,1072.625,1008.1666666666666,966.95,1058.272727272727,990.9583333333331,1097.4615384615388,995.2142857142859,965.7333333333336,977.8125,1010.8823529411762,934.1666666666669,930.3157894736844,998.8500000000001,1015.3809523809524,987.8181818181819,937.8260869565217,1066.5833333333333,1064.4,1069.0000000000002,993.8333333333334,932.0714285714283,951.3103448275862,1092.0666666666666]
    }]
}