{
    "vehicle_starting_positions": ["Newcastle","Cardiff","Plymouth","Norwich","Manchester","London","Leeds","Sheffield","Birmingham","Liverpool","Portsmouth"],
    "task_distribution": {
        "distance_matrix": [
            [0,345,477.8,348,209.9,233,246.5,205.2,115,244.6,307.8],
            [345,0,592.8,463,205.7,348,98.5,139.8,230,171,422.8],
            [477.8,592.8,0,359.8,457.7,244.8,494.3,453,362.8,492.4,170],
            [348,463,359.8,0,327.9,115,364.5,323.2,233,362.6,189.8],
            [209.9,205.7,457.7,327.9,0,212.9,107.2,148.5,94.9,34.7,287.7],
            [233,348,244.8,115,212.9,0,249.5,208.2,118,247.6,74.8],
            [246.5,98.5,494.3,364.5,107.2,249.5,0,41.3,131.5,72.5,324.3],
            [205.2,139.8,453,323.2,148.5,208.2,41.3,0,90.2,113.8,283],
            [115,230,362.8,233,94.9,118,131.5,90.2,0,129.6,192.8],
            [244.6,171,492.4,362.6,34.7,247.6,72.5,113.8,129.6,0,322.4],
            [307.8,422.8,170,189.8,287.7,74.8,324.3,283,192.8,322.4,0]
        ],
        "weight_matrix": [
            [0,3,3,3,3,3,3,3,3,3,3],
            [3,0,3,3,3,3,3,3,3,3,3],
            [3,3,0,3,3,3,3,3,3,3,3],
            [3,3,3,0,3,3,3,3,3,3,3],
            [3,3,3,3,0,3,3,3,3,3,3],
            [3,3,3,3,3,0,3,3,3,3,3],
            [3,3,3,3,3,3,0,3,3,3,3],
            [3,3,3,3,3,3,3,0,3,3,3],
            [3,3,3,3,3,3,3,3,0,3,3],
            [3,3,3,3,3,3,3,3,3,0,3],
            [3,3,3,3,3,3,3,3,3,3,0]
        ],
        "probability_matrix": [
            [0,0.1521028356648995,0.14736587932770032,0.11684672218358831,0.10255691766313545,0.07157969413678435,0.06684494880326672,0.01591722859632129,0.0837153693911748,0.10822099154107556,0.13484941269205372],
            [0.07731081831179182,0,0.20173585502393296,0.09297899577504956,0.03137045316027761,0.046723708122059913,0.0540760831277079,0.14838707681790322,0.13904239823827863,0.0682396610056186,0.1401349504173799],
            [0.1301936262813186,0.025124388131443208,0,0.1379332644199505,0.206528814688431,0.13790258895976557,0.10670948145207189,0.02854587252140087,0.048982437829166295,0.04736610816709545,0.13071341754935636],
            [0.13807567402234475,0.13317394378050446,0.0648992196223764,0,0.17210493542374053,0.07499913208490558,0.06062560025604288,0.08738112773355657,0.062277758512244055,0.08446664862201231,0.12199595994227251],
            [0.18405755971184593,0.17603478898568067,0.02877280244438339,0.21093887742123632,0,0.05911377040677026,0.03376848499171053,0.017840153786754537,7.236160421992604E-4,0.15289313658887543,0.13585680962054358],
            [0.10982844933238338,0.0841594494495839,0.06124154150721123,0.1086915057778377,0.09882808680878319,0,0.16767122160969386,0.11299790325960866,0.0466217422835092,0.15218399234371416,0.057776107627674426],
            [0.05634511616960026,0.08607824719419634,0.13476199416424794,0.16279622315817122,0.1485157859572704,0.11294287716789343,0,0.0514116096592076,0.16731494441903177,0.01176267176093916,0.06807053034944198],
            [0.13452308843371635,0.07522279028381859,0.06001109001896486,0.15239743511823328,0.07543981567103046,0.12215873974361147,0.015564659808065241,0,0.14951327931710054,0.09785338802887467,0.11731571357658462],
            [0.12169738326685067,0.07702514073497164,0.05422162162059082,0.007643744458158643,0.1218810520162184,0.15979620730297406,0.041865219879579,0.2008844688260653,0,0.20105957112389328,0.013925590770698151],
            [0.1335466279430525,0.18233054418713454,0.1622100721417163,0.06844736115406021,0.08893375716750665,0.06349716128582836,0.1370782112150321,0.08031337319889076,0.03338369002900166,0,0.05025920167777714],
            [0.12331970905397414,0.1206964984883455,0.08783946977813226,0.01805297271778229,0.13010616249646195,0.10177921299202547,0.09925573832945492,0.1280151362928539,0.11268057964282087,0.07825452020814874,0]
        ],
        "city_names": ["Cardiff","Newcastle","Plymouth","Norwich","Manchester","London","Leeds","Sheffield","Birmingham","Liverpool","Portsmouth"],
        "reward_matrix": [
            [0,44455,20684,43918,68638,64503,62087,69479,85625,62427,51114],
            [44455,0,100,23333,69390,43918,88578,81186,65040,75601,30529],
            [20684,100,0,41806,24282,62391,17731,25123,41269,18071,75780],
            [43918,23333,41806,0,47516,85625,40965,48357,64503,41305,72236],
            [68638,69390,24282,47516,0,68101,87021,79628,89223,99999,54712],
            [64503,43918,62391,85625,68101,0,61550,68942,85088,61890,92821],
            [62087,88578,17731,40965,87021,61550,0,98817,82671,93232,48161],
            [69479,81186,25123,48357,79628,68942,98817,0,90064,85840,55553],
            [85625,65040,41269,64503,89223,85088,82671,90064,0,83012,71699],
            [62427,75601,18071,41305,99999,61890,93232,85840,83012,0,48501],
            [51114,30529,75780,72236,54712,92821,48161,55553,71699,48501,0]
        ]
    },
    "vehicle_cost_per_km": [10,15,10,5,5,5,5,5,5,5,5],
    "vehicle_capacities": [15,15,15,30,30,30,30,30,30,30,30],
    "runs": [{
        "number_of_vehicles": 3,
        "avg_task_cost_vs_number_of_task": [3420,3450,2300,1916.5,1533.2,1527,1773.4285714285713,1857.75,1651.3333333333333,1486.2,1351.090909090909,1238.5,1143.2307692307693,1225.857142857143,1144.1333333333334,1313.625,1299.1764705882354,1227,1241.157894736842,1104.3,1094.095238095238,1108.4545454545455,1155.4782608695652,1114.4166666666667,1095.2,1018.3846153846154,1027.1851851851852,1003.75,989.4827586206897,1144.0666666666666]
    }]
}