{
    "vehicle_starting_positions": ["Newcastle","Cardiff","Plymouth","Norwich","Manchester","London","Leeds","Sheffield","Birmingham","Liverpool","Portsmouth"],
    "task_distribution": {
        "distance_matrix": [
            [0,345,477.8,348,209.9,233,246.5,205.2,115,244.6,307.8],
            [345,0,592.8,463,205.7,348,98.5,139.8,230,171,422.8],
            [477.8,592.8,0,359.8,457.7,244.8,494.3,453,362.8,492.4,170],
            [348,463,359.8,0,327.9,115,364.5,323.2,233,362.6,189.8],
            [209.9,205.7,457.7,327.9,0,212.9,107.2,148.5,94.9,34.7,287.7],
            [233,348,244.8,115,212.9,0,249.5,208.2,118,247.6,74.8],
            [246.5,98.5,494.3,364.5,107.2,249.5,0,41.3,131.5,72.5,324.3],
            [205.2,139.8,453,323.2,148.5,208.2,41.3,0,90.2,113.8,283],
            [115,230,362.8,233,94.9,118,131.5,90.2,0,129.6,192.8],
            [244.6,171,492.4,362.6,34.7,247.6,72.5,113.8,129.6,0,322.4],
            [307.8,422.8,170,189.8,287.7,74.8,324.3,283,192.8,322.4,0]
        ],
        "weight_matrix": [
            [0,3,3,3,3,3,3,3,3,3,3],
            [3,0,3,3,3,3,3,3,3,3,3],
            [3,3,0,3,3,3,3,3,3,3,3],
            [3,3,3,0,3,3,3,3,3,3,3],
            [3,3,3,3,0,3,3,3,3,3,3],
            [3,3,3,3,3,0,3,3,3,3,3],
            [3,3,3,3,3,3,0,3,3,3,3],
            [3,3,3,3,3,3,3,0,3,3,3],
            [3,3,3,3,3,3,3,3,0,3,3],
            [3,3,3,3,3,3,3,3,3,0,3],
            [3,3,3,3,3,3,3,3,3,3,0]
        ],
        "probability_matrix": [
            [0,0.20161305263422263,0.03525812111470494,0.05631459020941816,0.2054120657320006,0.046908492768956124,0.11459808091804438,0.009040034334691383,0.08397697344568646,0.0323715071849761,0.21450708165729904],
            [0.14091364312311389,0,0.14488271245006895,0.031597172117309905,0.08216399718073679,0.09304100518337305,0.1997603656435386,0.1632878888699566,0.09171699117065323,0.03020177940670484,0.02243444485454415],
            [0.05090440318967439,0.038771172116748645,0,0.17140730997133627,0.013905711524480849,0.17441586058625747,0.00822359581866362,0.0808314452148438,0.09865519796496611,0.18166665450252956,0.18121864911049937],
            [0.1670292916628342,0.016109556666486162,0.015184224221152646,0,0.11077245642836582,0.14590607727066843,0.11312189160137445,0.033820124450912724,0.12942086212856627,0.08339608371339424,0.18523943185624503],
            [0.16088200904070873,0.08244879750152007,0.0609202564999788,0.13705960472867512,0,0.17741962125417385,0.007818074492562232,0.06040849778640175,0.1400635840487071,0.16460567235200035,0.008373882295271912],
            [0.18392963592813283,0.046162455025897296,0.029191514559034196,0.21965953965055632,0.0012526264997765742,0,0.11843134302045438,0.15434076634587124,0.09099705384443668,0.06003209386414926,0.0960029712616912],
            [0.17901900694522402,0.05682271387839504,0.10202656763718569,0.1723340423683163,0.03352561146068309,0.08706880032645678,0,0.08051500128053367,0.06699673900112522,0.1631281207122936,0.058563396389786804],
            [0.13299311802328673,0.09687595464999303,0.1172161555438667,0.004508219210024907,0.04857485369589455,0.2145001750041221,0.10016323058351949,0,0.21372361138074503,0.04889030378095037,0.02255437812759722],
            [0.06986248591530282,0.12404794197889674,0.10524173795598545,0.058763252823814054,0.0834578762492823,0.11324156947990835,0.15482638829835912,0.1308384514248297,0,0.057074524720293576,0.10264577115332789],
            [0.10458929519379793,0.15517469954684326,0.1137767036611657,0.14873539490439186,0.13414271874887956,0.04720067151400209,0.09143127825809681,0.030076718427840342,0.10947726342405315,0,0.06539525632092943],
            [0.15280827889012774,0.10443361238396019,0.0792272137114941,0.016346945849510738,0.14941785736863814,0.14956585582141013,0.0630866338095584,0.13374238455751927,0.006667422620029855,0.14470379498775163,0]
        ],
        "city_names": ["Cardiff","Newcastle","Plymouth","Norwich","Manchester","London","Leeds","Sheffield","Birmingham","Liverpool","Portsmouth"],
        "reward_matrix": [
            [0,44455,20684,43918,68638,64503,62087,69479,85625,62427,51114],
            [44455,0,100,23333,69390,43918,88578,81186,65040,75601,30529],
            [20684,100,0,41806,24282,62391,17731,25123,41269,18071,75780],
            [43918,23333,41806,0,47516,85625,40965,48357,64503,41305,72236],
            [68638,69390,24282,47516,0,68101,87021,79628,89223,99999,54712],
            [64503,43918,62391,85625,68101,0,61550,68942,85088,61890,92821],
            [62087,88578,17731,40965,87021,61550,0,98817,82671,93232,48161],
            [69479,81186,25123,48357,79628,68942,98817,0,90064,85840,55553],
            [85625,65040,41269,64503,89223,85088,82671,90064,0,83012,71699],
            [62427,75601,18071,41305,99999,61890,93232,85840,83012,0,48501],
            [51114,30529,75780,72236,54712,92821,48161,55553,71699,48501,0]
        ]
    },
    "vehicle_cost_per_km": [15,5,5,5,5,5,5,5,5,5,5],
    "vehicle_capacities": [15,15,15,30,30,30,30,30,30,30,30],
    "runs": [{
        "number_of_vehicles": 3,
        "avg_task_cost_vs_number_of_task": [2875,2494.5,2176,1632,1305.6,1097.8333333333333,1175.4285714285713,1028.5,914.2222222222222,913,855.2727272727273,813.4166666666666,827.9230769230769,768.7857142857143,717.5333333333333,789.875,728.8235294117648,678.1666666666665,644.6315789473682,809.35,663.2857142857143,691.7727272727273,750.4347826086956,664.875,712.5999999999999,764.3461538461538,729.537037037037,737.9285714285714,751.706896551724,778.5]
    }]
}