{
    "vehicle_starting_positions": ["Newcastle","Cardiff","Plymouth","Norwich","Manchester","London","Leeds","Sheffield","Birmingham","Liverpool","Portsmouth"],
    "task_distribution": {
        "distance_matrix": [
            [0,345,477.8,348,209.9,233,246.5,205.2,115,244.6,307.8],
            [345,0,592.8,463,205.7,348,98.5,139.8,230,171,422.8],
            [477.8,592.8,0,359.8,457.7,244.8,494.3,453,362.8,492.4,170],
            [348,463,359.8,0,327.9,115,364.5,323.2,233,362.6,189.8],
            [209.9,205.7,457.7,327.9,0,212.9,107.2,148.5,94.9,34.7,287.7],
            [233,348,244.8,115,212.9,0,249.5,208.2,118,247.6,74.8],
            [246.5,98.5,494.3,364.5,107.2,249.5,0,41.3,131.5,72.5,324.3],
            [205.2,139.8,453,323.2,148.5,208.2,41.3,0,90.2,113.8,283],
            [115,230,362.8,233,94.9,118,131.5,90.2,0,129.6,192.8],
            [244.6,171,492.4,362.6,34.7,247.6,72.5,113.8,129.6,0,322.4],
            [307.8,422.8,170,189.8,287.7,74.8,324.3,283,192.8,322.4,0]
        ],
        "weight_matrix": [
            [0,3,3,3,3,3,3,3,3,3,3],
            [3,0,3,3,3,3,3,3,3,3,3],
            [3,3,0,3,3,3,3,3,3,3,3],
            [3,3,3,0,3,3,3,3,3,3,3],
            [3,3,3,3,0,3,3,3,3,3,3],
            [3,3,3,3,3,0,3,3,3,3,3],
            [3,3,3,3,3,3,0,3,3,3,3],
            [3,3,3,3,3,3,3,0,3,3,3],
            [3,3,3,3,3,3,3,3,0,3,3],
            [3,3,3,3,3,3,3,3,3,0,3],
            [3,3,3,3,3,3,3,3,3,3,0]
        ],
        "probability_matrix": [
            [0,0.0158869786980457,0.028110851589721802,0.1810505904621575,0.030932751041366727,0.1536409211609215,0.08591547883057514,0.06301777111362225,0.14812057894550867,0.1786417558915902,0.11468232226649046],
            [0.056373849468608565,0,0.13383013883558703,0.017195520168096966,0.056657508259759626,0.098805215471981,0.0877864853528066,0.16629753242562897,0.04149998055835698,0.1623819113559939,0.17917185810318026],
            [0.09907729790259553,0.024258700684637535,0,0.004295096412882738,0.1662693959678326,0.03300098538084189,0.1517416072686882,0.1790462478411565,0.06122572173235142,0.1553232019015179,0.12576174490749562],
            [0.18972798606465133,0.188845850874918,0.11722583716818107,0,0.004909730166745735,0.025307656000180676,0.14611878414008475,0.004347994908465902,0.1931990291456191,0.06404271514531079,0.06627441638584258],
            [0.13899887023549018,0.18496491291553424,0.030564346338284965,0.1233974906416662,0,0.22796913867633115,0.07776857049282684,0.05901238542986305,0.025152156304817066,0.0611082996603187,0.07106382930486771],
            [0.0317971388515919,0.08562005922603988,0.14114743143725994,0.19650995688805378,0.051152787805775625,0,0.0746380894518188,0.06582855711875232,0.10424696202420267,0.058574868959866376,0.1904841482366386],
            [0.0411654730911938,0.12836807449350457,0.057625441778521504,0.1074025793562008,0.15098121353841726,0.07327785851328175,0,0.1528531881887378,0.12353407927914536,0.07649387876175238,0.08829821299924479],
            [0.13781477894111097,0.06578526157798345,0.061422918573114896,0.10427678727339809,0.10623464250226865,0.13818304262481476,0.13284822155610115,0,0.08468186438156797,0.12901389536271857,0.039738587206921534],
            [0.1810800333222753,0.06315646762096734,0.1563771020285506,0.01793280968272528,0.07728736023527191,0.0371545575914506,0.12035832489699183,0.13526260464309284,0,0.16758040653151254,0.04381033344716169],
            [0.03051184293639023,0.021512853785280197,0.14761011254414583,0.11877217569519981,0.16013306102745056,0.031211864448337696,0.11616018991499416,0.1480475891135669,0.06045748277967774,0,0.16558282775495703],
            [0.09116434600825338,0.10506564687491195,0.017435341040794933,0.13093982841664834,0.11778985747704356,0.07256022252195346,0.11839290461938495,0.12025918762380326,0.09073626136470035,0.1356564040525058,0]
        ],
        "city_names": ["Cardiff","Newcastle","Plymouth","Norwich","Manchester","London","Leeds","Sheffield","Birmingham","Liverpool","Portsmouth"],
        "reward_matrix": [
            [0,44455,20684,43918,68638,64503,62087,69479,85625,62427,51114],
            [44455,0,100,23333,69390,43918,88578,81186,65040,75601,30529],
            [20684,100,0,41806,24282,62391,17731,25123,41269,18071,75780],
            [43918,23333,41806,0,47516,85625,40965,48357,64503,41305,72236],
            [68638,69390,24282,47516,0,68101,87021,79628,89223,99999,54712],
            [64503,43918,62391,85625,68101,0,61550,68942,85088,61890,92821],
            [62087,88578,17731,40965,87021,61550,0,98817,82671,93232,48161],
            [69479,81186,25123,48357,79628,68942,98817,0,90064,85840,55553],
            [85625,65040,41269,64503,89223,85088,82671,90064,0,83012,71699],
            [62427,75601,18071,41305,99999,61890,93232,85840,83012,0,48501],
            [51114,30529,75780,72236,54712,92821,48161,55553,71699,48501,0]
        ]
    },
    "vehicle_cost_per_km": [5,10,5,5,5,5,5,5,5,5,5],
    "vehicle_capacities": [5,5,5,30,30,30,30,30,30,30,30],
    "runs": [{
        "number_of_vehicles": 3,
        "avg_task_cost_vs_number_of_task": [1740,2315,2310,2135.75,1791.2,1881,2016.5714285714287,1883.1249999999998,2015.8888888888885,1849.5999999999997,1961.272727272727,1797.833333333333,1659.5384615384612,1698.2857142857142,1623.4,1521.9375,1601.6470588235293,1559.277777777778,1473.3684210526317,1574.925,1615.3333333333333,1629.5454545454545,1586.7826086956522,1551.9374999999993,1596.92,1542.173076923077,1541.7407407407406,1567.2142857142858,1551.7931034482758,1574.9]
    }]
}