{
    "vehicle_starting_positions": ["Newcastle","Cardiff","Plymouth","Norwich","Manchester","London","Leeds","Sheffield","Birmingham","Liverpool","Portsmouth"],
    "task_distribution": {
        "distance_matrix": [
            [0,345,477.8,348,209.9,233,246.5,205.2,115,244.6,307.8],
            [345,0,592.8,463,205.7,348,98.5,139.8,230,171,422.8],
            [477.8,592.8,0,359.8,457.7,244.8,494.3,453,362.8,492.4,170],
            [348,463,359.8,0,327.9,115,364.5,323.2,233,362.6,189.8],
            [209.9,205.7,457.7,327.9,0,212.9,107.2,148.5,94.9,34.7,287.7],
            [233,348,244.8,115,212.9,0,249.5,208.2,118,247.6,74.8],
            [246.5,98.5,494.3,364.5,107.2,249.5,0,41.3,131.5,72.5,324.3],
            [205.2,139.8,453,323.2,148.5,208.2,41.3,0,90.2,113.8,283],
            [115,230,362.8,233,94.9,118,131.5,90.2,0,129.6,192.8],
            [244.6,171,492.4,362.6,34.7,247.6,72.5,113.8,129.6,0,322.4],
            [307.8,422.8,170,189.8,287.7,74.8,324.3,283,192.8,322.4,0]
        ],
        "weight_matrix": [
            [0,3,3,3,3,3,3,3,3,3,3],
            [3,0,3,3,3,3,3,3,3,3,3],
            [3,3,0,3,3,3,3,3,3,3,3],
            [3,3,3,0,3,3,3,3,3,3,3],
            [3,3,3,3,0,3,3,3,3,3,3],
            [3,3,3,3,3,0,3,3,3,3,3],
            [3,3,3,3,3,3,0,3,3,3,3],
            [3,3,3,3,3,3,3,0,3,3,3],
            [3,3,3,3,3,3,3,3,0,3,3],
            [3,3,3,3,3,3,3,3,3,0,3],
            [3,3,3,3,3,3,3,3,3,3,0]
        ],
        "probability_matrix": [
            [0,0.04741021951249517,0.06766675788251707,0.14696531611663285,0.1405026561741476,0.11309503373046798,0.0030237531107268024,0.05065035229115572,0.15186170122267703,0.1517376029709671,0.1270866069882126],
            [0.041116788901289114,0,0.002007081042736982,0.16619817433962072,0.11317996184842771,0.04533887525427018,0.1616522830398752,0.1816291651659685,0.10884421389969196,0.045026768999577395,0.13500668750854228],
            [0.1492936332739162,0.030707614787574056,0,0.1419242178572939,0.030455192024202687,0.08459962826011383,0.06330170040663408,0.12279501798044634,0.06161553248021964,0.15734050779319914,0.15796695513640022],
            [0.17651707643254672,0.0378941333959821,0.03702938532494036,0,0.204090496440408,0.09423950521765455,0.10203795393593737,0.07557967256797037,0.0753903895777205,0.0534173560686897,0.14380403103815043],
            [0.16467763285618214,0.11674878430445687,0.06984832699887766,0.10526978508180541,0,0.1499183838668368,0.015723119254753403,0.15390818655612035,0.08605872962731384,0.10645668347208456,0.031390367981568995],
            [0.047514831886013464,0.1966665342599953,0.21132533911869306,0.041513006493209305,0.05344025288754678,0,0.10815275946180566,0.05795994712791931,0.1642612302919798,0.007722907539839385,0.11144319093299783],
            [0.17000816842019345,0.029328039581685367,0.16854618394718704,0.09124972713051901,0.03549558981974508,0.08439469275420346,0,0.10228046598392461,0.21605403707745965,0.029606610699017225,0.07303648458606507],
            [0.010838003593212278,0.16776949576878494,0.15972019093436898,0.16172519412979705,0.06499519882893177,0.08896457360953479,0.0989415602771082,0,0.06956447784678801,0.15011756464384488,0.027363740367628998],
            [0.07463947331154236,0.06487431138257414,0.15225733869624944,0.05139753999432664,0.13733590700050283,0.040614943382238554,0.059867608934128624,0.08125223744382844,0,0.21121970551106087,0.12654093434354824],
            [0.1888269031306334,0.0884327724247674,0.0060785850759087715,0.07575478376419975,0.19013155180772184,0.15108245245496105,0.0678529009399714,0.0148509233154369,0.17068456512210273,0,0.04630456196429665],
            [0.14038184443062732,0.10921002135075457,0.12522920076971455,0.03576924625745321,0.031903586919872905,0.04012324388065878,0.13817323514986404,0.13919469177423974,0.14674595358761866,0.09326897587919648,0]
        ],
        "city_names": ["Cardiff","Newcastle","Plymouth","Norwich","Manchester","London","Leeds","Sheffield","Birmingham","Liverpool","Portsmouth"],
        "reward_matrix": [
            [0,44455,20684,43918,68638,64503,62087,69479,85625,62427,51114],
            [44455,0,100,23333,69390,43918,88578,81186,65040,75601,30529],
            [20684,100,0,41806,24282,62391,17731,25123,41269,18071,75780],
            [43918,23333,41806,0,47516,85625,40965,48357,64503,41305,72236],
            [68638,69390,24282,47516,0,68101,87021,79628,89223,99999,54712],
            [64503,43918,62391,85625,68101,0,61550,68942,85088,61890,92821],
            [62087,88578,17731,40965,87021,61550,0,98817,82671,93232,48161],
            [69479,81186,25123,48357,79628,68942,98817,0,90064,85840,55553],
            [85625,65040,41269,64503,89223,85088,82671,90064,0,83012,71699],
            [62427,75601,18071,41305,99999,61890,93232,85840,83012,0,48501],
            [51114,30529,75780,72236,54712,92821,48161,55553,71699,48501,0]
        ]
    },
    "vehicle_cost_per_km": [10,10,5,5,5,5,5,5,5,5,5],
    "vehicle_capacities": [10,10,10,30,30,30,30,30,30,30,30],
    "runs": [{
        "number_of_vehicles": 3,
        "avg_task_cost_vs_number_of_task": [4093,2223,1482,1398.9999999999998,1349.2,1350.5,1293.142857142857,1136.625,1127.111111111111,1045,1006.9090909090909,1079.2500000000002,996.2307692307694,984.9285714285714,915.2666666666667,894.9375,859.9411764705883,869.8888888888889,890.1578947368421,858.95,872.2380952380952,832.5909090909091,933.913043478261,899.7500000000003,880.0800000000003,836.0384615384615,850.7407407407409,888.4642857142857,907.4137931034484,1003.0333333333334]
    }]
}