{
    "vehicle_starting_positions": ["Brest","Paris","Marseille","Genève","Monaco","Le Havre","Bordeaux","Lyon","Strasbourg"],
    "task_distribution": {
        "distance_matrix": [
            [0,591,1373,1206,1598,787,1175,1057,1078],
            [591,0,782,615,1007,196,584,466,487],
            [1373,782,0,465,225,978,646,316,854],
            [1206,615,465,0,521,811,737,149,389],
            [1598,1007,225,521,0,1203,871,541,910],
            [787,196,978,811,1203,0,780,662,683],
            [1175,584,646,737,871,780,0,588,1071],
            [1057,466,316,149,541,662,588,0,538],
            [1078,487,854,389,910,683,1071,538,0]
        ],
        "weight_matrix": [
            [0,3,3,3,3,3,3,3,3],
            [3,0,3,3,3,3,3,3,3],
            [3,3,0,3,3,3,3,3,3],
            [3,3,3,0,3,3,3,3,3],
            [3,3,3,3,0,3,3,3,3],
            [3,3,3,3,3,0,3,3,3],
            [3,3,3,3,3,3,0,3,3],
            [3,3,3,3,3,3,3,0,3],
            [3,3,3,3,3,3,3,3,0]
        ],
        "probability_matrix": [
            [0,0.13195019398712748,0.0910221323694963,0.027698976845912028,0.1984268801769368,0.1386563026459388,0.19942152390459328,0.026251928117299015,0.18657206195269635],
            [0.0626052313874903,0,0.12070444644516817,0.12758254929826743,0.09548415330223027,0.18564540469074128,0.16780386641243092,0.21592759425956384,0.024246754204107882],
            [0.18429770575289117,0.0714534539467389,0,0.17099378824386202,0.17490100040166456,0.08754145736213453,0.122241781489559,0.03975048475414346,0.14882032804900655],
            [0.09389712154300377,0.04687396418347393,0.20380980952042685,0,0.21269109366837302,0.14637601660707084,0.14655919415337862,0.07414645362110166,0.07564634670317129],
            [0.11928377316915208,0.08026497534210401,0.03716158053826675,0.13882798429996313,0,0.05272491447742157,0.20167780028474105,0.23024224942338603,0.13981672246496543],
            [0.03590600006705684,0.17447096654247182,0.10025538052172174,0.005361488111460124,0.22079676999327005,0,0.06026016076876607,0.19231014606268948,0.21063908793256395],
            [0.30316014172106887,0.12117285834412637,0.029217752296638057,0.09187671805251284,0.017765646752607212,0.05229966464395163,0,0.19260296473979854,0.19190425344929662],
            [0.13532220089923536,0.1699503854167155,0.07480432651989742,0.16993871662881344,0.14016053905945644,0.17901750995335533,0.0163193591401381,0,0.11448696238238844],
            [0.2296909816677699,0.12786179127157854,0.0501309933264527,0.10381649793535505,0.27677427215384104,0.06021529990031175,0.12702401458643792,0.02448614915825302,0]
        ],
        "city_names": ["Brest","Paris","Marseille","Genève","Monaco","Le Havre","Bordeaux","Lyon","Strasbourg"],
        "reward_matrix": [
            [0,69526,15612,27125,100,56013,29263,37398,35950],
            [69526,0,56357,67871,40845,96758,70008,78143,76696],
            [15612,56357,0,78212,94759,42844,65734,88485,51393],
            [27125,67871,78212,0,74352,54358,59460,99999,83452],
            [100,40845,94759,74352,0,27332,50221,72973,47533],
            [56013,96758,42844,54358,27332,0,56495,64631,63183],
            [29263,70008,65734,59460,50221,56495,0,69732,36433],
            [37398,78143,88485,99999,72973,64631,69732,0,73180],
            [35950,76696,51393,83452,47533,63183,36433,73180,0]
        ]
    },
    "vehicle_cost_per_km": [10,5,5,5,5,5,5,5,5],
    "vehicle_capacities": [10,10,10,30,30,30,30,30,30],
    "runs": [{
        "number_of_vehicles": 3,
        "avg_task_cost_vs_number_of_task": [8275,4137.5,4585,3438.75,3341,2784.1666666666665,2785.714285714286,3111.25,2838.3333333333335,2845.5,2893.6363636363635,2591.25,2363.4615384615386,2425.3571428571427,2247.3333333333335,2437.8125,2260.5882352941176,2407.222222222222,2328.4210526315787,2346.5,2208.3333333333335,2485.909090909091,2212.8260869565215,2387.7083333333335,2225.4,2356.346153846154,2155.185185185185,2492.5,2490.1724137931033,2368.6666666666665]
    }]
}