{
    "vehicle_starting_positions": ["Brest","Paris","Marseille","Genève","Monaco","Le Havre","Bordeaux","Lyon","Strasbourg"],
    "task_distribution": {
        "distance_matrix": [
            [0,591,1373,1206,1598,787,1175,1057,1078],
            [591,0,782,615,1007,196,584,466,487],
            [1373,782,0,465,225,978,646,316,854],
            [1206,615,465,0,521,811,737,149,389],
            [1598,1007,225,521,0,1203,871,541,910],
            [787,196,978,811,1203,0,780,662,683],
            [1175,584,646,737,871,780,0,588,1071],
            [1057,466,316,149,541,662,588,0,538],
            [1078,487,854,389,910,683,1071,538,0]
        ],
        "weight_matrix": [
            [0,3,3,3,3,3,3,3,3],
            [3,0,3,3,3,3,3,3,3],
            [3,3,0,3,3,3,3,3,3],
            [3,3,3,0,3,3,3,3,3],
            [3,3,3,3,0,3,3,3,3],
            [3,3,3,3,3,0,3,3,3],
            [3,3,3,3,3,3,0,3,3],
            [3,3,3,3,3,3,3,0,3],
            [3,3,3,3,3,3,3,3,0]
        ],
        "probability_matrix": [
            [0,0.08045094258269654,0.17272683309848832,0.15070058796189648,0.10587226173433531,0.001680398076788422,0.09469148138404544,0.24846561869709669,0.14541187646465298],
            [0.06352708038495081,0,0.2961168394012122,0.008197663143387508,0.11342903684011109,0.058876281975942336,0.23683493794774238,0.07676125734391184,0.14625690296274177],
            [0.16631657095151003,0.18173831621598166,0,0.008647205836481016,0.17113043406939002,0.09931722425843699,0.19380653543228046,0.13803486364401346,0.04100884959190643],
            [0.05431265154386352,0.015364115076821531,0.2005502724657575,0,0.2334604996110657,0.15872313444934197,0.1053632176763815,0.048371553459035876,0.1838545557177325],
            [0.0700769001053877,0.1539264795496695,0.17535546203580676,0.09184560590254483,0,0.1155985242189593,0.19171523828170323,0.05015993718854225,0.1513218527173863],
            [0.11779503313698426,0.05331219754322333,0.02925363958124135,0.025770863239418705,0.18408982178367958,0,0.0774289959355175,0.24159768978329993,0.2707517589966354],
            [0.1507355100232397,0.13817991727668621,0.08152675311504984,0.0355215327354815,0.31850610223520304,0.11269482963629135,0,0.028060149776392655,0.13477520520165573],
            [0.044463115172232136,0.13517501698835785,0.20501797601631197,0.14819672073467677,0.04868204818090952,0.010788914974512813,0.1460361777846357,0,0.2616400301483632],
            [0.016116911389502827,0.12243439780404074,0.06482611267821389,0.20398712239494857,0.08394110376120624,0.1510569703069062,0.23226119918409066,0.1253761824810908,0]
        ],
        "city_names": ["Brest","Paris","Marseille","Genève","Monaco","Le Havre","Bordeaux","Lyon","Strasbourg"],
        "reward_matrix": [
            [0,69526,15612,27125,100,56013,29263,37398,35950],
            [69526,0,56357,67871,40845,96758,70008,78143,76696],
            [15612,56357,0,78212,94759,42844,65734,88485,51393],
            [27125,67871,78212,0,74352,54358,59460,99999,83452],
            [100,40845,94759,74352,0,27332,50221,72973,47533],
            [56013,96758,42844,54358,27332,0,56495,64631,63183],
            [29263,70008,65734,59460,50221,56495,0,69732,36433],
            [37398,78143,88485,99999,72973,64631,69732,0,73180],
            [35950,76696,51393,83452,47533,63183,36433,73180,0]
        ]
    },
    "vehicle_cost_per_km": [15,10,10,5,5,5,5,5,5],
    "vehicle_capacities": [5,5,5,30,30,30,30,30,30],
    "runs": [{
        "number_of_vehicles": 3,
        "avg_task_cost_vs_number_of_task": [6320,7070,10743.333333333334,10747.5,9208,9150.833333333334,11529.285714285714,11643.75,10681.111111111111,10312.5,9609.545454545454,10492.916666666666,10852.692307692309,11194.642857142857,11716,12331.25,11836.470588235294,11686.111111111111,11751.052631578947,11163.5,10631.904761904761,10148.636363636364,10654.565217391304,10572.083333333334,10194.2,10101.346153846154,9893.888888888889,9833.214285714286,10150,9849.166666666666]
    }]
}