{
    "vehicle_starting_positions": ["Brest","Paris","Marseille","Genève","Monaco","Le Havre","Bordeaux","Lyon","Strasbourg"],
    "task_distribution": {
        "distance_matrix": [
            [0,591,1373,1206,1598,787,1175,1057,1078],
            [591,0,782,615,1007,196,584,466,487],
            [1373,782,0,465,225,978,646,316,854],
            [1206,615,465,0,521,811,737,149,389],
            [1598,1007,225,521,0,1203,871,541,910],
            [787,196,978,811,1203,0,780,662,683],
            [1175,584,646,737,871,780,0,588,1071],
            [1057,466,316,149,541,662,588,0,538],
            [1078,487,854,389,910,683,1071,538,0]
        ],
        "weight_matrix": [
            [0,3,3,3,3,3,3,3,3],
            [3,0,3,3,3,3,3,3,3],
            [3,3,0,3,3,3,3,3,3],
            [3,3,3,0,3,3,3,3,3],
            [3,3,3,3,0,3,3,3,3],
            [3,3,3,3,3,0,3,3,3],
            [3,3,3,3,3,3,0,3,3],
            [3,3,3,3,3,3,3,0,3],
            [3,3,3,3,3,3,3,3,0]
        ],
        "probability_matrix": [
            [0,0.12327922226001183,0.22678810436016894,0.05904757506874897,0.07598725315575018,0.13054244953951874,0.09115859574337033,0.21375760708434977,0.07943919278808136],
            [0.07123475653965228,0,0.06842363291573485,0.17541149509794976,0.016753102892661794,0.37825658193065975,0.12120626582141207,0.06032410558630519,0.10839005921562422],
            [0.01644736535482528,0.023680758757330896,0,0.2472493242097952,0.10125032852646854,0.2659759370139299,0.018036407006555375,0.17585575415048257,0.15150412498061222],
            [0.24622916387268456,0.04781996088553866,0.023062620914264455,0,0.1538941303188162,0.1653877332335503,0.22232849309712008,0.09423362072062172,0.047044276957404256],
            [0.06354839842088429,0.23025151059145807,0.21780676619749403,0.09941493885830996,0,0.10883950645220174,0.06360641742627858,0.11109881641828132,0.10543364563509207],
            [0.17486573335587985,0.12812554877938498,0.20980930318865434,0.0739260099518513,0.1055951282905463,0,0.07825348795682446,0.17127665845383772,0.05814813002302109],
            [0.19520083819738915,0.21237543680264392,0.11342020126093083,0.14067654225815518,0.019290158538431836,0.22261692190432492,0,0.07594029895988795,0.020479602078236344],
            [0.22611316208487994,0.13924234457025553,0.24232747991976225,0.05317120952297693,0.02119066729308428,0.020941744646144952,0.20991417538163099,0,0.0870992165812652],
            [0.10340229716582122,0.19133854336279701,0.1377902125050075,0.18440212654019536,0.07108619041092806,0.1365380593689269,0.015089658931264398,0.16035291171505953,0]
        ],
        "city_names": ["Brest","Paris","Marseille","Genève","Monaco","Le Havre","Bordeaux","Lyon","Strasbourg"],
        "reward_matrix": [
            [0,69526,15612,27125,100,56013,29263,37398,35950],
            [69526,0,56357,67871,40845,96758,70008,78143,76696],
            [15612,56357,0,78212,94759,42844,65734,88485,51393],
            [27125,67871,78212,0,74352,54358,59460,99999,83452],
            [100,40845,94759,74352,0,27332,50221,72973,47533],
            [56013,96758,42844,54358,27332,0,56495,64631,63183],
            [29263,70008,65734,59460,50221,56495,0,69732,36433],
            [37398,78143,88485,99999,72973,64631,69732,0,73180],
            [35950,76696,51393,83452,47533,63183,36433,73180,0]
        ]
    },
    "vehicle_cost_per_km": [5,10,5,5,5,5,5,5,5],
    "vehicle_capacities": [15,15,15,30,30,30,30,30,30],
    "runs": [{
        "number_of_vehicles": 3,
        "avg_task_cost_vs_number_of_task": [7140,5837.5,3891.6666666666665,3130,3210,2675,2855,2991.25,2658.8888888888887,2522,2353.6363636363635,2075.8333333333335,1989.6153846153845,2164.285714285714,2045.3333333333333,1911.875,1992.0588235294117,2071.6666666666665,1997.1052631578948,1908.25,1971.1904761904761,1910.909090909091,1889.1304347826087,1921.4583333333333,1952.8,1745.576923076923,1792.4074074074074,1838.75,1804.655172413793,1826.6666666666667]
    }]
}