{
    "vehicle_starting_positions": ["Brest","Paris","Marseille","Genève","Monaco","Le Havre","Bordeaux","Lyon","Strasbourg"],
    "task_distribution": {
        "distance_matrix": [
            [0,591,1373,1206,1598,787,1175,1057,1078],
            [591,0,782,615,1007,196,584,466,487],
            [1373,782,0,465,225,978,646,316,854],
            [1206,615,465,0,521,811,737,149,389],
            [1598,1007,225,521,0,1203,871,541,910],
            [787,196,978,811,1203,0,780,662,683],
            [1175,584,646,737,871,780,0,588,1071],
            [1057,466,316,149,541,662,588,0,538],
            [1078,487,854,389,910,683,1071,538,0]
        ],
        "weight_matrix": [
            [0,3,3,3,3,3,3,3,3],
            [3,0,3,3,3,3,3,3,3],
            [3,3,0,3,3,3,3,3,3],
            [3,3,3,0,3,3,3,3,3],
            [3,3,3,3,0,3,3,3,3],
            [3,3,3,3,3,0,3,3,3],
            [3,3,3,3,3,3,0,3,3],
            [3,3,3,3,3,3,3,0,3],
            [3,3,3,3,3,3,3,3,0]
        ],
        "probability_matrix": [
            [0,0.17623234559449977,0.1705540816391824,0.101142237729921,0.1444461143719447,0.0022321742220843,0.13732595762138647,0.10328825751635476,0.16477883130462648],
            [0.18975658649921123,0,0.047473628006837805,0.09053803088306644,0.09411074849207676,0.19745931356110114,0.16711788651537876,0.08700770680951879,0.1265360992328091],
            [0.14722754013043057,0.15890568653324147,0,0.06958025618858579,0.07243718577427173,0.1420660200054835,0.1361441353624636,0.1275051293526745,0.14613404665284876],
            [0.20584810170790416,0.09433995048947956,0.09448676800568016,0,0.14557602773832568,0.1841760782458226,0.17367293693114522,0.07411931623601029,0.027780820645632386],
            [0.08110292571105922,0.030268143364203814,0.04833215537408004,0.21211743155334936,0,0.18133499249991267,0.2055668372200807,0.07199754070310548,0.16927997357420863],
            [0.11069234463173927,0.02503896700917102,0.046173206726768605,0.08836019200923634,0.0788213623572175,0,0.18752078297214775,0.18646740866949532,0.2769257356242242],
            [0.23956352537037423,0.15303006614098894,0.02995631635099564,0.06187807854651979,0.16769208008884015,0.075793710421307,0,0.13125686971311032,0.14082935336786392],
            [0.014893959996743686,0.18734425206074648,0.11557551991965252,0.018709203853744975,0.18715811870178836,0.07922545463621582,0.1895545608867994,0,0.20753892994430856],
            [0.13815560667958626,0.012593255375974876,0.17701815331175594,0.08024152267612292,0.1648048741204475,0.14812409615606673,0.15149247192270257,0.12757001975734325,0]
        ],
        "city_names": ["Brest","Paris","Marseille","Genève","Monaco","Le Havre","Bordeaux","Lyon","Strasbourg"],
        "reward_matrix": [
            [0,69526,15612,27125,100,56013,29263,37398,35950],
            [69526,0,56357,67871,40845,96758,70008,78143,76696],
            [15612,56357,0,78212,94759,42844,65734,88485,51393],
            [27125,67871,78212,0,74352,54358,59460,99999,83452],
            [100,40845,94759,74352,0,27332,50221,72973,47533],
            [56013,96758,42844,54358,27332,0,56495,64631,63183],
            [29263,70008,65734,59460,50221,56495,0,69732,36433],
            [37398,78143,88485,99999,72973,64631,69732,0,73180],
            [35950,76696,51393,83452,47533,63183,36433,73180,0]
        ]
    },
    "vehicle_cost_per_km": [10,5,10,5,5,5,5,5,5],
    "vehicle_capacities": [5,5,5,30,30,30,30,30,30],
    "runs": [{
        "number_of_vehicles": 3,
        "avg_task_cost_vs_number_of_task": [10775,6785,6906.666666666667,7207.5,6934,7081.666666666667,6070,5791.25,5688.888888888889,5473,5712.727272727273,5469.583333333333,5263.846153846154,5657.857142857143,5591.333333333333,5241.875,5335.294117647059,5358.055555555556,5144.736842105263,5405.5,5072.857142857143,5062.954545454545,5224.130434782609,5156.041666666667,4906.4,5017.884615384615,4724.444444444444,5028.75,4897.758620689655,5016]
    }]
}