{
    "vehicle_starting_positions": ["Brest","Paris","Marseille","Genève","Monaco","Le Havre","Bordeaux","Lyon","Strasbourg"],
    "task_distribution": {
        "distance_matrix": [
            [0,591,1373,1206,1598,787,1175,1057,1078],
            [591,0,782,615,1007,196,584,466,487],
            [1373,782,0,465,225,978,646,316,854],
            [1206,615,465,0,521,811,737,149,389],
            [1598,1007,225,521,0,1203,871,541,910],
            [787,196,978,811,1203,0,780,662,683],
            [1175,584,646,737,871,780,0,588,1071],
            [1057,466,316,149,541,662,588,0,538],
            [1078,487,854,389,910,683,1071,538,0]
        ],
        "weight_matrix": [
            [0,3,3,3,3,3,3,3,3],
            [3,0,3,3,3,3,3,3,3],
            [3,3,0,3,3,3,3,3,3],
            [3,3,3,0,3,3,3,3,3],
            [3,3,3,3,0,3,3,3,3],
            [3,3,3,3,3,0,3,3,3],
            [3,3,3,3,3,3,0,3,3],
            [3,3,3,3,3,3,3,0,3],
            [3,3,3,3,3,3,3,3,0]
        ],
        "probability_matrix": [
            [0,0.2664366418855716,0.033277189216473844,0.1227124840015653,0.034716300106514046,0.10846747845882403,0.1989627678953365,0.012889171512586084,0.22253796692312883],
            [0.16572694785886583,0,0.08199311806605628,0.06568836969561331,0.1868553812766191,0.07049319641261294,0.14940668034709326,0.13568230058382327,0.14415400575931608],
            [0.09928377971114936,0.009205994401618418,0,0.2499100504003093,0.018313348071073574,0.14685023234007843,0.17953771957960168,0.20599005760298944,0.09090881789317978],
            [0.17368121706261533,0.19205710764018183,0.1415266620604208,0,0.0034795517540631075,0.021183959048566695,0.2508540910950654,0.08277502870988379,0.134442382629203],
            [0.20661371044352933,0.14385777753701673,0.07201323900500183,0.005564281058383901,0,0.1949097805905135,0.1444937766631697,0.1793585713924661,0.053188863309918934],
            [0.048982092797229676,0.17596741279173067,0.24571382001773112,0.0376585107875803,0.09498581292738513,0,0.07300754248201032,0.2044065954668431,0.11927821272948967],
            [0.18764482642845118,0.22688089108314874,0.18468441772290173,0.002929531755301746,0.19900853365085872,0.048425368823573844,0,0.06079313072713436,0.0896332998086297],
            [0.16407719287611158,0.16751955748776967,0.1496493371421948,0.09111929460886468,0.1157903389057333,0.13771668944831575,0.10576309075894226,0,0.06836449877206797],
            [0.12649558684414358,0.2169286394945674,0.09493481393323376,0.2031268464267562,0.0018145149470374512,0.1831470941571669,0.1598792709149736,0.01367323328212099,0]
        ],
        "city_names": ["Brest","Paris","Marseille","Genève","Monaco","Le Havre","Bordeaux","Lyon","Strasbourg"],
        "reward_matrix": [
            [0,69526,15612,27125,100,56013,29263,37398,35950],
            [69526,0,56357,67871,40845,96758,70008,78143,76696],
            [15612,56357,0,78212,94759,42844,65734,88485,51393],
            [27125,67871,78212,0,74352,54358,59460,99999,83452],
            [100,40845,94759,74352,0,27332,50221,72973,47533],
            [56013,96758,42844,54358,27332,0,56495,64631,63183],
            [29263,70008,65734,59460,50221,56495,0,69732,36433],
            [37398,78143,88485,99999,72973,64631,69732,0,73180],
            [35950,76696,51393,83452,47533,63183,36433,73180,0]
        ]
    },
    "vehicle_cost_per_km": [15,5,15,5,5,5,5,5,5],
    "vehicle_capacities": [15,15,15,30,30,30,30,30,30],
    "runs": [{
        "number_of_vehicles": 3,
        "avg_task_cost_vs_number_of_task": [6890,7315,6615,4961.25,3969,3307.5,2835,2688.125,2389.4444444444443,2393,2506.818181818182,2670,2410,2255.714285714286,2095.3333333333335,2025.625,2447.3529411764707,2394.722222222222,2472.8947368421054,2469.25,2521.6666666666665,2431.818181818182,2433.2608695652175,2533.5416666666665,2473.6,2210.769230769231,2562.222222222222,2632.3214285714284,2758.9655172413795,2626.5]
    }]
}