{
    "vehicle_starting_positions": ["Brest","Paris","Marseille","Genève","Monaco","Le Havre","Bordeaux","Lyon","Strasbourg"],
    "task_distribution": {
        "distance_matrix": [
            [0,591,1373,1206,1598,787,1175,1057,1078],
            [591,0,782,615,1007,196,584,466,487],
            [1373,782,0,465,225,978,646,316,854],
            [1206,615,465,0,521,811,737,149,389],
            [1598,1007,225,521,0,1203,871,541,910],
            [787,196,978,811,1203,0,780,662,683],
            [1175,584,646,737,871,780,0,588,1071],
            [1057,466,316,149,541,662,588,0,538],
            [1078,487,854,389,910,683,1071,538,0]
        ],
        "weight_matrix": [
            [0,3,3,3,3,3,3,3,3],
            [3,0,3,3,3,3,3,3,3],
            [3,3,0,3,3,3,3,3,3],
            [3,3,3,0,3,3,3,3,3],
            [3,3,3,3,0,3,3,3,3],
            [3,3,3,3,3,0,3,3,3],
            [3,3,3,3,3,3,0,3,3],
            [3,3,3,3,3,3,3,0,3],
            [3,3,3,3,3,3,3,3,0]
        ],
        "probability_matrix": [
            [0,0.15922723325995555,0.19418990322634544,0.15851533424712766,0.12055468766677953,0.14882542390619174,0.08755026419533095,0.02923406419713384,0.10190308930113509],
            [0.24045891851113238,0,0.030901337081104867,0.20596789985273478,0.09710804122450166,0.06764508002882287,0.08940814982331576,0.07009286307521213,0.1984177104031755],
            [0.21130645442527526,0.1042509195492218,0,0.02514214614041383,0.20954289535988407,0.0071738684302240134,0.17259302092850298,0.20748138822675208,0.06250930693972595],
            [0.13792965658191036,0.1136461400344846,0.002503901531384846,0,0.04533593004278224,0.21029322202060072,0.22090487171468387,0.06630762065702998,0.20307865741712358],
            [0.10933335187119005,0.12124485716751979,0.15888020120409127,0.10685014024229822,0,0.08740020850538542,0.19098820071681497,0.1942683011096669,0.031034739183033223],
            [0.12430754708278359,0.17865880380596125,0.17499450753797452,0.010842465734444213,0.19794604003703478,0,0.07679656103553216,0.17957201626080638,0.05688205850546324],
            [0.12873115183402498,0.24280382405280462,0.10240016104393979,0.1794020251786533,0.14353293859311447,0.016945547117910218,0,0.0843004060812306,0.10188394609832209],
            [0.16561768180706776,0.003907525850999356,0.20585262666147466,0.14213280896451183,0.10218349675395286,0.057953129782784246,0.2441704442030954,0,0.0781822859761138],
            [0.1317732380732504,0.13394912622180208,0.21936920534322382,0.12565385934734868,0.0733404356226575,0.15159539347608578,0.0288066254922053,0.1355121164234264,0]
        ],
        "city_names": ["Brest","Paris","Marseille","Genève","Monaco","Le Havre","Bordeaux","Lyon","Strasbourg"],
        "reward_matrix": [
            [0,69526,15612,27125,100,56013,29263,37398,35950],
            [69526,0,56357,67871,40845,96758,70008,78143,76696],
            [15612,56357,0,78212,94759,42844,65734,88485,51393],
            [27125,67871,78212,0,74352,54358,59460,99999,83452],
            [100,40845,94759,74352,0,27332,50221,72973,47533],
            [56013,96758,42844,54358,27332,0,56495,64631,63183],
            [29263,70008,65734,59460,50221,56495,0,69732,36433],
            [37398,78143,88485,99999,72973,64631,69732,0,73180],
            [35950,76696,51393,83452,47533,63183,36433,73180,0]
        ]
    },
    "vehicle_cost_per_km": [5,5,5,5,5,5,5,5,5],
    "vehicle_capacities": [5,5,5,30,30,30,30,30,30],
    "runs": [{
        "number_of_vehicles": 3,
        "avg_task_cost_vs_number_of_task": [5480,3957.5,3691.6666666666665,3181.25,3507,2922.5,2966.4285714285716,3074.375,3538.8888888888887,3773,4114.090909090909,4149.166666666667,3879.230769230769,3801.785714285714,3702.3333333333335,4106.25,3921.764705882353,3932.777777777778,3967.3684210526317,3769,3682.8571428571427,3690,3728.0434782608695,3893.5416666666665,3797.4,3772.8846153846152,3657.037037037037,3680.8928571428573,3726.206896551724,3859.3333333333335]
    }]
}