{
    "vehicle_starting_positions": ["Brest","Paris","Marseille","Genève","Monaco","Le Havre","Bordeaux","Lyon","Strasbourg"],
    "task_distribution": {
        "distance_matrix": [
            [0,591,1373,1206,1598,787,1175,1057,1078],
            [591,0,782,615,1007,196,584,466,487],
            [1373,782,0,465,225,978,646,316,854],
            [1206,615,465,0,521,811,737,149,389],
            [1598,1007,225,521,0,1203,871,541,910],
            [787,196,978,811,1203,0,780,662,683],
            [1175,584,646,737,871,780,0,588,1071],
            [1057,466,316,149,541,662,588,0,538],
            [1078,487,854,389,910,683,1071,538,0]
        ],
        "weight_matrix": [
            [0,3,3,3,3,3,3,3,3],
            [3,0,3,3,3,3,3,3,3],
            [3,3,0,3,3,3,3,3,3],
            [3,3,3,0,3,3,3,3,3],
            [3,3,3,3,0,3,3,3,3],
            [3,3,3,3,3,0,3,3,3],
            [3,3,3,3,3,3,0,3,3],
            [3,3,3,3,3,3,3,0,3],
            [3,3,3,3,3,3,3,3,0]
        ],
        "probability_matrix": [
            [0,0.04133044139973356,0.10753469560849745,0.17888212724189223,0.12168371372827544,0.12351077935269437,0.1813968230913111,0.005286452736638998,0.24037496684095683],
            [0.19580585926741023,0,0.08052210898959358,0.09892029135861062,0.19711420917662364,0.0854679106036449,0.0522432561545587,0.13607903007273375,0.1538473343768246],
            [0.12544447177431092,0.16418591460195867,0,0.11049676900137144,0.1294226889397745,0.05869912259500765,0.13544761068202654,0.07066809967073001,0.20563532273482024],
            [0.2349182799940423,0.16368114701919215,0.05755627038798544,0,0.14126684887722313,0.12887325901514413,0.07391346854042477,0.07871243603710516,0.12107829012888281],
            [0.04009638039063899,0.09094016999465918,0.14845177217316816,0.04393494344938757,0,0.22708613378730633,0.3098674998501815,0.02537058136258428,0.1142525189920739],
            [0.15605640632491108,0.10489403367551736,0.17150099397414068,0.05377504351976909,0.1514753430045492,0,0.16732665516679596,0.02258975239879903,0.17238177193551765],
            [0.171253387174638,0.05563327522902194,0.11957052122664741,0.11595257456007048,0.015063354782848499,0.21955050212428862,0,0.09852063764199538,0.20445574726048962],
            [0.20353136454882004,0.07053005721004083,0.10087018547661347,0.09401030865432008,0.11330236275655112,0.15599918886187902,0.09033807743172552,0,0.17141845506004974],
            [0.08092905416272388,0.06478410020883363,0.03489293891859548,8.694986187939831E-4,0.25434894748665776,0.23057967721675032,0.2552507627405361,0.07834502064710867,0]
        ],
        "city_names": ["Brest","Paris","Marseille","Genève","Monaco","Le Havre","Bordeaux","Lyon","Strasbourg"],
        "reward_matrix": [
            [0,69526,15612,27125,100,56013,29263,37398,35950],
            [69526,0,56357,67871,40845,96758,70008,78143,76696],
            [15612,56357,0,78212,94759,42844,65734,88485,51393],
            [27125,67871,78212,0,74352,54358,59460,99999,83452],
            [100,40845,94759,74352,0,27332,50221,72973,47533],
            [56013,96758,42844,54358,27332,0,56495,64631,63183],
            [29263,70008,65734,59460,50221,56495,0,69732,36433],
            [37398,78143,88485,99999,72973,64631,69732,0,73180],
            [35950,76696,51393,83452,47533,63183,36433,73180,0]
        ]
    },
    "vehicle_cost_per_km": [15,5,5,5,5,5,5,5,5],
    "vehicle_capacities": [15,15,15,30,30,30,30,30,30],
    "runs": [{
        "number_of_vehicles": 3,
        "avg_task_cost_vs_number_of_task": [5860,5727.5,4750,4462.5,3570,2975,2846.4285714285716,2580.625,2293.8888888888887,2440.5,2410.4545454545455,2239.5833333333335,2436.153846153846,2201.785714285714,2204,2141.25,1943.8235294117646,1880.8333333333333,2157.1052631578946,2032.5,1713.8095238095239,1597.5,1950.4347826086957,1871.875,1968.6,1863.2692307692307,1893.3333333333333,1857.3214285714287,1749.1379310344828,1951.3333333333333]
    }]
}