{
    "vehicle_starting_positions": ["Brest","Paris","Marseille","Genève","Monaco","Le Havre","Bordeaux","Lyon","Strasbourg"],
    "task_distribution": {
        "distance_matrix": [
            [0,591,1373,1206,1598,787,1175,1057,1078],
            [591,0,782,615,1007,196,584,466,487],
            [1373,782,0,465,225,978,646,316,854],
            [1206,615,465,0,521,811,737,149,389],
            [1598,1007,225,521,0,1203,871,541,910],
            [787,196,978,811,1203,0,780,662,683],
            [1175,584,646,737,871,780,0,588,1071],
            [1057,466,316,149,541,662,588,0,538],
            [1078,487,854,389,910,683,1071,538,0]
        ],
        "weight_matrix": [
            [0,3,3,3,3,3,3,3,3],
            [3,0,3,3,3,3,3,3,3],
            [3,3,0,3,3,3,3,3,3],
            [3,3,3,0,3,3,3,3,3],
            [3,3,3,3,0,3,3,3,3],
            [3,3,3,3,3,0,3,3,3],
            [3,3,3,3,3,3,0,3,3],
            [3,3,3,3,3,3,3,0,3],
            [3,3,3,3,3,3,3,3,0]
        ],
        "probability_matrix": [
            [0,0.16260530681741459,0.2470108323256113,0.19797483922136974,0.06372989931405369,0.0012397986394265216,0.1325073363528394,0.1894671924847067,0.005464794844577933],
            [0.0880529470043512,0,0.009361441963886696,0.1783014288737369,0.15434148318041782,0.12050825455238633,0.1884724453865041,0.17375082565036506,0.08721117338835184],
            [0.08769925021549607,0.16774876630486665,0,0.10086121919923358,0.18871919222341724,0.16338003546643462,0.01846099501261823,0.12318409344179132,0.1499464481361423],
            [0.052320930010238756,0.07922956092118782,0.23555605916684216,0,0.18898015659050257,0.02315863514605426,0.12796155631794134,0.19926645931302905,0.09352664253420409],
            [0.10221300659831375,0.08820375858443753,0.19469182247780853,0.05485461428604502,0,0.13506618533450424,0.1625163670154889,0.1954981495683776,0.06695609613502429],
            [0.1010691268596793,0.08887267320435001,0.14583846193826294,0.09942308292723881,0.1273547002372912,0,0.1715665494026288,0.06886031906025337,0.19701508637029547],
            [0.12274846551065752,0.1730771241120348,0.18077924891493286,0.07871572192668261,0.13908842338720845,0.15561040518889954,0,0.075702877988406,0.07427773297117815],
            [0.18363814699352216,0.055096044043860266,0.17879522321862099,0.036562828962799276,0.18853512454024857,0.050856526509793616,0.1662498217830923,0,0.14026628394806295],
            [0.17918915810219402,0.15427576791379582,0.12256333436725222,0.0030545931404695197,0.09386002922330983,0.12327078409267275,0.16962829813849029,0.1541580350218156,0]
        ],
        "city_names": ["Brest","Paris","Marseille","Genève","Monaco","Le Havre","Bordeaux","Lyon","Strasbourg"],
        "reward_matrix": [
            [0,69526,15612,27125,100,56013,29263,37398,35950],
            [69526,0,56357,67871,40845,96758,70008,78143,76696],
            [15612,56357,0,78212,94759,42844,65734,88485,51393],
            [27125,67871,78212,0,74352,54358,59460,99999,83452],
            [100,40845,94759,74352,0,27332,50221,72973,47533],
            [56013,96758,42844,54358,27332,0,56495,64631,63183],
            [29263,70008,65734,59460,50221,56495,0,69732,36433],
            [37398,78143,88485,99999,72973,64631,69732,0,73180],
            [35950,76696,51393,83452,47533,63183,36433,73180,0]
        ]
    },
    "vehicle_cost_per_km": [5,15,15,5,5,5,5,5,5],
    "vehicle_capacities": [15,15,15,30,30,30,30,30,30],
    "runs": [{
        "number_of_vehicles": 3,
        "avg_task_cost_vs_number_of_task": [6865,3995,3595,3861.25,3755,3129.1666666666665,2682.1428571428573,2346.875,2251.6666666666665,2026.5,2625.909090909091,2450,2591.5384615384614,2558.5714285714284,2607.6666666666665,2484.0625,2409.4117647058824,2126.1111111111113,2540,2373.75,2344.0476190476193,2305.681818181818,2276.9565217391305,2271.0416666666665,2672.6,2460.3846153846152,2785.740740740741,2597.6785714285716,2266.3793103448274,2487.3333333333335]
    }]
}