{
    "vehicle_starting_positions": ["Brest","Paris","Marseille","Genève","Monaco","Le Havre","Bordeaux","Lyon","Strasbourg"],
    "task_distribution": {
        "distance_matrix": [
            [0,591,1373,1206,1598,787,1175,1057,1078],
            [591,0,782,615,1007,196,584,466,487],
            [1373,782,0,465,225,978,646,316,854],
            [1206,615,465,0,521,811,737,149,389],
            [1598,1007,225,521,0,1203,871,541,910],
            [787,196,978,811,1203,0,780,662,683],
            [1175,584,646,737,871,780,0,588,1071],
            [1057,466,316,149,541,662,588,0,538],
            [1078,487,854,389,910,683,1071,538,0]
        ],
        "weight_matrix": [
            [0,3,3,3,3,3,3,3,3],
            [3,0,3,3,3,3,3,3,3],
            [3,3,0,3,3,3,3,3,3],
            [3,3,3,0,3,3,3,3,3],
            [3,3,3,3,0,3,3,3,3],
            [3,3,3,3,3,0,3,3,3],
            [3,3,3,3,3,3,0,3,3],
            [3,3,3,3,3,3,3,0,3],
            [3,3,3,3,3,3,3,3,0]
        ],
        "probability_matrix": [
            [0,0.1600130452068932,0.1342380575610316,0.09430685320174689,0.15595778600438376,0.011356484459405517,0.12635933882887512,0.11780177168248616,0.19996666305517774],
            [0.11970386875763657,0,0.1247535720646184,0.1712564628144688,0.10264633458220829,0.11251652938729753,0.11132686949366509,0.13972113907631847,0.11807522382378698],
            [0.24558454116467285,0.011871276749791633,0,0.08913360241096252,0.017134214551995076,0.13194188946175736,0.19324939538221214,0.16425587887000942,0.1468292014085989],
            [0.12517988602192312,0.14126717994898616,0.03973852563055955,0,0.17552909315481136,0.07227736257504604,0.12419851344121259,0.16796635221926076,0.1538430870082003],
            [0.18257925653901294,0.1175732646998084,0.10421724483609764,0.15362942617486008,0,0.14907732812162222,0.1503854859111906,0.1127563523156368,0.029781641401771048],
            [0.0791839920587428,0.18606104941776194,0.11062403004113969,0.13649083401666162,0.08592579040031112,0,0.1977018091946561,0.15386732858737487,0.05014516628335192],
            [0.010636689057689436,0.21300383221285893,0.17927839282833477,0.023521998951854663,0.13109396166188356,0.09728475879528234,0,0.1769729980455358,0.16820736844656056],
            [0.14000285007830574,0.12041533417135658,0.059926749207598676,0.2091893099670494,0.05329723181534321,0.21146711594209494,0.037575997409047816,0,0.1681254114092036],
            [0.03623094713624273,0.08735917617434859,0.06202744834889718,0.09311751858423567,0.003190816191880476,0.3143724755283128,0.07619624035993292,0.3275053776761496,0]
        ],
        "city_names": ["Brest","Paris","Marseille","Genève","Monaco","Le Havre","Bordeaux","Lyon","Strasbourg"],
        "reward_matrix": [
            [0,69526,15612,27125,100,56013,29263,37398,35950],
            [69526,0,56357,67871,40845,96758,70008,78143,76696],
            [15612,56357,0,78212,94759,42844,65734,88485,51393],
            [27125,67871,78212,0,74352,54358,59460,99999,83452],
            [100,40845,94759,74352,0,27332,50221,72973,47533],
            [56013,96758,42844,54358,27332,0,56495,64631,63183],
            [29263,70008,65734,59460,50221,56495,0,69732,36433],
            [37398,78143,88485,99999,72973,64631,69732,0,73180],
            [35950,76696,51393,83452,47533,63183,36433,73180,0]
        ]
    },
    "vehicle_cost_per_km": [5,15,10,5,5,5,5,5,5],
    "vehicle_capacities": [15,15,15,30,30,30,30,30,30],
    "runs": [{
        "number_of_vehicles": 3,
        "avg_task_cost_vs_number_of_task": [8805,7732.5,6065,4548.75,3808,3173.3333333333335,2806.4285714285716,2562.5,2452.222222222222,2875,2749.090909090909,2520,2505.769230769231,2506.785714285714,2526,2407.8125,2431.764705882353,2415,2615.2631578947367,2156.75,2638.095238095238,2349.5454545454545,2877.1739130434785,2389.5833333333335,2786.2,2538.653846153846,2503.5185185185187,2219.8214285714284,2733.103448275862,2760.6666666666665]
    }]
}