{
    "vehicle_starting_positions": ["Brest","Paris","Marseille","Genève","Monaco","Le Havre","Bordeaux","Lyon","Strasbourg"],
    "task_distribution": {
        "distance_matrix": [
            [0,591,1373,1206,1598,787,1175,1057,1078],
            [591,0,782,615,1007,196,584,466,487],
            [1373,782,0,465,225,978,646,316,854],
            [1206,615,465,0,521,811,737,149,389],
            [1598,1007,225,521,0,1203,871,541,910],
            [787,196,978,811,1203,0,780,662,683],
            [1175,584,646,737,871,780,0,588,1071],
            [1057,466,316,149,541,662,588,0,538],
            [1078,487,854,389,910,683,1071,538,0]
        ],
        "weight_matrix": [
            [0,3,3,3,3,3,3,3,3],
            [3,0,3,3,3,3,3,3,3],
            [3,3,0,3,3,3,3,3,3],
            [3,3,3,0,3,3,3,3,3],
            [3,3,3,3,0,3,3,3,3],
            [3,3,3,3,3,0,3,3,3],
            [3,3,3,3,3,3,0,3,3],
            [3,3,3,3,3,3,3,0,3],
            [3,3,3,3,3,3,3,3,0]
        ],
        "probability_matrix": [
            [0,0.19485535462709372,0.1560725642567946,0.16760829998659435,0.15928260173553302,0.024829096209942485,0.00808186341896655,0.10196065918510405,0.1873095605799713],
            [0.07927932954552715,0,0.16813060574378835,0.16318645208654844,0.18944460170849511,0.07002011317374104,0.06827667989200632,0.0878838129157672,0.17377840493412633],
            [0.06006081343138925,0.19956268003415772,0,0.1621461495325283,0.11280994345639479,0.14045780689079782,0.05721809798965947,0.13072257167357015,0.13702193699150253],
            [0.029877760267630307,0.26923314393475545,0.06871830176724181,0,0.16199473442447337,0.06340616677375875,0.12010045076256262,0.2691385861064501,0.01753085596312761],
            [0.16254837070123293,0.003163990937311428,0.12398413939625236,0.21175464332149377,0,0.08204147577922113,0.1266493904380202,0.07805176433403357,0.21180622509243446],
            [0.14389275214104463,0.1507238444102376,0.01387134441875992,0.19769980982463667,0.09758375150837828,0,0.1227391172424164,0.011411305510600881,0.26207807494392554],
            [0.051299388255334026,0.013571160057284879,0.12424721140565309,0.11363490518365246,0.1547042549239135,0.1992305370533455,0,0.19253377583012615,0.15077876729069042],
            [0.19075195326563135,0.12290927312855257,0.24666915055353125,0.0327735904279514,0.036428020778979074,0.16966501282702187,0.004570389407036443,0,0.1962326096112962],
            [0.08480856494328885,0.1384184477867402,0.08796612902983521,0.18688024405852743,0.12938805565726,0.06274985118863248,0.12186208293750325,0.18792662439821242,0]
        ],
        "city_names": ["Brest","Paris","Marseille","Genève","Monaco","Le Havre","Bordeaux","Lyon","Strasbourg"],
        "reward_matrix": [
            [0,69526,15612,27125,100,56013,29263,37398,35950],
            [69526,0,56357,67871,40845,96758,70008,78143,76696],
            [15612,56357,0,78212,94759,42844,65734,88485,51393],
            [27125,67871,78212,0,74352,54358,59460,99999,83452],
            [100,40845,94759,74352,0,27332,50221,72973,47533],
            [56013,96758,42844,54358,27332,0,56495,64631,63183],
            [29263,70008,65734,59460,50221,56495,0,69732,36433],
            [37398,78143,88485,99999,72973,64631,69732,0,73180],
            [35950,76696,51393,83452,47533,63183,36433,73180,0]
        ]
    },
    "vehicle_cost_per_km": [5,10,5,5,5,5,5,5,5],
    "vehicle_capacities": [5,5,5,30,30,30,30,30,30],
    "runs": [{
        "number_of_vehicles": 3,
        "avg_task_cost_vs_number_of_task": [4890,6287.5,4191.666666666667,3516.25,3981,3482.5,4121.428571428572,4220,4038.3333333333335,3658,3325.4545454545455,3294.5833333333335,3415.769230769231,3873.214285714286,3875.6666666666665,4017.8125,4051.470588235294,3968.0555555555557,3839.4736842105262,3908.75,4030.2380952380954,4210.227272727273,4394.782608695652,4450.833333333333,4509.2,4335.7692307692305,4560.555555555556,4630.892857142857,4713.793103448276,4793.5]
    }]
}