{
    "vehicle_starting_positions": ["Brest","Paris","Marseille","Genève","Monaco","Le Havre","Bordeaux","Lyon","Strasbourg"],
    "task_distribution": {
        "distance_matrix": [
            [0,591,1373,1206,1598,787,1175,1057,1078],
            [591,0,782,615,1007,196,584,466,487],
            [1373,782,0,465,225,978,646,316,854],
            [1206,615,465,0,521,811,737,149,389],
            [1598,1007,225,521,0,1203,871,541,910],
            [787,196,978,811,1203,0,780,662,683],
            [1175,584,646,737,871,780,0,588,1071],
            [1057,466,316,149,541,662,588,0,538],
            [1078,487,854,389,910,683,1071,538,0]
        ],
        "weight_matrix": [
            [0,3,3,3,3,3,3,3,3],
            [3,0,3,3,3,3,3,3,3],
            [3,3,0,3,3,3,3,3,3],
            [3,3,3,0,3,3,3,3,3],
            [3,3,3,3,0,3,3,3,3],
            [3,3,3,3,3,0,3,3,3],
            [3,3,3,3,3,3,0,3,3],
            [3,3,3,3,3,3,3,0,3],
            [3,3,3,3,3,3,3,3,0]
        ],
        "probability_matrix": [
            [0,0.10052118016373073,0.18093375717810917,0.30371322918942323,0.017278999351397352,0.18738707760902265,0.041283991737420374,0.05440946329087162,0.11447230148002492],
            [0.15596871110575322,0,0.024018224902116494,0.17768377512387099,0.046645279365810075,0.15451437578223523,0.07041110417652342,0.20169220709753088,0.16906632244615974],
            [0.04706664461016673,0.1090996090562871,0,0.06833128179727059,0.17527558747874183,0.16278189681893734,0.15344577472119672,0.18700341817622976,0.0969957873411699],
            [0.08243243521437399,0.0881604855946778,0.09602607446738902,0,0.15817831535903842,0.2984485014899926,0.01582971635528846,0.09689017861549422,0.16403429290374563],
            [0.08069930417296953,0.1408239415273633,0.20307944530146144,0.2107745455611324,0,0.18668522494386888,0.002460575619673631,0.1382109995121477,0.037265963361383075],
            [0.04563132858112145,0.17672537109404507,0.176869380245476,0.1057041399650957,0.06478978170987197,0,0.11114699923903017,0.16460858708461312,0.1545244120807465],
            [0.20470352582470583,0.222455435657496,0.05527790736787389,0.1477791985808643,0.013385054753460673,0.09820984124758128,0,0.06650266865957641,0.1916863679084415],
            [0.11290894754939078,0.11855910455036192,0.17455479101503105,0.1752148167714952,0.13087693437292314,0.06671463591417225,0.1815383583891349,0,0.039632411437490696],
            [0.019361302026286904,0.0211041903595935,0.0027840449015663765,0.03269125949559988,0.14420094145755782,0.17058930207842546,0.3843906753496587,0.22487828433131138,0]
        ],
        "city_names": ["Brest","Paris","Marseille","Genève","Monaco","Le Havre","Bordeaux","Lyon","Strasbourg"],
        "reward_matrix": [
            [0,69526,15612,27125,100,56013,29263,37398,35950],
            [69526,0,56357,67871,40845,96758,70008,78143,76696],
            [15612,56357,0,78212,94759,42844,65734,88485,51393],
            [27125,67871,78212,0,74352,54358,59460,99999,83452],
            [100,40845,94759,74352,0,27332,50221,72973,47533],
            [56013,96758,42844,54358,27332,0,56495,64631,63183],
            [29263,70008,65734,59460,50221,56495,0,69732,36433],
            [37398,78143,88485,99999,72973,64631,69732,0,73180],
            [35950,76696,51393,83452,47533,63183,36433,73180,0]
        ]
    },
    "vehicle_cost_per_km": [15,10,10,5,5,5,5,5,5],
    "vehicle_capacities": [15,15,15,30,30,30,30,30,30],
    "runs": [{
        "number_of_vehicles": 3,
        "avg_task_cost_vs_number_of_task": [15650,9660,7746.666666666667,6185,7060,6351.666666666667,5444.285714285715,4763.75,4234.444444444444,3811,3820.909090909091,3662.5,3830,3556.4285714285716,3534,3217.5,3375.8823529411766,3584.4444444444443,2996.315789473684,3165,3632.3809523809523,3065.4545454545455,3158.695652173913,3136.6666666666665,3192.4,3425,3251.8518518518517,3198.5714285714284,3111.7241379310344,3313]
    }]
}