{
    "vehicle_starting_positions": ["Brest","Paris","Marseille","Genève","Monaco","Le Havre","Bordeaux","Lyon","Strasbourg"],
    "task_distribution": {
        "distance_matrix": [
            [0,591,1373,1206,1598,787,1175,1057,1078],
            [591,0,782,615,1007,196,584,466,487],
            [1373,782,0,465,225,978,646,316,854],
            [1206,615,465,0,521,811,737,149,389],
            [1598,1007,225,521,0,1203,871,541,910],
            [787,196,978,811,1203,0,780,662,683],
            [1175,584,646,737,871,780,0,588,1071],
            [1057,466,316,149,541,662,588,0,538],
            [1078,487,854,389,910,683,1071,538,0]
        ],
        "weight_matrix": [
            [0,3,3,3,3,3,3,3,3],
            [3,0,3,3,3,3,3,3,3],
            [3,3,0,3,3,3,3,3,3],
            [3,3,3,0,3,3,3,3,3],
            [3,3,3,3,0,3,3,3,3],
            [3,3,3,3,3,0,3,3,3],
            [3,3,3,3,3,3,0,3,3],
            [3,3,3,3,3,3,3,0,3],
            [3,3,3,3,3,3,3,3,0]
        ],
        "probability_matrix": [
            [0,0.1470638807892786,0.05158296003498395,0.02443943016409084,0.15741300937979605,0.18958580306092226,0.19640505948480147,0.16346771761443993,0.07004213947168682],
            [0.12975428910183215,0,0.16767459295402198,0.16751112379202904,0.03169518529902591,0.1212435338026723,0.09302388772691725,0.16773333550104969,0.1213640518224518],
            [0.19719818018170263,0.1842237545201421,0,0.02250883845493605,0.1650158025392137,0.182719216786899,0.1083666770917184,0.003209282376550613,0.13675824804883752],
            [0.09141498068529842,0.10081694951520641,0.17265354891108603,0,0.024049783961851222,0.24801806606620092,0.12961708380782622,0.23025281792595584,0.003176769126574931],
            [0.2100528906128636,0.056205808148644815,0.3173464666508642,0.10166639583743639,0,0.062365453361623295,0.03531117532148594,0.05857262902285561,0.15847918104422618],
            [0.2081679728458798,0.12620940357401278,0.10536550041860819,0.14670083228958475,0.15990441943249153,0,0.06830231041048161,0.1488722101937882,0.03647735083515327],
            [0.21142464802639693,0.12206863993538887,0.16965285342339445,0.11613264201442347,0.019309329989106,0.15292535380879121,0,0.19526519777543508,0.013221335027064024],
            [0.19005691966776797,0.014593831724358223,0.023375307380986345,0.12471433203524182,0.07631799996071535,0.20487461128583617,0.2768563138751047,0,0.08921068406998955],
            [0.13490546405454804,0.006339901810356144,0.23938960075291923,0.22362961045401517,0.07698144647508802,0.1255240107607421,0.10872512015450975,0.0845048455378215,0]
        ],
        "city_names": ["Brest","Paris","Marseille","Genève","Monaco","Le Havre","Bordeaux","Lyon","Strasbourg"],
        "reward_matrix": [
            [0,69526,15612,27125,100,56013,29263,37398,35950],
            [69526,0,56357,67871,40845,96758,70008,78143,76696],
            [15612,56357,0,78212,94759,42844,65734,88485,51393],
            [27125,67871,78212,0,74352,54358,59460,99999,83452],
            [100,40845,94759,74352,0,27332,50221,72973,47533],
            [56013,96758,42844,54358,27332,0,56495,64631,63183],
            [29263,70008,65734,59460,50221,56495,0,69732,36433],
            [37398,78143,88485,99999,72973,64631,69732,0,73180],
            [35950,76696,51393,83452,47533,63183,36433,73180,0]
        ]
    },
    "vehicle_cost_per_km": [10,10,5,5,5,5,5,5,5],
    "vehicle_capacities": [10,10,10,30,30,30,30,30,30],
    "runs": [{
        "number_of_vehicles": 3,
        "avg_task_cost_vs_number_of_task": [11750,5875,5475,4938.75,4731,4054.1666666666665,3475,3402.5,3232.222222222222,2957,2764.090909090909,3045.8333333333335,3057.3076923076924,3055.3571428571427,3036,2965.9375,2923.235294117647,2830.5555555555557,2751.315789473684,2718,2750.714285714286,2709.5454545454545,2857.391304347826,2840.8333333333335,2642,2807.3076923076924,2740,2826.25,2788.103448275862,2865.3333333333335]
    }]
}