{
    "vehicle_starting_positions": ["Brest","Paris","Marseille","Genève","Monaco","Le Havre","Bordeaux","Lyon","Strasbourg"],
    "task_distribution": {
        "distance_matrix": [
            [0,591,1373,1206,1598,787,1175,1057,1078],
            [591,0,782,615,1007,196,584,466,487],
            [1373,782,0,465,225,978,646,316,854],
            [1206,615,465,0,521,811,737,149,389],
            [1598,1007,225,521,0,1203,871,541,910],
            [787,196,978,811,1203,0,780,662,683],
            [1175,584,646,737,871,780,0,588,1071],
            [1057,466,316,149,541,662,588,0,538],
            [1078,487,854,389,910,683,1071,538,0]
        ],
        "weight_matrix": [
            [0,3,3,3,3,3,3,3,3],
            [3,0,3,3,3,3,3,3,3],
            [3,3,0,3,3,3,3,3,3],
            [3,3,3,0,3,3,3,3,3],
            [3,3,3,3,0,3,3,3,3],
            [3,3,3,3,3,0,3,3,3],
            [3,3,3,3,3,3,0,3,3],
            [3,3,3,3,3,3,3,0,3],
            [3,3,3,3,3,3,3,3,0]
        ],
        "probability_matrix": [
            [0,0.014814133084096582,0.13054933353811898,0.22365471492342187,0.07299108094238095,0.1802555881394145,0.16528598013712048,0.1701372300999299,0.04231193913551669],
            [0.13046258976692185,0,0.09981810259126431,0.03339786058724495,0.18895457441916638,0.16015833827535314,0.1422839720883537,0.12676393320433296,0.1181606290673628],
            [0.2266270490835508,0.07128156651075197,0,0.03244616672274812,0.22080189852845558,0.09475065433918428,0.08795723218894051,0.1513328604479918,0.11480257217837707],
            [0.19194611802831005,0.07946934431043423,0.19217855536802286,0,0.1496741943589904,0.11956975969192724,0.11066768245233118,0.1482693610085465,0.00822498478143745],
            [0.16852490353203156,0.19214535546671846,0.16049300742615247,0.04183296806079109,0,0.07954642505383924,0.00277563232078289,0.19966574684628857,0.1550159612933956],
            [0.13199656869931428,0.19151622959674877,0.17717166284805247,0.17212772470916285,0.1431113246977062,0,0.025481526984031392,0.03825465438957866,0.12034030807540533],
            [0.05965914938775592,0.16899426823525007,0.147447916502454,0.2053947699849339,0.16331007603906478,0.07585159141586274,0,0.15664249601242197,0.02269973242225673],
            [0.084320523609166,0.16399130406944712,0.22393094213780726,0.029508444378683843,0.22809479442691155,0.14738549121423242,0.07266699919989404,0,0.05010150096385763],
            [0.014590280934792556,0.07500195802511955,0.2872029282777477,0.22270354059811512,0.10572481904196551,0.12105775585676525,0.1713280055346583,0.0023907117308361427,0]
        ],
        "city_names": ["Brest","Paris","Marseille","Genève","Monaco","Le Havre","Bordeaux","Lyon","Strasbourg"],
        "reward_matrix": [
            [0,69526,15612,27125,100,56013,29263,37398,35950],
            [69526,0,56357,67871,40845,96758,70008,78143,76696],
            [15612,56357,0,78212,94759,42844,65734,88485,51393],
            [27125,67871,78212,0,74352,54358,59460,99999,83452],
            [100,40845,94759,74352,0,27332,50221,72973,47533],
            [56013,96758,42844,54358,27332,0,56495,64631,63183],
            [29263,70008,65734,59460,50221,56495,0,69732,36433],
            [37398,78143,88485,99999,72973,64631,69732,0,73180],
            [35950,76696,51393,83452,47533,63183,36433,73180,0]
        ]
    },
    "vehicle_cost_per_km": [5,15,15,5,5,5,5,5,5],
    "vehicle_capacities": [5,5,5,30,30,30,30,30,30],
    "runs": [{
        "number_of_vehicles": 3,
        "avg_task_cost_vs_number_of_task": [5390,3675,5180,5605,4876,4150,4409.285714285715,4303.75,4295,4316,4447.272727272727,4635,4889.615384615385,5087.857142857143,5012.666666666667,5095.9375,5042.35294117647,5025.833333333333,4835.526315789473,4929.25,4701.9047619047615,4852.5,4725.652173913043,4818.75,4779.2,4878.653846153846,5078.7037037037035,4778.392857142857,4793.448275862069,4465.5]
    }]
}