{
    "vehicle_starting_positions": ["Brest","Paris","Marseille","Genève","Monaco","Le Havre","Bordeaux","Lyon","Strasbourg"],
    "task_distribution": {
        "distance_matrix": [
            [0,591,1373,1206,1598,787,1175,1057,1078],
            [591,0,782,615,1007,196,584,466,487],
            [1373,782,0,465,225,978,646,316,854],
            [1206,615,465,0,521,811,737,149,389],
            [1598,1007,225,521,0,1203,871,541,910],
            [787,196,978,811,1203,0,780,662,683],
            [1175,584,646,737,871,780,0,588,1071],
            [1057,466,316,149,541,662,588,0,538],
            [1078,487,854,389,910,683,1071,538,0]
        ],
        "weight_matrix": [
            [0,3,3,3,3,3,3,3,3],
            [3,0,3,3,3,3,3,3,3],
            [3,3,0,3,3,3,3,3,3],
            [3,3,3,0,3,3,3,3,3],
            [3,3,3,3,0,3,3,3,3],
            [3,3,3,3,3,0,3,3,3],
            [3,3,3,3,3,3,0,3,3],
            [3,3,3,3,3,3,3,0,3],
            [3,3,3,3,3,3,3,3,0]
        ],
        "probability_matrix": [
            [0,0.24512273995010028,0.008093218677488497,0.08150754938671226,0.25880753534909934,5.726414530328717E-4,0.0034311764365617067,0.1740162356265631,0.22844890312044203],
            [0.024264188059085395,0,0.017165917679724634,0.019422533209208455,0.10461527833208369,0.31869794194823275,0.11051373340263287,0.17766273735577934,0.22765767001325285],
            [0.08931788297901609,0.028700861397099927,0,0.13148676228998846,0.14378914843871973,0.11683267400103219,0.024472060881999505,0.18989692210902376,0.2755036879031203],
            [0.1807867765018589,0.024828800386709208,0.06237644074409011,0,0.061521490504769315,0.13185461646978835,0.18739929457358506,0.18567350162544172,0.1655590791937573],
            [0.11302150870265112,0.06971807765870071,0.2624031546576949,0.13976796619117005,0,0.3583722424045555,0.005339522021819654,0.046517472407536314,0.0048600559558716625],
            [0.23644552533150479,0.014064709680122025,0.1085769987047929,0.18439290189041171,0.02605992991938426,0,0.1705369449368902,0.14349630171040295,0.11642668782649117],
            [0.10868900963451956,0.015927676049788973,0.01264996332145904,0.30107511475927906,0.10655217050461019,0.1665356358630255,0,0.0037956409827533235,0.28477478888456426],
            [0.16614200474321703,0.17275274066538146,0.06302849471851603,0.044551970458244806,0.26416083726680545,0.011808621283685096,0.14672547509782324,0,0.13082985576632675],
            [0.20498048341762726,0.02811740416689904,0.20323958366056907,0.13987068721198126,0.08582131107363399,0.11652635015605708,0.056022910679625185,0.16542126963360715,0]
        ],
        "city_names": ["Brest","Paris","Marseille","Genève","Monaco","Le Havre","Bordeaux","Lyon","Strasbourg"],
        "reward_matrix": [
            [0,69526,15612,27125,100,56013,29263,37398,35950],
            [69526,0,56357,67871,40845,96758,70008,78143,76696],
            [15612,56357,0,78212,94759,42844,65734,88485,51393],
            [27125,67871,78212,0,74352,54358,59460,99999,83452],
            [100,40845,94759,74352,0,27332,50221,72973,47533],
            [56013,96758,42844,54358,27332,0,56495,64631,63183],
            [29263,70008,65734,59460,50221,56495,0,69732,36433],
            [37398,78143,88485,99999,72973,64631,69732,0,73180],
            [35950,76696,51393,83452,47533,63183,36433,73180,0]
        ]
    },
    "vehicle_cost_per_km": [5,5,5,5,5,5,5,5,5],
    "vehicle_capacities": [15,15,15,30,30,30,30,30,30],
    "runs": [{
        "number_of_vehicles": 3,
        "avg_task_cost_vs_number_of_task": [4915,5152.5,5108.333333333333,4076.25,3261,2880.8333333333335,2521.4285714285716,2206.25,2215,2185,2042.2727272727273,1848.75,1906.923076923077,2081.785714285714,2024,1942.1875,1827.9411764705883,1869.7222222222222,1737.8947368421052,1693.5,1695.952380952381,1580.4545454545455,1701.7391304347825,1727.2916666666667,1910.8,1693.8461538461538,1645.1851851851852,1574.642857142857,1748.2758620689656,1732.1666666666667]
    }]
}