{
    "vehicle_starting_positions": ["Lausanne","Genève","Sion","Neuchâtel","Bern","Basel","Fribourg","Zürich","Aarau","Luzern","St-Gallen","Thun"],
    "task_distribution": {
        "distance_matrix": [
            [0,90,150,100,150,290,100,320,260,350,440,190],
            [90,0,240,190,240,380,190,410,350,440,530,280],
            [150,240,0,220,160,300,210,330,270,360,450,120],
            [100,190,220,0,60,200,110,230,170,260,350,100],
            [150,240,160,60,0,140,50,170,110,200,290,40],
            [290,380,300,200,140,0,190,120,180,190,240,180],
            [100,190,210,110,50,190,0,220,160,250,340,90],
            [320,410,330,230,170,120,220,0,60,70,120,210],
            [260,350,270,170,110,180,160,60,0,90,180,150],
            [350,440,360,260,200,190,250,70,90,0,190,240],
            [440,530,450,350,290,240,340,120,180,190,0,330],
            [190,280,120,100,40,180,90,210,150,240,330,0]
        ],
        "weight_matrix": [
            [0,3,3,3,3,3,3,3,3,3,3,3],
            [3,0,3,3,3,3,3,3,3,3,3,3],
            [3,3,0,3,3,3,3,3,3,3,3,3],
            [3,3,3,0,3,3,3,3,3,3,3,3],
            [3,3,3,3,0,3,3,3,3,3,3,3],
            [3,3,3,3,3,0,3,3,3,3,3,3],
            [3,3,3,3,3,3,0,3,3,3,3,3],
            [3,3,3,3,3,3,3,0,3,3,3,3],
            [3,3,3,3,3,3,3,3,0,3,3,3],
            [3,3,3,3,3,3,3,3,3,0,3,3],
            [3,3,3,3,3,3,3,3,3,3,0,3],
            [3,3,3,3,3,3,3,3,3,3,3,0]
        ],
        "probability_matrix": [
            [0,0.031763971712382995,0.12174819968112584,0.07720230014716747,0.020887795278715017,0.10993637733375558,0.08107224423215047,0.13964041248187925,0.10287413910887024,0.10943599000626247,0.09845240107926398,0.10698616893842655],
            [0.09564660532355161,0,0.12137353793406211,0.1515029764468517,0.13768508052515468,0.15397418732967946,0.04467718813788487,0.0050558240199260925,0.04435920920475029,0.014687428024452937,0.13394606221368396,0.09709190084000209],
            [0.042282328749236306,0.1772737498225678,0,0.030444950360413676,0.05897747331789626,0.14844764059895937,0.035733094284672105,0.10440349509110491,0.023013029034542085,0.12101107567682136,0.0711002076111563,0.18731295545263005],
            [0.14278718346943367,0.014931349401756503,0.11147065064894619,0,0.04900567893828714,0.14239372537253986,0.1991842209753167,0.10361912478234774,0.0389515922781553,0.15630439993077994,0.020482933262577847,0.0208691409398592],
            [0.0025347817067564457,0.18293382873036076,0.08576368812573991,0.16280322101323588,0,0.05663667952055704,0.16811228626684233,0.05569469588860141,0.10079803601269836,0.027919456885099003,0.0939016666736361,0.06290165917647282],
            [0.1183169158530244,0.12792131074875301,0.06940265858456575,0.09810443927614095,0.10975904247019132,0,0.13081222783193597,0.035482653389573425,0.019383647878660225,0.07683183798126839,0.11892992007562113,0.09505534591026549],
            [0.1321710118564224,0.0909095398057766,0.0656028944346321,0.024636795733785438,0.05641389128985523,0.13292356671729452,0,0.048676276504035165,0.13098956272054377,0.08567013855179369,0.06765299076443072,0.1643533316214303],
            [0.007972553588253283,0.12782637038743147,0.18394117731860243,0.11464154782605014,0.10383465016055796,0.04047405215942112,0.03306649124911432,0,0.01478613145354467,0.20842355150957853,0.12318075090195714,0.041852723445488876],
            [0.13111595416265998,0.08631600277690579,0.060675229288575466,0.14441765307083,0.18683637011933985,0.06427331081127678,0.1786807168909,0.011189548840503978,0,0.002052568528771191,0.07637316287607794,0.05806948263415896],
            [0.1652768496726368,0.05137182944167436,0.09843802946420346,0.13190491087908546,0.005553922974381839,0.09980480400041833,0.06038098415114005,0.005002392201562709,0.10690522190682204,0,0.1545259783585605,0.12083507694951438],
            [0.1663138449308558,0.10013891207713818,0.12955076903164298,0.05908985100124339,0.08759666165333009,0.0754654169308539,0.02151412909693519,0.0459911112509965,0.12183744379463803,0.13653622039206198,0,0.05596563984030431],
            [0.14166901168241872,0.0910016506167919,0.07023210772856762,0.061544588514875695,0.1621287345777303,0.11160763468954829,0.1298233302928396,0.023017298790634022,0.022426110843965237,0.056653282587157204,0.1298962496754712,0]
        ],
        "city_names": ["Lausanne","Genève","Sion","Neuchâtel","Bern","Basel","Fribourg","Zürich","Aarau","Luzern","St-Gallen","Thun"],
        "reward_matrix": [
            [0,89805,77572,87766,77572,49030,87766,42913,55146,36797,18448,69417],
            [89805,0,59223,69417,59223,30681,69417,24565,36797,18448,100,51068],
            [77572,59223,0,63301,75533,46991,65340,40875,53107,34758,16410,83688],
            [87766,69417,63301,0,95921,67378,85727,61262,73495,55146,36797,87766],
            [77572,59223,75533,95921,0,79611,97960,73495,85727,67378,49030,99999],
            [49030,30681,46991,67378,79611,0,69417,83688,71456,69417,59223,71456],
            [87766,69417,65340,85727,97960,69417,0,63301,75533,57185,38836,89805],
            [42913,24565,40875,61262,73495,83688,63301,0,95921,93882,83688,65340],
            [55146,36797,53107,73495,85727,71456,75533,95921,0,89805,71456,77572],
            [36797,18448,34758,55146,67378,69417,57185,93882,89805,0,69417,59223],
            [18448,100,16410,36797,49030,59223,38836,83688,71456,69417,0,40875],
            [69417,51068,83688,87766,99999,71456,89805,65340,77572,59223,40875,0]
        ]
    },
    "vehicle_cost_per_km": [5,10,5,5,5,5,5,5,5,5,5,5],
    "vehicle_capacities": [5,5,5,30,30,30,30,30,30,30,30,30],
    "runs": [{
        "number_of_vehicles": 3,
        "avg_task_cost_vs_number_of_task": [950,1950,1483.3333333333333,1362.5,1400,1466.6666666666667,1500,1362.5,1216.6666666666667,1270,1350,1370.8333333333333,1388.4615384615386,1382.142857142857,1290,1293.75,1311.764705882353,1272.2222222222222,1263.157894736842,1265,1223.8095238095239,1259.090909090909,1245.6521739130435,1237.5,1220,1196.1538461538462,1179.6296296296296,1175,1168.9655172413793,1190]
    }]
}