{
    "vehicle_starting_positions": ["Lausanne","Genève","Sion","Neuchâtel","Bern","Basel","Fribourg","Zürich","Aarau","Luzern","St-Gallen","Thun"],
    "task_distribution": {
        "distance_matrix": [
            [0,90,150,100,150,290,100,320,260,350,440,190],
            [90,0,240,190,240,380,190,410,350,440,530,280],
            [150,240,0,220,160,300,210,330,270,360,450,120],
            [100,190,220,0,60,200,110,230,170,260,350,100],
            [150,240,160,60,0,140,50,170,110,200,290,40],
            [290,380,300,200,140,0,190,120,180,190,240,180],
            [100,190,210,110,50,190,0,220,160,250,340,90],
            [320,410,330,230,170,120,220,0,60,70,120,210],
            [260,350,270,170,110,180,160,60,0,90,180,150],
            [350,440,360,260,200,190,250,70,90,0,190,240],
            [440,530,450,350,290,240,340,120,180,190,0,330],
            [190,280,120,100,40,180,90,210,150,240,330,0]
        ],
        "weight_matrix": [
            [0,3,3,3,3,3,3,3,3,3,3,3],
            [3,0,3,3,3,3,3,3,3,3,3,3],
            [3,3,0,3,3,3,3,3,3,3,3,3],
            [3,3,3,0,3,3,3,3,3,3,3,3],
            [3,3,3,3,0,3,3,3,3,3,3,3],
            [3,3,3,3,3,0,3,3,3,3,3,3],
            [3,3,3,3,3,3,0,3,3,3,3,3],
            [3,3,3,3,3,3,3,0,3,3,3,3],
            [3,3,3,3,3,3,3,3,0,3,3,3],
            [3,3,3,3,3,3,3,3,3,0,3,3],
            [3,3,3,3,3,3,3,3,3,3,0,3],
            [3,3,3,3,3,3,3,3,3,3,3,0]
        ],
        "probability_matrix": [
            [0,0.11800330026698869,0.06614507928782705,0.1271178588795309,0.08643224994142466,0.022042618329659733,0.08730384395934526,0.043130869008484486,0.18422806369501696,0.062309124539335826,0.058295531976556646,0.14499146011582975],
            [0.09330134812982056,0,0.06762807637649747,0.06198230309364175,0.1319784615355184,0.1263505271010181,0.09612586761009043,0.10825887153284695,0.07707984900407545,0.058910350072117146,0.06297691324746268,0.1154074322969109],
            [0.12713638441902314,0.21395303328544812,0,0.024102262276628754,0.15276937717606034,0.039869060670468845,0.024095249110345145,0.009046863853893394,0.14248242672551203,0.08936292786018837,0.00294050516996625,0.1742419094524656],
            [0.005360802412630399,0.1423949142655489,0.13919993075460607,0,0.001412218322583977,0.1346180696740809,0.038478789104657705,0.12168823915878398,0.16394553528000166,0.09526068322705983,0.05625256557732936,0.10138825222271709],
            [0.12656997450469615,0.1441591091590001,0.022888618713916706,0.16335238330346114,0,0.003542908406242271,0.02623526950305568,0.016104316931399465,0.10900939746742305,0.16763489476809354,0.1975440273957962,0.022959099846915625],
            [0.08405970312788028,0.07159025533771707,0.11019045034867758,0.04592205592132075,0.036618518197058345,0,0.11800275104992128,0.1463400372080654,0.044570450287729026,0.11448750810770729,0.11709488660559866,0.1111233838083243],
            [0.17556874004537648,0.025010441148454764,0.1194968131631568,0.13467930351581942,0.014128669345148417,0.0924382930530935,0,0.058900324066433904,0.06024541565557153,0.13502824609556205,0.15569636161382674,0.028807392297556366],
            [0.028861493218451918,0.05114055185039714,0.05879709955053785,0.14618552640854948,0.03410270311705021,0.1045238960883679,0.07723500146781437,0,0.11870293142093756,0.13641504710489102,0.12749609557982744,0.11653965419317527],
            [0.11644874363888258,0.169355621189335,0.08754340242068559,0.1661734447319163,0.0033256488181685824,0.017969648584000807,0.15183870239134195,0.0347449184755471,0,0.1357773365428772,0.04337121759402316,0.07345131561322157],
            [0.060927296350483794,0.08637627494427157,0.07708160607327763,0.059428953506971055,0.10064159888790958,0.1522098056556877,0.11346149593552718,0.06405790109177699,0.010063410030152617,0,0.16135851114203173,0.11439314638191031],
            [0.14179105459918856,0.13921835655800452,0.10565952641005696,0.08463514829388083,0.01424336157670568,0.02515963940979538,0.12569020940952488,0.04796880480002451,0.09664283862557761,0.09939894832776532,0,0.1195921119894755],
            [0.06989194875966101,0.03201506278542654,0.15381533741892428,0.08177868494480167,0.01683501000339577,0.12290619041997587,0.019103605498787073,0.08164263244589862,0.1831743751818342,0.05763896163183536,0.18119819090945974,0]
        ],
        "city_names": ["Lausanne","Genève","Sion","Neuchâtel","Bern","Basel","Fribourg","Zürich","Aarau","Luzern","St-Gallen","Thun"],
        "reward_matrix": [
            [0,89805,77572,87766,77572,49030,87766,42913,55146,36797,18448,69417],
            [89805,0,59223,69417,59223,30681,69417,24565,36797,18448,100,51068],
            [77572,59223,0,63301,75533,46991,65340,40875,53107,34758,16410,83688],
            [87766,69417,63301,0,95921,67378,85727,61262,73495,55146,36797,87766],
            [77572,59223,75533,95921,0,79611,97960,73495,85727,67378,49030,99999],
            [49030,30681,46991,67378,79611,0,69417,83688,71456,69417,59223,71456],
            [87766,69417,65340,85727,97960,69417,0,63301,75533,57185,38836,89805],
            [42913,24565,40875,61262,73495,83688,63301,0,95921,93882,83688,65340],
            [55146,36797,53107,73495,85727,71456,75533,95921,0,89805,71456,77572],
            [36797,18448,34758,55146,67378,69417,57185,93882,89805,0,69417,59223],
            [18448,100,16410,36797,49030,59223,38836,83688,71456,69417,0,40875],
            [69417,51068,83688,87766,99999,71456,89805,65340,77572,59223,40875,0]
        ]
    },
    "vehicle_cost_per_km": [10,10,5,5,5,5,5,5,5,5,5,5],
    "vehicle_capacities": [15,15,15,30,30,30,30,30,30,30,30,30],
    "runs": [{
        "number_of_vehicles": 3,
        "avg_task_cost_vs_number_of_task": [2650,2025,1650,1237.5,990,858.3333333333334,850,743.75,694.4444444444445,690,645.4545454545455,600,776.9230769230769,889.2857142857143,806.6666666666666,684.375,729.4117647058823,641.6666666666666,652.6315789473684,700,664.2857142857143,702.2727272727273,676.0869565217391,627.0833333333334,706,692.3076923076923,607.4074074074074,689.2857142857143,703.448275862069,741.6666666666666]
    }]
}