{
    "vehicle_starting_positions": ["Lausanne","Genève","Sion","Neuchâtel","Bern","Basel","Fribourg","Zürich","Aarau","Luzern","St-Gallen","Thun"],
    "task_distribution": {
        "distance_matrix": [
            [0,90,150,100,150,290,100,320,260,350,440,190],
            [90,0,240,190,240,380,190,410,350,440,530,280],
            [150,240,0,220,160,300,210,330,270,360,450,120],
            [100,190,220,0,60,200,110,230,170,260,350,100],
            [150,240,160,60,0,140,50,170,110,200,290,40],
            [290,380,300,200,140,0,190,120,180,190,240,180],
            [100,190,210,110,50,190,0,220,160,250,340,90],
            [320,410,330,230,170,120,220,0,60,70,120,210],
            [260,350,270,170,110,180,160,60,0,90,180,150],
            [350,440,360,260,200,190,250,70,90,0,190,240],
            [440,530,450,350,290,240,340,120,180,190,0,330],
            [190,280,120,100,40,180,90,210,150,240,330,0]
        ],
        "weight_matrix": [
            [0,3,3,3,3,3,3,3,3,3,3,3],
            [3,0,3,3,3,3,3,3,3,3,3,3],
            [3,3,0,3,3,3,3,3,3,3,3,3],
            [3,3,3,0,3,3,3,3,3,3,3,3],
            [3,3,3,3,0,3,3,3,3,3,3,3],
            [3,3,3,3,3,0,3,3,3,3,3,3],
            [3,3,3,3,3,3,0,3,3,3,3,3],
            [3,3,3,3,3,3,3,0,3,3,3,3],
            [3,3,3,3,3,3,3,3,0,3,3,3],
            [3,3,3,3,3,3,3,3,3,0,3,3],
            [3,3,3,3,3,3,3,3,3,3,0,3],
            [3,3,3,3,3,3,3,3,3,3,3,0]
        ],
        "probability_matrix": [
            [0,0.026291689635950834,0.0647138125617772,0.08918692727666878,0.1938367907420229,0.02899530018971579,0.177821219159742,0.1927117454944995,0.09355841480690918,0.030330874851954202,0.011264637961089435,0.0912885873196703],
            [0.11195554148384186,0,0.07174969263909038,0.05121003434420986,0.1174964795062579,0.056082556619442635,0.11180412593547491,0.13624070031687052,0.13347141821028233,0.06350417204358962,0.12106765492988687,0.0254176239710531],
            [0.14411342053771797,0.08531637378304685,0,0.025273657338431413,0.1447842921696098,0.13462808500067236,0.026067878217330292,0.06271301544127644,0.05366070092281626,0.13303543003183171,0.11453349029439687,0.0758736562628701],
            [0.21406614019658202,0.0020026664096178775,0.01720657731002597,0,0.12235885148345346,0.17339223458606828,0.08583368445220554,0.05823162967552906,0.075992721211277,0.03962581072027396,0.18331647315625654,0.02797321079871039],
            [0.1299786936840447,0.08319425030922152,0.05373684287753208,0.08912928714973227,0,0.10048056922687801,0.09253396158376162,0.17136043401392212,0.0055939864367553875,0.091570756297611,0.14202650895354665,0.04039470946699451],
            [0.15036540707990523,0.09854636605480106,0.009799555693821658,0.07543607616419358,0.14279306364995883,0,0.13823219701118603,0.10388355631423984,0.14367044932263517,0.0769418578572965,0.01898069662144068,0.04135077423052157],
            [0.17710896347951818,0.01250347357077331,0.12115619956597322,0.01432284592376217,0.09368551575077647,0.018442732558435652,0,0.13469748923853314,0.11767015849806706,0.22833016568398642,0.04062185679518674,0.04146059893498774],
            [0.13196207969396936,0.016607643723817588,0.1572116942065801,0.0061609769095789,0.04752533772679337,0.20407052513555107,0.037241876575018006,0,0.09091696005159813,0.17274764535983816,0.13138030885775412,0.00417495175950125],
            [0.1401454204712351,0.08568581295357564,0.02141577923392324,0.14397222610434496,0.02862414162973566,0.09795430960039535,0.12012101648248874,0.14068948905140202,0,0.12920963766293345,0.06506242796657709,0.027119738843388815],
            [0.20237772444978674,0.10134755685074945,0.025128686878332286,0.04162207696901537,0.0726940613806925,0.0263082340155036,0.10753672676284905,0.07022254546274105,0.00930784710883523,0,0.22311323691951115,0.12034130320198343],
            [0.018438139037240356,0.04270455209391297,0.13524881658624635,0.09147934565358418,0.12367531333509335,0.10713606020284322,0.08674206466151341,0.020353362564811194,0.15346942798133928,0.15827539510739438,0,0.06247752277602152],
            [0.05659783772472007,0.07606019124236343,0.11326621979262294,0.09775130225001952,0.0707155661463583,0.10175555776362204,0.037830662605004645,0.03452139799261313,0.15642229056702006,0.13943145982458607,0.11564751409106984,0]
        ],
        "city_names": ["Lausanne","Genève","Sion","Neuchâtel","Bern","Basel","Fribourg","Zürich","Aarau","Luzern","St-Gallen","Thun"],
        "reward_matrix": [
            [0,89805,77572,87766,77572,49030,87766,42913,55146,36797,18448,69417],
            [89805,0,59223,69417,59223,30681,69417,24565,36797,18448,100,51068],
            [77572,59223,0,63301,75533,46991,65340,40875,53107,34758,16410,83688],
            [87766,69417,63301,0,95921,67378,85727,61262,73495,55146,36797,87766],
            [77572,59223,75533,95921,0,79611,97960,73495,85727,67378,49030,99999],
            [49030,30681,46991,67378,79611,0,69417,83688,71456,69417,59223,71456],
            [87766,69417,65340,85727,97960,69417,0,63301,75533,57185,38836,89805],
            [42913,24565,40875,61262,73495,83688,63301,0,95921,93882,83688,65340],
            [55146,36797,53107,73495,85727,71456,75533,95921,0,89805,71456,77572],
            [36797,18448,34758,55146,67378,69417,57185,93882,89805,0,69417,59223],
            [18448,100,16410,36797,49030,59223,38836,83688,71456,69417,0,40875],
            [69417,51068,83688,87766,99999,71456,89805,65340,77572,59223,40875,0]
        ]
    },
    "vehicle_cost_per_km": [5,10,5,5,5,5,5,5,5,5,5,5],
    "vehicle_capacities": [10,10,10,30,30,30,30,30,30,30,30,30],
    "runs": [{
        "number_of_vehicles": 3,
        "avg_task_cost_vs_number_of_task": [2900,2425,1633.3333333333333,1412.5,1130,1108.3333333333333,950,831.25,800,750,740.9090909090909,658.3333333333334,626.9230769230769,632.1428571428571,693.3333333333334,671.875,635.2941176470588,641.6666666666666,610.5263157894736,567.5,576.1904761904761,540.9090909090909,606.5217391304348,635.4166666666666,616,648.0769230769231,603.7037037037037,607.1428571428571,620.6896551724138,716.6666666666666]
    }]
}