{
    "vehicle_starting_positions": ["Lausanne","Genève","Sion","Neuchâtel","Bern","Basel","Fribourg","Zürich","Aarau","Luzern","St-Gallen","Thun"],
    "task_distribution": {
        "distance_matrix": [
            [0,90,150,100,150,290,100,320,260,350,440,190],
            [90,0,240,190,240,380,190,410,350,440,530,280],
            [150,240,0,220,160,300,210,330,270,360,450,120],
            [100,190,220,0,60,200,110,230,170,260,350,100],
            [150,240,160,60,0,140,50,170,110,200,290,40],
            [290,380,300,200,140,0,190,120,180,190,240,180],
            [100,190,210,110,50,190,0,220,160,250,340,90],
            [320,410,330,230,170,120,220,0,60,70,120,210],
            [260,350,270,170,110,180,160,60,0,90,180,150],
            [350,440,360,260,200,190,250,70,90,0,190,240],
            [440,530,450,350,290,240,340,120,180,190,0,330],
            [190,280,120,100,40,180,90,210,150,240,330,0]
        ],
        "weight_matrix": [
            [0,3,3,3,3,3,3,3,3,3,3,3],
            [3,0,3,3,3,3,3,3,3,3,3,3],
            [3,3,0,3,3,3,3,3,3,3,3,3],
            [3,3,3,0,3,3,3,3,3,3,3,3],
            [3,3,3,3,0,3,3,3,3,3,3,3],
            [3,3,3,3,3,0,3,3,3,3,3,3],
            [3,3,3,3,3,3,0,3,3,3,3,3],
            [3,3,3,3,3,3,3,0,3,3,3,3],
            [3,3,3,3,3,3,3,3,0,3,3,3],
            [3,3,3,3,3,3,3,3,3,0,3,3],
            [3,3,3,3,3,3,3,3,3,3,0,3],
            [3,3,3,3,3,3,3,3,3,3,3,0]
        ],
        "probability_matrix": [
            [0,0.05692888295579602,0.1478148400340862,0.08541935658858815,0.061923615813779226,0.03899288022526155,0.046219923561789715,0.0711878693074008,0.09368066611964593,0.144081711089977,0.14421199747246988,0.10953825683120536],
            [0.12435079566624564,0,0.1383181303706754,0.05488733687101483,0.14266647790963946,0.036119431546377874,0.07354672749633981,0.06059374361853923,0.036491941908071375,0.10922422229818758,0.10613271562299129,0.11766847669191777],
            [0.05762449978321196,0.03384252734503034,0,0.059988712134595425,0.018886445007131537,0.12315373885795855,0.08341846895288053,0.12133774872335651,0.08711138858128342,0.17513114724064194,0.15593696565176163,0.08356835772214807],
            [0.030529079143771686,0.1129858249749812,0.13204063596279533,0,0.07242454147245406,0.08048616400725571,0.047190475397301736,0.10211434932536359,0.05441429766429637,0.1344341324776452,0.08470222401619208,0.14867827555794313],
            [0.03184281810472991,0.15815851666678682,0.06784464856850597,0.014228878300724808,0,0.16464792411388082,0.17444050046738022,0.022514210770757975,0.1810218278055433,0.0848334687300682,0.03179316131396725,0.06867404515765457],
            [0.0029811698134600776,0.14906752030450027,0.15002119200722672,0.10445902800823925,0.023904560421530704,0,0.07084779000114205,0.07191381545541731,0.07906858828538406,0.1437160276450197,0.08175090670982361,0.12226940134825617],
            [0.08209412783006713,0.08116338675866201,0.005743646536366165,0.11175072132384484,0.13034438764385364,0.07662932714970085,0,0.10399511825694208,0.061320488920711125,0.10744077148262,0.13072309031304005,0.10879493378419217],
            [0.030482077091261002,0.027654392795373517,0.10547691759721185,0.11977167093389808,0.1458474091310328,0.11658266029991675,0.06616882143027356,0,0.1279609273256412,0.0660095393690361,0.10584497416338327,0.0882006098629721],
            [0.1457714579658694,0.042128370155959535,0.07618777189397853,0.04116998556194998,0.1378112125223355,0.1505849454855683,0.019608466681962613,0.070329229884386,0,0.093798336709133,0.09555594524666297,0.12705427789219423],
            [0.026200162958780856,0.1757072099140093,0.08904484898982688,0.026419839300328873,0.0988992640405577,0.16906323871996054,0.14900045115697658,0.008613257222037487,0.12936185006207843,0,0.11484341729340103,0.01284646034204235],
            [0.12450099161392476,0.16983684091361897,0.08999213746374125,0.12296529149100385,0.012131986764103235,0.15897263147860655,0.09687988461233632,0.08091159852656075,0.015588946697920558,0.009400491046161915,0,0.11881919939202189],
            [0.07321247932476609,0.11340566886027093,0.15162401822145452,0.13935872035651206,0.09394000351234522,0.202104669974645,0.009089070838072805,0.019338783780693054,0.04542433581056971,0.11726101709553385,0.03524123222513668,0]
        ],
        "city_names": ["Lausanne","Genève","Sion","Neuchâtel","Bern","Basel","Fribourg","Zürich","Aarau","Luzern","St-Gallen","Thun"],
        "reward_matrix": [
            [0,89805,77572,87766,77572,49030,87766,42913,55146,36797,18448,69417],
            [89805,0,59223,69417,59223,30681,69417,24565,36797,18448,100,51068],
            [77572,59223,0,63301,75533,46991,65340,40875,53107,34758,16410,83688],
            [87766,69417,63301,0,95921,67378,85727,61262,73495,55146,36797,87766],
            [77572,59223,75533,95921,0,79611,97960,73495,85727,67378,49030,99999],
            [49030,30681,46991,67378,79611,0,69417,83688,71456,69417,59223,71456],
            [87766,69417,65340,85727,97960,69417,0,63301,75533,57185,38836,89805],
            [42913,24565,40875,61262,73495,83688,63301,0,95921,93882,83688,65340],
            [55146,36797,53107,73495,85727,71456,75533,95921,0,89805,71456,77572],
            [36797,18448,34758,55146,67378,69417,57185,93882,89805,0,69417,59223],
            [18448,100,16410,36797,49030,59223,38836,83688,71456,69417,0,40875],
            [69417,51068,83688,87766,99999,71456,89805,65340,77572,59223,40875,0]
        ]
    },
    "vehicle_cost_per_km": [5,15,15,5,5,5,5,5,5,5,5,5],
    "vehicle_capacities": [5,5,5,30,30,30,30,30,30,30,30,30],
    "runs": [{
        "number_of_vehicles": 3,
        "avg_task_cost_vs_number_of_task": [4850,3025,2316.6666666666665,2200,2220,1933.3333333333333,1771.4285714285713,2031.25,2094.4444444444443,1925,1840.909090909091,1708.3333333333333,1688.4615384615386,1685.7142857142858,1726.6666666666667,1778.125,1838.235294117647,1819.4444444444443,1747.3684210526317,1732.5,1623.8095238095239,1700,1695.6521739130435,1750,1706,1684.6153846153845,1640.7407407407406,1683.9285714285713,1693.103448275862,1656.6666666666667]
    }]
}