{
    "vehicle_starting_positions": ["Lausanne","Genève","Sion","Neuchâtel","Bern","Basel","Fribourg","Zürich","Aarau","Luzern","St-Gallen","Thun"],
    "task_distribution": {
        "distance_matrix": [
            [0,90,150,100,150,290,100,320,260,350,440,190],
            [90,0,240,190,240,380,190,410,350,440,530,280],
            [150,240,0,220,160,300,210,330,270,360,450,120],
            [100,190,220,0,60,200,110,230,170,260,350,100],
            [150,240,160,60,0,140,50,170,110,200,290,40],
            [290,380,300,200,140,0,190,120,180,190,240,180],
            [100,190,210,110,50,190,0,220,160,250,340,90],
            [320,410,330,230,170,120,220,0,60,70,120,210],
            [260,350,270,170,110,180,160,60,0,90,180,150],
            [350,440,360,260,200,190,250,70,90,0,190,240],
            [440,530,450,350,290,240,340,120,180,190,0,330],
            [190,280,120,100,40,180,90,210,150,240,330,0]
        ],
        "weight_matrix": [
            [0,3,3,3,3,3,3,3,3,3,3,3],
            [3,0,3,3,3,3,3,3,3,3,3,3],
            [3,3,0,3,3,3,3,3,3,3,3,3],
            [3,3,3,0,3,3,3,3,3,3,3,3],
            [3,3,3,3,0,3,3,3,3,3,3,3],
            [3,3,3,3,3,0,3,3,3,3,3,3],
            [3,3,3,3,3,3,0,3,3,3,3,3],
            [3,3,3,3,3,3,3,0,3,3,3,3],
            [3,3,3,3,3,3,3,3,0,3,3,3],
            [3,3,3,3,3,3,3,3,3,0,3,3],
            [3,3,3,3,3,3,3,3,3,3,0,3],
            [3,3,3,3,3,3,3,3,3,3,3,0]
        ],
        "probability_matrix": [
            [0,0.030142422367178404,0.0543050439776844,0.10629527819994868,0.10724428474107428,0.1306230247947561,0.14695385952498768,0.04253058211443094,0.03160650022012175,0.1477504213481942,0.15072211586790552,0.05182646684371826],
            [0.02408064904272382,0,0.1923462049974708,0.0019364582935683236,0.0893517912669824,0.043288218605702256,0.08885666535386737,0.19205497826071513,0.03519322329610837,0.08434736870759123,0.18567512051372986,0.06286932166154051],
            [0.11551087058046532,0.0464468026170931,0,0.1218535988936632,0.0528090862454635,0.13327951541458113,0.049982367075265016,0.1026627796965645,0.06374381172512524,0.10495465757258818,0.07841616753935705,0.13034034263983388],
            [0.09041418564823277,0.07641750970393918,0.004752963103186156,0,0.03985770755924292,0.10426349669949705,0.168872664122768,0.027361308455429882,0.15271287908853018,0.09010598852507122,0.16020743520021305,0.08503386189388945],
            [0.08070736911659498,0.14741307826743924,0.11871564584294138,0.008320366073785468,0,0.06100583696701098,0.0055709331013110526,0.1863225518095378,0.11165382357021393,0.059931961645845834,0.0852647992875988,0.13509363431772048],
            [0.12949138891249257,0.06659758530483013,0.11319355933376418,0.14658683713639684,0.06690300530820324,0,0.06831251496877523,0.12195825110906601,0.010848851306475634,0.0605316377634517,0.06188998480485544,0.15368638405168902],
            [0.007136997179747511,0.07723842047707041,0.07006526232081844,0.026221605997402562,0.02396738007030193,0.11959385321782064,0,0.1785827276816113,0.1397842706418274,0.07017725408902906,0.03441608657998996,0.2528161417443808],
            [0.06092027087340962,0.18946781791823833,0.027917601057864307,0.06528252749723187,0.038865795731808726,0.11134094933473536,0.1220068768771675,0,0.1867124765839742,0.006361978916411871,0.07327511758953047,0.11784858761962763],
            [0.05445850986869304,0.03400381754855997,0.03970723736203364,0.23137370927712286,0.043341753794716414,0.013089961171549057,0.2193870317945022,0.04407375113397308,0,0.042987714034919196,0.25049505819953627,0.027081455814394372],
            [0.10971280360285218,0.040650355669092364,0.11843980739160959,0.10730759260519075,0.05287802581052128,0.08903738725712795,0.02708871654372144,0.13430573228676954,0.006110561689873189,0,0.14703211064527594,0.16743690649796586],
            [0.049364377827645196,0.08603290626477397,0.04890229488082708,0.05718878475850585,0.0201248810337064,0.11770430737102393,0.09176857162347223,0.07893476463631645,0.16649544792996995,0.17071427076357973,0,0.11276939291017922],
            [0.004234218677614992,0.200941650522993,0.06595890939323486,0.05494826923466426,0.05112728173823646,0.19211706163253545,0.10137807098595893,0.11692382476358222,0.133596292981769,0.02155848473517614,0.05721593533423456,0]
        ],
        "city_names": ["Lausanne","Genève","Sion","Neuchâtel","Bern","Basel","Fribourg","Zürich","Aarau","Luzern","St-Gallen","Thun"],
        "reward_matrix": [
            [0,89805,77572,87766,77572,49030,87766,42913,55146,36797,18448,69417],
            [89805,0,59223,69417,59223,30681,69417,24565,36797,18448,100,51068],
            [77572,59223,0,63301,75533,46991,65340,40875,53107,34758,16410,83688],
            [87766,69417,63301,0,95921,67378,85727,61262,73495,55146,36797,87766],
            [77572,59223,75533,95921,0,79611,97960,73495,85727,67378,49030,99999],
            [49030,30681,46991,67378,79611,0,69417,83688,71456,69417,59223,71456],
            [87766,69417,65340,85727,97960,69417,0,63301,75533,57185,38836,89805],
            [42913,24565,40875,61262,73495,83688,63301,0,95921,93882,83688,65340],
            [55146,36797,53107,73495,85727,71456,75533,95921,0,89805,71456,77572],
            [36797,18448,34758,55146,67378,69417,57185,93882,89805,0,69417,59223],
            [18448,100,16410,36797,49030,59223,38836,83688,71456,69417,0,40875],
            [69417,51068,83688,87766,99999,71456,89805,65340,77572,59223,40875,0]
        ]
    },
    "vehicle_cost_per_km": [5,10,5,5,5,5,5,5,5,5,5,5],
    "vehicle_capacities": [15,15,15,30,30,30,30,30,30,30,30,30],
    "runs": [{
        "number_of_vehicles": 3,
        "avg_task_cost_vs_number_of_task": [1550,2150,1816.6666666666667,1362.5,1090,916.6666666666666,892.8571428571429,781.25,844.4444444444445,810,750,720.8333333333334,634.6153846153846,664.2857142857143,646.6666666666666,581.25,582.3529411764706,644.4444444444445,610.5263157894736,585,571.4285714285714,627.2727272727273,639.1304347826087,622.9166666666666,574,573.0769230769231,592.5925925925926,589.2857142857143,617.2413793103449,601.6666666666666]
    }]
}