{
    "vehicle_starting_positions": ["Lausanne","Genève","Sion","Neuchâtel","Bern","Basel","Fribourg","Zürich","Aarau","Luzern","St-Gallen","Thun"],
    "task_distribution": {
        "distance_matrix": [
            [0,90,150,100,150,290,100,320,260,350,440,190],
            [90,0,240,190,240,380,190,410,350,440,530,280],
            [150,240,0,220,160,300,210,330,270,360,450,120],
            [100,190,220,0,60,200,110,230,170,260,350,100],
            [150,240,160,60,0,140,50,170,110,200,290,40],
            [290,380,300,200,140,0,190,120,180,190,240,180],
            [100,190,210,110,50,190,0,220,160,250,340,90],
            [320,410,330,230,170,120,220,0,60,70,120,210],
            [260,350,270,170,110,180,160,60,0,90,180,150],
            [350,440,360,260,200,190,250,70,90,0,190,240],
            [440,530,450,350,290,240,340,120,180,190,0,330],
            [190,280,120,100,40,180,90,210,150,240,330,0]
        ],
        "weight_matrix": [
            [0,3,3,3,3,3,3,3,3,3,3,3],
            [3,0,3,3,3,3,3,3,3,3,3,3],
            [3,3,0,3,3,3,3,3,3,3,3,3],
            [3,3,3,0,3,3,3,3,3,3,3,3],
            [3,3,3,3,0,3,3,3,3,3,3,3],
            [3,3,3,3,3,0,3,3,3,3,3,3],
            [3,3,3,3,3,3,0,3,3,3,3,3],
            [3,3,3,3,3,3,3,0,3,3,3,3],
            [3,3,3,3,3,3,3,3,0,3,3,3],
            [3,3,3,3,3,3,3,3,3,0,3,3],
            [3,3,3,3,3,3,3,3,3,3,0,3],
            [3,3,3,3,3,3,3,3,3,3,3,0]
        ],
        "probability_matrix": [
            [0,0.15788854797277577,0.048079723831804505,0.03789121190444344,0.006310679251416097,0.2027385567151967,0.12158531026073004,0.003265820730632828,0.021578339980136075,0.19592912896615244,0.091744222266693,0.1129884581200192],
            [0.109379615504503,0,0.16638348094653624,0.05760308070235106,0.10049896053755467,0.013624160154821936,0.1362690861222803,0.006211641886995597,0.005553635638741897,0.12087628581727979,0.1727365971929508,0.11086345549598486],
            [0.004931799895862194,0.08257266938586556,0,0.13686304090791782,0.05544414667087962,0.0014145774327797764,0.10506046505529734,0.15434176734282562,0.02716492656320359,0.14884261627858345,0.154717699657596,0.12864629080918907],
            [0.03498877088729357,0.1288497079115947,0.015325865828787462,0,0.018010389971287528,0.09753894543710226,0.21665066868067556,0.0583558165290235,0.0565757287604198,0.12255292825853799,0.12418980076775157,0.12696137696752605],
            [0.06831022278701687,0.12197100856216704,0.05083296152060163,0.06237466438195652,0,0.05767443145292764,0.05906941236063314,0.17425483674551107,0.08890172479033598,0.08647613427326176,0.1554880059552701,0.07464659717031832],
            [0.16255285018487775,0.14810332764279366,0.1090330813643647,0.10786753188742927,0.005883028870033853,0,0.1393631184924476,0.0353063011514826,0.030849478591493538,0.1073020364815984,0.14202195100542853,0.011717294328050087],
            [0.027967296714589425,0.20163254669066996,0.026873046277995583,0.206502048779544,0.020161060697826135,0.010307454320991737,0,0.053975923919790725,0.1400988196243589,0.1396470390963173,0.14326851201689095,0.029566251861025447],
            [0.0708786034435601,0.08815957874604259,0.08162863138217416,0.09108967735533016,0.055793806326566775,0.058041152061573925,0.12235407820540152,0,0.12903811214823097,0.14884265943609104,0.009680077503669143,0.14449362339135963],
            [0.001101756926855553,0.13002512314260334,0.07419282506887895,0.03455013710189299,0.17133974744754218,0.07070696760398075,0.08825405899370817,0.13446580073299627,0,0.12336204001810416,0.04631277102003804,0.12568877194339956],
            [0.08402298775996647,0.07148734071272751,0.13656446657589155,0.03304513029190819,0.10842068545202425,0.04510525867013603,0.14064099589018644,0.12672386595873456,0.05299713388262431,0,0.12387065363399612,0.07712148117180471],
            [0.09042334817043138,0.15893794811418516,0.09302445940818688,0.0840361412019952,0.0079598058850082,0.012462172839561516,0.14925188999449798,0.18149187787459195,0.014581217201259666,0.049404468585575664,0,0.15842667072470645],
            [0.015605140042835293,0.21388764099646787,0.21009544710028902,0.14913501202888443,0.0056834690179170776,0.03415508425316651,0.16843214322742667,0.07305667384219736,0.0949824646827547,0.02579930451697968,0.009167620291081539,0]
        ],
        "city_names": ["Lausanne","Genève","Sion","Neuchâtel","Bern","Basel","Fribourg","Zürich","Aarau","Luzern","St-Gallen","Thun"],
        "reward_matrix": [
            [0,89805,77572,87766,77572,49030,87766,42913,55146,36797,18448,69417],
            [89805,0,59223,69417,59223,30681,69417,24565,36797,18448,100,51068],
            [77572,59223,0,63301,75533,46991,65340,40875,53107,34758,16410,83688],
            [87766,69417,63301,0,95921,67378,85727,61262,73495,55146,36797,87766],
            [77572,59223,75533,95921,0,79611,97960,73495,85727,67378,49030,99999],
            [49030,30681,46991,67378,79611,0,69417,83688,71456,69417,59223,71456],
            [87766,69417,65340,85727,97960,69417,0,63301,75533,57185,38836,89805],
            [42913,24565,40875,61262,73495,83688,63301,0,95921,93882,83688,65340],
            [55146,36797,53107,73495,85727,71456,75533,95921,0,89805,71456,77572],
            [36797,18448,34758,55146,67378,69417,57185,93882,89805,0,69417,59223],
            [18448,100,16410,36797,49030,59223,38836,83688,71456,69417,0,40875],
            [69417,51068,83688,87766,99999,71456,89805,65340,77572,59223,40875,0]
        ]
    },
    "vehicle_cost_per_km": [5,10,5,5,5,5,5,5,5,5,5,5],
    "vehicle_capacities": [10,10,10,30,30,30,30,30,30,30,30,30],
    "runs": [{
        "number_of_vehicles": 3,
        "avg_task_cost_vs_number_of_task": [3550,2100,1566.6666666666667,1337.5,1070,1016.6666666666666,1000,950,1200,1150,1109.090909090909,1070.8333333333333,1130.7692307692307,1053.5714285714287,1060,1006.25,1005.8823529411765,983.3333333333334,928.9473684210526,937.5,938.0952380952381,931.8181818181819,1000,970.8333333333334,946,959.6153846153846,987.0370370370371,973.2142857142857,994.8275862068965,1006.6666666666666]
    }]
}