{
    "vehicle_starting_positions": ["Lausanne","Genève","Sion","Neuchâtel","Bern","Basel","Fribourg","Zürich","Aarau","Luzern","St-Gallen","Thun"],
    "task_distribution": {
        "distance_matrix": [
            [0,90,150,100,150,290,100,320,260,350,440,190],
            [90,0,240,190,240,380,190,410,350,440,530,280],
            [150,240,0,220,160,300,210,330,270,360,450,120],
            [100,190,220,0,60,200,110,230,170,260,350,100],
            [150,240,160,60,0,140,50,170,110,200,290,40],
            [290,380,300,200,140,0,190,120,180,190,240,180],
            [100,190,210,110,50,190,0,220,160,250,340,90],
            [320,410,330,230,170,120,220,0,60,70,120,210],
            [260,350,270,170,110,180,160,60,0,90,180,150],
            [350,440,360,260,200,190,250,70,90,0,190,240],
            [440,530,450,350,290,240,340,120,180,190,0,330],
            [190,280,120,100,40,180,90,210,150,240,330,0]
        ],
        "weight_matrix": [
            [0,3,3,3,3,3,3,3,3,3,3,3],
            [3,0,3,3,3,3,3,3,3,3,3,3],
            [3,3,0,3,3,3,3,3,3,3,3,3],
            [3,3,3,0,3,3,3,3,3,3,3,3],
            [3,3,3,3,0,3,3,3,3,3,3,3],
            [3,3,3,3,3,0,3,3,3,3,3,3],
            [3,3,3,3,3,3,0,3,3,3,3,3],
            [3,3,3,3,3,3,3,0,3,3,3,3],
            [3,3,3,3,3,3,3,3,0,3,3,3],
            [3,3,3,3,3,3,3,3,3,0,3,3],
            [3,3,3,3,3,3,3,3,3,3,0,3],
            [3,3,3,3,3,3,3,3,3,3,3,0]
        ],
        "probability_matrix": [
            [0,0.10349244918159914,0.15557527238000826,0.1270110057810899,0.11585546891832466,0.008673470886253483,0.0779343305496118,0.14139153813696292,0.08265522655360501,0.10686465105557405,0.07876146682804396,0.0017851197289268975],
            [0.08175852726334086,0,0.018381850785269396,0.14676938170487488,0.0425327890724401,0.14914687654954625,0.05680703850258664,0.11607009390672215,0.16337251827646027,0.03441488576219649,0.1629455249257051,0.027800513250857594],
            [0.09989248918981303,0.09950106633242081,0,0.0520289740502096,0.11632987697178711,0.0208175396445155,0.08069450848654953,0.1232433302307599,0.11998224507324341,0.13035064643072267,0.07833866872782956,0.07882065486214873],
            [0.05486804370843618,0.09231929642829677,0.1348893760262605,0,0.1270069146323707,0.1009539988232137,0.13092969446885153,0.007498175679965175,0.07004697877988876,0.14081694447001536,0.10596172019375723,0.03470885678894421],
            [0.014704981751656052,0.09261648735383073,0.10810896438199472,0.0029973778903623336,0,0.15551139229013874,0.19629342166831196,7.129400541773753E-4,0.16650724642335538,0.12279094830942407,0.06851271170551745,0.07124352817123117],
            [0.10513515841499971,0.16795146023477153,0.21431071783572794,0.10957283440735123,0.05290561052236286,0,0.013276361706067835,0.08091978530130017,0.010994804051778712,0.2033360753311059,0.010378276249697985,0.031218915944836067],
            [0.17814487153407899,0.09179594578133958,0.04349542294261883,0.05776430419327639,0.13687049154217729,0.1366998327639602,0,0.10306599818066,0.001859454833683387,0.13363655227702215,0.10626425805422583,0.010402867896957341],
            [0.03434662231995296,0.07940889127581233,0.07300413474503202,0.17113050187811363,0.15447022681839362,0.03846034352116303,0.080441924291955,0,0.08438290822769365,0.007241276807228443,0.17411551075922976,0.10299765935542549],
            [0.075696605573479,0.06365731173977013,0.10191639356938045,0.00230600601989691,0.09875519455881557,0.08319971252974272,0.10251494994933177,0.12255591939356936,0,0.12538553060944183,0.09170635501847875,0.13230602103809352],
            [0.09826188920385719,0.012085637410596768,0.1254229901731257,0.11915343640902461,0.0456823237547251,0.026755863129877558,0.1077952819448434,0.06577234598920144,0.12933473249626534,0,0.1145018339822032,0.15523366550627962],
            [0.051110666903673684,0.15554538234140744,0.026511189257644938,0.08591284248253905,0.11434985736925883,0.11158624183110438,0.05642100255761855,0.1016847523124151,0.03377838367119229,0.1630227261768284,0,0.10007695509631728],
            [0.09910196010488187,0.04106950511839695,0.14026761156038545,0.09484615446298245,0.02705532670281619,0.13531136501052543,0.12597991640205292,0.011279776387978082,0.12429818832864399,0.07553981009450413,0.12525038582683248,0]
        ],
        "city_names": ["Lausanne","Genève","Sion","Neuchâtel","Bern","Basel","Fribourg","Zürich","Aarau","Luzern","St-Gallen","Thun"],
        "reward_matrix": [
            [0,89805,77572,87766,77572,49030,87766,42913,55146,36797,18448,69417],
            [89805,0,59223,69417,59223,30681,69417,24565,36797,18448,100,51068],
            [77572,59223,0,63301,75533,46991,65340,40875,53107,34758,16410,83688],
            [87766,69417,63301,0,95921,67378,85727,61262,73495,55146,36797,87766],
            [77572,59223,75533,95921,0,79611,97960,73495,85727,67378,49030,99999],
            [49030,30681,46991,67378,79611,0,69417,83688,71456,69417,59223,71456],
            [87766,69417,65340,85727,97960,69417,0,63301,75533,57185,38836,89805],
            [42913,24565,40875,61262,73495,83688,63301,0,95921,93882,83688,65340],
            [55146,36797,53107,73495,85727,71456,75533,95921,0,89805,71456,77572],
            [36797,18448,34758,55146,67378,69417,57185,93882,89805,0,69417,59223],
            [18448,100,16410,36797,49030,59223,38836,83688,71456,69417,0,40875],
            [69417,51068,83688,87766,99999,71456,89805,65340,77572,59223,40875,0]
        ]
    },
    "vehicle_cost_per_km": [5,15,15,5,5,5,5,5,5,5,5,5],
    "vehicle_capacities": [5,5,5,30,30,30,30,30,30,30,30,30],
    "runs": [{
        "number_of_vehicles": 3,
        "avg_task_cost_vs_number_of_task": [1800,1850,2683.3333333333335,2425,1940,1616.6666666666667,1928.5714285714287,1762.5,1783.3333333333333,1760,1663.6363636363637,1550,1476.923076923077,1575,1536.6666666666667,1556.25,1650,1611.111111111111,1586.842105263158,1615,1583.3333333333333,1636.3636363636363,1600,1650,1710,1648.076923076923,1720.3703703703704,1650,1555.1724137931035,1643.3333333333333]
    }]
}