{
    "vehicle_starting_positions": ["Lausanne","Genève","Sion","Neuchâtel","Bern","Basel","Fribourg","Zürich","Aarau","Luzern","St-Gallen","Thun"],
    "task_distribution": {
        "distance_matrix": [
            [0,90,150,100,150,290,100,320,260,350,440,190],
            [90,0,240,190,240,380,190,410,350,440,530,280],
            [150,240,0,220,160,300,210,330,270,360,450,120],
            [100,190,220,0,60,200,110,230,170,260,350,100],
            [150,240,160,60,0,140,50,170,110,200,290,40],
            [290,380,300,200,140,0,190,120,180,190,240,180],
            [100,190,210,110,50,190,0,220,160,250,340,90],
            [320,410,330,230,170,120,220,0,60,70,120,210],
            [260,350,270,170,110,180,160,60,0,90,180,150],
            [350,440,360,260,200,190,250,70,90,0,190,240],
            [440,530,450,350,290,240,340,120,180,190,0,330],
            [190,280,120,100,40,180,90,210,150,240,330,0]
        ],
        "weight_matrix": [
            [0,3,3,3,3,3,3,3,3,3,3,3],
            [3,0,3,3,3,3,3,3,3,3,3,3],
            [3,3,0,3,3,3,3,3,3,3,3,3],
            [3,3,3,0,3,3,3,3,3,3,3,3],
            [3,3,3,3,0,3,3,3,3,3,3,3],
            [3,3,3,3,3,0,3,3,3,3,3,3],
            [3,3,3,3,3,3,0,3,3,3,3,3],
            [3,3,3,3,3,3,3,0,3,3,3,3],
            [3,3,3,3,3,3,3,3,0,3,3,3],
            [3,3,3,3,3,3,3,3,3,0,3,3],
            [3,3,3,3,3,3,3,3,3,3,0,3],
            [3,3,3,3,3,3,3,3,3,3,3,0]
        ],
        "probability_matrix": [
            [0,0.1636457836758899,0.026747155650985777,0.031184887362518232,0.05993146743564492,0.020017753728891946,0.225779853325859,0.1434919769793405,0.11171478273005818,0.06426524321554745,0.016655360331781804,0.13656573556348203],
            [0.023802923440704348,0,0.015634672682115026,0.14636982129605836,0.15475684264069298,0.0970682278172485,0.047325500150039064,0.08563195679530208,0.18537032731155578,0.1287762250656858,0.00818275161139599,0.10708075118920199],
            [0.14260735350740605,0.09734873255603514,0,0.040294855554233074,0.08014903903893994,0.05890215579743588,0.11858370527873889,0.024112754306371914,0.14225477770461786,0.059723891101164765,0.1421230150818129,0.09389972007324357],
            [0.06935228502805113,0.15065837183220174,0.1625239669274719,0,0.12748723197044956,0.03404825166953946,0.20680172428037713,1.0480468452948333E-6,0.14637506374814005,0.0024547431822451154,0.07361537313069967,0.026681940183978747],
            [0.06468479536879473,0.1215404447229149,0.15222983604560852,0.06434048479236527,0,0.06937924119516406,0.07976469881002865,0.09845136300299569,0.15818751248080845,0.1265336826582946,0.03645825722966528,0.028429683693359995],
            [0.040167266883023994,0.049613752585882805,0.0033938097101630775,0.12949092194068945,0.1306690687900369,0,0.12632049921350913,0.05304069168155441,0.07241573555872376,0.1684468744321577,0.12744664268596959,0.09899473651828906],
            [0.04768078406366707,0.015337973178617915,0.15277447374587055,0.04899668635934205,0.057242617144826424,0.03362337430476159,0,0.1343894504321709,0.08985216497196882,0.17316124606442077,0.08498257645862584,0.16195865327572814],
            [0.02923496548242572,0.08891028165891335,0.09076720633278682,0.07948905443025746,0.10338987942017792,0.09395788878704268,0.1497757721380389,0,0.1641566545203021,0.010620218297949617,0.04253974154152626,0.14715833739057935],
            [0.03347839202762746,0.0985882089518091,0.10445294119551791,0.14337741342142124,0.07556949190121971,0.06314000293499579,0.12704482900586944,0.14673068516699336,0,0.0675975457507672,0.05482511790234967,0.08519537174142923],
            [0.008370451193727665,0.12895311349632327,0.08646386994192641,0.06904687761363398,0.08918707526643163,0.1444845631168634,0.07948898189554553,0.048813620274539886,0.15779946526116667,0,0.03817755538191441,0.1492144265579269],
            [0.08194680125672801,0.19182918002351873,0.12765621743387046,0.04282163913163901,0.16932705399589285,0.018597792170035043,0.08886229229661843,0.08998792310775092,0.032794780319820235,0.060957382282851184,0,0.0952189379812753],
            [0.0685524164532815,0.12859840994371516,0.05675837466011049,0.002989056700529774,0.15305886779688405,0.08124193541831878,0.030659882524709848,0.08356061641962398,0.051914646547067435,0.17422355044449428,0.16844224309126485,0]
        ],
        "city_names": ["Lausanne","Genève","Sion","Neuchâtel","Bern","Basel","Fribourg","Zürich","Aarau","Luzern","St-Gallen","Thun"],
        "reward_matrix": [
            [0,89805,77572,87766,77572,49030,87766,42913,55146,36797,18448,69417],
            [89805,0,59223,69417,59223,30681,69417,24565,36797,18448,100,51068],
            [77572,59223,0,63301,75533,46991,65340,40875,53107,34758,16410,83688],
            [87766,69417,63301,0,95921,67378,85727,61262,73495,55146,36797,87766],
            [77572,59223,75533,95921,0,79611,97960,73495,85727,67378,49030,99999],
            [49030,30681,46991,67378,79611,0,69417,83688,71456,69417,59223,71456],
            [87766,69417,65340,85727,97960,69417,0,63301,75533,57185,38836,89805],
            [42913,24565,40875,61262,73495,83688,63301,0,95921,93882,83688,65340],
            [55146,36797,53107,73495,85727,71456,75533,95921,0,89805,71456,77572],
            [36797,18448,34758,55146,67378,69417,57185,93882,89805,0,69417,59223],
            [18448,100,16410,36797,49030,59223,38836,83688,71456,69417,0,40875],
            [69417,51068,83688,87766,99999,71456,89805,65340,77572,59223,40875,0]
        ]
    },
    "vehicle_cost_per_km": [15,5,15,5,5,5,5,5,5,5,5,5],
    "vehicle_capacities": [10,10,10,30,30,30,30,30,30,30,30,30],
    "runs": [{
        "number_of_vehicles": 3,
        "avg_task_cost_vs_number_of_task": [3500,2450,1900,1425,1250,1241.6666666666667,1128.5714285714287,987.5,1005.5555555555555,1090,1100,1075,1092.3076923076924,935.7142857142857,886.6666666666666,984.375,952.9411764705883,958.3333333333334,981.578947368421,970,997.6190476190476,897.7272727272727,1004.3478260869565,937.5,996,1009.6153846153846,975.925925925926,975,967.2413793103449,995]
    }]
}