{
    "vehicle_starting_positions": ["Lausanne","Genève","Sion","Neuchâtel","Bern","Basel","Fribourg","Zürich","Aarau","Luzern","St-Gallen","Thun"],
    "task_distribution": {
        "distance_matrix": [
            [0,90,150,100,150,290,100,320,260,350,440,190],
            [90,0,240,190,240,380,190,410,350,440,530,280],
            [150,240,0,220,160,300,210,330,270,360,450,120],
            [100,190,220,0,60,200,110,230,170,260,350,100],
            [150,240,160,60,0,140,50,170,110,200,290,40],
            [290,380,300,200,140,0,190,120,180,190,240,180],
            [100,190,210,110,50,190,0,220,160,250,340,90],
            [320,410,330,230,170,120,220,0,60,70,120,210],
            [260,350,270,170,110,180,160,60,0,90,180,150],
            [350,440,360,260,200,190,250,70,90,0,190,240],
            [440,530,450,350,290,240,340,120,180,190,0,330],
            [190,280,120,100,40,180,90,210,150,240,330,0]
        ],
        "weight_matrix": [
            [0,3,3,3,3,3,3,3,3,3,3,3],
            [3,0,3,3,3,3,3,3,3,3,3,3],
            [3,3,0,3,3,3,3,3,3,3,3,3],
            [3,3,3,0,3,3,3,3,3,3,3,3],
            [3,3,3,3,0,3,3,3,3,3,3,3],
            [3,3,3,3,3,0,3,3,3,3,3,3],
            [3,3,3,3,3,3,0,3,3,3,3,3],
            [3,3,3,3,3,3,3,0,3,3,3,3],
            [3,3,3,3,3,3,3,3,0,3,3,3],
            [3,3,3,3,3,3,3,3,3,0,3,3],
            [3,3,3,3,3,3,3,3,3,3,0,3],
            [3,3,3,3,3,3,3,3,3,3,3,0]
        ],
        "probability_matrix": [
            [0,0.07230482140332853,0.006342519914404516,0.16718525252912256,0.08000370387063817,0.09257600883382108,0.028109668735684643,0.1239328203689855,0.15822750503080646,0.16262187503380554,0.03760241003205919,0.0710934142473437],
            [0.1093716899984741,0,0.19144205533076494,0.1881697333475054,0.038504055140629614,0.005424972680402514,0.1327706436046774,0.07719382640674577,0.21578246826220082,0.031600530603495595,3.725595219566673E-4,0.009367465103147291],
            [0.10564694597016704,0.15755730726886588,0,0.10504910864637412,0.021058178185331542,0.11375923145426899,0.01897968516863803,0.06846050892752677,0.12361985536224368,0.05354259122705809,0.13221142994209253,0.10011515784743327],
            [0.16244735821122602,0.004340130911479587,0.19236279394868677,0,0.11700526990894719,0.004795636589538836,0.014375404596546912,0.17278212285218109,0.08577969928789615,0.007639624045587383,0.19848899607637618,0.03998296357153387],
            [0.11072098794521466,0.13709201409333469,0.11608145384256342,0.08559992119019552,0,0.0015687877709372206,0.1809831682784971,0.06807669974589557,0.07677670039233053,0.009006639292349515,0.03206952587881216,0.1820241015698695],
            [0.05732412999612217,0.10879093319132269,0.06634739068148832,0.14929561795867877,0.13641428742604436,0,0.07343782370532403,0.19435890475963855,0.01136758336018446,0.09111392739870602,0.08215651865112714,0.02939288287136333],
            [0.018739704495698915,0.14531668665934294,0.15043789895085383,0.04970675156759817,0.09131942292450682,0.07940130769012908,0,0.07325574309837388,0.004576007570098727,0.1518302382315076,0.10007973996147713,0.13533649885041313],
            [0.059839406672669196,0.03336460188227344,0.04256822178574307,0.04479837238079706,0.12027808499304105,0.08886535823188128,0.163824112678155,0,0.09065009220479986,0.08587752761699004,0.19128996470941967,0.0786442568442303],
            [0.10128066970634343,0.1617725097696949,0.06657980694070044,0.09099552435795522,0.11478787954452095,0.06646704065990036,0.021520637954695266,0.1681513570861423,0,0.14050881505483057,0.04198920343472757,0.02594655549048923],
            [0.02542555584442421,0.15208640016565864,0.09061983515415362,0.1620012689917591,0.11669501796440834,0.1346036471983348,0.03326304182954139,0.026116039306592554,0.05134546340855184,0,0.10762540825624721,0.10021832188032832],
            [0.03533014929920679,0.08669519660004985,0.20276354314153086,0.09160290189870425,0.0226725260505066,0.052658883846273825,0.025770616523100042,0.15224481573983956,0.06439215051967943,0.11066158870949791,0,0.1552076276716108],
            [0.032453663970241825,0.020137138734679007,0.10801457533183216,0.10524006497925875,0.15746214433366273,0.1266745518378391,0.09406820950574435,0.07810966139596326,0.09828715707523629,0.04942676173669321,0.13012607109884922,0]
        ],
        "city_names": ["Lausanne","Genève","Sion","Neuchâtel","Bern","Basel","Fribourg","Zürich","Aarau","Luzern","St-Gallen","Thun"],
        "reward_matrix": [
            [0,89805,77572,87766,77572,49030,87766,42913,55146,36797,18448,69417],
            [89805,0,59223,69417,59223,30681,69417,24565,36797,18448,100,51068],
            [77572,59223,0,63301,75533,46991,65340,40875,53107,34758,16410,83688],
            [87766,69417,63301,0,95921,67378,85727,61262,73495,55146,36797,87766],
            [77572,59223,75533,95921,0,79611,97960,73495,85727,67378,49030,99999],
            [49030,30681,46991,67378,79611,0,69417,83688,71456,69417,59223,71456],
            [87766,69417,65340,85727,97960,69417,0,63301,75533,57185,38836,89805],
            [42913,24565,40875,61262,73495,83688,63301,0,95921,93882,83688,65340],
            [55146,36797,53107,73495,85727,71456,75533,95921,0,89805,71456,77572],
            [36797,18448,34758,55146,67378,69417,57185,93882,89805,0,69417,59223],
            [18448,100,16410,36797,49030,59223,38836,83688,71456,69417,0,40875],
            [69417,51068,83688,87766,99999,71456,89805,65340,77572,59223,40875,0]
        ]
    },
    "vehicle_cost_per_km": [5,15,10,5,5,5,5,5,5,5,5,5],
    "vehicle_capacities": [15,15,15,30,30,30,30,30,30,30,30,30],
    "runs": [{
        "number_of_vehicles": 3,
        "avg_task_cost_vs_number_of_task": [2000,1325,1633.3333333333333,1450,1160,1050,928.5714285714286,812.5,727.7777777777778,760,772.7272727272727,766.6666666666666,765.3846153846154,739.2857142857143,750,693.75,797.0588235294117,688.8888888888889,778.9473684210526,727.5,726.1904761904761,706.8181818181819,741.304347826087,729.1666666666666,742,755.7692307692307,788.8888888888889,701.7857142857143,694.8275862068965,705]
    }]
}