{
    "vehicle_starting_positions": ["Lausanne","Genève","Sion","Neuchâtel","Bern","Basel","Fribourg","Zürich","Aarau","Luzern","St-Gallen","Thun"],
    "task_distribution": {
        "distance_matrix": [
            [0,90,150,100,150,290,100,320,260,350,440,190],
            [90,0,240,190,240,380,190,410,350,440,530,280],
            [150,240,0,220,160,300,210,330,270,360,450,120],
            [100,190,220,0,60,200,110,230,170,260,350,100],
            [150,240,160,60,0,140,50,170,110,200,290,40],
            [290,380,300,200,140,0,190,120,180,190,240,180],
            [100,190,210,110,50,190,0,220,160,250,340,90],
            [320,410,330,230,170,120,220,0,60,70,120,210],
            [260,350,270,170,110,180,160,60,0,90,180,150],
            [350,440,360,260,200,190,250,70,90,0,190,240],
            [440,530,450,350,290,240,340,120,180,190,0,330],
            [190,280,120,100,40,180,90,210,150,240,330,0]
        ],
        "weight_matrix": [
            [0,3,3,3,3,3,3,3,3,3,3,3],
            [3,0,3,3,3,3,3,3,3,3,3,3],
            [3,3,0,3,3,3,3,3,3,3,3,3],
            [3,3,3,0,3,3,3,3,3,3,3,3],
            [3,3,3,3,0,3,3,3,3,3,3,3],
            [3,3,3,3,3,0,3,3,3,3,3,3],
            [3,3,3,3,3,3,0,3,3,3,3,3],
            [3,3,3,3,3,3,3,0,3,3,3,3],
            [3,3,3,3,3,3,3,3,0,3,3,3],
            [3,3,3,3,3,3,3,3,3,0,3,3],
            [3,3,3,3,3,3,3,3,3,3,0,3],
            [3,3,3,3,3,3,3,3,3,3,3,0]
        ],
        "probability_matrix": [
            [0,0.05409872446386017,0.18211578598272646,0.08266927054254607,0.0748253418321455,0.10628725945985071,0.1580368538178142,0.011610451498257157,0.17833462473025938,0.001959528554254804,0.04178168855767026,0.10828047056061536],
            [0.1208719659194241,0,0.12009313977140433,0.13793006368171484,0.02812887943412909,0.12511397717381606,0.020687143786411444,0.03173295603002588,0.09006780847426558,0.08157521471739794,0.11751472318399532,0.12628412782741535],
            [0.08822639988104682,0.13922372086570714,0,0.04170990371657969,0.06653580507830148,0.13795928653492828,0.12342967618030837,0.04105970773198254,0.012956990046784215,0.07624644902415487,0.10449419725163837,0.16815786368856836],
            [0.09205147181330672,0.13669405761099707,0.1261262001236262,0,0.09040473944233048,0.024582003787546006,0.09743994538788553,0.058449686596724885,0.12411882799121751,0.1428644245755096,0.05540900998367655,0.051859632687179656],
            [0.07390005117255717,0.08810578366175927,0.13574485059581481,0.09147588995738143,0,0.07914198740565291,0.12516919840299845,0.16166775942838896,0.0942965875977134,0.12390144572287991,0.014008474102427162,0.012587971952426506],
            [0.05434173521479711,0.03787261040001314,0.09207824906228915,0.06859868050525873,0.0306865361292414,0,0.15175069018083606,0.16297865945090675,0.11935159790289414,0.08570909484745608,0.15799533299454926,0.03863681331175817],
            [0.10166924744116856,0.06384441684871037,0.018083709817360016,0.10615565450952859,0.08825380617969121,0.17569621932080073,0,0.1467787548623694,0.11676736965765154,0.057243741153048394,0.006254180660308939,0.11925289954936225],
            [0.003221299916527611,0.04499505748758645,0.10709189668010798,0.09290021606090827,0.1547690658431987,0.0763114793427598,0.13999302630241492,0,0.07827578992701921,0.09175089659130728,0.10459169657315318,0.10609957527501648],
            [0.10386767132096487,0.04309430969972087,0.12093654661871234,0.14223311555080853,0.10528744495963986,0.04769069471426534,0.07753945156041787,0.14643662567152074,0,0.06344835503105899,0.05370096581721801,0.09576481905567266],
            [0.024286428598757372,0.021160023671913684,0.07802036784214673,0.167479616876547,0.04544850868069086,0.09858781475276868,0.07820741295279436,0.14628939815115571,0.11336749504683283,0,0.12247510653472081,0.10467782689167196],
            [0.12064960193830725,0.13702960197906738,0.06993072475810112,0.09935190281855216,0.029954244634424997,0.0603879052528197,0.06361505262973376,0.11056653963739471,0.11550346382586238,0.05027843265635318,0,0.14273252986938348],
            [0.01712765536528676,0.13741921807894275,0.10486957569098572,0.07202015463022797,0.14555182720195753,0.10082551202737383,0.03781575020100476,0.1625457904367894,0.06768305335913213,0.011758155920143721,0.14238330708815547,0]
        ],
        "city_names": ["Lausanne","Genève","Sion","Neuchâtel","Bern","Basel","Fribourg","Zürich","Aarau","Luzern","St-Gallen","Thun"],
        "reward_matrix": [
            [0,89805,77572,87766,77572,49030,87766,42913,55146,36797,18448,69417],
            [89805,0,59223,69417,59223,30681,69417,24565,36797,18448,100,51068],
            [77572,59223,0,63301,75533,46991,65340,40875,53107,34758,16410,83688],
            [87766,69417,63301,0,95921,67378,85727,61262,73495,55146,36797,87766],
            [77572,59223,75533,95921,0,79611,97960,73495,85727,67378,49030,99999],
            [49030,30681,46991,67378,79611,0,69417,83688,71456,69417,59223,71456],
            [87766,69417,65340,85727,97960,69417,0,63301,75533,57185,38836,89805],
            [42913,24565,40875,61262,73495,83688,63301,0,95921,93882,83688,65340],
            [55146,36797,53107,73495,85727,71456,75533,95921,0,89805,71456,77572],
            [36797,18448,34758,55146,67378,69417,57185,93882,89805,0,69417,59223],
            [18448,100,16410,36797,49030,59223,38836,83688,71456,69417,0,40875],
            [69417,51068,83688,87766,99999,71456,89805,65340,77572,59223,40875,0]
        ]
    },
    "vehicle_cost_per_km": [15,5,5,5,5,5,5,5,5,5,5,5],
    "vehicle_capacities": [15,15,15,30,30,30,30,30,30,30,30,30],
    "runs": [{
        "number_of_vehicles": 3,
        "avg_task_cost_vs_number_of_task": [1800,1600,1383.3333333333333,1562.5,1500,1250,1071.4285714285713,937.5,894.4444444444445,830,777.2727272727273,691.6666666666666,696.1538461538462,642.8571428571429,620,615.625,576.4705882352941,575,626.3157894736842,582.5,571.4285714285714,602.2727272727273,532.6086956521739,610.4166666666666,602,625,479.6296296296296,510.7142857142857,570.6896551724138,566.6666666666666]
    }]
}