{
    "vehicle_starting_positions": ["Amsterdam","Rotterdam","Den Haag","Utrecht","Eindhoven","Almere","Groningen","Nijmegen","Breda","Apeldoorn"],
    "task_distribution": {
        "distance_matrix": [
            [0,90.6,65.2,45.6,137.5,31.9,185.9,132,119.1,90.2],
            [90.6,0,25.4,62.3,110.8,105.6,259.6,112,48.6,129.3],
            [65.2,25.4,0,87.7,136.2,97.1,251.1,137.4,74,154.7],
            [45.6,62.3,87.7,0,91.9,43.3,197.3,86.4,73.5,67],
            [137.5,110.8,136.2,91.9,0,135.2,268.3,70.2,62.2,127.3],
            [31.9,105.6,97.1,43.3,135.2,0,154,129.7,116.8,80.1],
            [185.9,259.6,251.1,197.3,268.3,154,0,198.1,270.8,141],
            [132,112,137.4,86.4,70.2,129.7,198.1,0,96.2,57.1],
            [119.1,48.6,74,73.5,62.2,116.8,270.8,96.2,0,140.5],
            [90.2,129.3,154.7,67,127.3,80.1,141,57.1,140.5,0]
        ],
        "weight_matrix": [
            [0,3,3,3,3,3,3,3,3,3],
            [3,0,3,3,3,3,3,3,3,3],
            [3,3,0,3,3,3,3,3,3,3],
            [3,3,3,0,3,3,3,3,3,3],
            [3,3,3,3,0,3,3,3,3,3],
            [3,3,3,3,3,0,3,3,3,3],
            [3,3,3,3,3,3,0,3,3,3],
            [3,3,3,3,3,3,3,0,3,3],
            [3,3,3,3,3,3,3,3,0,3],
            [3,3,3,3,3,3,3,3,3,0]
        ],
        "probability_matrix": [
            [0,0.13733739661997,0.16004004894460291,0.08725076642954913,0.10510323833281425,0.2215500634260228,0.018270632270869353,0.013921616570558739,0.1661241555422573,0.0904020818633555],
            [0.08723886659220273,0,0.15426895184178893,0.07145289002898554,0.13066105792777516,0.07288163203243168,0.19834414775716117,0.14471228677942805,0.062404616966787896,0.07803555007343886],
            [0.0023105694191539526,0.11386430175239108,0,0.1774119823900463,0.12373650003160715,0.004557257778824394,0.18072419629221237,0.1258392048501689,0.1092633242969685,0.16229266318862723],
            [0.19644242952946656,0.1219450206226872,0.11547740136184531,0,0.04021865576177142,0.11080252680534672,0.06776631074982206,0.0751649631501045,0.18662316661594255,0.08555952540301351],
            [0.21515033261332242,0.16598876977215224,0.12562119761815785,0.020404132551667495,0,0.12463007583599107,0.10036637326170211,0.10367025189204755,0.10160983095807964,0.04255903549687961],
            [0.07165497871630692,0.2024722321577634,0.026234370322779227,0.2140201231990914,0.0875370434873891,0,0.0010672762295847657,0.1853427598575597,0.12657980530343452,0.08509141072609089],
            [0.01940978783897592,0.18134283148232466,0.21238146154533694,0.10067973684934899,0.06475590360705107,0.10078524492987347,0,0.0067347774550980235,0.08589620115022678,0.2280140551417642],
            [0.008366186659989472,0.11381170870457397,0.018182454552047703,0.14334288528807795,0.11047686603292833,0.14416978743865666,0.05820562964150046,0,0.19281118543735282,0.21063329624487281],
            [0.10336297183742862,0.0837655163178696,0.19639384413633715,0.0035356986667574477,0.025535182642003083,0.07249410720787516,0.18142730898642115,0.2351746154375279,0,0.09831075476777976],
            [0.13749441449791358,0.06620052872780476,0.03436037273894841,0.0620811391597386,0.04608846436559975,0.20097069545142085,0.14080987773600895,0.20682401893213212,0.10517048839043294,0]
        ],
        "city_names": ["Amsterdam","Rotterdam","Den Haag","Utrecht","Eindhoven","Almere","Groningen","Nijmegen","Breda","Apeldoorn"],
        "reward_matrix": [
            [0,73456,83796,91775,54364,97352,34661,56603,61855,73619],
            [73456,0,99999,84977,65233,67350,4659,64745,90554,57702],
            [83796,99999,0,74637,54893,70810,8119,54405,80214,47362],
            [91775,84977,74637,0,72927,92712,30020,75166,80418,83064],
            [54364,65233,54893,72927,0,55300,1117,81761,85018,58516],
            [97352,67350,70810,92712,55300,0,47647,57539,62791,77731],
            [34661,4659,8119,30020,1117,47647,0,29695,100,52939],
            [56603,64745,54405,75166,81761,57539,29695,0,71177,87094],
            [61855,90554,80214,80418,85018,62791,100,71177,0,53143],
            [73619,57702,47362,83064,58516,77731,52939,87094,53143,0]
        ]
    },
    "vehicle_cost_per_km": [15,5,5,5,5,5,5,5,5,5],
    "vehicle_capacities": [5,5,5,5,20,30,30,30,30,30],
    "runs": [{
        "number_of_vehicles": 3,
        "avg_task_cost_vs_number_of_task": [1255.5,1034.75,1041.8333333333333,951.4999999999999,1044.9,962.3333333333331,942.2142857142857,893.7499999999998,849.8888888888888,808.1999999999999,852.7272727272727,860.6666666666666,842.3846153846151,863.2857142857141,841.7666666666665,824.84375,887.9705882352941,940.75,898.3421052631577,877.325,870.5714285714286,857.0454545454545,827.7826086956521,820.4583333333331,813.96,781.5,764.9999999999999,769.5714285714286,796.3620689655172,783.7500000000002]
    }]
}