{
    "vehicle_starting_positions": ["Amsterdam","Rotterdam","Den Haag","Utrecht","Eindhoven","Almere","Groningen","Nijmegen","Breda","Apeldoorn"],
    "task_distribution": {
        "distance_matrix": [
            [0,90.6,65.2,45.6,137.5,31.9,185.9,132,119.1,90.2],
            [90.6,0,25.4,62.3,110.8,105.6,259.6,112,48.6,129.3],
            [65.2,25.4,0,87.7,136.2,97.1,251.1,137.4,74,154.7],
            [45.6,62.3,87.7,0,91.9,43.3,197.3,86.4,73.5,67],
            [137.5,110.8,136.2,91.9,0,135.2,268.3,70.2,62.2,127.3],
            [31.9,105.6,97.1,43.3,135.2,0,154,129.7,116.8,80.1],
            [185.9,259.6,251.1,197.3,268.3,154,0,198.1,270.8,141],
            [132,112,137.4,86.4,70.2,129.7,198.1,0,96.2,57.1],
            [119.1,48.6,74,73.5,62.2,116.8,270.8,96.2,0,140.5],
            [90.2,129.3,154.7,67,127.3,80.1,141,57.1,140.5,0]
        ],
        "weight_matrix": [
            [0,3,3,3,3,3,3,3,3,3],
            [3,0,3,3,3,3,3,3,3,3],
            [3,3,0,3,3,3,3,3,3,3],
            [3,3,3,0,3,3,3,3,3,3],
            [3,3,3,3,0,3,3,3,3,3],
            [3,3,3,3,3,0,3,3,3,3],
            [3,3,3,3,3,3,0,3,3,3],
            [3,3,3,3,3,3,3,0,3,3],
            [3,3,3,3,3,3,3,3,0,3],
            [3,3,3,3,3,3,3,3,3,0]
        ],
        "probability_matrix": [
            [0,0.1669158434208265,0.048723578259875035,0.09842645884147401,0.0721158925239375,0.05482400083085905,0.17448686947807648,0.041641698103036494,0.19089585839636322,0.15196980014555167],
            [0.1668059667910536,0,0.12931643373151389,0.012610021856976586,0.054679802075408235,0.19580880846220775,0.16815114642262408,0.18851159687260327,0.06313957919163052,0.020976644595982065],
            [0.11515262817833077,0.18007237282622296,0,0.11201310226895983,0.15950587772726973,0.07601558951171417,0.004462737917282587,0.18672324645666188,0.140291269797563,0.025763175315995215],
            [0.1383204367084373,0.16102753555541793,0.05741825449704225,0,0.2058062591385217,0.008380605652027489,0.14202755140071327,0.026287676810657072,0.06455173517076655,0.19617994506641645],
            [0.09507607997100817,0.13171336157101388,0.1126613302517417,0.13348263974490115,0,0.049210684676376674,0.11702153121855524,0.132580957336691,0.12951361944288797,0.0987397957868242],
            [0.05843190586114217,0.10779794189498001,0.17766076535157035,0.1639152472325621,0.14605141954953602,0,0.08560992424000419,0.17417623001582874,0.03502912048374975,0.05132744537062666],
            [0.16350743816394714,0.1280341713962112,0.08937465841835576,0.17432503534304136,0.08906972080523881,0.047367423901351555,0,0.1780419481885045,0.0055178956176913565,0.12476170816565817],
            [0.002850584515637887,0.11705755792522206,0.04640469335224963,0.12755639406041563,0.20174484240811666,0.14228866475133886,0.16936111112621363,0,0.19087062743272923,0.0018655244280763009],
            [0.17381273035012262,0.16288250411598026,0.13533910235101618,0.14055831396390553,0.003752205941800274,0.08519706778878637,0.1400241944479613,0.04709258901467797,0,0.11134129202574951],
            [0.11703804687473128,0.09771195218891099,0.059545987567275235,0.12221471018315538,0.15707075073366597,0.002419405383464848,0.22401692321995137,0.13541093947970825,0.0845712843691367,0]
        ],
        "city_names": ["Amsterdam","Rotterdam","Den Haag","Utrecht","Eindhoven","Almere","Groningen","Nijmegen","Breda","Apeldoorn"],
        "reward_matrix": [
            [0,73456,83796,91775,54364,97352,34661,56603,61855,73619],
            [73456,0,99999,84977,65233,67350,4659,64745,90554,57702],
            [83796,99999,0,74637,54893,70810,8119,54405,80214,47362],
            [91775,84977,74637,0,72927,92712,30020,75166,80418,83064],
            [54364,65233,54893,72927,0,55300,1117,81761,85018,58516],
            [97352,67350,70810,92712,55300,0,47647,57539,62791,77731],
            [34661,4659,8119,30020,1117,47647,0,29695,100,52939],
            [56603,64745,54405,75166,81761,57539,29695,0,71177,87094],
            [61855,90554,80214,80418,85018,62791,100,71177,0,53143],
            [73619,57702,47362,83064,58516,77731,52939,87094,53143,0]
        ]
    },
    "vehicle_cost_per_km": [5,15,10,5,5,5,5,5,5,5],
    "vehicle_capacities": [5,5,5,5,20,30,30,30,30,30],
    "runs": [{
        "number_of_vehicles": 3,
        "avg_task_cost_vs_number_of_task": [687.5,1273.2500000000002,1082.8333333333337,984.25,1289.6000000000001,1117.0000000000002,966.714285714286,918.875,1004.3333333333334,1014.15,1001.2727272727271,928.5833333333335,989.576923076923,952.5714285714286,908.4999999999999,888.8749999999999,1019.4999999999995,949.7777777777776,856.8684210526313,965.425,898.5238095238095,976.9999999999999,927.695652173913,902.9374999999997,912.82,883.653846153846,898.5925925925922,893.0892857142856,872.7586206896549,901.6833333333328]
    }]
}