{
    "vehicle_starting_positions": ["Amsterdam","Rotterdam","Den Haag","Utrecht","Eindhoven","Almere","Groningen","Nijmegen","Breda","Apeldoorn"],
    "task_distribution": {
        "distance_matrix": [
            [0,90.6,65.2,45.6,137.5,31.9,185.9,132,119.1,90.2],
            [90.6,0,25.4,62.3,110.8,105.6,259.6,112,48.6,129.3],
            [65.2,25.4,0,87.7,136.2,97.1,251.1,137.4,74,154.7],
            [45.6,62.3,87.7,0,91.9,43.3,197.3,86.4,73.5,67],
            [137.5,110.8,136.2,91.9,0,135.2,268.3,70.2,62.2,127.3],
            [31.9,105.6,97.1,43.3,135.2,0,154,129.7,116.8,80.1],
            [185.9,259.6,251.1,197.3,268.3,154,0,198.1,270.8,141],
            [132,112,137.4,86.4,70.2,129.7,198.1,0,96.2,57.1],
            [119.1,48.6,74,73.5,62.2,116.8,270.8,96.2,0,140.5],
            [90.2,129.3,154.7,67,127.3,80.1,141,57.1,140.5,0]
        ],
        "weight_matrix": [
            [0,3,3,3,3,3,3,3,3,3],
            [3,0,3,3,3,3,3,3,3,3],
            [3,3,0,3,3,3,3,3,3,3],
            [3,3,3,0,3,3,3,3,3,3],
            [3,3,3,3,0,3,3,3,3,3],
            [3,3,3,3,3,0,3,3,3,3],
            [3,3,3,3,3,3,0,3,3,3],
            [3,3,3,3,3,3,3,0,3,3],
            [3,3,3,3,3,3,3,3,0,3],
            [3,3,3,3,3,3,3,3,3,0]
        ],
        "probability_matrix": [
            [0,0.06338272511441759,0.15470055957209336,0.14770996551087182,0.059279678688676805,0.14793679413184735,0.07092239613429956,0.20371607648844836,0.06826530598434719,0.08408649837499806],
            [0.22494486111920908,0,0.007796953544260939,0.14729602551365653,0.05985056820308176,0.14297485746766356,0.23787775726536847,0.06734367034650625,0.0808778500121857,0.031037456528067907],
            [0.06122376180582405,0.21591701715041522,0,0.10497459541298616,0.021872770968786946,0.030856619398400092,0.19265813559454495,0.03791032653765797,0.18811913438995384,0.1464676387414309],
            [0.08964655719881172,0.1734894768468439,0.08339524267745664,0,0.22897945320607674,0.1297143124432754,7.243886676119544E-4,0.020155816595947302,0.19098871292231998,0.08290603944165653],
            [0.030132423157142384,0.09031213810030132,0.11487877505484881,0.18088982489704356,0,0.12835362830986438,0.22822245079439568,0.06330912967098867,0.02368916169738396,0.14021246831803125],
            [0.15650372760623768,0.13965661920923056,0.07480745771753958,0.063767562055328,0.1339159578199358,0,0.20319254593165087,0.08961002783111402,0.09248122505322001,0.04606487677574325],
            [0.1500461594289681,0.22801570843371552,0.008082667039941677,0.017999678728260575,0.054008487556883915,0.16748407653623296,0,0.19089366496685775,0.02568075880517801,0.1577887985039613],
            [0.12399551270012979,0.1905707494071696,0.08888497759044017,0.18991534593217277,0.21108884492409427,0.02145678430825588,0.013039617227552425,0,0.143213583547839,0.017834584362346133],
            [0.04385069954166999,0.18774698357766362,0.052688024982749264,0.06469619228862375,0.12798241086571394,0.16939612079188351,0.14569379594556114,0.11971376662965415,0,0.08823200537648067],
            [0.10656268658663293,0.0028919147066144733,0.1541174047073181,0.1524652244081373,0.05881769781888799,0.12156080621156608,0.17245436238203235,0.10247025606917455,0.1286596471096361,0]
        ],
        "city_names": ["Amsterdam","Rotterdam","Den Haag","Utrecht","Eindhoven","Almere","Groningen","Nijmegen","Breda","Apeldoorn"],
        "reward_matrix": [
            [0,73456,83796,91775,54364,97352,34661,56603,61855,73619],
            [73456,0,99999,84977,65233,67350,4659,64745,90554,57702],
            [83796,99999,0,74637,54893,70810,8119,54405,80214,47362],
            [91775,84977,74637,0,72927,92712,30020,75166,80418,83064],
            [54364,65233,54893,72927,0,55300,1117,81761,85018,58516],
            [97352,67350,70810,92712,55300,0,47647,57539,62791,77731],
            [34661,4659,8119,30020,1117,47647,0,29695,100,52939],
            [56603,64745,54405,75166,81761,57539,29695,0,71177,87094],
            [61855,90554,80214,80418,85018,62791,100,71177,0,53143],
            [73619,57702,47362,83064,58516,77731,52939,87094,53143,0]
        ]
    },
    "vehicle_cost_per_km": [5,5,5,5,5,5,5,5,5,5],
    "vehicle_capacities": [15,15,15,5,20,30,30,30,30,30],
    "runs": [{
        "number_of_vehicles": 3,
        "avg_task_cost_vs_number_of_task": [563,704.25,938.8333333333334,762.875,610.3,570.25,484.14285714285717,438.24999999999994,389.5555555555555,360.45,318.7272727272727,335.29166666666663,338.7692307692307,336.60714285714283,329.8,317.71875,310.8235294117647,361.7222222222221,320.6578947368421,342.175,319.9047619047619,313.81818181818187,320.8478260869566,271.5833333333333,281.98,299.73076923076917,269.4259259259259,265.5178571428571,295.94827586206895,296.93333333333334]
    }]
}