{
    "vehicle_starting_positions": ["Amsterdam","Rotterdam","Den Haag","Utrecht","Eindhoven","Almere","Groningen","Nijmegen","Breda","Apeldoorn"],
    "task_distribution": {
        "distance_matrix": [
            [0,90.6,65.2,45.6,137.5,31.9,185.9,132,119.1,90.2],
            [90.6,0,25.4,62.3,110.8,105.6,259.6,112,48.6,129.3],
            [65.2,25.4,0,87.7,136.2,97.1,251.1,137.4,74,154.7],
            [45.6,62.3,87.7,0,91.9,43.3,197.3,86.4,73.5,67],
            [137.5,110.8,136.2,91.9,0,135.2,268.3,70.2,62.2,127.3],
            [31.9,105.6,97.1,43.3,135.2,0,154,129.7,116.8,80.1],
            [185.9,259.6,251.1,197.3,268.3,154,0,198.1,270.8,141],
            [132,112,137.4,86.4,70.2,129.7,198.1,0,96.2,57.1],
            [119.1,48.6,74,73.5,62.2,116.8,270.8,96.2,0,140.5],
            [90.2,129.3,154.7,67,127.3,80.1,141,57.1,140.5,0]
        ],
        "weight_matrix": [
            [0,3,3,3,3,3,3,3,3,3],
            [3,0,3,3,3,3,3,3,3,3],
            [3,3,0,3,3,3,3,3,3,3],
            [3,3,3,0,3,3,3,3,3,3],
            [3,3,3,3,0,3,3,3,3,3],
            [3,3,3,3,3,0,3,3,3,3],
            [3,3,3,3,3,3,0,3,3,3],
            [3,3,3,3,3,3,3,0,3,3],
            [3,3,3,3,3,3,3,3,0,3],
            [3,3,3,3,3,3,3,3,3,0]
        ],
        "probability_matrix": [
            [0,0.1138551505308053,0.003708638620516688,0.056027681949149546,0.1014349838991412,0.18011102213359628,0.17672075852468394,0.07859032234635108,0.16188645086223433,0.12766499113352178],
            [0.11416766457597977,0,0.09423844175400989,0.16030770248856835,0.1164211294762546,0.011360477925349492,0.1576797689985894,0.12351017979736106,0.06948454910215496,0.15283008588173252],
            [0.10807132876102053,0.03801414268901989,0,0.1216741060132135,0.11490514800785565,0.03225641404020211,0.20370155216355088,0.1524555223054768,0.12714464801822517,0.10177713800143552],
            [0.21407886943254115,0.09136573713485545,0.1895897759698251,0,0.0972929545306838,0.012773287345925593,0.22298134911846118,0.10425893407356909,0.006439846443900662,0.06121924595023781],
            [0.04228458506445532,0.17401757692378889,0.13930489130658338,0.1153135884960587,0,0.10264128578867794,0.15140579043213093,0.16261199291243292,0.012501681812996705,0.09991860726287526],
            [0.1544731461498067,0.11688201268112332,0.11825986452267488,0.0829712135035323,0.055949355540158105,0,0.01287100874587263,0.07726724928423916,0.20039114497402397,0.18093500459856904],
            [0.151672391539103,0.019672059768758906,0.177101225852333,0.16659183755592188,0.07228088130743415,0.023001419545104616,0,0.13642221768829813,0.1666421934777685,0.0866157732652778],
            [0.10386015801073474,0.0032067410908889903,0.11694829452936449,0.03528331864520149,0.124539084141969,0.07566495192695669,0.20502084214215568,0,0.15322356751415775,0.18225304199857134],
            [0.1892078817721972,0.016164944931855312,0.07408096596676693,0.007337578397600277,0.07112118734853531,0.1617165123435504,0.18898681957039878,0.05422832034125883,0,0.23715578932783704],
            [0.07686980127883299,0.042194071509016086,0.10157205542863777,0.1526696314050644,0.17558674396276988,0.04836303797640153,0.20938613397136988,0.0516688136854055,0.14168971078250198,0]
        ],
        "city_names": ["Amsterdam","Rotterdam","Den Haag","Utrecht","Eindhoven","Almere","Groningen","Nijmegen","Breda","Apeldoorn"],
        "reward_matrix": [
            [0,73456,83796,91775,54364,97352,34661,56603,61855,73619],
            [73456,0,99999,84977,65233,67350,4659,64745,90554,57702],
            [83796,99999,0,74637,54893,70810,8119,54405,80214,47362],
            [91775,84977,74637,0,72927,92712,30020,75166,80418,83064],
            [54364,65233,54893,72927,0,55300,1117,81761,85018,58516],
            [97352,67350,70810,92712,55300,0,47647,57539,62791,77731],
            [34661,4659,8119,30020,1117,47647,0,29695,100,52939],
            [56603,64745,54405,75166,81761,57539,29695,0,71177,87094],
            [61855,90554,80214,80418,85018,62791,100,71177,0,53143],
            [73619,57702,47362,83064,58516,77731,52939,87094,53143,0]
        ]
    },
    "vehicle_cost_per_km": [10,15,10,5,5,5,5,5,5,5],
    "vehicle_capacities": [5,5,5,5,20,30,30,30,30,30],
    "runs": [{
        "number_of_vehicles": 3,
        "avg_task_cost_vs_number_of_task": [1362,1382.9999999999998,1128,1179.5,1660.6,1768.8333333333333,1568.7142857142858,1542.875,1590.5555555555552,1462.7999999999997,1363.272727272727,1339.5833333333333,1418.6153846153845,1367.0357142857142,1448.3,1486.3125,1548.2941176470588,1601.1388888888887,1659.657894736842,1618.3749999999998,1657.1666666666667,1585.772727272727,1543.0652173913043,1611.4375,1546.98,1549.0961538461536,1523.7962962962958,1541.6785714285709,1515.01724137931,1493.5499999999997]
    }]
}