{
    "vehicle_starting_positions": ["Amsterdam","Rotterdam","Den Haag","Utrecht","Eindhoven","Almere","Groningen","Nijmegen","Breda","Apeldoorn"],
    "task_distribution": {
        "distance_matrix": [
            [0,90.6,65.2,45.6,137.5,31.9,185.9,132,119.1,90.2],
            [90.6,0,25.4,62.3,110.8,105.6,259.6,112,48.6,129.3],
            [65.2,25.4,0,87.7,136.2,97.1,251.1,137.4,74,154.7],
            [45.6,62.3,87.7,0,91.9,43.3,197.3,86.4,73.5,67],
            [137.5,110.8,136.2,91.9,0,135.2,268.3,70.2,62.2,127.3],
            [31.9,105.6,97.1,43.3,135.2,0,154,129.7,116.8,80.1],
            [185.9,259.6,251.1,197.3,268.3,154,0,198.1,270.8,141],
            [132,112,137.4,86.4,70.2,129.7,198.1,0,96.2,57.1],
            [119.1,48.6,74,73.5,62.2,116.8,270.8,96.2,0,140.5],
            [90.2,129.3,154.7,67,127.3,80.1,141,57.1,140.5,0]
        ],
        "weight_matrix": [
            [0,3,3,3,3,3,3,3,3,3],
            [3,0,3,3,3,3,3,3,3,3],
            [3,3,0,3,3,3,3,3,3,3],
            [3,3,3,0,3,3,3,3,3,3],
            [3,3,3,3,0,3,3,3,3,3],
            [3,3,3,3,3,0,3,3,3,3],
            [3,3,3,3,3,3,0,3,3,3],
            [3,3,3,3,3,3,3,0,3,3],
            [3,3,3,3,3,3,3,3,0,3],
            [3,3,3,3,3,3,3,3,3,0]
        ],
        "probability_matrix": [
            [0,0.05401324781107607,0.06788128148085752,0.09781791712476634,0.07819107736608787,0.017303695633499976,0.16023149345086213,0.24463909976705817,0.1632912359317015,0.11663095143409034],
            [0.005522828525753623,0,0.07598241231555491,0.12598903088078034,0.1240931300902762,0.18585217384290298,0.09632809978735579,0.0690004825510254,0.14798240006492078,0.16924944194143],
            [0.1358828384586646,0.21287641937142918,0,0.2011867758293763,0.03911233936637301,0.07489817710752056,0.20978163582775985,0.048256613206621855,0.07192029578547726,0.006084905046777208],
            [0.09979188087808237,0.0901468256194836,0.09307452779398095,0,0.1908066694190542,0.03362780388163659,0.01788354993756483,0.20573360718090636,0.2267289743684633,0.042206160920828066],
            [0.09753096350085402,0.1169144904126442,0.2151201908017211,0.07484453841147407,0,0.07826385304781469,0.1723044038052289,0.010673705536811344,0.1164519837805535,0.11789587070289807],
            [0.14333747151052992,0.21065375375237438,0.154138081853062,0.013059034191415308,0.08067942719683713,0,0.08067379059970925,0.029793788326023314,0.19644474133840428,0.09121991123164447],
            [0.11576390008419608,0.15856177395372678,0.05910870199782456,0.06799868836748013,0.15432295936425305,0.15543658039836122,0,0.1348086774543722,0.02044338407886001,0.13355533430092612],
            [0.04986534007982115,0.20803981959390203,0.0942981574080823,0.019652030881303604,0.14627611079667657,0.010767792469828294,0.10119749558518157,0,0.16322806993711556,0.20667518324808906],
            [0.04969532392546055,0.07476470228182967,0.02947499203696519,0.2091216912230066,0.12156621566842819,0.022384321841125477,0.21786278543334578,0.08906104405082953,0,0.18606892353900903],
            [0.18979038656092528,0.19340904156441802,0.17397448112928987,0.1992060611343098,0.05734963904962963,0.03902632761745614,0.036436915510579454,0.030104253399300153,0.08070289403409166,0]
        ],
        "city_names": ["Amsterdam","Rotterdam","Den Haag","Utrecht","Eindhoven","Almere","Groningen","Nijmegen","Breda","Apeldoorn"],
        "reward_matrix": [
            [0,73456,83796,91775,54364,97352,34661,56603,61855,73619],
            [73456,0,99999,84977,65233,67350,4659,64745,90554,57702],
            [83796,99999,0,74637,54893,70810,8119,54405,80214,47362],
            [91775,84977,74637,0,72927,92712,30020,75166,80418,83064],
            [54364,65233,54893,72927,0,55300,1117,81761,85018,58516],
            [97352,67350,70810,92712,55300,0,47647,57539,62791,77731],
            [34661,4659,8119,30020,1117,47647,0,29695,100,52939],
            [56603,64745,54405,75166,81761,57539,29695,0,71177,87094],
            [61855,90554,80214,80418,85018,62791,100,71177,0,53143],
            [73619,57702,47362,83064,58516,77731,52939,87094,53143,0]
        ]
    },
    "vehicle_cost_per_km": [10,15,10,5,5,5,5,5,5,5],
    "vehicle_capacities": [5,5,5,5,20,30,30,30,30,30],
    "runs": [{
        "number_of_vehicles": 3,
        "avg_task_cost_vs_number_of_task": [1310,2007,2120.6666666666665,1777,1738.4,2050,1923.5714285714287,2165.4999999999995,2082.3333333333335,1967.3999999999996,1892.3636363636358,1901.749999999999,1966.76923076923,2019.4285714285709,1938.933333333333,1844.874999999999,1784.1176470588232,1730.1111111111118,1701.7894736842106,1657.9499999999996,1666.7142857142853,1699.227272727272,1648.0869565217386,1677.3333333333328,1610.2399999999998,1574.115384615384,1576.4814814814813,1545.9999999999998,1532.068965517241,1516.9666666666667]
    }]
}