{
    "vehicle_starting_positions": ["Amsterdam","Rotterdam","Den Haag","Utrecht","Eindhoven","Almere","Groningen","Nijmegen","Breda","Apeldoorn"],
    "task_distribution": {
        "distance_matrix": [
            [0,90.6,65.2,45.6,137.5,31.9,185.9,132,119.1,90.2],
            [90.6,0,25.4,62.3,110.8,105.6,259.6,112,48.6,129.3],
            [65.2,25.4,0,87.7,136.2,97.1,251.1,137.4,74,154.7],
            [45.6,62.3,87.7,0,91.9,43.3,197.3,86.4,73.5,67],
            [137.5,110.8,136.2,91.9,0,135.2,268.3,70.2,62.2,127.3],
            [31.9,105.6,97.1,43.3,135.2,0,154,129.7,116.8,80.1],
            [185.9,259.6,251.1,197.3,268.3,154,0,198.1,270.8,141],
            [132,112,137.4,86.4,70.2,129.7,198.1,0,96.2,57.1],
            [119.1,48.6,74,73.5,62.2,116.8,270.8,96.2,0,140.5],
            [90.2,129.3,154.7,67,127.3,80.1,141,57.1,140.5,0]
        ],
        "weight_matrix": [
            [0,3,3,3,3,3,3,3,3,3],
            [3,0,3,3,3,3,3,3,3,3],
            [3,3,0,3,3,3,3,3,3,3],
            [3,3,3,0,3,3,3,3,3,3],
            [3,3,3,3,0,3,3,3,3,3],
            [3,3,3,3,3,0,3,3,3,3],
            [3,3,3,3,3,3,0,3,3,3],
            [3,3,3,3,3,3,3,0,3,3],
            [3,3,3,3,3,3,3,3,0,3],
            [3,3,3,3,3,3,3,3,3,0]
        ],
        "probability_matrix": [
            [0,0.016329719135686697,0.17584464233534086,0.20750615094864344,0.12798307705630343,0.03413598459975076,0.09534177145356845,0.017849647481384665,0.05766577334185477,0.26734323364746676],
            [0.1318842022959619,0,0.16608098068527655,0.2045920687196181,0.10708721943714562,0.0029405118051610796,0.02175249911342741,0.18537771073805967,0.09339242032987057,0.08689238687547908],
            [0.12558507068613461,0.10576176223341333,0,0.01297728936967677,0.12887208925667593,0.15937417479154112,0.1781779133325796,0.02928927409383614,0.11332052735140212,0.14664189888474033],
            [0.12367838277972747,0.10326239198047064,0.29054169139649216,0,0.16615660946793642,0.026902886201340244,0.11011419270658342,0.04751939068052412,0.010321532882376907,0.12150292190454869],
            [0.17912051745257232,0.05175557646818422,0.06680345170515493,0.12525737146236668,0,0.1692024529248778,0.08331298095987089,0.14864047146876624,0.10108409688818626,0.07482308067002075],
            [0.11139800950235623,0.1365717310912258,0.25481348435662204,0.02683403888637465,0.025064532561220574,0,0.09086768409464338,0.029292742551795824,0.2026060632152621,0.12255171374049938],
            [0.20229799756871528,0.09276659634179424,0.00628132759282812,0.05014756443331304,0.0988961200658883,0.13943457040361226,0,0.11345904428809477,0.1301164015762158,0.1666003777295381],
            [0.12543271063584294,0.14526867780172598,0.048285388491811326,0.09373798205065749,0.039620069810245157,0.06727654811571072,0.19246510680363327,0,0.21160401772699844,0.07630949856337463],
            [0.14596558803486767,0.020405815627756275,0.20760912546321952,0.1905864551352471,0.09018660318210808,0.05368601037757664,0.1451466291953774,0.017782203444633958,0,0.1286315695392132],
            [0.14426590934254255,0.05937514013888432,0.052185255192611815,0.1106764332417674,0.055971399485801196,0.1756850014000408,0.18863372534823594,0.07075117053655754,0.14245596531355828,0]
        ],
        "city_names": ["Amsterdam","Rotterdam","Den Haag","Utrecht","Eindhoven","Almere","Groningen","Nijmegen","Breda","Apeldoorn"],
        "reward_matrix": [
            [0,73456,83796,91775,54364,97352,34661,56603,61855,73619],
            [73456,0,99999,84977,65233,67350,4659,64745,90554,57702],
            [83796,99999,0,74637,54893,70810,8119,54405,80214,47362],
            [91775,84977,74637,0,72927,92712,30020,75166,80418,83064],
            [54364,65233,54893,72927,0,55300,1117,81761,85018,58516],
            [97352,67350,70810,92712,55300,0,47647,57539,62791,77731],
            [34661,4659,8119,30020,1117,47647,0,29695,100,52939],
            [56603,64745,54405,75166,81761,57539,29695,0,71177,87094],
            [61855,90554,80214,80418,85018,62791,100,71177,0,53143],
            [73619,57702,47362,83064,58516,77731,52939,87094,53143,0]
        ]
    },
    "vehicle_cost_per_km": [5,15,15,5,5,5,5,5,5,5],
    "vehicle_capacities": [5,5,5,5,20,30,30,30,30,30],
    "runs": [{
        "number_of_vehicles": 3,
        "avg_task_cost_vs_number_of_task": [902,1276.25,1247.8333333333333,999.375,875.2,1004.4166666666666,942.4999999999999,924.6874999999999,925.2222222222222,832.7,811.3181818181819,752.0833333333331,821.1923076923077,867.8571428571428,810.4333333333333,789.7812499999999,779.2647058823528,864.6944444444442,767.7894736842103,762.1249999999999,790.7142857142857,770.0681818181816,774.3695652173911,841.1666666666666,818.0599999999998,832.9423076923074,797.6296296296293,907.9821428571424,916.5689655172413,840.6166666666664]
    }]
}