{
    "vehicle_starting_positions": ["Amsterdam","Rotterdam","Den Haag","Utrecht","Eindhoven","Almere","Groningen","Nijmegen","Breda","Apeldoorn"],
    "task_distribution": {
        "distance_matrix": [
            [0,90.6,65.2,45.6,137.5,31.9,185.9,132,119.1,90.2],
            [90.6,0,25.4,62.3,110.8,105.6,259.6,112,48.6,129.3],
            [65.2,25.4,0,87.7,136.2,97.1,251.1,137.4,74,154.7],
            [45.6,62.3,87.7,0,91.9,43.3,197.3,86.4,73.5,67],
            [137.5,110.8,136.2,91.9,0,135.2,268.3,70.2,62.2,127.3],
            [31.9,105.6,97.1,43.3,135.2,0,154,129.7,116.8,80.1],
            [185.9,259.6,251.1,197.3,268.3,154,0,198.1,270.8,141],
            [132,112,137.4,86.4,70.2,129.7,198.1,0,96.2,57.1],
            [119.1,48.6,74,73.5,62.2,116.8,270.8,96.2,0,140.5],
            [90.2,129.3,154.7,67,127.3,80.1,141,57.1,140.5,0]
        ],
        "weight_matrix": [
            [0,3,3,3,3,3,3,3,3,3],
            [3,0,3,3,3,3,3,3,3,3],
            [3,3,0,3,3,3,3,3,3,3],
            [3,3,3,0,3,3,3,3,3,3],
            [3,3,3,3,0,3,3,3,3,3],
            [3,3,3,3,3,0,3,3,3,3],
            [3,3,3,3,3,3,0,3,3,3],
            [3,3,3,3,3,3,3,0,3,3],
            [3,3,3,3,3,3,3,3,0,3],
            [3,3,3,3,3,3,3,3,3,0]
        ],
        "probability_matrix": [
            [0,0.053291702604610726,0.18129816299645055,0.04034541438827642,0.09091347950735061,0.07684444220436507,0.12062149553207588,0.11078999586596028,0.20231520759039703,0.12358009931051363],
            [0.22232378309970796,0,0.028935588534204314,0.20889453067746264,0.059956582978949194,0.09456920400448103,0.24965941414168147,0.08271465235863305,0.013459711803973548,0.039486532400906695],
            [0.1448526735924196,0.1156780046811004,0,0.08954987121257696,0.1522841986600305,0.13374009739553602,0.036014402777088166,0.1199700939993376,0.09279555229335713,0.11511510538855353],
            [0.0680899529169905,0.055011706951152525,0.10022389726386267,0,0.054376307218360474,0.08440030344218576,0.23905754447433905,0.07120069801867086,0.15288528981205793,0.17475429990238017],
            [0.19311026382222984,0.16251235182492385,0.028095778269552025,0.008848306373394987,0,0.10766346420913336,0.19886109519897405,0.056901395671936666,0.10569494039923702,0.13831240423061797],
            [0.10841762209745184,0.1760767129639807,0.02030462066664456,0.027507818863643885,0.2925754999718566,0,0.06034482281152587,0.09804063461957513,0.0077831939510305675,0.20894907405429095],
            [0.0706713901552032,0.17645093992991032,0.17157067046004754,0.041845091763782455,0.18022445960780953,0.15320282945042105,0,0.04318789355324725,0.14721447885769262,0.015632246221885814],
            [0.04096159005138183,0.0011395201573777777,0.07915375326629476,0.04288240512368254,0.09702470903149336,0.10076947193713601,0.2528563764170722,0,0.16397501269554007,0.22123716132002133],
            [0.16793261540410975,0.088558401345233,0.1734120216358811,0.10286898288913027,0.15932166546750282,0.11093432817747374,0.08196836783787545,0.027763733028438667,0,0.08723988421435533],
            [0.056036564941772386,0.1013137217982905,0.15628867203500355,0.2257328565414516,0.04934348695120788,0.09587366281637001,0.1359041780562101,0.02837653711606452,0.15113031974362948,0]
        ],
        "city_names": ["Amsterdam","Rotterdam","Den Haag","Utrecht","Eindhoven","Almere","Groningen","Nijmegen","Breda","Apeldoorn"],
        "reward_matrix": [
            [0,73456,83796,91775,54364,97352,34661,56603,61855,73619],
            [73456,0,99999,84977,65233,67350,4659,64745,90554,57702],
            [83796,99999,0,74637,54893,70810,8119,54405,80214,47362],
            [91775,84977,74637,0,72927,92712,30020,75166,80418,83064],
            [54364,65233,54893,72927,0,55300,1117,81761,85018,58516],
            [97352,67350,70810,92712,55300,0,47647,57539,62791,77731],
            [34661,4659,8119,30020,1117,47647,0,29695,100,52939],
            [56603,64745,54405,75166,81761,57539,29695,0,71177,87094],
            [61855,90554,80214,80418,85018,62791,100,71177,0,53143],
            [73619,57702,47362,83064,58516,77731,52939,87094,53143,0]
        ]
    },
    "vehicle_cost_per_km": [5,15,15,5,5,5,5,5,5,5],
    "vehicle_capacities": [5,5,5,5,20,30,30,30,30,30],
    "runs": [{
        "number_of_vehicles": 3,
        "avg_task_cost_vs_number_of_task": [1214.5,1133.5,931.1666666666666,861.375,775.7,873.4166666666666,841.7142857142856,958.3749999999999,959.7777777777778,1049.6999999999998,1039.409090909091,974.25,1004.0769230769231,1009.9642857142857,1044.6666666666663,979.0312499999998,975.5294117647056,1025.5,986.6578947368417,1075.2999999999997,1040.833333333333,945.3863636363632,1022.8913043478259,1016.1666666666664,1033.58,1015.0576923076926,991.4814814814812,1078.875,978.9655172413792,979.6499999999996]
    }]
}