{
    "vehicle_starting_positions": ["Amsterdam","Rotterdam","Den Haag","Utrecht","Eindhoven","Almere","Groningen","Nijmegen","Breda","Apeldoorn"],
    "task_distribution": {
        "distance_matrix": [
            [0,90.6,65.2,45.6,137.5,31.9,185.9,132,119.1,90.2],
            [90.6,0,25.4,62.3,110.8,105.6,259.6,112,48.6,129.3],
            [65.2,25.4,0,87.7,136.2,97.1,251.1,137.4,74,154.7],
            [45.6,62.3,87.7,0,91.9,43.3,197.3,86.4,73.5,67],
            [137.5,110.8,136.2,91.9,0,135.2,268.3,70.2,62.2,127.3],
            [31.9,105.6,97.1,43.3,135.2,0,154,129.7,116.8,80.1],
            [185.9,259.6,251.1,197.3,268.3,154,0,198.1,270.8,141],
            [132,112,137.4,86.4,70.2,129.7,198.1,0,96.2,57.1],
            [119.1,48.6,74,73.5,62.2,116.8,270.8,96.2,0,140.5],
            [90.2,129.3,154.7,67,127.3,80.1,141,57.1,140.5,0]
        ],
        "weight_matrix": [
            [0,3,3,3,3,3,3,3,3,3],
            [3,0,3,3,3,3,3,3,3,3],
            [3,3,0,3,3,3,3,3,3,3],
            [3,3,3,0,3,3,3,3,3,3],
            [3,3,3,3,0,3,3,3,3,3],
            [3,3,3,3,3,0,3,3,3,3],
            [3,3,3,3,3,3,0,3,3,3],
            [3,3,3,3,3,3,3,0,3,3],
            [3,3,3,3,3,3,3,3,0,3],
            [3,3,3,3,3,3,3,3,3,0]
        ],
        "probability_matrix": [
            [0,0.20330693210616407,0.002986046259922611,0.10961428640440796,0.17080279272392765,0.1171148274069342,0.01833875087037625,0.14047804791911406,0.15755924777698418,0.07979906853216898],
            [0.027076025746085215,0,0.023749986009629572,0.020912815538083426,0.009149762625717442,0.034858963759724255,0.19149323095130807,0.1958176882230044,0.24798686219874413,0.24895466494770335],
            [0.16798853518945167,0.10522214995485416,0,0.12062579603116612,0.16363576476019473,0.17475511141150868,0.007547913062162494,0.04103889055659446,0.14245586785545072,0.07672997117861691],
            [0.02524408749231176,0.1196086081554801,0.11861430846412534,0,0.18238672410270426,0.08953327089234367,0.06396981596990611,0.11180211948679943,0.21956171782032466,0.06927934761600474],
            [0.061054260501936686,0.2801179762671034,0.009605266250505597,0.07231534539997188,0,0.0809380649424343,0.1225882110928512,0.24684905361417073,0.11416800024062547,0.012363821690400553],
            [0.051597907107868594,0.21652300663018498,0.12039140340665394,0.03165080940361823,0.26856986941921385,0,0.038090157515056525,0.12916359705707434,0.11199761537770758,0.032015634082622015],
            [0.17229942940017287,0.21123924948478795,0.07605169823552034,0.0560242629267784,0.13898068925386534,0.02089219835249563,0,0.04990328577671539,0.15132537291036727,0.12328381365929694],
            [0.21647586593027196,0.09324219344600232,0.006036813796598748,0.1211024405934661,0.09365819472841522,0.1795400160993968,0.21784734054588473,0,0.02192482931699331,0.0501723055429709],
            [0.07509224295743563,0.04556660551567993,0.17391807669263257,0.10163571262102904,0.07350194719543704,0.11147087589648035,0.1444972462159212,0.09047102362823903,0,0.1838462692771453],
            [0.04006807989166354,0.09436826174501654,0.08109972014278628,0.04620658106042214,0.14838276005451648,0.17133153442126303,0.12238603838961214,0.16626005364608287,0.1298969706486371,0]
        ],
        "city_names": ["Amsterdam","Rotterdam","Den Haag","Utrecht","Eindhoven","Almere","Groningen","Nijmegen","Breda","Apeldoorn"],
        "reward_matrix": [
            [0,73456,83796,91775,54364,97352,34661,56603,61855,73619],
            [73456,0,99999,84977,65233,67350,4659,64745,90554,57702],
            [83796,99999,0,74637,54893,70810,8119,54405,80214,47362],
            [91775,84977,74637,0,72927,92712,30020,75166,80418,83064],
            [54364,65233,54893,72927,0,55300,1117,81761,85018,58516],
            [97352,67350,70810,92712,55300,0,47647,57539,62791,77731],
            [34661,4659,8119,30020,1117,47647,0,29695,100,52939],
            [56603,64745,54405,75166,81761,57539,29695,0,71177,87094],
            [61855,90554,80214,80418,85018,62791,100,71177,0,53143],
            [73619,57702,47362,83064,58516,77731,52939,87094,53143,0]
        ]
    },
    "vehicle_cost_per_km": [10,5,5,5,5,5,5,5,5,5],
    "vehicle_capacities": [15,15,15,5,20,30,30,30,30,30],
    "runs": [{
        "number_of_vehicles": 3,
        "avg_task_cost_vs_number_of_task": [1351.5,1008,764.6666666666666,751.625,601.3,501.0833333333333,429.5,417.75,444.1111111111111,399.7,363.3636363636364,333.0833333333333,332.03846153846155,326.4285714285715,347.1,337.78125,333.97058823529414,380.0000000000001,318.2894736842106,294.95,306.1666666666667,279.70454545454544,372.3478260869565,335.375,296.58,368.0769230769231,342.1111111111111,342.26785714285717,313.10344827586215,324.31666666666666]
    }]
}