{
    "vehicle_starting_positions": ["Amsterdam","Rotterdam","Den Haag","Utrecht","Eindhoven","Almere","Groningen","Nijmegen","Breda","Apeldoorn"],
    "task_distribution": {
        "distance_matrix": [
            [0,90.6,65.2,45.6,137.5,31.9,185.9,132,119.1,90.2],
            [90.6,0,25.4,62.3,110.8,105.6,259.6,112,48.6,129.3],
            [65.2,25.4,0,87.7,136.2,97.1,251.1,137.4,74,154.7],
            [45.6,62.3,87.7,0,91.9,43.3,197.3,86.4,73.5,67],
            [137.5,110.8,136.2,91.9,0,135.2,268.3,70.2,62.2,127.3],
            [31.9,105.6,97.1,43.3,135.2,0,154,129.7,116.8,80.1],
            [185.9,259.6,251.1,197.3,268.3,154,0,198.1,270.8,141],
            [132,112,137.4,86.4,70.2,129.7,198.1,0,96.2,57.1],
            [119.1,48.6,74,73.5,62.2,116.8,270.8,96.2,0,140.5],
            [90.2,129.3,154.7,67,127.3,80.1,141,57.1,140.5,0]
        ],
        "weight_matrix": [
            [0,3,3,3,3,3,3,3,3,3],
            [3,0,3,3,3,3,3,3,3,3],
            [3,3,0,3,3,3,3,3,3,3],
            [3,3,3,0,3,3,3,3,3,3],
            [3,3,3,3,0,3,3,3,3,3],
            [3,3,3,3,3,0,3,3,3,3],
            [3,3,3,3,3,3,0,3,3,3],
            [3,3,3,3,3,3,3,0,3,3],
            [3,3,3,3,3,3,3,3,0,3],
            [3,3,3,3,3,3,3,3,3,0]
        ],
        "probability_matrix": [
            [0,0.17109835460089526,0.008852725442810207,0.13598749710819685,0.10338816090239032,0.13594457770967294,0.1299805571752549,0.13424187137709578,0.02386153590003382,0.15664471978364994],
            [0.11691950349183895,0,0.10330001422413662,0.17424171935607694,0.03719879553817318,0.14103016386982753,0.1498599236410514,0.09479513991534831,0.10767294476750294,0.07498179519604431],
            [0.13186290659677996,0.1619708130274428,0,0.0010283457552490174,0.1883186822089836,0.18680258681843356,0.08686569672521478,0.09355132940170906,0.049625806340874226,0.09997383312531288],
            [0.06033264945537567,0.08076370828101645,0.15334164219560517,0,0.20191753694966974,0.1657593175795978,0.014181855572572438,0.20466635982350806,0.009103212137354072,0.10993371800530069],
            [0.04974618852043818,0.18030652114619436,0.03264635215046268,0.1556678163085271,0,0.1780726643379858,0.04484591304005484,0.1834053174930975,0.13872645166421346,0.03658277533902613],
            [0.08453340258487456,0.1306422472864711,0.19025273643894586,0.09829127034946507,0.07141417992130855,0,0.2510798765041748,0.04271125215332398,0.050385258016736545,0.08068977674469952],
            [0.11706797312593255,0.1340100068688319,0.05299071002417349,0.210138592206156,0.20055450654256057,0.1146002271814846,0,0.06515717216557222,0.07464439676563704,0.03083641511965136],
            [0.2303698685191877,0.07791806529631673,0.0740119350315494,0.08229521146763269,0.016035402340112203,0.22442359644246437,0.06226948087758638,0,0.10180522415350482,0.13087121587164555],
            [0.18404777089485969,0.18175068265585687,0.2069495975072579,0.01080584912423129,0.07626055113379962,0.15801985068928454,0.059113475154365686,0.09427368862692145,0,0.02877853421342315],
            [0.1816031147812974,0.13157667282359747,0.03295418374902215,0.16710367562210124,0.051917220072587,0.05468057854021352,0.09731236876426248,0.1775443648217344,0.10530782082518443,0]
        ],
        "city_names": ["Amsterdam","Rotterdam","Den Haag","Utrecht","Eindhoven","Almere","Groningen","Nijmegen","Breda","Apeldoorn"],
        "reward_matrix": [
            [0,73456,83796,91775,54364,97352,34661,56603,61855,73619],
            [73456,0,99999,84977,65233,67350,4659,64745,90554,57702],
            [83796,99999,0,74637,54893,70810,8119,54405,80214,47362],
            [91775,84977,74637,0,72927,92712,30020,75166,80418,83064],
            [54364,65233,54893,72927,0,55300,1117,81761,85018,58516],
            [97352,67350,70810,92712,55300,0,47647,57539,62791,77731],
            [34661,4659,8119,30020,1117,47647,0,29695,100,52939],
            [56603,64745,54405,75166,81761,57539,29695,0,71177,87094],
            [61855,90554,80214,80418,85018,62791,100,71177,0,53143],
            [73619,57702,47362,83064,58516,77731,52939,87094,53143,0]
        ]
    },
    "vehicle_cost_per_km": [15,5,15,5,5,5,5,5,5,5],
    "vehicle_capacities": [10,10,10,5,20,30,30,30,30,30],
    "runs": [{
        "number_of_vehicles": 3,
        "avg_task_cost_vs_number_of_task": [743.5,630.5,589,483.875,457,380.8333333333333,369.14285714285717,357.4375,346.3888888888889,369.65,363.72727272727275,348.5,358.7692307692308,348.67857142857144,388.1666666666667,441.31249999999994,423.88235294117646,434.13888888888886,523.9736842105264,450.4750000000002,503.19047619047643,435.61363636363643,354.82608695652186,417.2083333333334,439.6400000000001,457.65384615384613,419.3333333333333,424.1607142857142,452.1896551724138,508.26666666666665]
    }]
}