{
    "vehicle_starting_positions": ["Amsterdam","Rotterdam","Den Haag","Utrecht","Eindhoven","Almere","Groningen","Nijmegen","Breda","Apeldoorn"],
    "task_distribution": {
        "distance_matrix": [
            [0,90.6,65.2,45.6,137.5,31.9,185.9,132,119.1,90.2],
            [90.6,0,25.4,62.3,110.8,105.6,259.6,112,48.6,129.3],
            [65.2,25.4,0,87.7,136.2,97.1,251.1,137.4,74,154.7],
            [45.6,62.3,87.7,0,91.9,43.3,197.3,86.4,73.5,67],
            [137.5,110.8,136.2,91.9,0,135.2,268.3,70.2,62.2,127.3],
            [31.9,105.6,97.1,43.3,135.2,0,154,129.7,116.8,80.1],
            [185.9,259.6,251.1,197.3,268.3,154,0,198.1,270.8,141],
            [132,112,137.4,86.4,70.2,129.7,198.1,0,96.2,57.1],
            [119.1,48.6,74,73.5,62.2,116.8,270.8,96.2,0,140.5],
            [90.2,129.3,154.7,67,127.3,80.1,141,57.1,140.5,0]
        ],
        "weight_matrix": [
            [0,3,3,3,3,3,3,3,3,3],
            [3,0,3,3,3,3,3,3,3,3],
            [3,3,0,3,3,3,3,3,3,3],
            [3,3,3,0,3,3,3,3,3,3],
            [3,3,3,3,0,3,3,3,3,3],
            [3,3,3,3,3,0,3,3,3,3],
            [3,3,3,3,3,3,0,3,3,3],
            [3,3,3,3,3,3,3,0,3,3],
            [3,3,3,3,3,3,3,3,0,3],
            [3,3,3,3,3,3,3,3,3,0]
        ],
        "probability_matrix": [
            [0,0.05312934765119469,0.25867539461743544,0.05742134203770856,0.24853877402613953,0.016537959862352968,0.18744920983113425,0.007487755416207812,0.15393087530663227,0.01682934125119449],
            [0.2147476143311947,0,0.08881579925303502,0.009966907519548693,0.0421883323947056,0.2338280196120448,0.08768927227989577,0.00803213675073827,0.2348761955453148,0.07985572231352236],
            [0.19911634602765885,0.015373150376812264,0,0.13380921119356717,0.04515327047870327,0.13175927049923497,0.23685748554885414,0.03082970595306437,0.04776505221065251,0.15933650771145247],
            [0.2032342712716872,0.03127175521043079,0.20731726122794827,0,0.08129772391028392,0.21224244851282584,0.12859058794966244,0.014146581394163365,0.05627841165604775,0.06562095886695028],
            [0.10189753234112421,0.16251981121062978,0.1665782294311884,0.08387583996769081,0,0.08558487878355057,0.12438256035067606,0.05709174509138181,0.08293062621171604,0.1351387766120424],
            [0.017296817470820493,0.1213420874044866,0.12199808762663934,0.029398830606427038,0.07472433933322922,0,0.10836598890916448,0.22545871950611454,0.12253447613945821,0.17888065300366016],
            [0.1626531521709087,0.036081789336198815,0.004290335093083228,0.0557655455119293,0.23262783595858974,0.0802759026925673,0,0.16215412546012808,0.14258326105805544,0.1235680527185394],
            [0.2343370271968918,0.07682860665023113,0.07993512304531683,0.24487889814667416,0.027132618106084496,0.12862238421685426,0.07669361283621182,0,0.11956685338358049,0.0120048764181549],
            [0.191638434694456,0.0011101871242953272,0.12401173306882346,0.011364671501032726,0.16977404254552336,0.01648267440856328,0.07126174200409385,0.21179691204654788,0,0.20255960260666425],
            [0.0363960460287193,0.14018159573768565,0.1679533023462962,0.19877446355658937,0.13342447435310048,0.14079169685830012,0.03817540840531491,0.03501822071221442,0.10928479200177935,0]
        ],
        "city_names": ["Amsterdam","Rotterdam","Den Haag","Utrecht","Eindhoven","Almere","Groningen","Nijmegen","Breda","Apeldoorn"],
        "reward_matrix": [
            [0,73456,83796,91775,54364,97352,34661,56603,61855,73619],
            [73456,0,99999,84977,65233,67350,4659,64745,90554,57702],
            [83796,99999,0,74637,54893,70810,8119,54405,80214,47362],
            [91775,84977,74637,0,72927,92712,30020,75166,80418,83064],
            [54364,65233,54893,72927,0,55300,1117,81761,85018,58516],
            [97352,67350,70810,92712,55300,0,47647,57539,62791,77731],
            [34661,4659,8119,30020,1117,47647,0,29695,100,52939],
            [56603,64745,54405,75166,81761,57539,29695,0,71177,87094],
            [61855,90554,80214,80418,85018,62791,100,71177,0,53143],
            [73619,57702,47362,83064,58516,77731,52939,87094,53143,0]
        ]
    },
    "vehicle_cost_per_km": [10,15,10,5,5,5,5,5,5,5],
    "vehicle_capacities": [15,15,15,5,20,30,30,30,30,30],
    "runs": [{
        "number_of_vehicles": 3,
        "avg_task_cost_vs_number_of_task": [1079,1093.5,1188.0000000000002,1052.25,917.2,770.5,660.4285714285714,634.875,792.6666666666666,715.9,650.2727272727273,651.25,613.4615384615385,542.2142857142857,595.0000000000001,503.31250000000006,555.5882352941177,519.9444444444445,522.7894736842105,561.1,640.5238095238095,510.3636363636364,573.6521739130435,577.5,676.72,508.4230769230769,538.8148148148148,439.4642857142857,560.5172413793103,650.7666666666667]
    }]
}