{
    "vehicle_starting_positions": ["Amsterdam","Rotterdam","Den Haag","Utrecht","Eindhoven","Almere","Groningen","Nijmegen","Breda","Apeldoorn"],
    "task_distribution": {
        "distance_matrix": [
            [0,90.6,65.2,45.6,137.5,31.9,185.9,132,119.1,90.2],
            [90.6,0,25.4,62.3,110.8,105.6,259.6,112,48.6,129.3],
            [65.2,25.4,0,87.7,136.2,97.1,251.1,137.4,74,154.7],
            [45.6,62.3,87.7,0,91.9,43.3,197.3,86.4,73.5,67],
            [137.5,110.8,136.2,91.9,0,135.2,268.3,70.2,62.2,127.3],
            [31.9,105.6,97.1,43.3,135.2,0,154,129.7,116.8,80.1],
            [185.9,259.6,251.1,197.3,268.3,154,0,198.1,270.8,141],
            [132,112,137.4,86.4,70.2,129.7,198.1,0,96.2,57.1],
            [119.1,48.6,74,73.5,62.2,116.8,270.8,96.2,0,140.5],
            [90.2,129.3,154.7,67,127.3,80.1,141,57.1,140.5,0]
        ],
        "weight_matrix": [
            [0,3,3,3,3,3,3,3,3,3],
            [3,0,3,3,3,3,3,3,3,3],
            [3,3,0,3,3,3,3,3,3,3],
            [3,3,3,0,3,3,3,3,3,3],
            [3,3,3,3,0,3,3,3,3,3],
            [3,3,3,3,3,0,3,3,3,3],
            [3,3,3,3,3,3,0,3,3,3],
            [3,3,3,3,3,3,3,0,3,3],
            [3,3,3,3,3,3,3,3,0,3],
            [3,3,3,3,3,3,3,3,3,0]
        ],
        "probability_matrix": [
            [0,0.11075097535927285,0.16406326857467987,0.14466597297017536,0.03385633163245881,0.12699977094100035,0.27259654010060125,0.0878730714257548,0.010826059285071694,0.048368009710985115],
            [0.11548331748310631,0,0.07562211315180721,0.1337635849727181,0.17985618820839921,0.1833747522724067,0.02595763747735406,0.019699552765553966,0.08514500580576015,0.18109784786289423],
            [0.16595054240403892,0.18283010341983372,0,0.0912079752289786,0.11799746128521162,0.12962544876682636,0.09172453201798117,0.005497273436627258,0.04880357440753811,0.16636308903296423],
            [0.1806724295873408,0.20383657307525216,0.015038750982851163,0,0.05983397324544147,0.197789227926299,0.15128777003988397,0.12909354297340705,0.04275630697371402,0.0196914251958103],
            [0.1683153951897249,0.06299145006820406,0.05526463475466859,0.14239652356733062,0,0.11915188672149435,0.1469590111852743,0.07359045828732648,0.1284860386040604,0.10284460162191625],
            [0.00445061346134736,0.15261219573959683,0.027177238857030248,0.06720019473881211,0.21502637465448657,0,0.20817883038113139,0.15393015280627903,0.1371792709731047,0.034245128388211844],
            [0.027537938389710342,0.2703064315575928,0.01169929862335902,0.2147781556929975,0.1790638635571107,0.18061036775776865,0,0.040217353673315276,0.054532134953099325,0.021254455795046368],
            [0.043833586268442665,0.1989008854315428,0.213390023286639,0.18607760058371975,0.014222573390759505,0.048651562403425754,0.06407581622117538,0,0.12653352442919882,0.10431442798509621],
            [0.16919123028420321,0.0016685066527590074,0.1428305700939152,0.15630618222744425,0.12291151919629056,0.012858785161770874,0.13983632487982853,0.11877621571269326,0,0.1356206657910951],
            [0.010804197657806628,0.11630011782804137,0.12330665899213622,0.19098790645385733,0.1474926617995242,0.0999405214847263,0.19062470482439023,0.0024170279731828477,0.11812620298633482,0]
        ],
        "city_names": ["Amsterdam","Rotterdam","Den Haag","Utrecht","Eindhoven","Almere","Groningen","Nijmegen","Breda","Apeldoorn"],
        "reward_matrix": [
            [0,73456,83796,91775,54364,97352,34661,56603,61855,73619],
            [73456,0,99999,84977,65233,67350,4659,64745,90554,57702],
            [83796,99999,0,74637,54893,70810,8119,54405,80214,47362],
            [91775,84977,74637,0,72927,92712,30020,75166,80418,83064],
            [54364,65233,54893,72927,0,55300,1117,81761,85018,58516],
            [97352,67350,70810,92712,55300,0,47647,57539,62791,77731],
            [34661,4659,8119,30020,1117,47647,0,29695,100,52939],
            [56603,64745,54405,75166,81761,57539,29695,0,71177,87094],
            [61855,90554,80214,80418,85018,62791,100,71177,0,53143],
            [73619,57702,47362,83064,58516,77731,52939,87094,53143,0]
        ]
    },
    "vehicle_cost_per_km": [10,10,5,5,5,5,5,5,5,5],
    "vehicle_capacities": [15,15,15,5,20,30,30,30,30,30],
    "runs": [{
        "number_of_vehicles": 3,
        "avg_task_cost_vs_number_of_task": [2597,1682,1156.1666666666665,867.1249999999999,693.6999999999999,578.0833333333333,553.4999999999999,526.2499999999999,430.5,403.25,366.59090909090907,373.5416666666666,416.2692307692308,440.57142857142856,425.26666666666665,355.1249999999999,358.0882352941176,384.19444444444446,442.8421052631579,373.19999999999993,333.90476190476187,414.81818181818176,350.04347826086956,413.625,356.79999999999984,371.826923076923,347.3333333333333,406.3214285714285,375.2586206896552,375.1666666666667]
    }]
}