{
    "vehicle_starting_positions": ["Amsterdam","Rotterdam","Den Haag","Utrecht","Eindhoven","Almere","Groningen","Nijmegen","Breda","Apeldoorn"],
    "task_distribution": {
        "distance_matrix": [
            [0,90.6,65.2,45.6,137.5,31.9,185.9,132,119.1,90.2],
            [90.6,0,25.4,62.3,110.8,105.6,259.6,112,48.6,129.3],
            [65.2,25.4,0,87.7,136.2,97.1,251.1,137.4,74,154.7],
            [45.6,62.3,87.7,0,91.9,43.3,197.3,86.4,73.5,67],
            [137.5,110.8,136.2,91.9,0,135.2,268.3,70.2,62.2,127.3],
            [31.9,105.6,97.1,43.3,135.2,0,154,129.7,116.8,80.1],
            [185.9,259.6,251.1,197.3,268.3,154,0,198.1,270.8,141],
            [132,112,137.4,86.4,70.2,129.7,198.1,0,96.2,57.1],
            [119.1,48.6,74,73.5,62.2,116.8,270.8,96.2,0,140.5],
            [90.2,129.3,154.7,67,127.3,80.1,141,57.1,140.5,0]
        ],
        "weight_matrix": [
            [0,3,3,3,3,3,3,3,3,3],
            [3,0,3,3,3,3,3,3,3,3],
            [3,3,0,3,3,3,3,3,3,3],
            [3,3,3,0,3,3,3,3,3,3],
            [3,3,3,3,0,3,3,3,3,3],
            [3,3,3,3,3,0,3,3,3,3],
            [3,3,3,3,3,3,0,3,3,3],
            [3,3,3,3,3,3,3,0,3,3],
            [3,3,3,3,3,3,3,3,0,3],
            [3,3,3,3,3,3,3,3,3,0]
        ],
        "probability_matrix": [
            [0,0.1797204103136239,0.12788324307295387,0.056819688474991796,0.06594175064674439,0.16277049322425902,0.0671967710861863,0.0732349812305775,0.17825988137005117,0.08817278058061212],
            [0.059205388554565946,0,0.05648946139377249,0.04830866144936019,0.23305773156408247,0.021448265943574414,0.057791761612347996,0.1229347869119331,0.19150802100899245,0.20925592156137082],
            [0.06970269949768547,0.059340155347800044,0,0.0523436888230451,0.10098467907634938,0.05785129046764358,0.0762652837791124,0.23017307347368637,0.13246911679157744,0.22087001274310025],
            [0.12295809656561651,0.02497738689185876,0.17223401950588657,0,0.07934587770307377,0.022546738774507497,0.11283289390166946,0.20296595130436948,0.1803737183156628,0.08176531703735511],
            [0.1870616611137066,0.10963248182477332,0.06038260395713963,0.17755366586275714,0,0.13097273175866644,0.031137010413731927,0.10900825639036472,0.06655430058680133,0.127697288092059],
            [0.1249270306339947,5.75901338982251E-4,0.15038912216173556,0.10850673785810334,0.15938343653111878,0,0.13694061839853264,0.1589453138297549,0.03317829937799283,0.127153539869785],
            [0.054191480461679375,0.22213235104401707,0.09769543983652454,0.1353256162529281,0.02338153936336624,0.1969711964238826,0,0.005499323621299863,0.14383231066423655,0.1209707423320656],
            [0.113628126231836,0.13008841053617407,0.15836721849095473,0.03839948204036181,0.09784508280424747,0.15385656495342512,0.15369886588774548,0,0.03078199126190827,0.1233342577933471],
            [0.08196999898515113,0.21867622199157852,0.022115270759049798,0.044663035874356063,0.11768799717731396,0.06363979296434273,0.10632510473314029,0.2095613233803615,0,0.13536125413470593],
            [0.10310929547950828,0.06855252439345717,0.15762717246819194,0.06441876598278877,0.15309899464623655,0.11924279685005748,0.008927603440551548,0.15498283877471428,0.17004000796449406,0]
        ],
        "city_names": ["Amsterdam","Rotterdam","Den Haag","Utrecht","Eindhoven","Almere","Groningen","Nijmegen","Breda","Apeldoorn"],
        "reward_matrix": [
            [0,73456,83796,91775,54364,97352,34661,56603,61855,73619],
            [73456,0,99999,84977,65233,67350,4659,64745,90554,57702],
            [83796,99999,0,74637,54893,70810,8119,54405,80214,47362],
            [91775,84977,74637,0,72927,92712,30020,75166,80418,83064],
            [54364,65233,54893,72927,0,55300,1117,81761,85018,58516],
            [97352,67350,70810,92712,55300,0,47647,57539,62791,77731],
            [34661,4659,8119,30020,1117,47647,0,29695,100,52939],
            [56603,64745,54405,75166,81761,57539,29695,0,71177,87094],
            [61855,90554,80214,80418,85018,62791,100,71177,0,53143],
            [73619,57702,47362,83064,58516,77731,52939,87094,53143,0]
        ]
    },
    "vehicle_cost_per_km": [5,15,15,5,5,5,5,5,5,5],
    "vehicle_capacities": [5,5,5,5,20,30,30,30,30,30],
    "runs": [{
        "number_of_vehicles": 3,
        "avg_task_cost_vs_number_of_task": [560,1309.5,1139.4999999999998,1178.875,950.6,926.9999999999999,869,975.0625,995.2777777777778,969.9999999999998,910,927.5833333333334,937.4615384615382,924.8571428571424,934.7666666666665,924.6562499999995,887.9999999999997,871.2222222222222,891.9736842105261,908.45,856.2142857142857,921.5454545454544,953.065217391304,967.3541666666661,923.6799999999997,910.8653846153848,918.8703703703701,963.5178571428572,901.0344827586207,892.7666666666667]
    }]
}