{
    "vehicle_starting_positions": ["Amsterdam","Rotterdam","Den Haag","Utrecht","Eindhoven","Almere","Groningen","Nijmegen","Breda","Apeldoorn"],
    "task_distribution": {
        "distance_matrix": [
            [0,90.6,65.2,45.6,137.5,31.9,185.9,132,119.1,90.2],
            [90.6,0,25.4,62.3,110.8,105.6,259.6,112,48.6,129.3],
            [65.2,25.4,0,87.7,136.2,97.1,251.1,137.4,74,154.7],
            [45.6,62.3,87.7,0,91.9,43.3,197.3,86.4,73.5,67],
            [137.5,110.8,136.2,91.9,0,135.2,268.3,70.2,62.2,127.3],
            [31.9,105.6,97.1,43.3,135.2,0,154,129.7,116.8,80.1],
            [185.9,259.6,251.1,197.3,268.3,154,0,198.1,270.8,141],
            [132,112,137.4,86.4,70.2,129.7,198.1,0,96.2,57.1],
            [119.1,48.6,74,73.5,62.2,116.8,270.8,96.2,0,140.5],
            [90.2,129.3,154.7,67,127.3,80.1,141,57.1,140.5,0]
        ],
        "weight_matrix": [
            [0,3,3,3,3,3,3,3,3,3],
            [3,0,3,3,3,3,3,3,3,3],
            [3,3,0,3,3,3,3,3,3,3],
            [3,3,3,0,3,3,3,3,3,3],
            [3,3,3,3,0,3,3,3,3,3],
            [3,3,3,3,3,0,3,3,3,3],
            [3,3,3,3,3,3,0,3,3,3],
            [3,3,3,3,3,3,3,0,3,3],
            [3,3,3,3,3,3,3,3,0,3],
            [3,3,3,3,3,3,3,3,3,0]
        ],
        "probability_matrix": [
            [0,0.12718398269093642,0.04891740387644924,0.07161317168584357,0.1730645999209759,0.2559813586190856,0.004788431020305891,0.045939872600963695,0.14829741323364654,0.12421376635179333],
            [0.2185475145356795,0,0.002927598667518877,0.08887788730386492,0.11088339593848442,0.10305249806943266,0.013672347619742464,0.11384651928234206,0.164088163151796,0.18410407543113916],
            [0.08327815942080331,0.10740131789933538,0,0.07376710962970533,0.17772491528224013,0.07770817961530273,0.0728253200844427,0.009419709492087284,0.25082762101285117,0.14704766756323184],
            [0.15005226852015494,0.23191740309247194,0.15834160714601528,0,0.17938926379613945,0.04694916411719071,0.12884057739136265,0.07158689819861863,0.02013611398872504,0.012786703749321407],
            [0.022878312183550752,0.10246842952458107,0.18749590612925493,0.23709872726870823,0,0.0010775222128431732,0.21873661600655922,0.05299547336777039,0.13096945644023858,0.046279556866493744],
            [0.042678272951483964,0.08875239278832962,0.06620189404564426,0.10875749845680956,0.17672206348798533,0,0.10890364254577477,0.2504753212338121,0.040083806832133896,0.11742510765802654],
            [0.07654589589057606,0.15881878061118457,0.1142797831056488,0.014684982802683693,0.07494832875647724,0.1854624618381059,0,0.1495843904923116,0.1576567774533644,0.06801859904964783],
            [0.11779524537942244,0.03418409448970628,0.03905375350368093,0.19903226179593084,0.07441961187199964,0.16554507577479638,0.20502540328671479,0,0.01752708272639081,0.14741747117135803],
            [0.05251192760381578,0.04834357344642739,0.1911775172831092,0.11207789519315788,0.08684579909399812,0.1504780505788295,0.20530621087161177,0.01570652089060081,0,0.1375525050384496],
            [0.17865394257118306,0.22907434488744946,0.149805122854875,0.17871547342298114,0.038467681469253084,0.08261017133334728,0.016781332599932326,0.028601579592426724,0.09729035126855197,0]
        ],
        "city_names": ["Amsterdam","Rotterdam","Den Haag","Utrecht","Eindhoven","Almere","Groningen","Nijmegen","Breda","Apeldoorn"],
        "reward_matrix": [
            [0,73456,83796,91775,54364,97352,34661,56603,61855,73619],
            [73456,0,99999,84977,65233,67350,4659,64745,90554,57702],
            [83796,99999,0,74637,54893,70810,8119,54405,80214,47362],
            [91775,84977,74637,0,72927,92712,30020,75166,80418,83064],
            [54364,65233,54893,72927,0,55300,1117,81761,85018,58516],
            [97352,67350,70810,92712,55300,0,47647,57539,62791,77731],
            [34661,4659,8119,30020,1117,47647,0,29695,100,52939],
            [56603,64745,54405,75166,81761,57539,29695,0,71177,87094],
            [61855,90554,80214,80418,85018,62791,100,71177,0,53143],
            [73619,57702,47362,83064,58516,77731,52939,87094,53143,0]
        ]
    },
    "vehicle_cost_per_km": [15,10,15,5,5,5,5,5,5,5],
    "vehicle_capacities": [5,5,5,5,20,30,30,30,30,30],
    "runs": [{
        "number_of_vehicles": 3,
        "avg_task_cost_vs_number_of_task": [3194.0000000000005,2757.25,2417.5,2724,2179.2,1944.9166666666667,1823.8571428571427,1655.6874999999998,1911.9444444444441,1889.6499999999996,1656.6363636363637,1942.5416666666667,1889.2692307692305,1886.9642857142856,1761.1666666666665,1764.3437499999995,1701.1470588235295,1633.5833333333328,1598.7631578947367,1575.0749999999998,1601.9999999999995,1533.8636363636363,1608.8260869565217,1525.0416666666667,1590.7599999999998,1559.230769230769,1575.0740740740741,1520.9285714285709,1526.2068965517242,1603.5333333333328]
    }]
}