{
    "vehicle_starting_positions": ["Amsterdam","Rotterdam","Den Haag","Utrecht","Eindhoven","Almere","Groningen","Nijmegen","Breda","Apeldoorn"],
    "task_distribution": {
        "distance_matrix": [
            [0,90.6,65.2,45.6,137.5,31.9,185.9,132,119.1,90.2],
            [90.6,0,25.4,62.3,110.8,105.6,259.6,112,48.6,129.3],
            [65.2,25.4,0,87.7,136.2,97.1,251.1,137.4,74,154.7],
            [45.6,62.3,87.7,0,91.9,43.3,197.3,86.4,73.5,67],
            [137.5,110.8,136.2,91.9,0,135.2,268.3,70.2,62.2,127.3],
            [31.9,105.6,97.1,43.3,135.2,0,154,129.7,116.8,80.1],
            [185.9,259.6,251.1,197.3,268.3,154,0,198.1,270.8,141],
            [132,112,137.4,86.4,70.2,129.7,198.1,0,96.2,57.1],
            [119.1,48.6,74,73.5,62.2,116.8,270.8,96.2,0,140.5],
            [90.2,129.3,154.7,67,127.3,80.1,141,57.1,140.5,0]
        ],
        "weight_matrix": [
            [0,3,3,3,3,3,3,3,3,3],
            [3,0,3,3,3,3,3,3,3,3],
            [3,3,0,3,3,3,3,3,3,3],
            [3,3,3,0,3,3,3,3,3,3],
            [3,3,3,3,0,3,3,3,3,3],
            [3,3,3,3,3,0,3,3,3,3],
            [3,3,3,3,3,3,0,3,3,3],
            [3,3,3,3,3,3,3,0,3,3],
            [3,3,3,3,3,3,3,3,0,3],
            [3,3,3,3,3,3,3,3,3,0]
        ],
        "probability_matrix": [
            [0,0.10289620252843282,0.05015517817807378,0.06134914881486397,0.11609825039052188,0.04980474130877252,0.14745151874461696,0.2225236980452372,0.18856054598217611,0.061160716007304904],
            [0.16298290046825875,0,0.15187618344931617,0.08413150149882567,0.01874946128605586,0.043731860842018494,0.05358599430819721,0.13794821919570815,0.15143140059109067,0.19556247836052904],
            [0.11253322925234577,0.18011836183421037,0,0.18219309389879743,0.09677187805924663,0.02476632089708494,0.05760134926384637,0.11400346439503545,0.16253185611748971,0.06948044628194354],
            [0.06993888288832677,0.13803276738473097,0.08407376039829298,0,0.16970871011435618,0.0644280134227049,0.23037055834415798,0.10659150817935681,0.06990371944159601,0.06695207982647725],
            [0.10049076967749485,0.03025255088314278,0.19046400639160865,0.0010146221652851777,0,0.096977586891863,0.16473191234707626,0.17995587865477902,0.07208602252747023,0.16402665046127995],
            [0.12435168021949207,0.10715852140592867,0.22785029677902024,0.03354733646643412,0.046151746079777234,0,0.02397141499765188,0.186399882082461,0.18269523731940238,0.0678738846498324],
            [0.11785783530700111,0.07183898931985841,0.11838754628644184,0.07432675561242583,0.0014706734193577328,0.14339845805422258,0,0.16926960168816305,0.16606350943784387,0.1373866308746856],
            [0.05347928389813982,0.15993876417922398,0.17562444528781812,0.1397600875919643,0.15258095297335242,0.019857577961305502,0.14575132115878894,0,0.017978731145354955,0.13502883580405203],
            [0.11015844304746158,0.03511073055477408,0.09050889765844163,0.14971956175139173,0.0963987767098557,0.05409783993354663,0.18471141318274742,0.1394559094978374,0,0.13983842766394372],
            [0.11782772174630063,0.1442569525550371,0.1739412552149312,0.05703516002733222,0.012348522133314424,0.018311482085377674,0.18209541044825403,0.15172858485766272,0.14245491093179016,0]
        ],
        "city_names": ["Amsterdam","Rotterdam","Den Haag","Utrecht","Eindhoven","Almere","Groningen","Nijmegen","Breda","Apeldoorn"],
        "reward_matrix": [
            [0,73456,83796,91775,54364,97352,34661,56603,61855,73619],
            [73456,0,99999,84977,65233,67350,4659,64745,90554,57702],
            [83796,99999,0,74637,54893,70810,8119,54405,80214,47362],
            [91775,84977,74637,0,72927,92712,30020,75166,80418,83064],
            [54364,65233,54893,72927,0,55300,1117,81761,85018,58516],
            [97352,67350,70810,92712,55300,0,47647,57539,62791,77731],
            [34661,4659,8119,30020,1117,47647,0,29695,100,52939],
            [56603,64745,54405,75166,81761,57539,29695,0,71177,87094],
            [61855,90554,80214,80418,85018,62791,100,71177,0,53143],
            [73619,57702,47362,83064,58516,77731,52939,87094,53143,0]
        ]
    },
    "vehicle_cost_per_km": [5,15,10,5,5,5,5,5,5,5],
    "vehicle_capacities": [15,15,15,5,20,30,30,30,30,30],
    "runs": [{
        "number_of_vehicles": 3,
        "avg_task_cost_vs_number_of_task": [1156,1253.75,854.5,760.625,608.5,598.8333333333334,513.2857142857143,470.75,440.4444444444445,423.80000000000007,396.3181818181818,378.8333333333333,362.03846153846155,377.42857142857144,391.56666666666666,436.09375,346.35294117647067,376.77777777777777,351.8157894736842,408.3750000000001,420.52380952380963,455.20454545454544,422.52173913043487,341.87500000000006,315.82000000000005,384.2500000000001,407.48148148148164,368.0357142857143,409.7758620689654,300.1]
    }]
}