{
    "vehicle_starting_positions": ["Amsterdam","Rotterdam","Den Haag","Utrecht","Eindhoven","Almere","Groningen","Nijmegen","Breda","Apeldoorn"],
    "task_distribution": {
        "distance_matrix": [
            [0,90.6,65.2,45.6,137.5,31.9,185.9,132,119.1,90.2],
            [90.6,0,25.4,62.3,110.8,105.6,259.6,112,48.6,129.3],
            [65.2,25.4,0,87.7,136.2,97.1,251.1,137.4,74,154.7],
            [45.6,62.3,87.7,0,91.9,43.3,197.3,86.4,73.5,67],
            [137.5,110.8,136.2,91.9,0,135.2,268.3,70.2,62.2,127.3],
            [31.9,105.6,97.1,43.3,135.2,0,154,129.7,116.8,80.1],
            [185.9,259.6,251.1,197.3,268.3,154,0,198.1,270.8,141],
            [132,112,137.4,86.4,70.2,129.7,198.1,0,96.2,57.1],
            [119.1,48.6,74,73.5,62.2,116.8,270.8,96.2,0,140.5],
            [90.2,129.3,154.7,67,127.3,80.1,141,57.1,140.5,0]
        ],
        "weight_matrix": [
            [0,3,3,3,3,3,3,3,3,3],
            [3,0,3,3,3,3,3,3,3,3],
            [3,3,0,3,3,3,3,3,3,3],
            [3,3,3,0,3,3,3,3,3,3],
            [3,3,3,3,0,3,3,3,3,3],
            [3,3,3,3,3,0,3,3,3,3],
            [3,3,3,3,3,3,0,3,3,3],
            [3,3,3,3,3,3,3,0,3,3],
            [3,3,3,3,3,3,3,3,0,3],
            [3,3,3,3,3,3,3,3,3,0]
        ],
        "probability_matrix": [
            [0,0.03054820355748461,0.15461427792202417,0.15161310977994147,0.04404716778214675,0.20292224964697936,0.17207423246791842,0.1199119887738572,0.1226480873404605,0.001620682729187526],
            [0.07159816351813414,0,0.15550990797984662,0.18305284996584043,0.06486377137491924,0.02225474283167573,0.037104128576177384,0.1400084969589444,0.21706742979791552,0.10854050899654656],
            [0.04503216702424259,0.18324190243471375,0,0.052115801315566083,0.006579065196265701,0.22150545545947545,0.0023924760855310624,0.12888728916697637,0.26175438646409366,0.09849145685313519],
            [0.14397837036649613,0.07523320575264737,0.06032762355599399,0,0.15641805226351146,0.10270738320103777,0.1545950021585352,0.06299164465456054,0.09107355897990835,0.15267515906730939],
            [0.2088784587477548,0.07066686176029993,0.012288942248532159,0.20071574097362643,0,0.19313989582909696,0.027080090932624024,0.19360576093038112,0.055480467243702355,0.03814378133398208],
            [0.14566463311305453,0.02306421621224583,0.19088700815795723,0.12571474447971684,0.06751281618766515,0,0.14714983365803389,0.05068157967919279,0.17025811497529666,0.07906705353683702],
            [0.09311848085685853,0.011204794163971639,0.246380777810643,0.1101571845734322,0.08153037519290476,0.0379106154776914,0,0.10458427018768802,0.25348793870085606,0.06162556303595426],
            [0.08039477997320317,0.13795196623441777,0.05167148178144895,0.10650659100709803,0.3251163296266182,0.044989515156224506,0.07391911459185409,0,0.1315475067781966,0.04790271485093869],
            [0.07428628410660153,0.08155476475093494,0.16476682665594755,0.180098970794769,0.16520270288288938,0.06543796440598607,0.10936014833953131,0.13807253748482906,0,0.02121980057851091],
            [0.19164981689678617,0.03846342070409783,0.12042557249839751,0.08059082444206937,0.1106782184061208,0.13413436585879546,0.054619320207227706,0.07421799233343537,0.1952204686530698,0]
        ],
        "city_names": ["Amsterdam","Rotterdam","Den Haag","Utrecht","Eindhoven","Almere","Groningen","Nijmegen","Breda","Apeldoorn"],
        "reward_matrix": [
            [0,73456,83796,91775,54364,97352,34661,56603,61855,73619],
            [73456,0,99999,84977,65233,67350,4659,64745,90554,57702],
            [83796,99999,0,74637,54893,70810,8119,54405,80214,47362],
            [91775,84977,74637,0,72927,92712,30020,75166,80418,83064],
            [54364,65233,54893,72927,0,55300,1117,81761,85018,58516],
            [97352,67350,70810,92712,55300,0,47647,57539,62791,77731],
            [34661,4659,8119,30020,1117,47647,0,29695,100,52939],
            [56603,64745,54405,75166,81761,57539,29695,0,71177,87094],
            [61855,90554,80214,80418,85018,62791,100,71177,0,53143],
            [73619,57702,47362,83064,58516,77731,52939,87094,53143,0]
        ]
    },
    "vehicle_capacities": [5,10,10,20,25,30,30,30,30,30],
    "runs": [{
        "number_of_vehicles": 5,
        "avg_task_cost_vs_number_of_task": [687.5,583.25,712.6666666666666,534.5,466.7,429.4166666666667,396.5,314.3125,308.3888888888889,290.29999999999995,242.3181818181818,235.5,254.92307692307696,221.92857142857142,210.46666666666667,199.59375,200.5588235294117,202.88888888888883,191.8421052631579,185.42499999999998,189.14285714285714,222.9090909090909,265.195652173913,268.0625,242.62000000000003,263.71153846153845,233.16666666666666,259.99999999999994,218.20689655172416,238.2]
    }]
}