{
    "vehicle_starting_positions": ["Amsterdam","Rotterdam","Den Haag","Utrecht","Eindhoven","Almere","Groningen","Nijmegen","Breda","Apeldoorn"],
    "task_distribution": {
        "distance_matrix": [
            [0,90.6,65.2,45.6,137.5,31.9,185.9,132,119.1,90.2],
            [90.6,0,25.4,62.3,110.8,105.6,259.6,112,48.6,129.3],
            [65.2,25.4,0,87.7,136.2,97.1,251.1,137.4,74,154.7],
            [45.6,62.3,87.7,0,91.9,43.3,197.3,86.4,73.5,67],
            [137.5,110.8,136.2,91.9,0,135.2,268.3,70.2,62.2,127.3],
            [31.9,105.6,97.1,43.3,135.2,0,154,129.7,116.8,80.1],
            [185.9,259.6,251.1,197.3,268.3,154,0,198.1,270.8,141],
            [132,112,137.4,86.4,70.2,129.7,198.1,0,96.2,57.1],
            [119.1,48.6,74,73.5,62.2,116.8,270.8,96.2,0,140.5],
            [90.2,129.3,154.7,67,127.3,80.1,141,57.1,140.5,0]
        ],
        "weight_matrix": [
            [0,3,3,3,3,3,3,3,3,3],
            [3,0,3,3,3,3,3,3,3,3],
            [3,3,0,3,3,3,3,3,3,3],
            [3,3,3,0,3,3,3,3,3,3],
            [3,3,3,3,0,3,3,3,3,3],
            [3,3,3,3,3,0,3,3,3,3],
            [3,3,3,3,3,3,0,3,3,3],
            [3,3,3,3,3,3,3,0,3,3],
            [3,3,3,3,3,3,3,3,0,3],
            [3,3,3,3,3,3,3,3,3,0]
        ],
        "probability_matrix": [
            [0,0.07548532227939292,0.07522871318210309,0.12629568938391197,0.1461424556052677,0.09199347116653489,0.1471725132424664,0.13971813315309423,0.05791186522158752,0.1400518367656414],
            [0.08835691898850238,0,0.07692762041844672,0.11159384770131897,0.06409085281705043,0.04298343010827628,0.1863380322973884,0.18712115834330134,0.08389710038359634,0.15869103894211925],
            [0.008629006140710077,0.06392858684474269,0,0.2254037388925019,0.10719381122747257,0.10408062716310143,0.06266842963976384,0.10831021704886361,0.13663651393300694,0.183149069109837],
            [0.11395485001680791,0.098571780323444,0.09204744761217634,0,0.159228508133257,0.01916156599422565,0.0894697183667858,0.15780228253831086,0.07911555425901878,0.19064829275597353],
            [0.19425920141722036,0.0397584331797359,0.08303668192746459,0.19050101280766546,0,0.06010248652675444,0.12782708264090517,0.0635322894448457,0.11101926252864514,0.12996354952676317],
            [0.16344192821507747,0.03815537472161926,0.15065257402903923,0.09034963541644753,0.013574284016638493,0,0.1971111673385471,0.08346862310327759,0.08683425624236889,0.1764121569169845],
            [0.21841875542870348,0.19085020176870118,0.05071081559943579,0.001394030275062004,0.04873748697094306,0.17104032460501462,0,0.030871244706281244,0.19677679269738654,0.09120034794847207],
            [0.12959890757271572,0.09734477552293934,0.06791766399262472,0.15466003241311316,0.1487456589833714,0.10514586734569717,0.15253937287595162,0,0.06686825334331202,0.07717946795027467],
            [0.07683808133740773,0.039382461009308686,0.21221574937801843,0.03769994827392974,0.10929945049088088,0.19654540246658594,0.09349164223982218,0.007307774638545052,0,0.2272194901655014],
            [0.024569140489853338,0.12113513401361801,0.14651283252179456,0.1118558074702625,0.15433086153917042,0.17887101377020262,0.16848930610563806,0.04953432898890929,0.04470157510055133,0]
        ],
        "city_names": ["Amsterdam","Rotterdam","Den Haag","Utrecht","Eindhoven","Almere","Groningen","Nijmegen","Breda","Apeldoorn"],
        "reward_matrix": [
            [0,73456,83796,91775,54364,97352,34661,56603,61855,73619],
            [73456,0,99999,84977,65233,67350,4659,64745,90554,57702],
            [83796,99999,0,74637,54893,70810,8119,54405,80214,47362],
            [91775,84977,74637,0,72927,92712,30020,75166,80418,83064],
            [54364,65233,54893,72927,0,55300,1117,81761,85018,58516],
            [97352,67350,70810,92712,55300,0,47647,57539,62791,77731],
            [34661,4659,8119,30020,1117,47647,0,29695,100,52939],
            [56603,64745,54405,75166,81761,57539,29695,0,71177,87094],
            [61855,90554,80214,80418,85018,62791,100,71177,0,53143],
            [73619,57702,47362,83064,58516,77731,52939,87094,53143,0]
        ]
    },
    "vehicle_capacities": [5,15,15,20,20,30,30,30,30,30],
    "runs": [{
        "number_of_vehicles": 5,
        "avg_task_cost_vs_number_of_task": [1341.5,926.0000000000001,674.1666666666666,505.625,404.5,420,400.7857142857143,436.875,394.3333333333333,393.4,380.5,368.1666666666667,337.46153846153845,351.35714285714283,355.06666666666666,333.03125,305.5882352941176,365.6388888888889,328.8684210526315,332.85,330.9761904761904,319.70454545454544,327.5,302.5208333333333,310.62,317.59615384615387,300.74074074074076,302.125,293.2586206896552,288]
    }]
}