{
    "vehicle_starting_positions": ["Amsterdam","Rotterdam","Den Haag","Utrecht","Eindhoven","Almere","Groningen","Nijmegen","Breda","Apeldoorn"],
    "task_distribution": {
        "distance_matrix": [
            [0,90.6,65.2,45.6,137.5,31.9,185.9,132,119.1,90.2],
            [90.6,0,25.4,62.3,110.8,105.6,259.6,112,48.6,129.3],
            [65.2,25.4,0,87.7,136.2,97.1,251.1,137.4,74,154.7],
            [45.6,62.3,87.7,0,91.9,43.3,197.3,86.4,73.5,67],
            [137.5,110.8,136.2,91.9,0,135.2,268.3,70.2,62.2,127.3],
            [31.9,105.6,97.1,43.3,135.2,0,154,129.7,116.8,80.1],
            [185.9,259.6,251.1,197.3,268.3,154,0,198.1,270.8,141],
            [132,112,137.4,86.4,70.2,129.7,198.1,0,96.2,57.1],
            [119.1,48.6,74,73.5,62.2,116.8,270.8,96.2,0,140.5],
            [90.2,129.3,154.7,67,127.3,80.1,141,57.1,140.5,0]
        ],
        "weight_matrix": [
            [0,3,3,3,3,3,3,3,3,3],
            [3,0,3,3,3,3,3,3,3,3],
            [3,3,0,3,3,3,3,3,3,3],
            [3,3,3,0,3,3,3,3,3,3],
            [3,3,3,3,0,3,3,3,3,3],
            [3,3,3,3,3,0,3,3,3,3],
            [3,3,3,3,3,3,0,3,3,3],
            [3,3,3,3,3,3,3,0,3,3],
            [3,3,3,3,3,3,3,3,0,3],
            [3,3,3,3,3,3,3,3,3,0]
        ],
        "probability_matrix": [
            [0,0.08839142066845396,0.004056677874639197,0.06528301377868331,0.17375119850948584,0.16121838428184093,0.10172574089466949,0.030934464671028887,0.19075193902927062,0.1838871602919279],
            [0.02757281955412083,0,0.13747887975077314,0.14884675991256296,0.08103031683736511,0.15221763102438973,0.1639145985329928,0.1976224654805591,0.0639565877415862,0.02735994116565029],
            [0.22505434987456893,0.05446642304378737,0,0.06443439125288769,0.11849264242830165,0.10929270212979401,0.061465475630965306,0.09549120505719468,0.10886657703480494,0.16243623354769546],
            [0.14895276041750274,0.059059446609053184,0.11819578955909915,0,0.0435879081291502,0.10185399728344677,0.1583800255909186,0.08184069547015364,0.16534971870045878,0.12277965824021674],
            [0.14307156079565453,0.030285172012746206,0.066534866524519,0.04772378218020526,0,0.2824397120795567,0.10326458199021513,0.1729850585099959,0.12668473375382328,0.027010532153283844],
            [0.14172280563120057,0.1196243599187189,0.06137652162953774,0.08973689290865867,0.12349499659011293,0,0.12727089900847902,0.0657743287111461,0.21155230940855102,0.05944688619359491],
            [0.019358407910486902,0.0720151561444483,0.11571976482771432,0.17893525016056813,0.17402056547764141,0.14706413089321976,0,0.17619428013272728,0.11647992241132166,2.1252204187228497E-4],
            [0.14364698882925697,0.05701284621080535,0.10516594411745428,0.15593732175077646,0.041826145298328496,0.109502821087087,0.16482415171154,0,0.19487764431780338,0.027206136676948087],
            [0.048069173244493946,0.17413189047554975,0.19098089932836426,0.17216505334513177,0.11814332663805122,0.07610539252049513,0.007190803322417181,0.11959857005561071,0,0.09361489106988592],
            [0.026361956674936293,0.014209092403443476,0.1317236709445741,0.001982226582759902,0.15317585388814564,0.06428171319309532,0.19538238825983026,0.2498404811531643,0.16304261690005062,0]
        ],
        "city_names": ["Amsterdam","Rotterdam","Den Haag","Utrecht","Eindhoven","Almere","Groningen","Nijmegen","Breda","Apeldoorn"],
        "reward_matrix": [
            [0,73456,83796,91775,54364,97352,34661,56603,61855,73619],
            [73456,0,99999,84977,65233,67350,4659,64745,90554,57702],
            [83796,99999,0,74637,54893,70810,8119,54405,80214,47362],
            [91775,84977,74637,0,72927,92712,30020,75166,80418,83064],
            [54364,65233,54893,72927,0,55300,1117,81761,85018,58516],
            [97352,67350,70810,92712,55300,0,47647,57539,62791,77731],
            [34661,4659,8119,30020,1117,47647,0,29695,100,52939],
            [56603,64745,54405,75166,81761,57539,29695,0,71177,87094],
            [61855,90554,80214,80418,85018,62791,100,71177,0,53143],
            [73619,57702,47362,83064,58516,77731,52939,87094,53143,0]
        ]
    },
    "vehicle_capacities": [10,10,20,25,25,30,30,30,30,30],
    "runs": [{
        "number_of_vehicles": 5,
        "avg_task_cost_vs_number_of_task": [1255.5,691.25,893.5,816.6250000000001,653.3000000000001,648.5833333333334,599.8571428571429,468.3125,444.6111111111112,374.65000000000003,427.54545454545456,416.16666666666674,465.00000000000006,406.10714285714295,392.5,408.5625,260.11764705882354,346.50000000000006,280.36842105263156,296.12500000000006,286.8333333333333,307.3863636363636,307.82608695652175,289.5625,268.8,365.78846153846155,305.55555555555554,300.4642857142857,252.31034482758622,263.51666666666665]
    }]
}