{
    "vehicle_starting_positions": ["Amsterdam","Rotterdam","Den Haag","Utrecht","Eindhoven","Almere","Groningen","Nijmegen","Breda","Apeldoorn"],
    "task_distribution": {
        "distance_matrix": [
            [0,90.6,65.2,45.6,137.5,31.9,185.9,132,119.1,90.2],
            [90.6,0,25.4,62.3,110.8,105.6,259.6,112,48.6,129.3],
            [65.2,25.4,0,87.7,136.2,97.1,251.1,137.4,74,154.7],
            [45.6,62.3,87.7,0,91.9,43.3,197.3,86.4,73.5,67],
            [137.5,110.8,136.2,91.9,0,135.2,268.3,70.2,62.2,127.3],
            [31.9,105.6,97.1,43.3,135.2,0,154,129.7,116.8,80.1],
            [185.9,259.6,251.1,197.3,268.3,154,0,198.1,270.8,141],
            [132,112,137.4,86.4,70.2,129.7,198.1,0,96.2,57.1],
            [119.1,48.6,74,73.5,62.2,116.8,270.8,96.2,0,140.5],
            [90.2,129.3,154.7,67,127.3,80.1,141,57.1,140.5,0]
        ],
        "weight_matrix": [
            [0,3,3,3,3,3,3,3,3,3],
            [3,0,3,3,3,3,3,3,3,3],
            [3,3,0,3,3,3,3,3,3,3],
            [3,3,3,0,3,3,3,3,3,3],
            [3,3,3,3,0,3,3,3,3,3],
            [3,3,3,3,3,0,3,3,3,3],
            [3,3,3,3,3,3,0,3,3,3],
            [3,3,3,3,3,3,3,0,3,3],
            [3,3,3,3,3,3,3,3,0,3],
            [3,3,3,3,3,3,3,3,3,0]
        ],
        "probability_matrix": [
            [0,0.00863797483738414,0.045521266773362955,0.11810812900533658,0.21012475476555625,0.12935227746738434,0.17025185092085396,0.17048065189182807,0.0852723974238307,0.062250696914463104],
            [0.011017076242631936,0,0.13016137957176416,0.06888295867563597,0.16061880948325616,0.21627845430575235,0.02945913837600337,0.08105721936309696,0.19090814878224777,0.11161681519961127],
            [0.13068839864756032,0.07608659872779637,0,0.038874250406581635,0.1585305093954081,0.1369344771824364,0.08127776968392308,0.09792781744779303,0.1222458606511943,0.15743431785730666],
            [0.10941908226578377,0.15693373871778077,0.13745164059386952,0,0.17068287761117956,0.1497995325797203,0.042393740744920916,0.09921142773882079,0.09720694824963051,0.036901011498293945],
            [0.006510371644276732,0.15265685270191057,0.15265734433010678,0.18311581023932183,0,0.1033506111713535,0.0010401571258699036,0.017935716846775786,0.18542207714239373,0.19731105879799107],
            [0.12550556936093205,0.09756264530340572,0.13855216750382987,0.014018427460835139,0.1892900015223034,0,0.16360604541964757,0.15165270312720563,0.09898567258612115,0.020826767715719407],
            [0.17892656147800978,0.06600114623499698,0.08408618870882871,0.07537158953477228,0.06660481510521218,0.015564484987535383,0,0.28044825147209895,0.008808244040319192,0.22418871843822635],
            [0.05198423585686208,0.160376395400429,0.0680242778571613,0.19740604557071356,0.042931542071209555,0.021186021962045203,0.13536761973013534,0,0.11365007001538045,0.20907379153606362],
            [0.006852848657970989,0.14320657890423522,0.14849623526946953,0.09577786367161244,0.07437724681286949,0.13573307166526913,0.20887234014985334,0.10716091747906388,0,0.07952289738965602],
            [0.1173783353278375,0.16669144594749055,0.0842522866153687,0.053610167286513584,0.021237260916220583,0.09105282860282696,0.17984904564384638,0.15480117341427588,0.13112745624561986,0]
        ],
        "city_names": ["Amsterdam","Rotterdam","Den Haag","Utrecht","Eindhoven","Almere","Groningen","Nijmegen","Breda","Apeldoorn"],
        "reward_matrix": [
            [0,73456,83796,91775,54364,97352,34661,56603,61855,73619],
            [73456,0,99999,84977,65233,67350,4659,64745,90554,57702],
            [83796,99999,0,74637,54893,70810,8119,54405,80214,47362],
            [91775,84977,74637,0,72927,92712,30020,75166,80418,83064],
            [54364,65233,54893,72927,0,55300,1117,81761,85018,58516],
            [97352,67350,70810,92712,55300,0,47647,57539,62791,77731],
            [34661,4659,8119,30020,1117,47647,0,29695,100,52939],
            [56603,64745,54405,75166,81761,57539,29695,0,71177,87094],
            [61855,90554,80214,80418,85018,62791,100,71177,0,53143],
            [73619,57702,47362,83064,58516,77731,52939,87094,53143,0]
        ]
    },
    "vehicle_capacities": [5,10,10,10,25,30,30,30,30,30],
    "runs": [{
        "number_of_vehicles": 5,
        "avg_task_cost_vs_number_of_task": [613,1442,1070,802.5,642,535,468.2857142857144,494.875,439.8888888888889,409.59999999999997,359.90909090909093,383.7916666666666,344.49999999999994,298.2857142857143,278.4,339.1875,314.5882352941177,302.8055555555556,298.3157894736842,282.55,293.5238095238095,257.15909090909093,259.7826086956522,251.22916666666666,270.58,252.69230769230768,245.05555555555563,209.91071428571428,221.1379310344828,257.70000000000005]
    }]
}