{
    "vehicle_starting_positions": ["Amsterdam","Rotterdam","Den Haag","Utrecht","Eindhoven","Almere","Groningen","Nijmegen","Breda","Apeldoorn"],
    "task_distribution": {
        "distance_matrix": [
            [0,90.6,65.2,45.6,137.5,31.9,185.9,132,119.1,90.2],
            [90.6,0,25.4,62.3,110.8,105.6,259.6,112,48.6,129.3],
            [65.2,25.4,0,87.7,136.2,97.1,251.1,137.4,74,154.7],
            [45.6,62.3,87.7,0,91.9,43.3,197.3,86.4,73.5,67],
            [137.5,110.8,136.2,91.9,0,135.2,268.3,70.2,62.2,127.3],
            [31.9,105.6,97.1,43.3,135.2,0,154,129.7,116.8,80.1],
            [185.9,259.6,251.1,197.3,268.3,154,0,198.1,270.8,141],
            [132,112,137.4,86.4,70.2,129.7,198.1,0,96.2,57.1],
            [119.1,48.6,74,73.5,62.2,116.8,270.8,96.2,0,140.5],
            [90.2,129.3,154.7,67,127.3,80.1,141,57.1,140.5,0]
        ],
        "weight_matrix": [
            [0,3,3,3,3,3,3,3,3,3],
            [3,0,3,3,3,3,3,3,3,3],
            [3,3,0,3,3,3,3,3,3,3],
            [3,3,3,0,3,3,3,3,3,3],
            [3,3,3,3,0,3,3,3,3,3],
            [3,3,3,3,3,0,3,3,3,3],
            [3,3,3,3,3,3,0,3,3,3],
            [3,3,3,3,3,3,3,0,3,3],
            [3,3,3,3,3,3,3,3,0,3],
            [3,3,3,3,3,3,3,3,3,0]
        ],
        "probability_matrix": [
            [0,0.1179346575233714,0.14811226551324191,0.12270786028679938,0.1106517681444531,0.04506094459216084,0.10110380041270652,0.15357420975882122,0.12256801770812796,0.07828647606031772],
            [0.19226939879170893,0,0.010819749707149065,0.10874782555725868,0.22126204497230287,0.13512041453201348,0.05174601980242903,0.1930533211260433,0.029415583584114207,0.057565641926980375],
            [0.2020447949017281,0.05220237162674496,0,0.10611376477581529,0.1325241274911915,0.1670299767114859,0.15926987894119723,0.05638666470205794,0.07101701543583448,0.05341140541394473],
            [0.005625167110157959,0.15251782633627656,0.11961333435918163,0,0.10383214216644177,0.050589091176787296,0.18647087443401353,0.05147417956904242,0.10638981062019887,0.22348757422789992],
            [0.08386088426731403,0.1324982730827789,0.013679414504045232,0.12231176939605568,0,0.05448483885597087,0.11151237995105746,0.16073473322792411,0.1521718998487284,0.16874580686612523],
            [0.1514587763415808,0.013457592238990969,0.18514845703636928,0.1866543901393763,0.09703952066901791,0,0.029161262164750713,0.031474526625005037,0.22925297828235405,0.07635249650255478],
            [0.07208097748290414,0.006921981770090322,0.192495890915155,0.1340359183743015,0.08447080774911912,0.17244859143932276,0,0.17122718269927395,0.003489438655972705,0.16282921091386043],
            [0.15077440222408287,0.17529851963036136,0.15160964135798727,0.1385947638645377,0.017454526657966284,9.514422499250335E-4,0.06401281627404667,0,0.1144561056818766,0.18684778205921615],
            [0.11748837431113539,0.10508204126474115,0.07266164982283797,0.02401328877784484,0.11560376057629426,0.16671019126995051,0.1596127908205718,0.16691865455550778,0,0.07190924860111614],
            [0.0020192286037935864,0.1972797481874889,0.16459745960723265,0.005992618651024139,0.21553331393661807,0.05905045313234376,0.11259772608763202,0.15247094847354262,0.09045850332032436,0]
        ],
        "city_names": ["Amsterdam","Rotterdam","Den Haag","Utrecht","Eindhoven","Almere","Groningen","Nijmegen","Breda","Apeldoorn"],
        "reward_matrix": [
            [0,73456,83796,91775,54364,97352,34661,56603,61855,73619],
            [73456,0,99999,84977,65233,67350,4659,64745,90554,57702],
            [83796,99999,0,74637,54893,70810,8119,54405,80214,47362],
            [91775,84977,74637,0,72927,92712,30020,75166,80418,83064],
            [54364,65233,54893,72927,0,55300,1117,81761,85018,58516],
            [97352,67350,70810,92712,55300,0,47647,57539,62791,77731],
            [34661,4659,8119,30020,1117,47647,0,29695,100,52939],
            [56603,64745,54405,75166,81761,57539,29695,0,71177,87094],
            [61855,90554,80214,80418,85018,62791,100,71177,0,53143],
            [73619,57702,47362,83064,58516,77731,52939,87094,53143,0]
        ]
    },
    "vehicle_capacities": [10,10,10,10,30,30,30,30,30,30],
    "runs": [{
        "number_of_vehicles": 5,
        "avg_task_cost_vs_number_of_task": [453,226.5,378,497.12500000000006,418.9,382.25,371,481.875,423.22222222222223,380.9,394.54545454545456,375.9166666666667,307.53846153846155,358.7142857142857,341.6666666666667,277.125,280.8529411764706,286.1388888888889,271,321.625,264.9285714285714,302.70454545454544,286.19565217391306,274.7083333333333,247.16000000000003,276.26923076923083,256.31481481481484,257.42857142857144,254.70689655172416,232.2]
    }]
}