{
    "vehicle_starting_positions": ["Amsterdam","Rotterdam","Den Haag","Utrecht","Eindhoven","Almere","Groningen","Nijmegen","Breda","Apeldoorn"],
    "task_distribution": {
        "distance_matrix": [
            [0,90.6,65.2,45.6,137.5,31.9,185.9,132,119.1,90.2],
            [90.6,0,25.4,62.3,110.8,105.6,259.6,112,48.6,129.3],
            [65.2,25.4,0,87.7,136.2,97.1,251.1,137.4,74,154.7],
            [45.6,62.3,87.7,0,91.9,43.3,197.3,86.4,73.5,67],
            [137.5,110.8,136.2,91.9,0,135.2,268.3,70.2,62.2,127.3],
            [31.9,105.6,97.1,43.3,135.2,0,154,129.7,116.8,80.1],
            [185.9,259.6,251.1,197.3,268.3,154,0,198.1,270.8,141],
            [132,112,137.4,86.4,70.2,129.7,198.1,0,96.2,57.1],
            [119.1,48.6,74,73.5,62.2,116.8,270.8,96.2,0,140.5],
            [90.2,129.3,154.7,67,127.3,80.1,141,57.1,140.5,0]
        ],
        "weight_matrix": [
            [0,3,3,3,3,3,3,3,3,3],
            [3,0,3,3,3,3,3,3,3,3],
            [3,3,0,3,3,3,3,3,3,3],
            [3,3,3,0,3,3,3,3,3,3],
            [3,3,3,3,0,3,3,3,3,3],
            [3,3,3,3,3,0,3,3,3,3],
            [3,3,3,3,3,3,0,3,3,3],
            [3,3,3,3,3,3,3,0,3,3],
            [3,3,3,3,3,3,3,3,0,3],
            [3,3,3,3,3,3,3,3,3,0]
        ],
        "probability_matrix": [
            [0,0.1517230760208684,0.01935177098115689,0.11061676498780432,0.1813484601411324,0.19781553735715016,0.07407707655580648,0.15787622533009898,0.10375895952497996,0.003432129101002311],
            [0.12107952847521455,0,0.10525248308873987,0.15365749096412007,0.14154437141281515,0.09285697390914815,0.21298852267675972,0.008708341876769124,0.02256305907831766,0.1413492285181158],
            [0.1079061336964461,0.14785538465093734,0,0.16420721938282806,0.11315268797388052,0.08449324047433288,0.15742808219681648,0.05277024035278313,0.11258794707543619,0.05959906419653939],
            [0.05344869373026497,0.20669451810006342,0.009306373849879982,0,0.24239902777706604,0.006670558032799076,0.16720986880401145,0.0035483796691994107,0.26185341171920157,0.048869168317514006],
            [0.14560178656140138,0.1537065973545931,0.07164329833610479,0.1722743331142469,0,0.06736375133577445,0.02861857765218419,0.11939777939582247,0.1796704011594239,0.061723475090448864],
            [0.1491575745192366,0.13588985596526007,0.05552883259678587,0.07609514768891745,0.16286718722164456,0,0.07284822534427664,0.1042162004438822,0.08473401879804883,0.15866295742194778],
            [0.029503827100075642,0.11152595610835306,0.06478370235368662,0.05962863011102353,0.010336226646360372,0.17981575712684694,0,0.2021623931450732,0.14633672371389203,0.19590678369468859],
            [0.21897200499883043,0.05208744317951868,0.07166545738319234,0.07722887916520638,0.036934487147256126,0.2297510174431561,0.016140460813043284,0,0.07552299872881235,0.22169725114098432],
            [0.07093439697226628,0.13980559183840396,0.09193301953852295,0.13019396332564578,0.05371116258608595,0.09911070546504745,0.13723891746975994,0.10081774574757714,0,0.1762544970566904],
            [0.1334651750181836,0.10380932582384676,0.14172628501809814,0.07827410990168068,0.07579895201231067,0.11701231430871108,0.06861331651867161,0.14794754385699563,0.13335297754150172,0]
        ],
        "city_names": ["Amsterdam","Rotterdam","Den Haag","Utrecht","Eindhoven","Almere","Groningen","Nijmegen","Breda","Apeldoorn"],
        "reward_matrix": [
            [0,73456,83796,91775,54364,97352,34661,56603,61855,73619],
            [73456,0,99999,84977,65233,67350,4659,64745,90554,57702],
            [83796,99999,0,74637,54893,70810,8119,54405,80214,47362],
            [91775,84977,74637,0,72927,92712,30020,75166,80418,83064],
            [54364,65233,54893,72927,0,55300,1117,81761,85018,58516],
            [97352,67350,70810,92712,55300,0,47647,57539,62791,77731],
            [34661,4659,8119,30020,1117,47647,0,29695,100,52939],
            [56603,64745,54405,75166,81761,57539,29695,0,71177,87094],
            [61855,90554,80214,80418,85018,62791,100,71177,0,53143],
            [73619,57702,47362,83064,58516,77731,52939,87094,53143,0]
        ]
    },
    "vehicle_capacities": [15,15,15,25,25,30,30,30,30,30],
    "runs": [{
        "number_of_vehicles": 5,
        "avg_task_cost_vs_number_of_task": [832,579,473.3333333333333,355,358,376.75,322.92857142857144,317.31249999999994,282.0555555555555,412.85,391.09090909090907,338.6666666666667,321.96153846153845,309.4642857142857,287.1333333333334,271.62500000000006,254.85294117647058,257.6111111111111,252.92105263157896,257.425,256.5238095238095,284.20454545454544,241.54347826086956,229.75,262.28,222.3653846153846,245.66666666666666,250.80357142857142,265.08620689655174,241.31666666666666]
    }]
}