{
    "vehicle_starting_positions": ["Amsterdam","Rotterdam","Den Haag","Utrecht","Eindhoven","Almere","Groningen","Nijmegen","Breda","Apeldoorn"],
    "task_distribution": {
        "distance_matrix": [
            [0,90.6,65.2,45.6,137.5,31.9,185.9,132,119.1,90.2],
            [90.6,0,25.4,62.3,110.8,105.6,259.6,112,48.6,129.3],
            [65.2,25.4,0,87.7,136.2,97.1,251.1,137.4,74,154.7],
            [45.6,62.3,87.7,0,91.9,43.3,197.3,86.4,73.5,67],
            [137.5,110.8,136.2,91.9,0,135.2,268.3,70.2,62.2,127.3],
            [31.9,105.6,97.1,43.3,135.2,0,154,129.7,116.8,80.1],
            [185.9,259.6,251.1,197.3,268.3,154,0,198.1,270.8,141],
            [132,112,137.4,86.4,70.2,129.7,198.1,0,96.2,57.1],
            [119.1,48.6,74,73.5,62.2,116.8,270.8,96.2,0,140.5],
            [90.2,129.3,154.7,67,127.3,80.1,141,57.1,140.5,0]
        ],
        "weight_matrix": [
            [0,3,3,3,3,3,3,3,3,3],
            [3,0,3,3,3,3,3,3,3,3],
            [3,3,0,3,3,3,3,3,3,3],
            [3,3,3,0,3,3,3,3,3,3],
            [3,3,3,3,0,3,3,3,3,3],
            [3,3,3,3,3,0,3,3,3,3],
            [3,3,3,3,3,3,0,3,3,3],
            [3,3,3,3,3,3,3,0,3,3],
            [3,3,3,3,3,3,3,3,0,3],
            [3,3,3,3,3,3,3,3,3,0]
        ],
        "probability_matrix": [
            [0,0.17053817506639485,0.09677371933136661,0.02762774718251915,0.2329142156926214,0.21292512579112088,0.01707871167917859,0.02794948051334849,0.037925795501595985,0.17626702924185406],
            [0.08235333825780011,0,0.2040875736955039,0.15103790198358277,0.13448741212469625,0.06405184475675266,0.14519321828454637,0.1353481080736589,0.06432481010925031,0.019115792714208674],
            [0.211154584356121,0.16570722558551118,0,0.03407700399101683,0.18232610758170376,0.06522488740303814,0.10422267593846653,0.07727579252337043,0.10103301704194266,0.05897870557882957],
            [0.13993184234942876,0.13872427219795416,0.18062162457472625,0,0.09609626257528793,0.003368599941056627,0.08534111993929916,0.057536141081587736,0.1314806948850747,0.16689944245558463],
            [0.16470008235233674,0.057046077583665596,0.10823568165547268,0.11593740588896335,0,0.08155380644577041,0.16216720079070893,0.10134580443748169,0.11126171657226325,0.09775222427333743],
            [0.024866477282194037,0.16498833541158237,0.10607186858338281,0.035681721918935747,0.2036220576782591,0,0.1539553669195624,0.08694330502331407,0.04963156845848007,0.17423929872428937],
            [0.036967068274117755,0.072516660476595,0.08381668075458647,0.14090173491332117,0.05217125909763625,0.18154461986006726,0,0.1601279578461282,0.18433281237845228,0.0876212063990958],
            [0.008567729257597136,0.09707033427202875,0.0838221943367582,0.22787613778039298,0.05811744953269675,0.20846692026276156,0.18025983980692292,0,0.043003829606411526,0.09281556514443028],
            [0.10997271356309883,0.18317667882565683,0.020761307858514468,0.18591521812607667,0.036765258234468676,0.13781797306358898,0.10497494704490994,0.20450661502706205,0,0.01610928825662368],
            [0.06057045152042662,0.11869838034518454,0.07810643445482486,0.26302332271676154,0.0017951687428635445,0.04250485370576015,0.15521116229343074,0.2772049405110499,0.002885285709698074,0]
        ],
        "city_names": ["Amsterdam","Rotterdam","Den Haag","Utrecht","Eindhoven","Almere","Groningen","Nijmegen","Breda","Apeldoorn"],
        "reward_matrix": [
            [0,73456,83796,91775,54364,97352,34661,56603,61855,73619],
            [73456,0,99999,84977,65233,67350,4659,64745,90554,57702],
            [83796,99999,0,74637,54893,70810,8119,54405,80214,47362],
            [91775,84977,74637,0,72927,92712,30020,75166,80418,83064],
            [54364,65233,54893,72927,0,55300,1117,81761,85018,58516],
            [97352,67350,70810,92712,55300,0,47647,57539,62791,77731],
            [34661,4659,8119,30020,1117,47647,0,29695,100,52939],
            [56603,64745,54405,75166,81761,57539,29695,0,71177,87094],
            [61855,90554,80214,80418,85018,62791,100,71177,0,53143],
            [73619,57702,47362,83064,58516,77731,52939,87094,53143,0]
        ]
    },
    "vehicle_capacities": [5,5,5,25,30,30,30,30,30,30],
    "runs": [{
        "number_of_vehicles": 5,
        "avg_task_cost_vs_number_of_task": [127,402.75,268.5,264.875,336,309.25,265.07142857142856,262.3125,253.66666666666666,363.95,362.77272727272725,359.875,306.9615384615385,296,314.6333333333334,270.59375,264.2647058823529,255.88888888888889,225.89473684210526,252.725,238.52380952380952,227.22727272727272,191.08695652173918,244.58333333333334,217.17999999999995,265.7307692307692,231.64814814814815,220.64285714285717,280.72413793103453,227.5]
    }]
}