{
    "vehicle_starting_positions": ["Amsterdam","Rotterdam","Den Haag","Utrecht","Eindhoven","Almere","Groningen","Nijmegen","Breda","Apeldoorn"],
    "task_distribution": {
        "distance_matrix": [
            [0,90.6,65.2,45.6,137.5,31.9,185.9,132,119.1,90.2],
            [90.6,0,25.4,62.3,110.8,105.6,259.6,112,48.6,129.3],
            [65.2,25.4,0,87.7,136.2,97.1,251.1,137.4,74,154.7],
            [45.6,62.3,87.7,0,91.9,43.3,197.3,86.4,73.5,67],
            [137.5,110.8,136.2,91.9,0,135.2,268.3,70.2,62.2,127.3],
            [31.9,105.6,97.1,43.3,135.2,0,154,129.7,116.8,80.1],
            [185.9,259.6,251.1,197.3,268.3,154,0,198.1,270.8,141],
            [132,112,137.4,86.4,70.2,129.7,198.1,0,96.2,57.1],
            [119.1,48.6,74,73.5,62.2,116.8,270.8,96.2,0,140.5],
            [90.2,129.3,154.7,67,127.3,80.1,141,57.1,140.5,0]
        ],
        "weight_matrix": [
            [0,3,3,3,3,3,3,3,3,3],
            [3,0,3,3,3,3,3,3,3,3],
            [3,3,0,3,3,3,3,3,3,3],
            [3,3,3,0,3,3,3,3,3,3],
            [3,3,3,3,0,3,3,3,3,3],
            [3,3,3,3,3,0,3,3,3,3],
            [3,3,3,3,3,3,0,3,3,3],
            [3,3,3,3,3,3,3,0,3,3],
            [3,3,3,3,3,3,3,3,0,3],
            [3,3,3,3,3,3,3,3,3,0]
        ],
        "probability_matrix": [
            [0,0.17424512008067483,0.10580263843543669,0.006360455591430219,0.14046235336110868,0.11872844722493163,0.1731654546183088,0.1998253835130058,0.06724483226547331,0.014165314909630118],
            [0.02744393772818354,0,0.09275517757461242,0.12547907242033776,0.03174350872661208,0.09577273534324562,0.17842923803890476,0.17208533597350534,0.14593368030330175,0.1303573138912967],
            [0.12104278823474278,0.21044333470127222,0,0.16837522898290846,0.045416057526717984,0.07886061920005705,0.04547703682765027,0.08272101922630014,0.1941641696919534,0.053499745608397764],
            [0.007087524378579635,0.1675839959815308,0.12871884440283504,0,0.17120772175566537,0.18327553007549854,0.04079106216702346,0.07228656922170608,0.04529771074200046,0.18375104127516073],
            [0.044123991587396744,0.011051997521761638,0.07439998995647147,0.020881740895897224,0,0.08747020137319919,0.018015207012378805,0.265778016218372,0.2797034196867922,0.19857543574773076],
            [0.13352021518542997,0.12951276816833118,0.10757955238555227,0.12548472710553077,0.1461861229153911,0,0.0822775144365297,0.12874492577289545,0.04205309129046404,0.10464108273987555],
            [0.05000416296706959,0.23498897853390063,0.11706615336532651,0.1514030145488501,0.09084241625664553,0.08868215755168272,0,0.0019874329660422166,0.22517883569116365,0.0398468481193192],
            [0.0311407819547104,0.19596710232207967,0.20469196763717282,0.12664975207418674,0.11363326391172651,0.03403655151827541,0.13686462140408145,0,0.10727188469342401,0.04974407448434297],
            [0.06373685838397748,0.1190323485161612,0.2086030676447411,0.09793392485685365,0.0022131895323448266,0.2159378872271213,0.11971581341726466,0.10831474102250964,0,0.0645121693990263],
            [0.10157695251749277,0.1792796617611405,0.18764322625512922,0.08287181098351229,0.017352718095102165,0.19467209677148006,0.04061274051651334,0.017765662427809678,0.17822513067182003,0]
        ],
        "city_names": ["Amsterdam","Rotterdam","Den Haag","Utrecht","Eindhoven","Almere","Groningen","Nijmegen","Breda","Apeldoorn"],
        "reward_matrix": [
            [0,73456,83796,91775,54364,97352,34661,56603,61855,73619],
            [73456,0,99999,84977,65233,67350,4659,64745,90554,57702],
            [83796,99999,0,74637,54893,70810,8119,54405,80214,47362],
            [91775,84977,74637,0,72927,92712,30020,75166,80418,83064],
            [54364,65233,54893,72927,0,55300,1117,81761,85018,58516],
            [97352,67350,70810,92712,55300,0,47647,57539,62791,77731],
            [34661,4659,8119,30020,1117,47647,0,29695,100,52939],
            [56603,64745,54405,75166,81761,57539,29695,0,71177,87094],
            [61855,90554,80214,80418,85018,62791,100,71177,0,53143],
            [73619,57702,47362,83064,58516,77731,52939,87094,53143,0]
        ]
    },
    "vehicle_capacities": [15,15,15,15,30,30,30,30,30,30],
    "runs": [{
        "number_of_vehicles": 5,
        "avg_task_cost_vs_number_of_task": [335,431.5,514.6666666666666,405.875,324.70000000000005,307.0833333333333,360.57142857142856,310.1875,294.72222222222223,282.9,263.8636363636364,237.62500000000003,233.19230769230768,282.32142857142856,270.43333333333334,252.31249999999997,250.76470588235293,232.97222222222223,232.8684210526316,246.95,244.71428571428572,232.95454545454547,201.02173913043478,238.16666666666666,220.16,243.53846153846155,204.74074074074073,227.92857142857142,215.25862068965517,219.78333333333333]
    }]
}