{
    "vehicle_starting_positions": ["Amsterdam","Rotterdam","Den Haag","Utrecht","Eindhoven","Almere","Groningen","Nijmegen","Breda","Apeldoorn"],
    "task_distribution": {
        "distance_matrix": [
            [0,90.6,65.2,45.6,137.5,31.9,185.9,132,119.1,90.2],
            [90.6,0,25.4,62.3,110.8,105.6,259.6,112,48.6,129.3],
            [65.2,25.4,0,87.7,136.2,97.1,251.1,137.4,74,154.7],
            [45.6,62.3,87.7,0,91.9,43.3,197.3,86.4,73.5,67],
            [137.5,110.8,136.2,91.9,0,135.2,268.3,70.2,62.2,127.3],
            [31.9,105.6,97.1,43.3,135.2,0,154,129.7,116.8,80.1],
            [185.9,259.6,251.1,197.3,268.3,154,0,198.1,270.8,141],
            [132,112,137.4,86.4,70.2,129.7,198.1,0,96.2,57.1],
            [119.1,48.6,74,73.5,62.2,116.8,270.8,96.2,0,140.5],
            [90.2,129.3,154.7,67,127.3,80.1,141,57.1,140.5,0]
        ],
        "weight_matrix": [
            [0,3,3,3,3,3,3,3,3,3],
            [3,0,3,3,3,3,3,3,3,3],
            [3,3,0,3,3,3,3,3,3,3],
            [3,3,3,0,3,3,3,3,3,3],
            [3,3,3,3,0,3,3,3,3,3],
            [3,3,3,3,3,0,3,3,3,3],
            [3,3,3,3,3,3,0,3,3,3],
            [3,3,3,3,3,3,3,0,3,3],
            [3,3,3,3,3,3,3,3,0,3],
            [3,3,3,3,3,3,3,3,3,0]
        ],
        "probability_matrix": [
            [0,0.08397015433869466,0.15167052913867968,0.229414229056213,0.13139413740173753,0.048433011457381984,0.07220268948157531,0.019399880781086756,0.20046651205492502,0.06304885628970625],
            [0.09618091075603705,0,0.08960940822546754,0.27780796914224126,0.3179465827175465,0.03899431852631942,0.025780898390918267,0.00596614684529721,0.0942998773961921,0.05341388799998064],
            [0.17159486738663215,0.09135189403525149,0,0.21937991993589323,0.14728275348277575,0.0031361260832763805,0.1524727298312687,0.04388056435110907,0.11576611971566898,0.05513502517812435],
            [0.0730286734572753,0.014649730162605009,0.163402679535493,0,0.11531724838870287,0.05929468139046147,0.22494483530263676,0.008636503492752228,0.12282819599313093,0.21789745227694243],
            [0.07809241647791021,0.08271552261638167,6.262095408154238E-4,0.1541122421934673,0,0.2303958953397709,0.12308706182178827,0.1511546266007056,0.04718330026844445,0.13263272514071625],
            [0.15545459765588493,0.12032033163120745,0.11203686954024297,0.14300016976737032,0.06264895767857839,0,0.12979997706383628,0.08092032514458389,0.04058981786100243,0.1552289536572934],
            [0.0021588197919254837,0.14871927699851972,0.1713885503067152,0.03814571554672449,0.09698482293003348,0.1870264799688317,0,0.040005179579901094,0.1355610980974581,0.1800100567798908],
            [0.16410169062633914,0.06111608458068197,0.08885198897873448,0.12775524060009344,0.08987536964097967,0.1137481866358268,0.06395501700912398,0,0.18394846360912012,0.10664795831910041],
            [0.07944615065056242,0.1437112132468747,0.11444530314610603,0.07803268310043232,0.13206202353109153,0.18635850215965552,0.0520587556499542,0.154187117451174,0,0.05969825106414918],
            [0.3061591517439744,0.010608630052744322,0.055746945736153256,0.022241751189129796,0.3116183852928021,0.002499732369448164,0.15646691021997639,0.13190835316914085,0.0027501402266306304,0]
        ],
        "city_names": ["Amsterdam","Rotterdam","Den Haag","Utrecht","Eindhoven","Almere","Groningen","Nijmegen","Breda","Apeldoorn"],
        "reward_matrix": [
            [0,73456,83796,91775,54364,97352,34661,56603,61855,73619],
            [73456,0,99999,84977,65233,67350,4659,64745,90554,57702],
            [83796,99999,0,74637,54893,70810,8119,54405,80214,47362],
            [91775,84977,74637,0,72927,92712,30020,75166,80418,83064],
            [54364,65233,54893,72927,0,55300,1117,81761,85018,58516],
            [97352,67350,70810,92712,55300,0,47647,57539,62791,77731],
            [34661,4659,8119,30020,1117,47647,0,29695,100,52939],
            [56603,64745,54405,75166,81761,57539,29695,0,71177,87094],
            [61855,90554,80214,80418,85018,62791,100,71177,0,53143],
            [73619,57702,47362,83064,58516,77731,52939,87094,53143,0]
        ]
    },
    "vehicle_capacities": [5,5,15,15,20,30,30,30,30,30],
    "runs": [{
        "number_of_vehicles": 5,
        "avg_task_cost_vs_number_of_task": [459.5,1343.5,974.3333333333331,800.25,671.8000000000001,559.8333333333334,487.14285714285717,445.3750000000001,415.1111111111111,425.25,449.409090909091,423.7083333333333,359.11538461538464,333.42857142857144,356.43333333333334,330.4375,355.5882352941176,302.77777777777777,323.5263157894737,275.425,290.5952380952381,275.20454545454544,278.7826086956522,245.25,259.16,241.38461538461536,254.7037037037037,251.32142857142858,245.68965517241378,271.3333333333333]
    }]
}