{
    "vehicle_starting_positions": ["Amsterdam","Rotterdam","Den Haag","Utrecht","Eindhoven","Almere","Groningen","Nijmegen","Breda","Apeldoorn"],
    "task_distribution": {
        "distance_matrix": [
            [0,90.6,65.2,45.6,137.5,31.9,185.9,132,119.1,90.2],
            [90.6,0,25.4,62.3,110.8,105.6,259.6,112,48.6,129.3],
            [65.2,25.4,0,87.7,136.2,97.1,251.1,137.4,74,154.7],
            [45.6,62.3,87.7,0,91.9,43.3,197.3,86.4,73.5,67],
            [137.5,110.8,136.2,91.9,0,135.2,268.3,70.2,62.2,127.3],
            [31.9,105.6,97.1,43.3,135.2,0,154,129.7,116.8,80.1],
            [185.9,259.6,251.1,197.3,268.3,154,0,198.1,270.8,141],
            [132,112,137.4,86.4,70.2,129.7,198.1,0,96.2,57.1],
            [119.1,48.6,74,73.5,62.2,116.8,270.8,96.2,0,140.5],
            [90.2,129.3,154.7,67,127.3,80.1,141,57.1,140.5,0]
        ],
        "weight_matrix": [
            [0,3,3,3,3,3,3,3,3,3],
            [3,0,3,3,3,3,3,3,3,3],
            [3,3,0,3,3,3,3,3,3,3],
            [3,3,3,0,3,3,3,3,3,3],
            [3,3,3,3,0,3,3,3,3,3],
            [3,3,3,3,3,0,3,3,3,3],
            [3,3,3,3,3,3,0,3,3,3],
            [3,3,3,3,3,3,3,0,3,3],
            [3,3,3,3,3,3,3,3,0,3],
            [3,3,3,3,3,3,3,3,3,0]
        ],
        "probability_matrix": [
            [0,0.08211395954538372,0.20543798960804205,0.08568127996062137,0.15066326734649899,0.0945203857510671,0.12348978815100357,0.04215698769735294,0.03851019510498106,0.1774261468350493],
            [0.16115743070193975,0,0.18560439216441452,0.08097475627150628,0.20488219364601085,0.08036909360427785,0.04041808605963433,0.04821864989050264,0.17494364455226893,0.023431753109444863],
            [0.023294272721200725,0.16197563104760634,0,0.16675172141989378,0.05305528787973672,0.14843265394408314,0.1315635327689719,0.048711614749472054,0.1949230322424836,0.07129225322655178],
            [0.003884597553360242,0.028429307142393497,0.11254757989472111,0,0.2054961362540011,0.17470385873025565,0.1522183205074298,0.050617094281330564,0.15896920631909459,0.11313389931741338],
            [0.16838936484052214,0.1021513473666544,0.19003974543752963,0.11361160942395407,0,0.06977456557573611,0.1857032259652922,0.007825907187697186,0.1542697674245406,0.008234466778073806],
            [0.10446376137178652,0.07192880394942792,0.21357740443948134,0.09603987830926108,0.21913871266501203,0,0.08284720759417913,9.9236915849946E-4,0.19975607029863335,0.01125579221371919],
            [0.05425075751203092,0.13488832256396766,0.10055133454686786,0.17834461587204933,0.18363788172870626,0.0656392461525559,0,0.08808050502607674,0.09109205129907479,0.10351528529867056],
            [0.05514801428604835,0.15948545888494403,0.11155810009464501,0.09803157078391488,0.118381397626898,0.154978321753312,0.11186698989506441,0,0.062023277993319414,0.12852686868185403],
            [0.12521152308857228,0.10663673539667395,0.11866739181429761,0.09592480073362351,0.005869540472841593,0.20197824272173112,0.12615264713138785,0.17622593896152824,0,0.04333317967934367],
            [0.12951316902285628,0.17076850689081807,0.1723439806488068,0.10439334522055627,0.0727400107593405,0.08979959674647797,0.005630183689671232,0.03988958693190308,0.2149216200895699,0]
        ],
        "city_names": ["Amsterdam","Rotterdam","Den Haag","Utrecht","Eindhoven","Almere","Groningen","Nijmegen","Breda","Apeldoorn"],
        "reward_matrix": [
            [0,73456,83796,91775,54364,97352,34661,56603,61855,73619],
            [73456,0,99999,84977,65233,67350,4659,64745,90554,57702],
            [83796,99999,0,74637,54893,70810,8119,54405,80214,47362],
            [91775,84977,74637,0,72927,92712,30020,75166,80418,83064],
            [54364,65233,54893,72927,0,55300,1117,81761,85018,58516],
            [97352,67350,70810,92712,55300,0,47647,57539,62791,77731],
            [34661,4659,8119,30020,1117,47647,0,29695,100,52939],
            [56603,64745,54405,75166,81761,57539,29695,0,71177,87094],
            [61855,90554,80214,80418,85018,62791,100,71177,0,53143],
            [73619,57702,47362,83064,58516,77731,52939,87094,53143,0]
        ]
    },
    "vehicle_capacities": [5,10,15,25,30,30,30,30,30,30],
    "runs": [{
        "number_of_vehicles": 5,
        "avg_task_cost_vs_number_of_task": [613,674.25,502.6666666666667,892.875,717.9,645.7500000000001,595.7857142857143,518.375,463.3888888888889,417.05,379.1363636363636,362.83333333333326,351.7692307692308,293.82142857142856,295.96666666666664,366.28125,276.0882352941176,307.83333333333326,291.5,272.00000000000006,221.952380952381,266.93181818181824,285.7608695652174,297.9375,282.50000000000006,285.7692307692308,225.90740740740748,263.19642857142856,257.8793103448277,264.45]
    }]
}