{
    "vehicle_starting_positions": ["Amsterdam","Rotterdam","Den Haag","Utrecht","Eindhoven","Almere","Groningen","Nijmegen","Breda","Apeldoorn"],
    "task_distribution": {
        "distance_matrix": [
            [0,90.6,65.2,45.6,137.5,31.9,185.9,132,119.1,90.2],
            [90.6,0,25.4,62.3,110.8,105.6,259.6,112,48.6,129.3],
            [65.2,25.4,0,87.7,136.2,97.1,251.1,137.4,74,154.7],
            [45.6,62.3,87.7,0,91.9,43.3,197.3,86.4,73.5,67],
            [137.5,110.8,136.2,91.9,0,135.2,268.3,70.2,62.2,127.3],
            [31.9,105.6,97.1,43.3,135.2,0,154,129.7,116.8,80.1],
            [185.9,259.6,251.1,197.3,268.3,154,0,198.1,270.8,141],
            [132,112,137.4,86.4,70.2,129.7,198.1,0,96.2,57.1],
            [119.1,48.6,74,73.5,62.2,116.8,270.8,96.2,0,140.5],
            [90.2,129.3,154.7,67,127.3,80.1,141,57.1,140.5,0]
        ],
        "weight_matrix": [
            [0,3,3,3,3,3,3,3,3,3],
            [3,0,3,3,3,3,3,3,3,3],
            [3,3,0,3,3,3,3,3,3,3],
            [3,3,3,0,3,3,3,3,3,3],
            [3,3,3,3,0,3,3,3,3,3],
            [3,3,3,3,3,0,3,3,3,3],
            [3,3,3,3,3,3,0,3,3,3],
            [3,3,3,3,3,3,3,0,3,3],
            [3,3,3,3,3,3,3,3,0,3],
            [3,3,3,3,3,3,3,3,3,0]
        ],
        "probability_matrix": [
            [0,0.14857748422141034,0.13066963892686337,0.13164062170599936,0.14456122515227546,0.0010121790967616163,0.07255042912773903,0.11489222103822266,0.107673087801422,0.1484231129293061],
            [0.027685321117305834,0,0.01761891478958171,0.0037324764071249806,0.29575688101343095,0.14922645232795495,0.11138433148398977,0.1962615898102615,0.179376356023492,0.01895767702685834],
            [0.1228816722733151,0.04088828536908686,0,0.1357537912279553,0.12652077303993692,0.0016067965843694415,0.18187710955140685,0.2153401492415718,0.047269013953216234,0.1278624087591415],
            [0.14969105080324233,7.317692258412322E-4,0.014828713611961277,0,0.2704981854126656,0.01378417985242542,0.2044322402543658,0.24140350243656278,0.043023260678196944,0.06160709772473854],
            [0.013930263531565977,0.09902941601550186,0.18657627304951938,0.08415976916582188,0,0.21993543407499014,0.17498756640638988,0.0045139372297978405,0.12470001462042381,0.09216732590598939],
            [0.16704051173882098,0.18315425747554687,0.13273455891441469,0.17061521345434302,0.14433609717733759,0,0.09367206879223605,0.021347213742481497,1.7389699450229637E-5,0.0870826890053691],
            [0.13603106758974592,0.19803735434311537,0.22365448752313877,0.0019070948120876727,0.24938712204933614,0.0054482966526648875,0,0.04561465847426709,0.07817135851348607,0.06174856004215813],
            [0.16146531238824963,0.09817738782669282,0.1048170516000765,0.1740864860224194,0.07139277877102025,0.08854726942749455,0.1173382466581164,0,0.12537370707638723,0.05880176022954339],
            [0.08220231843027782,0.10560814085453564,0.1372084785683675,0.09791776174518144,0.08676749900242918,0.17717386739846208,0.045921143883209906,0.18123458701218162,0,0.08596620310535485],
            [0.0019079763163792735,0.18701403529473007,0.00579990209163704,0.07443994987032572,0.15959643947761323,0.1633765844886538,0.16732565221065504,0.103425738754847,0.1371137214951587,0]
        ],
        "city_names": ["Amsterdam","Rotterdam","Den Haag","Utrecht","Eindhoven","Almere","Groningen","Nijmegen","Breda","Apeldoorn"],
        "reward_matrix": [
            [0,73456,83796,91775,54364,97352,34661,56603,61855,73619],
            [73456,0,99999,84977,65233,67350,4659,64745,90554,57702],
            [83796,99999,0,74637,54893,70810,8119,54405,80214,47362],
            [91775,84977,74637,0,72927,92712,30020,75166,80418,83064],
            [54364,65233,54893,72927,0,55300,1117,81761,85018,58516],
            [97352,67350,70810,92712,55300,0,47647,57539,62791,77731],
            [34661,4659,8119,30020,1117,47647,0,29695,100,52939],
            [56603,64745,54405,75166,81761,57539,29695,0,71177,87094],
            [61855,90554,80214,80418,85018,62791,100,71177,0,53143],
            [73619,57702,47362,83064,58516,77731,52939,87094,53143,0]
        ]
    },
    "vehicle_capacities": [15,25,25,25,30,30,30,30,30,30],
    "runs": [{
        "number_of_vehicles": 5,
        "avg_task_cost_vs_number_of_task": [1040,1169,925.5,695,692.2,562.9166666666666,513.5,504.4375,430.2222222222221,431.65,458.59090909090907,382.5833333333333,346.88461538461536,292.8214285714285,320.93333333333334,301.375,276.5588235294117,314.47222222222223,270.42105263157885,293.95,267.14285714285717,250.0454545454545,258.67391304347825,225,230.02,263.4807692307693,234.92592592592592,255.19642857142858,249,222.95]
    }]
}