{
    "vehicle_starting_positions": ["Amsterdam","Rotterdam","Den Haag","Utrecht","Eindhoven","Almere","Groningen","Nijmegen","Breda","Apeldoorn"],
    "task_distribution": {
        "distance_matrix": [
            [0,90.6,65.2,45.6,137.5,31.9,185.9,132,119.1,90.2],
            [90.6,0,25.4,62.3,110.8,105.6,259.6,112,48.6,129.3],
            [65.2,25.4,0,87.7,136.2,97.1,251.1,137.4,74,154.7],
            [45.6,62.3,87.7,0,91.9,43.3,197.3,86.4,73.5,67],
            [137.5,110.8,136.2,91.9,0,135.2,268.3,70.2,62.2,127.3],
            [31.9,105.6,97.1,43.3,135.2,0,154,129.7,116.8,80.1],
            [185.9,259.6,251.1,197.3,268.3,154,0,198.1,270.8,141],
            [132,112,137.4,86.4,70.2,129.7,198.1,0,96.2,57.1],
            [119.1,48.6,74,73.5,62.2,116.8,270.8,96.2,0,140.5],
            [90.2,129.3,154.7,67,127.3,80.1,141,57.1,140.5,0]
        ],
        "weight_matrix": [
            [0,3,3,3,3,3,3,3,3,3],
            [3,0,3,3,3,3,3,3,3,3],
            [3,3,0,3,3,3,3,3,3,3],
            [3,3,3,0,3,3,3,3,3,3],
            [3,3,3,3,0,3,3,3,3,3],
            [3,3,3,3,3,0,3,3,3,3],
            [3,3,3,3,3,3,0,3,3,3],
            [3,3,3,3,3,3,3,0,3,3],
            [3,3,3,3,3,3,3,3,0,3],
            [3,3,3,3,3,3,3,3,3,0]
        ],
        "probability_matrix": [
            [0,0.13210451033001575,0.001026138077844697,0.04384788389114698,0.23905420324206575,0.20913584796893767,0.15379395671756516,0.10449540709488403,0.03548382055781444,0.08105823211972553],
            [0.19347640912381284,0,0.01642771419454624,0.26001964926995164,0.0709112537396038,0.08191672384708766,0.09895458042220566,0.08514562602456048,0.1694997247772186,0.023648318601013022],
            [0.1270142421012722,0.08983989526889677,0,0.15533819081369318,0.1296435631157912,0.12611355128674662,0.00966035278368406,0.03742874525703034,0.17035047919470947,0.15461098017817618],
            [0.09997324645307093,0.0073246701328610305,0.1253887645610844,0,0.1563724720118218,0.05222958349323768,0.17087181934557447,0.12341782887245593,0.09192095181205914,0.1725006633178346],
            [0.12940477999856984,0.1701204609257158,0.05882079992193878,0.07421511166001078,0,0.16805993968588012,0.02938163357796006,0.12559015794677975,0.14638565189272423,0.09802146439042075],
            [0.1716883056348368,0.15027699269374925,0.04189862079424674,0.03348763794687048,0.18555027775456456,0,0.09627113462888645,0.11665655310447219,0.0903582067347716,0.11381227070760196],
            [0.1524479983126899,0.2216435247002183,0.03697931111583678,0.10385447966840775,0.08459226292102383,0.11048394082127838,0,0.14014427365109203,0.07048881468684101,0.07936539412261202],
            [0.1572222320726481,0.16540465658298392,0.046820117549921006,0.031544756285199316,0.1535953366105133,0.0681906833076891,0.1591582204914372,0,0.07122371809869563,0.14684027900091232],
            [0.18549382617357615,0.15002543848177938,3.834342896730603E-4,0.15299186300562106,0.10541822466494095,0.13309100167233975,0.12807535158752462,0.0453873721130393,0,0.09913348801150564],
            [0.1654463650753311,0.021150131196929052,0.14876248635030967,0.10199409853550094,0.10616422666366097,0.0448251894510472,0.09413088042403533,0.25803184551803215,0.059494776785153636,0]
        ],
        "city_names": ["Amsterdam","Rotterdam","Den Haag","Utrecht","Eindhoven","Almere","Groningen","Nijmegen","Breda","Apeldoorn"],
        "reward_matrix": [
            [0,73456,83796,91775,54364,97352,34661,56603,61855,73619],
            [73456,0,99999,84977,65233,67350,4659,64745,90554,57702],
            [83796,99999,0,74637,54893,70810,8119,54405,80214,47362],
            [91775,84977,74637,0,72927,92712,30020,75166,80418,83064],
            [54364,65233,54893,72927,0,55300,1117,81761,85018,58516],
            [97352,67350,70810,92712,55300,0,47647,57539,62791,77731],
            [34661,4659,8119,30020,1117,47647,0,29695,100,52939],
            [56603,64745,54405,75166,81761,57539,29695,0,71177,87094],
            [61855,90554,80214,80418,85018,62791,100,71177,0,53143],
            [73619,57702,47362,83064,58516,77731,52939,87094,53143,0]
        ]
    },
    "vehicle_capacities": [10,15,15,20,25,30,30,30,30,30],
    "runs": [{
        "number_of_vehicles": 5,
        "avg_task_cost_vs_number_of_task": [1597.0000000000002,1186.5,791,713.25,663.7,604.9166666666666,595.1428571428571,458.5625,407.6111111111111,366.85,405.3181818181818,325.375,373.4230769230769,275.92857142857144,294.3,293.06250000000006,299.64705882352945,227.27777777777774,241.5,354.8,285.57142857142856,280.3636363636364,245.56521739130443,257.6458333333333,299.02000000000004,242.5,284.98148148148147,250.375,278.43103448275866,253.05]
    }]
}