{
    "vehicle_starting_positions": ["Amsterdam","Rotterdam","Den Haag","Utrecht","Eindhoven","Almere","Groningen","Nijmegen","Breda","Apeldoorn"],
    "task_distribution": {
        "distance_matrix": [
            [0,90.6,65.2,45.6,137.5,31.9,185.9,132,119.1,90.2],
            [90.6,0,25.4,62.3,110.8,105.6,259.6,112,48.6,129.3],
            [65.2,25.4,0,87.7,136.2,97.1,251.1,137.4,74,154.7],
            [45.6,62.3,87.7,0,91.9,43.3,197.3,86.4,73.5,67],
            [137.5,110.8,136.2,91.9,0,135.2,268.3,70.2,62.2,127.3],
            [31.9,105.6,97.1,43.3,135.2,0,154,129.7,116.8,80.1],
            [185.9,259.6,251.1,197.3,268.3,154,0,198.1,270.8,141],
            [132,112,137.4,86.4,70.2,129.7,198.1,0,96.2,57.1],
            [119.1,48.6,74,73.5,62.2,116.8,270.8,96.2,0,140.5],
            [90.2,129.3,154.7,67,127.3,80.1,141,57.1,140.5,0]
        ],
        "weight_matrix": [
            [0,3,3,3,3,3,3,3,3,3],
            [3,0,3,3,3,3,3,3,3,3],
            [3,3,0,3,3,3,3,3,3,3],
            [3,3,3,0,3,3,3,3,3,3],
            [3,3,3,3,0,3,3,3,3,3],
            [3,3,3,3,3,0,3,3,3,3],
            [3,3,3,3,3,3,0,3,3,3],
            [3,3,3,3,3,3,3,0,3,3],
            [3,3,3,3,3,3,3,3,0,3],
            [3,3,3,3,3,3,3,3,3,0]
        ],
        "probability_matrix": [
            [0,0.01685326509924785,0.1027116801813638,0.14619013731225183,0.06892432356021871,0.16767166036944284,0.13885670023203936,0.16278642611449237,0.14720827122820399,0.04879753590273916],
            [5.670962974617215E-4,0,0.2207468754230532,0.09333733295979899,0.02328985469314615,0.17763426808847024,0.0466047304367382,0.1571079229167718,0.1451219394966313,0.13558997968792835],
            [0.02533192230502188,0.06670234697579411,0,0.007728483559372862,0.2400261952370777,0.05321679053758313,0.17283563014781536,0.19239356977629388,0.11894069469382472,0.12282436676721639],
            [0.06395151171806841,0.14764064515110129,0.008265715968445012,0,0.1033948281931153,0.07137366433761776,0.07612297644447764,0.1755934906623527,0.1717314298157862,0.18192573770903583],
            [0.07721781814905641,0.10194681549924153,0.010840820367304705,0.21902253164661561,0,0.0817440843301231,0.050629052961761234,0.1703102030499649,0.17561487803304857,0.11267379596288378],
            [0.1268498009118274,0.09004476017419932,0.12438517493862174,0.17114265106542315,0.1603879596107469,0,0.14271635766025303,0.13124271109817562,0.019805833857342973,0.03342475068340976],
            [0.004988922023110453,0.10600746182615411,0.05044853620447757,0.18950568037794424,0.11161114320993197,0.029472328851882723,0,0.20882078075288618,0.23205023540715883,0.06709491134645398],
            [0.044240467586768764,0.209464051419343,0.14196204342011248,0.16589296674236417,0.14139529278907956,0.0453637355229158,0.040399701460523754,0,0.02619397804741454,0.18508776301147778],
            [0.15104625866593682,0.03862294533564422,0.19033905376470156,0.017320508185538163,0.1975485977173,0.11409174765058845,0.12906210378612554,0.05407090233377637,0,0.10789788256038889],
            [0.11238026251657521,0.19726727251273513,0.11407756586289805,0.10650638211973315,0.13279388598516037,0.1693651466809788,0.06339254717597534,0.09641458857778898,0.007802348568154868,0]
        ],
        "city_names": ["Amsterdam","Rotterdam","Den Haag","Utrecht","Eindhoven","Almere","Groningen","Nijmegen","Breda","Apeldoorn"],
        "reward_matrix": [
            [0,73456,83796,91775,54364,97352,34661,56603,61855,73619],
            [73456,0,99999,84977,65233,67350,4659,64745,90554,57702],
            [83796,99999,0,74637,54893,70810,8119,54405,80214,47362],
            [91775,84977,74637,0,72927,92712,30020,75166,80418,83064],
            [54364,65233,54893,72927,0,55300,1117,81761,85018,58516],
            [97352,67350,70810,92712,55300,0,47647,57539,62791,77731],
            [34661,4659,8119,30020,1117,47647,0,29695,100,52939],
            [56603,64745,54405,75166,81761,57539,29695,0,71177,87094],
            [61855,90554,80214,80418,85018,62791,100,71177,0,53143],
            [73619,57702,47362,83064,58516,77731,52939,87094,53143,0]
        ]
    },
    "vehicle_capacities": [10,20,25,25,30,30,30,30,30,30],
    "runs": [{
        "number_of_vehicles": 5,
        "avg_task_cost_vs_number_of_task": [929.5,680.75,683,567,591.1,509.3333333333334,568.0000000000001,477.4375,438.38888888888897,385.85,453.09090909090907,372.75000000000006,376.03846153846155,356.14285714285717,319.33333333333337,305.53125,282.1764705882353,274.27777777777777,291.1842105263158,285.225,255.61904761904765,267.68181818181824,236.2173913043478,285.4791666666667,254.44000000000008,227.80769230769235,251.55555555555554,197.89285714285714,200.86206896551727,201.71666666666664]
    }]
}