{
    "vehicle_starting_positions": ["Amsterdam","Rotterdam","Den Haag","Utrecht","Eindhoven","Almere","Groningen","Nijmegen","Breda","Apeldoorn"],
    "task_distribution": {
        "distance_matrix": [
            [0,90.6,65.2,45.6,137.5,31.9,185.9,132,119.1,90.2],
            [90.6,0,25.4,62.3,110.8,105.6,259.6,112,48.6,129.3],
            [65.2,25.4,0,87.7,136.2,97.1,251.1,137.4,74,154.7],
            [45.6,62.3,87.7,0,91.9,43.3,197.3,86.4,73.5,67],
            [137.5,110.8,136.2,91.9,0,135.2,268.3,70.2,62.2,127.3],
            [31.9,105.6,97.1,43.3,135.2,0,154,129.7,116.8,80.1],
            [185.9,259.6,251.1,197.3,268.3,154,0,198.1,270.8,141],
            [132,112,137.4,86.4,70.2,129.7,198.1,0,96.2,57.1],
            [119.1,48.6,74,73.5,62.2,116.8,270.8,96.2,0,140.5],
            [90.2,129.3,154.7,67,127.3,80.1,141,57.1,140.5,0]
        ],
        "weight_matrix": [
            [0,3,3,3,3,3,3,3,3,3],
            [3,0,3,3,3,3,3,3,3,3],
            [3,3,0,3,3,3,3,3,3,3],
            [3,3,3,0,3,3,3,3,3,3],
            [3,3,3,3,0,3,3,3,3,3],
            [3,3,3,3,3,0,3,3,3,3],
            [3,3,3,3,3,3,0,3,3,3],
            [3,3,3,3,3,3,3,0,3,3],
            [3,3,3,3,3,3,3,3,0,3],
            [3,3,3,3,3,3,3,3,3,0]
        ],
        "probability_matrix": [
            [0,0.08307497832322892,0.039621323480880835,0.03437447873139374,0.034914845052088826,0.15370258385607063,0.15635664456402915,0.14353800276752288,0.15965055962256244,0.1947665836022226],
            [0.036561072923862216,0,0.20602766132472664,0.2119231334211199,0.25797227780814347,0.0016199169291678508,0.009043856981677197,0.0039452267931542485,0.22649555294186646,0.046411300876281904],
            [0.07206009238327689,0.08812890382599448,0,0.09339202050294296,0.14779303279057265,0.15082465901466474,0.09581955754160482,0.15282755791312566,0.11897171012729235,0.08018246590052544],
            [0.15658567224283443,0.047122877985966274,0.15362649106436918,0,0.131996030362052,0.12165952741583527,0.1581120071072331,0.126332935182905,0.03099321130157491,0.07357124733722983],
            [0.07393516101216821,0.03876713708346411,0.12230365590967225,0.13371472951802332,0,0.06559968340833604,0.16920971826025705,0.19699233232051794,0.08690358356587259,0.11257399892168848],
            [0.2525738227690169,0.07675302641074137,0.03284071740810236,0.11965311900638348,0.013641966344954232,0,0.06751586911628384,0.175852809527026,0.12335775431993323,0.13781091509755858],
            [3.6345589406102763E-4,0.1881513013253368,0.05551573064759825,0.15328256775922716,0.049554395750936675,0.2145677051129666,0,0.10753816595451492,0.10086410620695128,0.13016257134840722],
            [0.10124656033923349,0.12869552477647936,0.03397911164961847,0.1401778792768336,0.02341118689046212,0.17553841556977307,0.17974582463378214,0,0.17088661878577263,0.04631887807804512],
            [0.02854475957032755,0.20025954286630124,0.17454953939936854,0.22407372719726498,0.06960884672907901,0.16478925280788204,0.03655125635204087,0.1015445785911959,0,7.849648653994257E-5],
            [0.221078418681509,0.10485010734482735,0.04222632190758525,0.13047465172082717,0.1380460288526992,0.2055886309757842,0.021987000147005848,0.10645424213853709,0.029294598231224864,0]
        ],
        "city_names": ["Amsterdam","Rotterdam","Den Haag","Utrecht","Eindhoven","Almere","Groningen","Nijmegen","Breda","Apeldoorn"],
        "reward_matrix": [
            [0,73456,83796,91775,54364,97352,34661,56603,61855,73619],
            [73456,0,99999,84977,65233,67350,4659,64745,90554,57702],
            [83796,99999,0,74637,54893,70810,8119,54405,80214,47362],
            [91775,84977,74637,0,72927,92712,30020,75166,80418,83064],
            [54364,65233,54893,72927,0,55300,1117,81761,85018,58516],
            [97352,67350,70810,92712,55300,0,47647,57539,62791,77731],
            [34661,4659,8119,30020,1117,47647,0,29695,100,52939],
            [56603,64745,54405,75166,81761,57539,29695,0,71177,87094],
            [61855,90554,80214,80418,85018,62791,100,71177,0,53143],
            [73619,57702,47362,83064,58516,77731,52939,87094,53143,0]
        ]
    },
    "vehicle_capacities": [15,25,30,30,30,30,30,30,30,30],
    "runs": [{
        "number_of_vehicles": 5,
        "avg_task_cost_vs_number_of_task": [243,971.25,784.8333333333334,703.5,594.7,516.75,442.92857142857144,428.3125,406.05555555555554,410.25,372.09090909090907,343.125,355.8076923076923,302.7857142857143,309,258.875,271.5882352941176,304.5833333333333,270.2105263157895,256.125,246.47619047619048,249.0681818181818,270.17391304347825,235.16666666666666,229.86,197.53846153846155,210.42592592592592,209.51785714285714,315.01724137931035,225.41666666666669]
    }]
}