{
    "vehicle_starting_positions": ["Amsterdam","Rotterdam","Den Haag","Utrecht","Eindhoven","Almere","Groningen","Nijmegen","Breda","Apeldoorn"],
    "task_distribution": {
        "distance_matrix": [
            [0,90.6,65.2,45.6,137.5,31.9,185.9,132,119.1,90.2],
            [90.6,0,25.4,62.3,110.8,105.6,259.6,112,48.6,129.3],
            [65.2,25.4,0,87.7,136.2,97.1,251.1,137.4,74,154.7],
            [45.6,62.3,87.7,0,91.9,43.3,197.3,86.4,73.5,67],
            [137.5,110.8,136.2,91.9,0,135.2,268.3,70.2,62.2,127.3],
            [31.9,105.6,97.1,43.3,135.2,0,154,129.7,116.8,80.1],
            [185.9,259.6,251.1,197.3,268.3,154,0,198.1,270.8,141],
            [132,112,137.4,86.4,70.2,129.7,198.1,0,96.2,57.1],
            [119.1,48.6,74,73.5,62.2,116.8,270.8,96.2,0,140.5],
            [90.2,129.3,154.7,67,127.3,80.1,141,57.1,140.5,0]
        ],
        "weight_matrix": [
            [0,3,3,3,3,3,3,3,3,3],
            [3,0,3,3,3,3,3,3,3,3],
            [3,3,0,3,3,3,3,3,3,3],
            [3,3,3,0,3,3,3,3,3,3],
            [3,3,3,3,0,3,3,3,3,3],
            [3,3,3,3,3,0,3,3,3,3],
            [3,3,3,3,3,3,0,3,3,3],
            [3,3,3,3,3,3,3,0,3,3],
            [3,3,3,3,3,3,3,3,0,3],
            [3,3,3,3,3,3,3,3,3,0]
        ],
        "probability_matrix": [
            [0,0.18652316726636592,0.01257494523077297,0.34352494370887854,0.05372475718997755,0.0644792534345621,0.04571057037122616,0.18082697803991285,0.04306730729180536,0.06956807746649855],
            [0.1436179620663696,0,0.029333348583084992,0.13980330762291998,0.11860924883772983,0.12253115287514289,0.16806800326974275,0.14614415696725555,0.008948036354021393,0.12294478342373305],
            [0.10646975938724218,0.06464631887730005,0,0.06542995795023301,0.15298846745432837,0.17024290056362545,0.05560543280838606,0.13446509036423562,0.13787538902290683,0.11227668357174223],
            [0.01999790053765632,0.13264326980130417,0.0419414081261218,0,0.2045881747657047,0.08506380203805478,0.08864842854576033,0.19117303561575952,0.04280316204274869,0.1931408185268895],
            [0.16475637984649616,0.1514869895972209,0.19466698991079112,0.1706603580843723,0,0.09287066517321932,0.10413127058720668,0.07975383216376845,0.003325856400706308,0.03834765823621898],
            [0.002323876320192346,0.187777412498729,0.03552701747694764,0.02443348747828831,0.011142626219293452,0,0.22818700800595534,0.23486885189717335,0.20611609467896005,0.06962362542446049],
            [0.10583540184323424,0.0959841263890081,0.05014212436846402,0.051925103026973105,0.0753273390103639,0.05777561475626344,0,0.29879066638225793,0.12191930252187205,0.1423003217015633],
            [0.1131045248978046,0.13151637362842591,0.08190517040689738,0.09037083378474602,0.2220425832494984,0.1343299597446005,0.08349721270043949,0,0.009501377246493638,0.13373196434109413],
            [0.15912550627633607,0.15729315872013588,0.09368424687508757,0.1474777407976171,0.07666570253633186,0.06972363698877021,0.10069957524551487,0.023105043970393698,0,0.17222538858981268],
            [0.21410290138818489,0.023645640067033187,0.2929227458220022,0.019980497963265422,0.10679075553819843,0.0453377270101685,0.10384529752064094,0.09563769347714583,0.09773674121336055,0]
        ],
        "city_names": ["Amsterdam","Rotterdam","Den Haag","Utrecht","Eindhoven","Almere","Groningen","Nijmegen","Breda","Apeldoorn"],
        "reward_matrix": [
            [0,73456,83796,91775,54364,97352,34661,56603,61855,73619],
            [73456,0,99999,84977,65233,67350,4659,64745,90554,57702],
            [83796,99999,0,74637,54893,70810,8119,54405,80214,47362],
            [91775,84977,74637,0,72927,92712,30020,75166,80418,83064],
            [54364,65233,54893,72927,0,55300,1117,81761,85018,58516],
            [97352,67350,70810,92712,55300,0,47647,57539,62791,77731],
            [34661,4659,8119,30020,1117,47647,0,29695,100,52939],
            [56603,64745,54405,75166,81761,57539,29695,0,71177,87094],
            [61855,90554,80214,80418,85018,62791,100,71177,0,53143],
            [73619,57702,47362,83064,58516,77731,52939,87094,53143,0]
        ]
    },
    "vehicle_capacities": [5,10,20,30,30,30,30,30,30,30],
    "runs": [{
        "number_of_vehicles": 5,
        "avg_task_cost_vs_number_of_task": [351,418.25,535.5,489.375,553.1,482.0833333333333,426.7142857142857,373.87499999999994,398.88888888888886,381,360.09090909090907,366.125,325.4230769230769,332.7857142857143,290.5,304.75,300.6764705882353,313.52777777777777,288.15789473684214,301.05,304.3095238095238,270.25,255.43478260869566,299.0208333333333,239.66000000000003,249.3846153846154,203.27777777777777,295.125,222.39655172413794,221.2]
    }]
}