{
    "vehicle_starting_positions": ["Amsterdam","Rotterdam","Den Haag","Utrecht","Eindhoven","Almere","Groningen","Nijmegen","Breda","Apeldoorn"],
    "task_distribution": {
        "distance_matrix": [
            [0,90.6,65.2,45.6,137.5,31.9,185.9,132,119.1,90.2],
            [90.6,0,25.4,62.3,110.8,105.6,259.6,112,48.6,129.3],
            [65.2,25.4,0,87.7,136.2,97.1,251.1,137.4,74,154.7],
            [45.6,62.3,87.7,0,91.9,43.3,197.3,86.4,73.5,67],
            [137.5,110.8,136.2,91.9,0,135.2,268.3,70.2,62.2,127.3],
            [31.9,105.6,97.1,43.3,135.2,0,154,129.7,116.8,80.1],
            [185.9,259.6,251.1,197.3,268.3,154,0,198.1,270.8,141],
            [132,112,137.4,86.4,70.2,129.7,198.1,0,96.2,57.1],
            [119.1,48.6,74,73.5,62.2,116.8,270.8,96.2,0,140.5],
            [90.2,129.3,154.7,67,127.3,80.1,141,57.1,140.5,0]
        ],
        "weight_matrix": [
            [0,3,3,3,3,3,3,3,3,3],
            [3,0,3,3,3,3,3,3,3,3],
            [3,3,0,3,3,3,3,3,3,3],
            [3,3,3,0,3,3,3,3,3,3],
            [3,3,3,3,0,3,3,3,3,3],
            [3,3,3,3,3,0,3,3,3,3],
            [3,3,3,3,3,3,0,3,3,3],
            [3,3,3,3,3,3,3,0,3,3],
            [3,3,3,3,3,3,3,3,0,3],
            [3,3,3,3,3,3,3,3,3,0]
        ],
        "probability_matrix": [
            [0,0.03530931336725439,0.094743466772142,0.085674524336764,0.12627172082544483,0.19787665450504954,0.0033549084980916528,0.16704766942243884,0.07637173431956339,0.21335000795325126],
            [0.18102101753129787,0,0.00737707087145976,0.12668809042519927,0.09243366514015297,0.15653914408201527,0.11737464329114834,0.10669452242011922,0.089392156859718,0.12247968937888916],
            [0.10140210957884688,0.06652970682221825,0,0.22492441351182382,0.2209102871257066,0.10154624587312877,0.011055590186742131,0.01613108530515563,0.15541114282080085,0.10208941877557699],
            [0.08635735536968903,0.11836298120858324,0.12760244089752523,0,0.014482854209441676,0.0976325476066731,0.03356053823704968,0.21488940723899566,0.22051432081507397,0.08659755441696851],
            [0.0674882370547815,0.12117336414340701,0.05249592875609376,0.2266989948771095,0,0.06908345705205195,0.09049656664331251,0.1611254784748108,0.09947264223552063,0.1119653307629124],
            [0.17019226162513998,0.15398478091684595,0.05987826522947224,0.1236881586712951,0.17224881065786982,0,0.045523814436662986,0.11446035721282682,0.0290165893439246,0.13100696190596264],
            [0.026619206296772432,0.01718206678224372,0.1757591702355286,0.06366536392766346,0.16347216913289797,0.14974937424396356,0,0.1082024387762853,0.12190418961081682,0.1734460209938282],
            [0.15104290376704801,0.06388924280156372,0.14134440514713387,0.06918246075474423,0.07850401089484171,0.10516378344664418,0.1192810967657089,0,0.1523148222698019,0.11927727415251345],
            [0.054523840690725474,0.10734456595526246,0.16390063975121258,0.17444018033375713,0.1591627234893407,0.023860864000255565,0.08479327849341912,0.1551129925045297,0,0.0768609147814973],
            [0.06739302765586634,0.09816244454452089,0.10659497837520591,0.09285609642135738,0.04710437310004465,0.09823480370863238,0.26061860949418336,0.09893801339091106,0.13009765330927797,0]
        ],
        "city_names": ["Amsterdam","Rotterdam","Den Haag","Utrecht","Eindhoven","Almere","Groningen","Nijmegen","Breda","Apeldoorn"],
        "reward_matrix": [
            [0,73456,83796,91775,54364,97352,34661,56603,61855,73619],
            [73456,0,99999,84977,65233,67350,4659,64745,90554,57702],
            [83796,99999,0,74637,54893,70810,8119,54405,80214,47362],
            [91775,84977,74637,0,72927,92712,30020,75166,80418,83064],
            [54364,65233,54893,72927,0,55300,1117,81761,85018,58516],
            [97352,67350,70810,92712,55300,0,47647,57539,62791,77731],
            [34661,4659,8119,30020,1117,47647,0,29695,100,52939],
            [56603,64745,54405,75166,81761,57539,29695,0,71177,87094],
            [61855,90554,80214,80418,85018,62791,100,71177,0,53143],
            [73619,57702,47362,83064,58516,77731,52939,87094,53143,0]
        ]
    },
    "vehicle_capacities": [10,15,30,30,30,30,30,30,30,30],
    "runs": [{
        "number_of_vehicles": 5,
        "avg_task_cost_vs_number_of_task": [773.5,486.25,549.5,801.875,641.5,535.4166666666666,458.9285714285715,443.43750000000006,435.00000000000006,391.50000000000006,383.6363636363636,411.4166666666667,352.7307692307692,305.9642857142857,315.23333333333335,295.53125,278.6176470588236,269.80555555555554,284.6578947368421,256.42499999999995,251.5476190476191,254.8409090909091,260.7391304347826,226.9166666666667,237.42,212.8653846153847,240.14814814814815,217.8928571428572,211.18965517241378,211.63333333333333]
    }]
}