{
    "vehicle_starting_positions": ["Amsterdam","Rotterdam","Den Haag","Utrecht","Eindhoven","Almere","Groningen","Nijmegen","Breda","Apeldoorn"],
    "task_distribution": {
        "distance_matrix": [
            [0,90.6,65.2,45.6,137.5,31.9,185.9,132,119.1,90.2],
            [90.6,0,25.4,62.3,110.8,105.6,259.6,112,48.6,129.3],
            [65.2,25.4,0,87.7,136.2,97.1,251.1,137.4,74,154.7],
            [45.6,62.3,87.7,0,91.9,43.3,197.3,86.4,73.5,67],
            [137.5,110.8,136.2,91.9,0,135.2,268.3,70.2,62.2,127.3],
            [31.9,105.6,97.1,43.3,135.2,0,154,129.7,116.8,80.1],
            [185.9,259.6,251.1,197.3,268.3,154,0,198.1,270.8,141],
            [132,112,137.4,86.4,70.2,129.7,198.1,0,96.2,57.1],
            [119.1,48.6,74,73.5,62.2,116.8,270.8,96.2,0,140.5],
            [90.2,129.3,154.7,67,127.3,80.1,141,57.1,140.5,0]
        ],
        "weight_matrix": [
            [0,3,3,3,3,3,3,3,3,3],
            [3,0,3,3,3,3,3,3,3,3],
            [3,3,0,3,3,3,3,3,3,3],
            [3,3,3,0,3,3,3,3,3,3],
            [3,3,3,3,0,3,3,3,3,3],
            [3,3,3,3,3,0,3,3,3,3],
            [3,3,3,3,3,3,0,3,3,3],
            [3,3,3,3,3,3,3,0,3,3],
            [3,3,3,3,3,3,3,3,0,3],
            [3,3,3,3,3,3,3,3,3,0]
        ],
        "probability_matrix": [
            [0,0.17168380681847017,0.09239213477468923,0.043699611824936334,0.11805739087851369,0.15236895953082605,0.13638798682146178,0.047178674439705894,0.10571541415211072,0.13251602075928628],
            [0.2151403682945807,0,0.1491054027788746,0.21365328582354734,0.03020751789236181,0.02937198047246682,0.17586735661215233,0.06363582564601011,0.07316416389417106,0.049854098585835435],
            [0.05143787746472689,0.21880919141518915,0,0.009454875850769057,0.012440662123110478,0.24451195885962443,0.021343237232650813,0.22882042728660676,0.12525613715919146,0.0879256326081309],
            [0.01333016377874115,0.0022994902863330176,0.021568548788361713,0,0.2779875370238376,0.003347624258765568,0.23688337454739816,0.014423517795707951,0.13531487081242474,0.2948448727084302],
            [0.29269614397631155,0.04956771837103339,0.20061381329278188,0.05977078071639658,0,0.013584270409519936,0.018851178437206424,0.0541498929176766,0.16251115201677532,0.1482550498622983],
            [0.04419624907635966,0.07458239084333454,0.21736649823218893,0.19443985647973835,0.1695570949691077,0,0.07477435764177505,0.06152958535399404,0.058395705594239525,0.10515826180926222],
            [0.14635705310265162,0.12208754674100017,0.09476923173722987,0.15362141100638285,0.006541782935766338,0.09076496686828561,0,0.12202065159077516,0.11718228318060071,0.14665507283730755],
            [0.12882207197311166,0.15892814345848327,0.16471588592124536,0.01875694840552621,0.07892914080242194,0.1326607866187419,0.11135775965545305,0,0.16478664290173553,0.04104262026328103],
            [0.180450591297505,0.004887996197584197,0.1571673601183002,0.18852361473340654,0.12340152618342884,0.020462058725130253,0.08390163355240308,0.18043058343634175,0,0.06077463575590035],
            [0.12826239629948671,0.18226207514455306,0.07855407350490949,0.1633506572177848,0.08524076184137498,0.07496727675696334,0.17921089115819547,0.09070457139962908,0.01744729667710301,0]
        ],
        "city_names": ["Amsterdam","Rotterdam","Den Haag","Utrecht","Eindhoven","Almere","Groningen","Nijmegen","Breda","Apeldoorn"],
        "reward_matrix": [
            [0,73456,83796,91775,54364,97352,34661,56603,61855,73619],
            [73456,0,99999,84977,65233,67350,4659,64745,90554,57702],
            [83796,99999,0,74637,54893,70810,8119,54405,80214,47362],
            [91775,84977,74637,0,72927,92712,30020,75166,80418,83064],
            [54364,65233,54893,72927,0,55300,1117,81761,85018,58516],
            [97352,67350,70810,92712,55300,0,47647,57539,62791,77731],
            [34661,4659,8119,30020,1117,47647,0,29695,100,52939],
            [56603,64745,54405,75166,81761,57539,29695,0,71177,87094],
            [61855,90554,80214,80418,85018,62791,100,71177,0,53143],
            [73619,57702,47362,83064,58516,77731,52939,87094,53143,0]
        ]
    },
    "vehicle_capacities": [5,5,10,15,25,30,30,30,30,30],
    "runs": [{
        "number_of_vehicles": 5,
        "avg_task_cost_vs_number_of_task": [335,247.25,237,389.12499999999994,311.3,332.5,294.7142857142857,288.25,275.3333333333333,264.6,256.5,252.45833333333337,304.6923076923077,290.17857142857144,276.7,309.5,272.35294117647067,256.30555555555554,260.4736842105263,242.95,231.3095238095238,220.50000000000003,226.0434782608696,219.85416666666666,257.56,229.21153846153842,210.2962962962963,226.26785714285714,211.3793103448276,232.21666666666667]
    }]
}