{
    "vehicle_starting_positions": ["Amsterdam","Rotterdam","Den Haag","Utrecht","Eindhoven","Almere","Groningen","Nijmegen","Breda","Apeldoorn"],
    "task_distribution": {
        "distance_matrix": [
            [0,90.6,65.2,45.6,137.5,31.9,185.9,132,119.1,90.2],
            [90.6,0,25.4,62.3,110.8,105.6,259.6,112,48.6,129.3],
            [65.2,25.4,0,87.7,136.2,97.1,251.1,137.4,74,154.7],
            [45.6,62.3,87.7,0,91.9,43.3,197.3,86.4,73.5,67],
            [137.5,110.8,136.2,91.9,0,135.2,268.3,70.2,62.2,127.3],
            [31.9,105.6,97.1,43.3,135.2,0,154,129.7,116.8,80.1],
            [185.9,259.6,251.1,197.3,268.3,154,0,198.1,270.8,141],
            [132,112,137.4,86.4,70.2,129.7,198.1,0,96.2,57.1],
            [119.1,48.6,74,73.5,62.2,116.8,270.8,96.2,0,140.5],
            [90.2,129.3,154.7,67,127.3,80.1,141,57.1,140.5,0]
        ],
        "weight_matrix": [
            [0,3,3,3,3,3,3,3,3,3],
            [3,0,3,3,3,3,3,3,3,3],
            [3,3,0,3,3,3,3,3,3,3],
            [3,3,3,0,3,3,3,3,3,3],
            [3,3,3,3,0,3,3,3,3,3],
            [3,3,3,3,3,0,3,3,3,3],
            [3,3,3,3,3,3,0,3,3,3],
            [3,3,3,3,3,3,3,0,3,3],
            [3,3,3,3,3,3,3,3,0,3],
            [3,3,3,3,3,3,3,3,3,0]
        ],
        "probability_matrix": [
            [0,0.176642373293172,0.19654311349768291,0.05967188890095818,0.0032401110250381867,0.14791101970096318,0.0602268694181626,0.03823831326770205,0.13523320039762995,0.18229311049869096],
            [0.14336912010664468,0,0.08915719809843749,0.1267454214217484,0.1456055234009801,0.20020777815147525,0.06923761041696977,0.17671597882986445,0.034394968354336704,0.014566401219543211],
            [0.18179966959581856,0.18130163407773112,0,0.05161850092082745,0.14949717036520072,0.09705838687394994,0.20898584397491307,0.013813969266188074,0.10364291154181267,0.012281913383558421],
            [0.2363177918300613,0.1081056335365223,0.027500344911794636,0,0.08888843583172071,0.059652905166151286,0.11608376761286042,0.10946266060371565,0.1990229262320537,0.05496553427512002],
            [0.1511287890588572,0.05619410682613291,0.0011442254111016436,0.05269091604897396,0,0.14336921434560027,0.2339984222038576,0.07727336815321505,0.16134527992406195,0.12285567802819931],
            [0.09055885512141626,0.1355770670409119,0.04079675618783885,0.13506341070476416,0.02314211718205625,0,0.2087650362434031,0.1402059228129686,0.15781122460139713,0.0680796101052439],
            [0.15208148117563003,0.07171904867750423,0.0034304375318017924,0.07088346001904801,0.0887207590439216,0.1873056528964635,0,0.17594889062260607,0.10613852543966892,0.14377174459335573],
            [0.126098146257671,0.13305313931679744,0.048522577048507216,0.05379688975800481,0.13736516180670952,0.15749342945620137,0.13044138464292004,0,0.12040386052287184,0.09282541119031672],
            [0.18441046119742271,0.008033959086511359,0.05765223474972015,0.14127763667652027,0.16389204660468645,0.03926426760709065,0.18853966552033255,0.1432489576897541,0,0.07368077086796183],
            [0.002209120888011682,0.1943298705382829,0.11295318201910207,0.18615489562123855,0.11733149982196625,0.15543206829680145,0.16936498746454975,0.060020962511116036,0.0022034128389313195,0]
        ],
        "city_names": ["Amsterdam","Rotterdam","Den Haag","Utrecht","Eindhoven","Almere","Groningen","Nijmegen","Breda","Apeldoorn"],
        "reward_matrix": [
            [0,73456,83796,91775,54364,97352,34661,56603,61855,73619],
            [73456,0,99999,84977,65233,67350,4659,64745,90554,57702],
            [83796,99999,0,74637,54893,70810,8119,54405,80214,47362],
            [91775,84977,74637,0,72927,92712,30020,75166,80418,83064],
            [54364,65233,54893,72927,0,55300,1117,81761,85018,58516],
            [97352,67350,70810,92712,55300,0,47647,57539,62791,77731],
            [34661,4659,8119,30020,1117,47647,0,29695,100,52939],
            [56603,64745,54405,75166,81761,57539,29695,0,71177,87094],
            [61855,90554,80214,80418,85018,62791,100,71177,0,53143],
            [73619,57702,47362,83064,58516,77731,52939,87094,53143,0]
        ]
    },
    "vehicle_capacities": [10,10,10,15,15,30,30,30,30,30],
    "runs": [{
        "number_of_vehicles": 5,
        "avg_task_cost_vs_number_of_task": [326,576.5,425.8333333333333,688.125,612.7,575.25,538,535,464.3333333333333,403.75,383.3636363636364,370.04166666666674,423.53846153846155,342.42857142857144,337.16666666666674,341.5625,327.2647058823529,328.72222222222223,287.89473684210526,305.925,309.97619047619054,294.22727272727275,295.21739130434787,319.7291666666667,271.94,316.36538461538464,272.0740740740741,276.28571428571433,287.32758620689657,266.95]
    }]
}