{
    "vehicle_starting_positions": ["Amsterdam","Rotterdam","Den Haag","Utrecht","Eindhoven","Almere","Groningen","Nijmegen","Breda","Apeldoorn"],
    "task_distribution": {
        "distance_matrix": [
            [0,90.6,65.2,45.6,137.5,31.9,185.9,132,119.1,90.2],
            [90.6,0,25.4,62.3,110.8,105.6,259.6,112,48.6,129.3],
            [65.2,25.4,0,87.7,136.2,97.1,251.1,137.4,74,154.7],
            [45.6,62.3,87.7,0,91.9,43.3,197.3,86.4,73.5,67],
            [137.5,110.8,136.2,91.9,0,135.2,268.3,70.2,62.2,127.3],
            [31.9,105.6,97.1,43.3,135.2,0,154,129.7,116.8,80.1],
            [185.9,259.6,251.1,197.3,268.3,154,0,198.1,270.8,141],
            [132,112,137.4,86.4,70.2,129.7,198.1,0,96.2,57.1],
            [119.1,48.6,74,73.5,62.2,116.8,270.8,96.2,0,140.5],
            [90.2,129.3,154.7,67,127.3,80.1,141,57.1,140.5,0]
        ],
        "weight_matrix": [
            [0,3,3,3,3,3,3,3,3,3],
            [3,0,3,3,3,3,3,3,3,3],
            [3,3,0,3,3,3,3,3,3,3],
            [3,3,3,0,3,3,3,3,3,3],
            [3,3,3,3,0,3,3,3,3,3],
            [3,3,3,3,3,0,3,3,3,3],
            [3,3,3,3,3,3,0,3,3,3],
            [3,3,3,3,3,3,3,0,3,3],
            [3,3,3,3,3,3,3,3,0,3],
            [3,3,3,3,3,3,3,3,3,0]
        ],
        "probability_matrix": [
            [0,0.17711402551968444,0.15284634774396522,0.09893953020658233,0.036417516007525505,0.21257433877233933,0.11834826537461812,0.030456857544972914,0.04685602756145891,0.12644709126885317],
            [0.10950225428299142,0,0.18559782015498041,0.02788271982913214,0.019922251166126382,0.12282895289971028,0.13494088709361138,0.23394584424807202,0.08280587533339862,0.0825733949919773],
            [0.09954840013746821,0.12552170492620363,0,0.11765865264005647,0.051873385664009154,0.18581235722567477,0.04252352029589747,0.1775046043142319,0.06590525971050838,0.13365211508595004],
            [0.03654050414555244,0.059049687039334095,0.06801652813316457,0,0.0819331762703153,0.010191841534790424,0.3400640776989609,0.0563445855229534,0.13318240259889247,0.21467719705603633],
            [0.2782438139211344,0.08602380661204503,0.015880368748006093,0.1828418498014901,0,0.11243723944054232,0.23810589871081644,0.03750730610180067,0.027847167944143353,0.02111254872002166],
            [0.1248942783457224,0.18164105299024413,0.10305043069961575,0.05109763496075236,0.14592578847202511,0,0.035035242989010576,0.039236401395686404,0.11568960364217211,0.2034295665047711],
            [0.1384124340720497,0.07267105550452602,0.13358644918395832,0.04003517733465316,0.18269501345857272,0.11240578195480973,0,0.10142728609339426,0.06565178808448685,0.15311501431354932],
            [0.08383150310470193,0.050805917528028745,0.11735781286769005,0.19819496416380142,0.19654370131900464,0.012052033153755515,0.09957067347664934,0,0.0407812144864149,0.20086217989995336],
            [0.052203642260490145,0.1930181560765215,0.050032184822697695,0.23445333508656727,0.13851599383889135,0.06256597849801862,0.05751201141834333,0.056664970307420355,0,0.1550337276910497],
            [0.055526300356510426,0.164597583108784,0.14506066419808347,0.11122059119459148,0.05150302576072718,0.15111163993056997,0.13248447542248606,0.17558132505882768,0.012914394969419624,0]
        ],
        "city_names": ["Amsterdam","Rotterdam","Den Haag","Utrecht","Eindhoven","Almere","Groningen","Nijmegen","Breda","Apeldoorn"],
        "reward_matrix": [
            [0,73456,83796,91775,54364,97352,34661,56603,61855,73619],
            [73456,0,99999,84977,65233,67350,4659,64745,90554,57702],
            [83796,99999,0,74637,54893,70810,8119,54405,80214,47362],
            [91775,84977,74637,0,72927,92712,30020,75166,80418,83064],
            [54364,65233,54893,72927,0,55300,1117,81761,85018,58516],
            [97352,67350,70810,92712,55300,0,47647,57539,62791,77731],
            [34661,4659,8119,30020,1117,47647,0,29695,100,52939],
            [56603,64745,54405,75166,81761,57539,29695,0,71177,87094],
            [61855,90554,80214,80418,85018,62791,100,71177,0,53143],
            [73619,57702,47362,83064,58516,77731,52939,87094,53143,0]
        ]
    },
    "vehicle_capacities": [5,15,20,20,25,30,30,30,30,30],
    "runs": [{
        "number_of_vehicles": 5,
        "avg_task_cost_vs_number_of_task": [724,615.5,525,509.74999999999994,433.2,361,361.5,412.5625,449.8333333333333,373.1,380.40909090909093,344.00000000000006,348.4230769230769,317.89285714285717,298.50000000000006,306.78125,263.3823529411765,276.30555555555554,256.13157894736844,223.87500000000006,259.83333333333337,210.77272727272728,227.23913043478265,237.2916666666667,200.32000000000005,228.73076923076925,223.3148148148148,252.64285714285714,243.10344827586206,233.7833333333333]
    }]
}