{
    "vehicle_starting_positions": ["Amsterdam","Rotterdam","Den Haag","Utrecht","Eindhoven","Almere","Groningen","Nijmegen","Breda","Apeldoorn"],
    "task_distribution": {
        "distance_matrix": [
            [0,90.6,65.2,45.6,137.5,31.9,185.9,132,119.1,90.2],
            [90.6,0,25.4,62.3,110.8,105.6,259.6,112,48.6,129.3],
            [65.2,25.4,0,87.7,136.2,97.1,251.1,137.4,74,154.7],
            [45.6,62.3,87.7,0,91.9,43.3,197.3,86.4,73.5,67],
            [137.5,110.8,136.2,91.9,0,135.2,268.3,70.2,62.2,127.3],
            [31.9,105.6,97.1,43.3,135.2,0,154,129.7,116.8,80.1],
            [185.9,259.6,251.1,197.3,268.3,154,0,198.1,270.8,141],
            [132,112,137.4,86.4,70.2,129.7,198.1,0,96.2,57.1],
            [119.1,48.6,74,73.5,62.2,116.8,270.8,96.2,0,140.5],
            [90.2,129.3,154.7,67,127.3,80.1,141,57.1,140.5,0]
        ],
        "weight_matrix": [
            [0,3,3,3,3,3,3,3,3,3],
            [3,0,3,3,3,3,3,3,3,3],
            [3,3,0,3,3,3,3,3,3,3],
            [3,3,3,0,3,3,3,3,3,3],
            [3,3,3,3,0,3,3,3,3,3],
            [3,3,3,3,3,0,3,3,3,3],
            [3,3,3,3,3,3,0,3,3,3],
            [3,3,3,3,3,3,3,0,3,3],
            [3,3,3,3,3,3,3,3,0,3],
            [3,3,3,3,3,3,3,3,3,0]
        ],
        "probability_matrix": [
            [0,0.0318872909590224,0.19399067952559493,0.13130139426826307,0.20496353077425286,0.08705239558136929,0.004148586927764259,0.09444193415305956,0.025993433153777012,0.2262207546568964],
            [0.008829823183731513,0,0.15529307690865102,0.06715600874218285,0.1109289182474569,0.08201043972796217,0.16412570020531564,0.07704066262694935,0.1677293562228537,0.1668860141348968],
            [0.03620595233030009,0.008264403153245382,0,0.0031950311852261912,0.05089739019676355,0.3077464679882973,0.10095478007794795,0.2085678939576453,0.1339279735872823,0.15024010752329212],
            [0.08891617888478809,0.1512828652089926,0.09652885718511373,0,0.15588341210105836,0.009245964204163912,0.18859430995010365,0.07083504075545127,0.17374831829350107,0.06496505341682728],
            [0.034877419832794125,0.07486557223110128,0.33751116557238514,0.05666201963675282,0,0.11563494588959687,0.3019171616164954,0.022286383920293286,0.004622902868432011,0.05162242843214922],
            [0.12731152297010503,0.17547158245659267,0.17360529540792258,0.04290218640121138,0.12859821512136096,0,0.10329769994480074,0.07409602773819406,0.015529062920159589,0.15918840703965287],
            [0.09302409945716904,0.143055596346184,0.004731687074363995,0.04438924842235692,0.005381032628129272,0.26746771315404194,0,0.17041922737659568,0.142378996420574,0.12915239912058518],
            [0.231147436133239,0.20600890325677618,0.026331783665642,0.15159403227282162,0.20103703944838774,0.004291362203470377,0.08942989544415256,0,0.013887199977555977,0.07627234759795459],
            [0.026567717464797937,0.15716642785012938,0.020467402670620596,0.17991844957966385,0.10629712479086385,0.15603345420074527,0.11188390461137275,0.14837275672845018,0,0.0932927621033564],
            [0.049002920195816216,0.06391248224694863,0.12520566285191256,0.03037983840626054,0.16537594340315168,0.18014671447791616,0.07542292566127486,0.24615727536041004,0.06439623739630924,0]
        ],
        "city_names": ["Amsterdam","Rotterdam","Den Haag","Utrecht","Eindhoven","Almere","Groningen","Nijmegen","Breda","Apeldoorn"],
        "reward_matrix": [
            [0,73456,83796,91775,54364,97352,34661,56603,61855,73619],
            [73456,0,99999,84977,65233,67350,4659,64745,90554,57702],
            [83796,99999,0,74637,54893,70810,8119,54405,80214,47362],
            [91775,84977,74637,0,72927,92712,30020,75166,80418,83064],
            [54364,65233,54893,72927,0,55300,1117,81761,85018,58516],
            [97352,67350,70810,92712,55300,0,47647,57539,62791,77731],
            [34661,4659,8119,30020,1117,47647,0,29695,100,52939],
            [56603,64745,54405,75166,81761,57539,29695,0,71177,87094],
            [61855,90554,80214,80418,85018,62791,100,71177,0,53143],
            [73619,57702,47362,83064,58516,77731,52939,87094,53143,0]
        ]
    },
    "vehicle_capacities": [10,10,20,30,30,30,30,30,30,30],
    "runs": [{
        "number_of_vehicles": 5,
        "avg_task_cost_vs_number_of_task": [560,598.25,621.3333333333334,514.75,441.9,353,323.2142857142857,461.6875,459.1111111111111,403.15,355.0909090909091,352.75,373.15384615384613,469.4642857142857,330.7,336.75,278.7647058823529,273.91666666666674,362.9736842105263,289.625,286.5952380952381,263.52272727272725,226.84782608695656,254.7708333333334,274.22,250.73076923076925,267.85185185185185,217.14285714285714,234.18965517241378,253.51666666666674]
    }]
}