{
    "vehicle_starting_positions": ["Amsterdam","Rotterdam","Den Haag","Utrecht","Eindhoven","Almere","Groningen","Nijmegen","Breda","Apeldoorn"],
    "task_distribution": {
        "distance_matrix": [
            [0,90.6,65.2,45.6,137.5,31.9,185.9,132,119.1,90.2],
            [90.6,0,25.4,62.3,110.8,105.6,259.6,112,48.6,129.3],
            [65.2,25.4,0,87.7,136.2,97.1,251.1,137.4,74,154.7],
            [45.6,62.3,87.7,0,91.9,43.3,197.3,86.4,73.5,67],
            [137.5,110.8,136.2,91.9,0,135.2,268.3,70.2,62.2,127.3],
            [31.9,105.6,97.1,43.3,135.2,0,154,129.7,116.8,80.1],
            [185.9,259.6,251.1,197.3,268.3,154,0,198.1,270.8,141],
            [132,112,137.4,86.4,70.2,129.7,198.1,0,96.2,57.1],
            [119.1,48.6,74,73.5,62.2,116.8,270.8,96.2,0,140.5],
            [90.2,129.3,154.7,67,127.3,80.1,141,57.1,140.5,0]
        ],
        "weight_matrix": [
            [0,3,3,3,3,3,3,3,3,3],
            [3,0,3,3,3,3,3,3,3,3],
            [3,3,0,3,3,3,3,3,3,3],
            [3,3,3,0,3,3,3,3,3,3],
            [3,3,3,3,0,3,3,3,3,3],
            [3,3,3,3,3,0,3,3,3,3],
            [3,3,3,3,3,3,0,3,3,3],
            [3,3,3,3,3,3,3,0,3,3],
            [3,3,3,3,3,3,3,3,0,3],
            [3,3,3,3,3,3,3,3,3,0]
        ],
        "probability_matrix": [
            [0,0.005293004933907963,0.16277242960573948,0.01834081817748757,0.12477657301419937,0.19942481538379267,0.188631775365193,0.0589009032954604,0.18751274790014275,0.0543469323240769],
            [0.05207829047418326,0,0.018287385839754776,0.0659017525897424,0.257626175132419,0.06889620828312215,0.27864114747828655,0.08216780270142517,0.009431700859356358,0.16696953664171038],
            [0.17625235798105923,0.11730937480544325,0,0.015461641086128654,0.04045162532063461,0.16413251494150902,0.14643158186148683,0.17247989896069177,0.1264398157044874,0.0410411893385593],
            [0.026325693474562453,0.11660799297242057,5.653604609459058E-4,0,0.12104301452121745,0.15532248047267938,0.07759431933995058,0.19787606590883186,0.19058903976335934,0.1140760330860326],
            [0.0975310603078455,0.07914762049284602,0.15146638693680414,0.1755913723727015,0,0.13931050705289794,0.10643310011132387,0.08860597538685029,0.04550936658323653,0.1164046107554943],
            [0.2757968182215303,0.07468338156770413,0.26147237816122015,0.0706116395627045,0.020463740445508354,0,0.17851893925485046,0.012892297656649435,0.10298310825817049,0.0025776968716623907],
            [0.05009566001925683,0.22301052770283775,0.15766391967352894,0.20176089221091545,0.0668428132764776,0.036815585250078886,0,0.01709855423070263,0.08025719718346977,0.16645485045273223],
            [0.2191092347538049,0.15134606354893157,0.030805723404695423,4.1109272053454E-4,0.23752282244582645,0.10657055585647553,0.07372201867268119,0,0.14902804658159918,0.03148444201545111],
            [0.014374263819067874,0.17917189213412002,0.13750826349969336,0.20311798441460677,0.052140520157575664,0.032555162242648594,0.1430646098190835,0.13785302623646753,0,0.10021427767673667],
            [0.120432078452057,0.07654911792605078,0.02168590183884367,0.16338557325114136,0.0268222134066362,0.16501560297337978,0.19630915005519095,0.08701212766733044,0.1427882344293699,0]
        ],
        "city_names": ["Amsterdam","Rotterdam","Den Haag","Utrecht","Eindhoven","Almere","Groningen","Nijmegen","Breda","Apeldoorn"],
        "reward_matrix": [
            [0,73456,83796,91775,54364,97352,34661,56603,61855,73619],
            [73456,0,99999,84977,65233,67350,4659,64745,90554,57702],
            [83796,99999,0,74637,54893,70810,8119,54405,80214,47362],
            [91775,84977,74637,0,72927,92712,30020,75166,80418,83064],
            [54364,65233,54893,72927,0,55300,1117,81761,85018,58516],
            [97352,67350,70810,92712,55300,0,47647,57539,62791,77731],
            [34661,4659,8119,30020,1117,47647,0,29695,100,52939],
            [56603,64745,54405,75166,81761,57539,29695,0,71177,87094],
            [61855,90554,80214,80418,85018,62791,100,71177,0,53143],
            [73619,57702,47362,83064,58516,77731,52939,87094,53143,0]
        ]
    },
    "vehicle_capacities": [15,20,20,20,20,30,30,30,30,30],
    "runs": [{
        "number_of_vehicles": 5,
        "avg_task_cost_vs_number_of_task": [159.5,309.5,391,485.75,452.4,386.5833333333333,331.35714285714283,340.625,323.8888888888889,301.55,287.09090909090907,301.9583333333333,295.61538461538464,274.5,276.9,240.1875,260.1470588235294,263.3611111111111,231.42105263157896,212.3,259.69047619047615,265.29545454545445,259.80434782608694,261.5,244.08,255.92307692307696,240.40740740740736,228.94642857142858,258.2758620689655,274.15]
    }]
}