{
    "vehicle_starting_positions": ["Amsterdam","Rotterdam","Den Haag","Utrecht","Eindhoven","Almere","Groningen","Nijmegen","Breda","Apeldoorn"],
    "task_distribution": {
        "distance_matrix": [
            [0,90.6,65.2,45.6,137.5,31.9,185.9,132,119.1,90.2],
            [90.6,0,25.4,62.3,110.8,105.6,259.6,112,48.6,129.3],
            [65.2,25.4,0,87.7,136.2,97.1,251.1,137.4,74,154.7],
            [45.6,62.3,87.7,0,91.9,43.3,197.3,86.4,73.5,67],
            [137.5,110.8,136.2,91.9,0,135.2,268.3,70.2,62.2,127.3],
            [31.9,105.6,97.1,43.3,135.2,0,154,129.7,116.8,80.1],
            [185.9,259.6,251.1,197.3,268.3,154,0,198.1,270.8,141],
            [132,112,137.4,86.4,70.2,129.7,198.1,0,96.2,57.1],
            [119.1,48.6,74,73.5,62.2,116.8,270.8,96.2,0,140.5],
            [90.2,129.3,154.7,67,127.3,80.1,141,57.1,140.5,0]
        ],
        "weight_matrix": [
            [0,3,3,3,3,3,3,3,3,3],
            [3,0,3,3,3,3,3,3,3,3],
            [3,3,0,3,3,3,3,3,3,3],
            [3,3,3,0,3,3,3,3,3,3],
            [3,3,3,3,0,3,3,3,3,3],
            [3,3,3,3,3,0,3,3,3,3],
            [3,3,3,3,3,3,0,3,3,3],
            [3,3,3,3,3,3,3,0,3,3],
            [3,3,3,3,3,3,3,3,0,3],
            [3,3,3,3,3,3,3,3,3,0]
        ],
        "probability_matrix": [
            [0,0.12338161592548069,0.05168422913023047,0.029125498226556936,0.19556287764825414,0.15258709472952608,0.07015885116291017,0.0702162185550544,0.04198746660428053,0.2652961480177064],
            [2.8859779786615154E-4,0,0.10897141045528612,0.12250246838738522,0.13960113149021972,0.1707176689461306,0.12278326530294842,0.17246236011875948,0.14404406774399486,0.018629029757409446],
            [0.2133940660908179,0.017583706097080282,0,0.0018848778769660207,0.1705411212724612,0.17051286855763786,0.15919202194433477,0.08938838709395228,0.13192967589933272,0.04557327516741689],
            [0.06436576039201447,0.09479118226727505,0.06811971750393787,0,0.10586849524886366,0.1630288952168597,0.14647896180913342,0.1670311787997555,0.09388027112194153,0.09643553764021882],
            [0.050172145199271406,0.1590211609009464,0.01194955869746707,0.0632503808326091,0,0.0268328537097895,0.19375053402248535,0.14418435996596285,0.212007078624677,0.13883192804679137],
            [0.0030855862964444627,0.1521246851000882,0.024966193591617475,0.11604707749611023,0.1857440199793442,0,0.22184826907252322,0.027402466627690584,0.04562349600463718,0.22315820583154442],
            [0.18676662051541698,0.06481287093024397,0.0045631481632370605,0.055095002133611175,0.25506046581108155,0.2749493640485807,0,0.03003637846211123,0.12274162446215901,0.005974525473558189],
            [0.04892547512735039,0.16569710836090376,0.10272143602261594,0.05998443284036611,0.17290700228251393,0.06957773845037606,0.11448423947697056,0,0.08997982396176735,0.17572274347713587],
            [0.10609894209003266,0.19656399709187566,0.010948831300136191,0.06978785395444867,0.1623103890930728,0.12515884244678607,0.21863912360250967,0.0661983709233517,0,0.04429364949778664],
            [0.1302287315147779,0.1592232423053095,0.12577226939081954,0.027519190590102872,0.18158392536241888,0.042546642722189935,0.10928390561311876,0.12595399557735373,0.09788809692390904,0]
        ],
        "city_names": ["Amsterdam","Rotterdam","Den Haag","Utrecht","Eindhoven","Almere","Groningen","Nijmegen","Breda","Apeldoorn"],
        "reward_matrix": [
            [0,73456,83796,91775,54364,97352,34661,56603,61855,73619],
            [73456,0,99999,84977,65233,67350,4659,64745,90554,57702],
            [83796,99999,0,74637,54893,70810,8119,54405,80214,47362],
            [91775,84977,74637,0,72927,92712,30020,75166,80418,83064],
            [54364,65233,54893,72927,0,55300,1117,81761,85018,58516],
            [97352,67350,70810,92712,55300,0,47647,57539,62791,77731],
            [34661,4659,8119,30020,1117,47647,0,29695,100,52939],
            [56603,64745,54405,75166,81761,57539,29695,0,71177,87094],
            [61855,90554,80214,80418,85018,62791,100,71177,0,53143],
            [73619,57702,47362,83064,58516,77731,52939,87094,53143,0]
        ]
    },
    "vehicle_capacities": [5,10,10,25,30,30,30,30,30,30],
    "runs": [{
        "number_of_vehicles": 5,
        "avg_task_cost_vs_number_of_task": [735.5,447.5,716.8333333333334,537.625,572.1999999999999,569.1666666666666,556.1428571428571,499.9375,485.8333333333333,431.8,400.59090909090907,421.0833333333333,436.46153846153845,407.17857142857144,326.96666666666664,320.99999999999994,315.67647058823536,374.22222222222223,374.89473684210526,337.35,293.85714285714283,295.34090909090907,307.3695652173913,280.0833333333333,307.96000000000004,243.90384615384616,248.22222222222223,260.60714285714295,274.2413793103448,269.9]
    }]
}