{
    "vehicle_starting_positions": ["Amsterdam","Rotterdam","Den Haag","Utrecht","Eindhoven","Almere","Groningen","Nijmegen","Breda","Apeldoorn"],
    "task_distribution": {
        "distance_matrix": [
            [0,90.6,65.2,45.6,137.5,31.9,185.9,132,119.1,90.2],
            [90.6,0,25.4,62.3,110.8,105.6,259.6,112,48.6,129.3],
            [65.2,25.4,0,87.7,136.2,97.1,251.1,137.4,74,154.7],
            [45.6,62.3,87.7,0,91.9,43.3,197.3,86.4,73.5,67],
            [137.5,110.8,136.2,91.9,0,135.2,268.3,70.2,62.2,127.3],
            [31.9,105.6,97.1,43.3,135.2,0,154,129.7,116.8,80.1],
            [185.9,259.6,251.1,197.3,268.3,154,0,198.1,270.8,141],
            [132,112,137.4,86.4,70.2,129.7,198.1,0,96.2,57.1],
            [119.1,48.6,74,73.5,62.2,116.8,270.8,96.2,0,140.5],
            [90.2,129.3,154.7,67,127.3,80.1,141,57.1,140.5,0]
        ],
        "weight_matrix": [
            [0,3,3,3,3,3,3,3,3,3],
            [3,0,3,3,3,3,3,3,3,3],
            [3,3,0,3,3,3,3,3,3,3],
            [3,3,3,0,3,3,3,3,3,3],
            [3,3,3,3,0,3,3,3,3,3],
            [3,3,3,3,3,0,3,3,3,3],
            [3,3,3,3,3,3,0,3,3,3],
            [3,3,3,3,3,3,3,0,3,3],
            [3,3,3,3,3,3,3,3,0,3],
            [3,3,3,3,3,3,3,3,3,0]
        ],
        "probability_matrix": [
            [0,0.16279232267515248,0.147767114454161,0.17629037826688423,0.026029067300260857,0.13050462424897,0.08359620962554,0.0886989748707778,0.06682030168072654,0.11750100687752714],
            [0.15265118751420434,0,0.02826409749276885,0.15520597071834974,0.03629200834157543,0.16239935913082523,0.1405028744784033,0.13993841338100074,0.10813389181078026,0.076612197132092],
            [0.0866796377088222,0.06232972430153174,0,0.16840277050781813,0.10691545819626551,0.15601451625753093,0.09332149052940761,0.1632733863128828,0.01277027252006565,0.15029274366567555],
            [0.12602922160843197,0.142723134924505,0.08410164440657522,0,0.0887508695682967,0.10840816445162575,0.1006724988547181,0.14575973089736624,0.06075497373431475,0.14279976155416624],
            [0.11834990189389795,0.12477198963957632,0.17983479649106765,0.09071179642922846,0,0.12214900892956236,0.0019224001595743471,0.19148228018386146,0.15009554212695994,0.020682284146271657],
            [0.2000612252736339,0.03342548184789213,0.23645221961683746,0.06909241983192052,0.005268294495427467,0,0.13744963128669854,0.16071744360445878,0.022068259682612786,0.1354650243605185],
            [0.1255341019371749,0.07718430060057228,0.15182732883143393,0.10159928940490721,0.10497943542175578,0.09497025298983011,0,0.11724112997999278,0.07989510297442948,0.14676905785990352],
            [0.02120564346234567,0.16489209256826198,0.15626929277036672,0.19368011850984454,0.039021931932162926,0.08568632885127074,0.19301691943321098,0,0.1304341567526822,0.015793515719854143],
            [0.12221362837804682,0.05236371711232603,0.12415157657808033,0.019309545594544675,0.07946755375279596,0.17139138505029844,0.19120200700186893,0.16119647002590212,0,0.07870411650613678],
            [0.1625632480842711,0.18357142758600098,0.11447527828567608,0.0073499916794298814,0.1634903647181952,0.02807338730365798,0.09084071034162143,0.17202446861694098,0.07761112338420634,0]
        ],
        "city_names": ["Amsterdam","Rotterdam","Den Haag","Utrecht","Eindhoven","Almere","Groningen","Nijmegen","Breda","Apeldoorn"],
        "reward_matrix": [
            [0,73456,83796,91775,54364,97352,34661,56603,61855,73619],
            [73456,0,99999,84977,65233,67350,4659,64745,90554,57702],
            [83796,99999,0,74637,54893,70810,8119,54405,80214,47362],
            [91775,84977,74637,0,72927,92712,30020,75166,80418,83064],
            [54364,65233,54893,72927,0,55300,1117,81761,85018,58516],
            [97352,67350,70810,92712,55300,0,47647,57539,62791,77731],
            [34661,4659,8119,30020,1117,47647,0,29695,100,52939],
            [56603,64745,54405,75166,81761,57539,29695,0,71177,87094],
            [61855,90554,80214,80418,85018,62791,100,71177,0,53143],
            [73619,57702,47362,83064,58516,77731,52939,87094,53143,0]
        ]
    },
    "vehicle_capacities": [20,20,20,25,30,30,30,30,30,30],
    "runs": [{
        "number_of_vehicles": 5,
        "avg_task_cost_vs_number_of_task": [311.5,155.75,670.3333333333334,548.75,473.8,466.8333333333333,467.64285714285705,393.3125,463.55555555555554,407.24999999999994,386.49999999999994,365.4583333333334,357.2307692307692,305.5357142857143,319.1333333333333,285.15624999999994,301.38235294117646,253.47222222222217,287.2105263157895,267.2,255.95238095238096,306.1136363636363,280.804347826087,252.8333333333334,246,272.7307692307693,256.8888888888889,238.4285714285715,241.08620689655172,247.48333333333332]
    }]
}