{
    "vehicle_starting_positions": ["Amsterdam","Rotterdam","Den Haag","Utrecht","Eindhoven","Almere","Groningen","Nijmegen","Breda","Apeldoorn"],
    "task_distribution": {
        "distance_matrix": [
            [0,90.6,65.2,45.6,137.5,31.9,185.9,132,119.1,90.2],
            [90.6,0,25.4,62.3,110.8,105.6,259.6,112,48.6,129.3],
            [65.2,25.4,0,87.7,136.2,97.1,251.1,137.4,74,154.7],
            [45.6,62.3,87.7,0,91.9,43.3,197.3,86.4,73.5,67],
            [137.5,110.8,136.2,91.9,0,135.2,268.3,70.2,62.2,127.3],
            [31.9,105.6,97.1,43.3,135.2,0,154,129.7,116.8,80.1],
            [185.9,259.6,251.1,197.3,268.3,154,0,198.1,270.8,141],
            [132,112,137.4,86.4,70.2,129.7,198.1,0,96.2,57.1],
            [119.1,48.6,74,73.5,62.2,116.8,270.8,96.2,0,140.5],
            [90.2,129.3,154.7,67,127.3,80.1,141,57.1,140.5,0]
        ],
        "weight_matrix": [
            [0,3,3,3,3,3,3,3,3,3],
            [3,0,3,3,3,3,3,3,3,3],
            [3,3,0,3,3,3,3,3,3,3],
            [3,3,3,0,3,3,3,3,3,3],
            [3,3,3,3,0,3,3,3,3,3],
            [3,3,3,3,3,0,3,3,3,3],
            [3,3,3,3,3,3,0,3,3,3],
            [3,3,3,3,3,3,3,0,3,3],
            [3,3,3,3,3,3,3,3,0,3],
            [3,3,3,3,3,3,3,3,3,0]
        ],
        "probability_matrix": [
            [0,0.2169077393377292,0.005087850040609639,0.19070374086482197,0.06702615202508852,0.17283938230441187,0.026134934293437516,0.059787970159007796,0.08547443257489427,0.17603779839999925],
            [0.19446752010857868,0,0.14259561139366156,0.229394707499347,0.12193255376680384,0.05071678544715487,0.0945140982769279,0.11771700315171897,0.036069900538194616,0.012591819817612458],
            [0.18790389627635937,0.04772138657324554,0,0.17747677923411323,0.11132282691293939,0.05436898172952845,0.10965700018913245,0.02963856631899783,0.18598671228603644,0.09592385047964726],
            [0.16395781529465683,0.13487183605834915,0.14306396216544903,0,0.11407206429858242,0.13862125196358802,0.13055654690754062,0.04439503500469882,7.01456814400224E-4,0.12976003149273485],
            [0.07026452963651338,0.09744126047038695,0.12177972809192235,0.1552502985484339,0,0.10309120488763397,0.13534284353279188,0.1387807387941383,0.07694328566615535,0.101106110372024],
            [0.24860104568724106,0.0036718948500453997,0.16106872451821336,0.12227376322978067,0.1914650697059862,0,0.007074571700310221,0.00647941756116415,0.08553254628563792,0.17383296646162097],
            [0.07768633757059173,0.23488276209900405,0.015422588954769658,0.06449808166363077,0.24533626108792175,0.09044112406819847,0,0.21300161929767472,0.052626559373429964,0.006104665884778753],
            [0.15156104725082584,0.19127502398383814,0.14321224123556317,0.15012409326588969,0.17831529335772836,0.044710584982759996,0.06140367742623021,0,0.007794788885692974,0.07160324961147169],
            [0.12457324987425977,0.14220445998770373,0.11421313079359095,0.0261878268685086,0.15645842676619817,0.18523504493761023,0.17817358293033828,0.030986498566691997,0,0.04196777927509818],
            [0.1667713671709282,0.1306224819346612,0.18073079693460725,0.02206239105329782,0.005691198461458964,0.0015170506982272467,0.07472850340852132,0.23474255472358455,0.18313365561471326,0]
        ],
        "city_names": ["Amsterdam","Rotterdam","Den Haag","Utrecht","Eindhoven","Almere","Groningen","Nijmegen","Breda","Apeldoorn"],
        "reward_matrix": [
            [0,73456,83796,91775,54364,97352,34661,56603,61855,73619],
            [73456,0,99999,84977,65233,67350,4659,64745,90554,57702],
            [83796,99999,0,74637,54893,70810,8119,54405,80214,47362],
            [91775,84977,74637,0,72927,92712,30020,75166,80418,83064],
            [54364,65233,54893,72927,0,55300,1117,81761,85018,58516],
            [97352,67350,70810,92712,55300,0,47647,57539,62791,77731],
            [34661,4659,8119,30020,1117,47647,0,29695,100,52939],
            [56603,64745,54405,75166,81761,57539,29695,0,71177,87094],
            [61855,90554,80214,80418,85018,62791,100,71177,0,53143],
            [73619,57702,47362,83064,58516,77731,52939,87094,53143,0]
        ]
    },
    "vehicle_capacities": [5,10,15,30,30,30,30,30,30,30],
    "runs": [{
        "number_of_vehicles": 5,
        "avg_task_cost_vs_number_of_task": [459.5,1319.75,936.8333333333334,702.625,609.5,541.9166666666666,499.2142857142857,466.5,441.66666666666674,391.35,399.5909090909092,352.4166666666667,351.3076923076923,326.7857142857143,344.3,357.78125,292.79411764705884,294.47222222222223,313.36842105263156,319.05,283.92857142857144,293.95454545454544,284.32608695652175,227.75,206.02,230.61538461538458,252.96296296296296,255.71428571428572,226.31034482758625,211.88333333333335]
    }]
}