{
    "vehicle_starting_positions": ["Amsterdam","Rotterdam","Den Haag","Utrecht","Eindhoven","Almere","Groningen","Nijmegen","Breda","Apeldoorn"],
    "task_distribution": {
        "distance_matrix": [
            [0,90.6,65.2,45.6,137.5,31.9,185.9,132,119.1,90.2],
            [90.6,0,25.4,62.3,110.8,105.6,259.6,112,48.6,129.3],
            [65.2,25.4,0,87.7,136.2,97.1,251.1,137.4,74,154.7],
            [45.6,62.3,87.7,0,91.9,43.3,197.3,86.4,73.5,67],
            [137.5,110.8,136.2,91.9,0,135.2,268.3,70.2,62.2,127.3],
            [31.9,105.6,97.1,43.3,135.2,0,154,129.7,116.8,80.1],
            [185.9,259.6,251.1,197.3,268.3,154,0,198.1,270.8,141],
            [132,112,137.4,86.4,70.2,129.7,198.1,0,96.2,57.1],
            [119.1,48.6,74,73.5,62.2,116.8,270.8,96.2,0,140.5],
            [90.2,129.3,154.7,67,127.3,80.1,141,57.1,140.5,0]
        ],
        "weight_matrix": [
            [0,3,3,3,3,3,3,3,3,3],
            [3,0,3,3,3,3,3,3,3,3],
            [3,3,0,3,3,3,3,3,3,3],
            [3,3,3,0,3,3,3,3,3,3],
            [3,3,3,3,0,3,3,3,3,3],
            [3,3,3,3,3,0,3,3,3,3],
            [3,3,3,3,3,3,0,3,3,3],
            [3,3,3,3,3,3,3,0,3,3],
            [3,3,3,3,3,3,3,3,0,3],
            [3,3,3,3,3,3,3,3,3,0]
        ],
        "probability_matrix": [
            [0,0.1840644225139092,0.02012543403612737,0.08871420977331212,0.10012016933333485,0.14476791116929977,0.1713535302290802,0.002832448181842184,0.10826759973985561,0.1797542750232386],
            [0.07870244702308869,0,0.1103168226793562,0.07041665086249738,0.22082320397212493,0.047638626348118635,0.019314531767298176,0.017479645666643822,0.23808181063098674,0.1972262610498854],
            [0.07181630412945943,0.07281192469748844,0,0.04499800125062442,0.1046628594379271,0.1732766269183886,0.11162201020554068,0.16316901055325148,0.1722774597906548,0.08536580301666488],
            [0.19080597543388947,0.15476272436479932,0.20636326633938473,0,0.13161795752011324,0.10912594415392943,0.10267865330681719,0.022644100692187724,0.054391299074458464,0.027610079114420573],
            [0.009963317580043693,0.09571312141267369,0.14962780148703275,0.008583411918071932,0,0.25066660392033424,0.06946788405842283,0.11506853553444019,0.2128346572155052,0.08807466687347547],
            [0.03286931810028753,0.11228710286669653,0.08439482988759715,0.15828602429830754,0.03772091622686489,0,0.20272044679682025,0.19507954928243929,0.021575898657764242,0.1550659138832226],
            [0.1764346691075663,0.10837617027204054,0.23199092996686355,0.02368606578484635,0.19703126261643905,0.0840847604094255,0,0.03110821014101994,0.060108944262962906,0.08717898743883583],
            [0.020365524124802713,0.21851375026971265,0.12296601158143898,0.21627278815658862,0.024387809490631032,0.10763266894225905,0.15095720071597327,0,0.07536887887651192,0.06353536784208194],
            [0.04671017427834841,0.10573566899239228,0.20805111427224562,0.13507126922089474,0.06783692678571272,0.14457402656740762,0.07103961818625242,9.110478986296606E-4,0,0.2200701537981166],
            [0.10297242620559466,0.06461517639421335,0.06976795370284523,0.1668004693226387,0.06306890051326769,0.08754650283773129,0.1557743514729651,0.17326375394399537,0.11619046560674856,0]
        ],
        "city_names": ["Amsterdam","Rotterdam","Den Haag","Utrecht","Eindhoven","Almere","Groningen","Nijmegen","Breda","Apeldoorn"],
        "reward_matrix": [
            [0,73456,83796,91775,54364,97352,34661,56603,61855,73619],
            [73456,0,99999,84977,65233,67350,4659,64745,90554,57702],
            [83796,99999,0,74637,54893,70810,8119,54405,80214,47362],
            [91775,84977,74637,0,72927,92712,30020,75166,80418,83064],
            [54364,65233,54893,72927,0,55300,1117,81761,85018,58516],
            [97352,67350,70810,92712,55300,0,47647,57539,62791,77731],
            [34661,4659,8119,30020,1117,47647,0,29695,100,52939],
            [56603,64745,54405,75166,81761,57539,29695,0,71177,87094],
            [61855,90554,80214,80418,85018,62791,100,71177,0,53143],
            [73619,57702,47362,83064,58516,77731,52939,87094,53143,0]
        ]
    },
    "vehicle_capacities": [20,20,20,25,25,30,30,30,30,30],
    "runs": [{
        "number_of_vehicles": 5,
        "avg_task_cost_vs_number_of_task": [1038,610.75,479.3333333333333,591.875,516.8,454.4166666666667,466.42857142857144,436.4375,404.94444444444434,356.65,341.40909090909093,327.5833333333333,316.2692307692308,322.67857142857144,299.56666666666666,284.90625,287.79411764705884,296.55555555555554,291.7105263157895,257.175,264.14285714285717,242.04545454545453,229.17391304347825,248.29166666666666,227.73999999999995,249.46153846153845,243.59259259259258,248.23214285714286,257.55172413793105,239.91666666666666]
    }]
}