{
    "vehicle_starting_positions": ["Leeds","Cardiff","Sheffield","Manchester","Liverpool","Birmingham","London","Portsmouth","Norwich","Plymouth","Newcastle"],
    "task_distribution": {
        "weight_matrix": [
            [0,3,3,3,3,3,3,3,3,3,3],
            [3,0,3,3,3,3,3,3,3,3,3],
            [3,3,0,3,3,3,3,3,3,3,3],
            [3,3,3,0,3,3,3,3,3,3,3],
            [3,3,3,3,0,3,3,3,3,3,3],
            [3,3,3,3,3,0,3,3,3,3,3],
            [3,3,3,3,3,3,0,3,3,3,3],
            [3,3,3,3,3,3,3,0,3,3,3],
            [3,3,3,3,3,3,3,3,0,3,3],
            [3,3,3,3,3,3,3,3,3,0,3],
            [3,3,3,3,3,3,3,3,3,3,0]
        ],
        "probability_matrix": [
            [0,0.049803913038522475,0.11929495079768458,0.1500651729205615,0.09005418319053277,0.024802394061962912,0.11850482435564264,0.17428364255374013,0.051314385028312856,0.09414537777263352,0.12773115628040663],
            [0.06699367799204622,0,0.028673615090278312,0.019268125820449813,0.16226101121520123,0.057862082791089606,0.06107913602588052,0.11311942097014556,0.08997908148561697,0.22959287086846308,0.17117097774082873],
            [0.09781863327546013,0.08347320588621192,0,0.08206392748153236,0.16225145929325724,0.11905979887905374,0.16402258198142886,0.04733486084900826,0.07553202594396952,0.07768546626235268,0.0907580401477252],
            [0.06766776930836403,0.03667245034037941,0.12053997964044548,0,0.006925056263199863,0.05800315984740182,0.18125917072735173,0.03722579287617393,0.19984204704445852,0.1988087002933695,0.0930558736588559],
            [0.08232042562017847,0.1670991479797871,0.001411930658280323,0.02899152227142332,0,0.06739715900094609,0.05769104051010084,0.17403327180944866,0.18394473203926548,0.09928676384586044,0.13782400626470936],
            [0.11767943331939013,0.07838774466079189,0.07171384431753007,0.06633941599258224,0.21705745678225002,0,0.06165235101215012,0.04315721982715945,0.19026970478377522,0.011801252774002853,0.14194157653036812],
            [0.08055179372860374,0.10305159918587294,0.11715844735394078,0.09397736171493688,0.062005659631233286,0.11311414331095988,0,0.06767229113336208,0.08324437377554951,0.1381995870160199,0.14102474314952104],
            [0.12191153757778787,0.10467194395334195,0.09923377418736484,0.03448687654499592,0.1976317117471661,0.050279980796496655,0.33418401465727277,0,0.00709703380766755,0.010035140664217852,0.04046798606368831],
            [0.07788101696048168,0.06392672636446256,0.07154725679638398,0.17663194889577274,0.18804870633221538,0.0749519619711496,0.02064275183347235,0.11559365142981218,0,0.03268680219518149,0.1780891772210682],
            [0.14129767885638808,0.11582992167510123,0.062488644743891035,0.011132117874243343,0.12676025655397957,0.1748202572993765,0.17860209156402415,0.002922933407780689,0.17247832798452556,0,0.013667770040689961],
            [0.07209397768556822,0.05516468473640739,0.15806415340364802,0.019784828646469372,0.13477353737074443,0.07890746896542307,0.10051573390253447,0.15377617114437697,0.1377683622385443,0.08915108190628392,0]
        ],
        "city_names": ["Cardiff","Newcastle","Plymouth","Norwich","Manchester","London","Leeds","Sheffield","Birmingham","Liverpool","Portsmouth"],
        "reward_matrix": [
            [0,44455,20684,43918,68638,64503,62087,69479,85625,62427,51114],
            [44455,0,100,23333,69390,43918,88578,81186,65040,75601,30529],
            [20684,100,0,41806,24282,62391,17731,25123,41269,18071,75780],
            [43918,23333,41806,0,47516,85625,40965,48357,64503,41305,72236],
            [68638,69390,24282,47516,0,68101,87021,79628,89223,99999,54712],
            [64503,43918,62391,85625,68101,0,61550,68942,85088,61890,92821],
            [62087,88578,17731,40965,87021,61550,0,98817,82671,93232,48161],
            [69479,81186,25123,48357,79628,68942,98817,0,90064,85840,55553],
            [85625,65040,41269,64503,89223,85088,82671,90064,0,83012,71699],
            [62427,75601,18071,41305,99999,61890,93232,85840,83012,0,48501],
            [51114,30529,75780,72236,54712,92821,48161,55553,71699,48501,0]
        ]
    },
    "runs": [
        {
            "number_of_vehicles": 2,
            "avg_task_cost_vs_number_of_task": [657.5,1530,1403.333333333333,1232.25,990.4999999999998,825.4166666666665,707.4999999999999,619.0624999999999,550.2777777777777,495.2499999999999,604.7727272727273,633,660.0769230769231,618.8214285714286,601.1,579.3749999999999,545.2941176470587,500.9166666666667,562.578947368421,493.85,488.04761904761904,509.09090909090907,478.1304347826087,470.1041666666667,527.6800000000002,410.0769230769231,440.50000000000006,410.5892857142857,459.5344827586208,439.35]
        },
        {
            "number_of_vehicles": 3,
            "avg_task_cost_vs_number_of_task": [657.5,1530,1403.333333333333,1232.25,990.4999999999998,825.4166666666665,707.4999999999999,619.0624999999999,550.2777777777777,532.0999999999999,623.5454545454545,680.0833333333333,666.4230769230769,618.8214285714286,635.3333333333334,563.53125,542.5294117647059,500.9166666666667,519.8421052631579,494.425,470.3333333333333,461.77272727272725,445.60869565217394,448.4166666666668,414.3,420.28846153846155,488.5925925925927,451.5178571428572,480.2931034482759,447.7833333333334]
        },
        {
            "number_of_vehicles": 4,
            "avg_task_cost_vs_number_of_task": [657.5,1530,1403.333333333333,1232.25,990.4999999999998,825.4166666666665,707.4999999999999,619.0624999999999,550.2777777777777,532.0999999999999,638.2727272727273,639.875,719.4230769230768,618.8214285714286,601.1,571.625,498.8529411764706,500.9166666666667,511.2105263157895,504.175,518.452380952381,448.95454545454544,552.4782608695652,460.7708333333333,498.76000000000005,442.4807692307694,468.1296296296296,433.8214285714285,384.3275862068966,442.85]
        },
        {
            "number_of_vehicles": 5,
            "avg_task_cost_vs_number_of_task": [657.5,1530,1403.333333333333,1232.25,1063,825.4166666666665,737,619.0624999999999,550.2777777777777,495.2499999999999,645.7727272727273,639.875,652.3461538461538,644.0357142857143,623.5,602.3125,530.3823529411765,500.9166666666667,535.8684210526316,508.325,488.04761904761904,478.84090909090907,445.60869565217394,399.6458333333333,483.78,484.11538461538464,520.2407407407409,442.26785714285717,560.9655172413793,434.9]
        }
    ]
}