{
    "vehicle_starting_positions": ["Leeds","Norwich","Liverpool","Manchester","London","Cardiff","Sheffield","Birmingham","Portsmouth","Newcastle","Plymouth"],
    "task_distribution": {
        "weight_matrix": [
            [0,3,3,3,3,3,3,3,3,3,3],
            [3,0,3,3,3,3,3,3,3,3,3],
            [3,3,0,3,3,3,3,3,3,3,3],
            [3,3,3,0,3,3,3,3,3,3,3],
            [3,3,3,3,0,3,3,3,3,3,3],
            [3,3,3,3,3,0,3,3,3,3,3],
            [3,3,3,3,3,3,0,3,3,3,3],
            [3,3,3,3,3,3,3,0,3,3,3],
            [3,3,3,3,3,3,3,3,0,3,3],
            [3,3,3,3,3,3,3,3,3,0,3],
            [3,3,3,3,3,3,3,3,3,3,0]
        ],
        "probability_matrix": [
            [0,0.12431211958783657,0.03360826095366471,0.11679692888365886,0.13490262114965332,0.0734556143641485,0.042312235666310725,0.18868174526069917,0.05891639510691673,0.0954016913241629,0.1316123877029483],
            [0.106852437619658,0,0.030318576907278898,0.16541764900158062,0.13926886706236377,0.007344779578116549,0.14789080070147187,0.07864841505392409,0.11052838155827012,0.10942133053973964,0.10430876197759659],
            [0.0754052301959295,0.001052432801472059,0,0.08082762250685535,0.030432823799302323,0.004845403311548886,0.1428372655467672,0.23063210493103478,0.11235082094952566,0.13892341529048052,0.18269288066708372],
            [0.028470341062059843,0.11704202001447471,0.0760907964004304,0,0.03700854339500701,0.15010426223102735,0.14301089377700274,0.12462300527635115,0.10646443067405718,0.1107560350098591,0.10642967215973052],
            [0.12288745931624476,0.1000562495540984,0.14042434976840043,0.01816875733149736,0,0.13911955679432927,0.12498450593810638,0.07744808240651674,0.09597927174619808,0.07945548876657266,0.10147627837803588],
            [0.04065325274524668,0.10167825026697787,0.034463955892077826,0.05373981766408225,0.01670953217384835,0,0.15823389552195619,0.194661703445549,0.18002540798687502,0.07174040402383094,0.14809378027955575],
            [0.09915282581664456,0.21196106403737727,0.06516307281592636,0.014461775629258329,0.16943998627444715,0.04841706528136414,0,0.015030290004160233,0.1057894130635915,0.06725251586356237,0.2033319912136681],
            [0.12671428640835358,0.06752785037671803,0.15763420692823063,0.10167542353785257,0.187947806010242,0.050393737621055715,0.027214744456570624,0,0.06180447449405789,0.09523922929632098,0.12384824087059776],
            [0.17044134872394465,0.11492965929406088,0.13482704261830095,0.006554062965577098,0.025348942861899662,0.16332551237936005,0.15350471616000308,0.04835560277869576,0,0.04048711588362544,0.14222599633453248],
            [0.038215707211204014,0.07517805702856548,0.13013675601063593,0.12933958078869115,0.17340946116182634,0.12570125446504854,0.07635969434289516,0.0014773458929928645,0.1400323922424588,0,0.11014975085568172],
            [0.04195313250112477,0.03408625388357817,0.14242154201113227,0.16650346813970426,0.12018401993513167,0.12952584226385597,0.09966004522878187,0.09911861513651805,0.07227037196480471,0.09427670893536828,0]
        ],
        "city_names": ["Cardiff","Newcastle","Plymouth","Norwich","Manchester","London","Leeds","Sheffield","Birmingham","Liverpool","Portsmouth"],
        "reward_matrix": [
            [0,44455,20684,43918,68638,64503,62087,69479,85625,62427,51114],
            [44455,0,100,23333,69390,43918,88578,81186,65040,75601,30529],
            [20684,100,0,41806,24282,62391,17731,25123,41269,18071,75780],
            [43918,23333,41806,0,47516,85625,40965,48357,64503,41305,72236],
            [68638,69390,24282,47516,0,68101,87021,79628,89223,99999,54712],
            [64503,43918,62391,85625,68101,0,61550,68942,85088,61890,92821],
            [62087,88578,17731,40965,87021,61550,0,98817,82671,93232,48161],
            [69479,81186,25123,48357,79628,68942,98817,0,90064,85840,55553],
            [85625,65040,41269,64503,89223,85088,82671,90064,0,83012,71699],
            [62427,75601,18071,41305,99999,61890,93232,85840,83012,0,48501],
            [51114,30529,75780,72236,54712,92821,48161,55553,71699,48501,0]
        ]
    },
    "runs": [
        {
            "number_of_vehicles": 2,
            "avg_task_cost_vs_number_of_task": [1621.5,1562.2500000000002,1746.1666666666667,1356.1249999999998,1084.8999999999999,904.0833333333331,910.4999999999999,796.6874999999999,708.1666666666665,637.3499999999999,611.4999999999999,702.2083333333334,648.1923076923075,680.7142857142857,659.7333333333333,595.625,621.0882352941178,557.8888888888889,523.3157894736842,533.0999999999999,592.3571428571429,454.75,479.54347826086956,543.1041666666666,514.58,523.5192307692307,498.0555555555556,480.30357142857144,446.3103448275862,469.61666666666656]
        },
        {
            "number_of_vehicles": 3,
            "avg_task_cost_vs_number_of_task": [1612,1381.0000000000002,1523.1666666666667,1142.375,913.9,761.5833333333334,858.7142857142857,751.375,667.8888888888889,601.1,578.5454545454545,672,620.3076923076923,660.2857142857143,622.8666666666667,605,602.8823529411765,559,539.421052631579,518.95,476.1190476190476,473.90909090909093,538.4130434782609,462.41666666666674,491.12,489.63461538461536,440.8703703703704,484.7857142857143,494.9137931034483,462.8666666666667]
        },
        {
            "number_of_vehicles": 4,
            "avg_task_cost_vs_number_of_task": [1438.5000000000002,1294.25,1462.1666666666667,1099,879.2,732.6666666666666,815.3571428571429,713.4375,634.1666666666666,601.1,562.7727272727273,672,620.3076923076923,647.8928571428571,635.3333333333334,615.84375,571.3529411764706,551.6388888888889,538.7105263157895,514.975,512.0238095238095,555.8863636363635,511.5217391304348,528.875,483.22,481.6923076923077,463.9259259259259,477.82142857142844,461.3448275862069,428.6000000000001]
        },
        {
            "number_of_vehicles": 5,
            "avg_task_cost_vs_number_of_task": [1438.5000000000002,1294.25,1442.8333333333333,1099,879.2,732.6666666666666,815.3571428571429,713.4375,634.1666666666666,601.1,562.7727272727273,657.5416666666666,606.9615384615385,637.9642857142857,633.7666666666667,622.03125,549.5882352941177,519.0555555555555,523.3157894736842,512.15,476.85714285714283,508.3863636363636,532.5869565217391,476.43749999999994,489.0999999999999,491.3269230769231,509.925925925926,480.1607142857143,457.7931034482759,488.26666666666665]
        }
    ]
}