{
    "vehicle_starting_positions": ["Newcastle","Portsmouth","Birmingham","Plymouth","Cardiff","London","Manchester","Leeds","Sheffield","Norwich","Liverpool"],
    "task_distribution": {
        "weight_matrix": [
            [0,3,3,3,3,3,3,3,3,3,3],
            [3,0,3,3,3,3,3,3,3,3,3],
            [3,3,0,3,3,3,3,3,3,3,3],
            [3,3,3,0,3,3,3,3,3,3,3],
            [3,3,3,3,0,3,3,3,3,3,3],
            [3,3,3,3,3,0,3,3,3,3,3],
            [3,3,3,3,3,3,0,3,3,3,3],
            [3,3,3,3,3,3,3,0,3,3,3],
            [3,3,3,3,3,3,3,3,0,3,3],
            [3,3,3,3,3,3,3,3,3,0,3],
            [3,3,3,3,3,3,3,3,3,3,0]
        ],
        "probability_matrix": [
            [0,0.15778339873736943,0.11675490279627784,0.15869079910123046,0.10711189364643199,0.10085731428920723,0.00979618377437078,0.040194642957609106,0.17541007745428822,0.023655683868776277,0.10974510337443871],
            [0.12085744016314165,0,0.054726900240914415,0.1453556161006885,0.13660013094432938,0.11114128629813808,0.014647693194806634,0.02327427185899003,0.11607772413893115,0.12301217252897445,0.1543067645310855],
            [0.023199975343932207,0.14996438950929233,0,0.1197082603847208,0.1597433252738979,0.04173999436968391,0.12003426963592236,0.020303840393745668,0.08829876747135962,0.1699154044746427,0.10709177314280248],
            [0.15061168327899474,0.13569064366642208,0.02636622253813362,0,0.07176494524342648,0.0850618156889641,0.15472882604337393,0.035579570674185095,0.1799784504943451,0.08744687526897478,0.07277096710318003],
            [0.17199846387017237,0.08742990645640399,0.09118867625123651,0.031181861392329115,0,0.03360521128265784,0.027503065407324324,0.06947903454700761,0.1978159096688578,0.1475987935759625,0.14219907754804786],
            [0.12297525140816205,0.03461821963902306,0.12388296782548915,0.17021097055062426,0.04586346901672419,0,0.13875026782276537,0.008333595178491597,0.19795088366081035,0.026374923220403117,0.1310394516775066],
            [0.1545479825569173,0.1244396283483854,0.1259543366442269,0.044005185195709735,0.11799356841986107,0.12260108991542999,0,0.050173113398103875,0.175509381368428,0.04039954122584867,0.04437617292708912],
            [0.1409982474141627,0.14962639868578642,0.052205676731196464,0.14412313819571335,0.11169417001643325,0.0771021852469472,0.14776510354531605,0,0.010228731941352948,0.0030971857975995456,0.16315916242549214],
            [0.03867107723820197,0.050850451968670725,0.0678545649441502,0.2060891593049448,0.09242812456837192,0.20669987935569412,0.10560800188019134,0.003744952852223438,0,0.175012319105535,0.05304146878201654],
            [0.12733020908254322,0.02343558674342714,0.008762453889982836,0.20163131352795355,0.19515347310417247,0.119114355263561,0.03452894000734982,0.13351901414462,0.11831598582486147,0,0.038208668411528646],
            [0.13843725832924803,0.12233547585467083,0.025240628450000555,0.027191455639135262,0.1440157394319754,0.09015329788372643,0.12984383773906996,0.17078094368084565,0.14352652582798997,0.008474837163337908,0]
        ],
        "city_names": ["Cardiff","Newcastle","Plymouth","Norwich","Manchester","London","Leeds","Sheffield","Birmingham","Liverpool","Portsmouth"],
        "reward_matrix": [
            [0,44455,20684,43918,68638,64503,62087,69479,85625,62427,51114],
            [44455,0,100,23333,69390,43918,88578,81186,65040,75601,30529],
            [20684,100,0,41806,24282,62391,17731,25123,41269,18071,75780],
            [43918,23333,41806,0,47516,85625,40965,48357,64503,41305,72236],
            [68638,69390,24282,47516,0,68101,87021,79628,89223,99999,54712],
            [64503,43918,62391,85625,68101,0,61550,68942,85088,61890,92821],
            [62087,88578,17731,40965,87021,61550,0,98817,82671,93232,48161],
            [69479,81186,25123,48357,79628,68942,98817,0,90064,85840,55553],
            [85625,65040,41269,64503,89223,85088,82671,90064,0,83012,71699],
            [62427,75601,18071,41305,99999,61890,93232,85840,83012,0,48501],
            [51114,30529,75780,72236,54712,92821,48161,55553,71699,48501,0]
        ]
    },
    "runs": [
        {
            "number_of_vehicles": 2,
            "avg_task_cost_vs_number_of_task": [1564.5,1551.75,1575,1181.2499999999998,1146.2,1113.3333333333333,954.2857142857143,835,847,762.3,866.3636363636364,793.6666666666666,778.4615384615385,749,827.6,758.3437500000001,629.6470588235294,602.1666666666666,602.8947368421053,570.8000000000001,572.3333333333334,554.7727272727273,515.6521739130435,484.5833333333333,551.0400000000001,617.4615384615383,514.888888888889,453.9285714285715,546.3793103448276,475.3333333333333]
        },
        {
            "number_of_vehicles": 3,
            "avg_task_cost_vs_number_of_task": [1010.5000000000001,1274.75,1554.5,1165.875,1146.2,1113.3333333333333,954.2857142857143,835,847,745.5999999999999,847.5454545454545,871.3333333333334,806.6153846153846,856.9285714285714,699.0666666666667,666.1875,615.0588235294117,594.1666666666666,570.4736842105264,600.95,542.8095238095239,546.3181818181819,530.3478260869566,533.8333333333334,488.28,513.2692307692307,465.1111111111112,469.0357142857143,438.2758620689656,456.7333333333334]
        },
        {
            "number_of_vehicles": 4,
            "avg_task_cost_vs_number_of_task": [1010.5000000000001,1274.75,1554.5,1165.875,1146.2,1113.3333333333333,954.2857142857143,835,847,783.8999999999999,770.2727272727273,722.8333333333334,713.0769230769231,757.9285714285714,656.3333333333334,688.0625,622.6470588235294,589.5,536.7368421052631,662.35,505.2857142857143,517.0909090909091,485.82608695652175,544.6458333333334,462.56,479.61538461538464,448.4444444444445,457.8214285714286,450.17241379310343,446.53333333333336]
        },
        {
            "number_of_vehicles": 5,
            "avg_task_cost_vs_number_of_task": [1010.5000000000001,1274.75,1554.5,1165.875,1146.1999999999998,1113.3333333333333,954.2857142857143,834.9999999999999,764.5555555555554,804.5999999999999,770.2727272727273,706.0833333333334,713.0769230769231,728.4285714285714,656.3333333333334,615.3125,590.3529411764706,589.5000000000001,518.1578947368421,551.2,530.4285714285714,532.4545454545455,559.0434782608696,468.3333333333333,461.8400000000001,532.096153846154,497.59259259259267,446.1428571428572,438.41379310344826,444.3666666666667]
        }
    ]
}