{
    "vehicle_starting_positions": ["Norwich","Liverpool","Sheffield","Birmingham","Cardiff","Plymouth","Manchester","Newcastle","London","Leeds","Portsmouth"],
    "task_distribution": {
        "weight_matrix": [
            [0,3,3,3,3,3,3,3,3,3,3],
            [3,0,3,3,3,3,3,3,3,3,3],
            [3,3,0,3,3,3,3,3,3,3,3],
            [3,3,3,0,3,3,3,3,3,3,3],
            [3,3,3,3,0,3,3,3,3,3,3],
            [3,3,3,3,3,0,3,3,3,3,3],
            [3,3,3,3,3,3,0,3,3,3,3],
            [3,3,3,3,3,3,3,0,3,3,3],
            [3,3,3,3,3,3,3,3,0,3,3],
            [3,3,3,3,3,3,3,3,3,0,3],
            [3,3,3,3,3,3,3,3,3,3,0]
        ],
        "probability_matrix": [
            [0,0.22226924445341179,0.08923071011062308,0.018694359969263295,0.14518354675665468,0.11681349202591955,0.03923773876401461,0.07049379286055447,0.21113556703970923,0.042658337657591715,0.04428321036225762],
            [0.06106426974388682,0,0.0595382029927066,0.11729650585119128,0.1314002257823069,0.06912689533850729,0.10584384899209931,0.1369122611115957,0.09729639078827831,0.14174005253336464,0.07978134686606307],
            [0.0017376658006554267,0.08623998478699986,0,0.17339785914887212,0.16758762858283538,0.0414183689853812,0.06684962864616688,0.02014564429708559,0.10329146011507476,0.16436826573059796,0.1749634939063308],
            [0.1343161889771588,0.18301893209545042,0.10608321033894452,0,0.11181365280025231,0.028690917109083624,0.06712694407074198,0.010663514270517848,0.17582010444768156,0.12699383179843027,0.05547270409173889],
            [0.095762789386708,0.10803122944926889,0.004290584713638309,0.03716204123389996,0,0.055435673168097825,0.025232162965529888,0.17784188218133773,0.159604433809285,0.15993330878706,0.17670589430517444],
            [0.00416564529061484,0.02204465030224658,0.00911880999626255,0.1940984387330172,0.133795493767501,0,0.09759179606966732,0.08171814329703628,0.20908461640686277,0.05075344631382226,0.1976289598229693],
            [0.03642110759355518,0.06493590727870616,0.07228057353906024,0.17429498255072828,0.14641111379968774,0.07243459587442537,0,0.11265767079298715,0.17271761810880307,0.07105720731630334,0.07678922314574352],
            [0.11377982062030814,0.02961705822812892,0.18761371293440063,0.09842165124958682,0.17168416445543147,0.10126988025370011,0.1379268363011876,0,0.030181882681105714,0.10560299157881589,0.023902001697334505],
            [0.052616367266731044,0.034904447137375595,0.19122979819930486,0.1654956746317111,0.11630936278357379,0.010858473437538015,0.1561262195605804,0.14297050757384308,0,0.12379342861736452,0.005695720791977722],
            [0.11727254632844987,0.029243067344868378,0.02533058236274579,0.15153272978682497,0.08636626500029461,0.09942854007697838,0.020633483549695027,0.12379234071656266,0.1765979907708848,0,0.16980245406269542],
            [0.009423114022177702,0.14835380185930694,0.1292007764819064,0.018285716917656212,0.09962299436772339,0.14464100006207872,0.06856997839284619,0.05776802472325679,0.15149465036429208,0.17263994280875553,0]
        ],
        "city_names": ["Cardiff","Newcastle","Plymouth","Norwich","Manchester","London","Leeds","Sheffield","Birmingham","Liverpool","Portsmouth"],
        "reward_matrix": [
            [0,44455,20684,43918,68638,64503,62087,69479,85625,62427,51114],
            [44455,0,100,23333,69390,43918,88578,81186,65040,75601,30529],
            [20684,100,0,41806,24282,62391,17731,25123,41269,18071,75780],
            [43918,23333,41806,0,47516,85625,40965,48357,64503,41305,72236],
            [68638,69390,24282,47516,0,68101,87021,79628,89223,99999,54712],
            [64503,43918,62391,85625,68101,0,61550,68942,85088,61890,92821],
            [62087,88578,17731,40965,87021,61550,0,98817,82671,93232,48161],
            [69479,81186,25123,48357,79628,68942,98817,0,90064,85840,55553],
            [85625,65040,41269,64503,89223,85088,82671,90064,0,83012,71699],
            [62427,75601,18071,41305,99999,61890,93232,85840,83012,0,48501],
            [51114,30529,75780,72236,54712,92821,48161,55553,71699,48501,0]
        ]
    },
    "runs": [
        {
            "number_of_vehicles": 2,
            "avg_task_cost_vs_number_of_task": [1883.5,1239.75,826.5,907.375,938.8,782.3333333333334,845.4285714285714,826.0625,734.2777777777778,678.1999999999999,616.5454545454545,667.1666666666666,670.5769230769231,667.8928571428571,581.1666666666666,589.75,626.2647058823528,588.1388888888888,557.1842105263157,520.175,535.6666666666666,539.2727272727273,538.8260869565216,502.3333333333333,494.0400000000001,434.0769230769229,526.4074074074075,592.8571428571428,457.206896551724,413.09999999999985]
        },
        {
            "number_of_vehicles": 3,
            "avg_task_cost_vs_number_of_task": [1727.5,1161.75,774.5,868.3749999999999,907.6,756.3333333333334,823.142857142857,826.0625,734.2777777777778,678.2,616.5454545454545,716.3333333333334,661.2307692307693,653.8214285714286,610.2333333333333,580,618.0588235294117,577.9722222222222,552.9999999999999,525.3499999999999,500.33333333333326,653.2954545454545,539.7391304347825,449.2916666666667,471.98,476.34615384615387,532.3148148148148,533.2857142857143,483.2758620689656,431.65]
        },
        {
            "number_of_vehicles": 4,
            "avg_task_cost_vs_number_of_task": [1727.5,1089.25,726.1666666666666,832.125,1111.6000000000001,736.0833333333334,805.7857142857143,847.75,716.9444444444445,680.55,616.5454545454545,667.1666666666666,670.5769230769231,653.8214285714286,581.1666666666666,580,618.0588235294117,577.9722222222222,547.5526315789474,497.775,613.7619047619047,583.7272727272727,536.4130434782609,527.0625,463.86,420.74999999999994,541.7037037037038,475.55357142857144,473.8965517241379,394.59999999999985]
        },
        {
            "number_of_vehicles": 5,
            "avg_task_cost_vs_number_of_task": [1727.5,1089.25,726.1666666666666,688.375,763.6,636.3333333333334,723.6428571428571,780.6875,723.1111111111111,670.5,650.5454545454545,658.7916666666666,625.1923076923077,680.1071428571429,574.4666666666667,595.09375,623.7352941176471,688.2499999999999,542.2631578947369,524.3,514.1428571428571,587.9545454545455,496.1521739130435,528.8958333333333,536.3399999999999,532.4038461538462,530.3333333333334,450.17857142857144,516,374.45]
        }
    ]
}