{
    "vehicle_starting_positions": ["Liverpool","Birmingham","Manchester","Leeds","Newcastle","Plymouth","Portsmouth","London","Cardiff","Norwich","Sheffield"],
    "task_distribution": {
        "weight_matrix": [
            [0,3,3,3,3,3,3,3,3,3,3],
            [3,0,3,3,3,3,3,3,3,3,3],
            [3,3,0,3,3,3,3,3,3,3,3],
            [3,3,3,0,3,3,3,3,3,3,3],
            [3,3,3,3,0,3,3,3,3,3,3],
            [3,3,3,3,3,0,3,3,3,3,3],
            [3,3,3,3,3,3,0,3,3,3,3],
            [3,3,3,3,3,3,3,0,3,3,3],
            [3,3,3,3,3,3,3,3,0,3,3],
            [3,3,3,3,3,3,3,3,3,0,3],
            [3,3,3,3,3,3,3,3,3,3,0]
        ],
        "probability_matrix": [
            [0,0.1099424890158565,0.12065179543978989,0.15019287717034896,0.09893773643374312,0.1170262802589279,0.062290717957024455,0.017281958792797678,0.14015887947272637,0.11891580829698756,0.06460145716179755],
            [0.08697506729346617,0,0.050310626790481254,0.08764570885235426,0.10462495374339542,0.17766386037065715,0.15369126478317288,0.0014279525286535247,0.06316632395742747,0.18438664495033358,0.09010759673005837],
            [0.14154462759670242,0.0838636589809061,0,0.1661616636886929,0.1592706969369315,0.14112327868302546,0.1082192124932119,0.04032680862631837,0.021187172647264475,0.005081786656960618,0.1332210936899864],
            [0.09024570078954133,0.11288969307890549,0.06289002851553745,0,0.12366900501133057,0.08361745361391516,0.14823114735572573,0.050690270237572214,0.061764130220641686,0.11824386453149258,0.14775870664533775],
            [0.1831680994506057,0.03344298621416716,0.06766267928598921,0.12357828082790706,0,0.12808871062593263,0.06151124821874027,0.13261919879658737,0.03843459510408687,0.16388482233742718,0.06760937913855652],
            [0.1528307635871148,0.1065395424736995,0.13909294959127275,0.11890043191043109,0.04450139557088632,0,0.023537983950152927,0.06493178101709356,0.150148399059154,0.10594391104669874,0.09357284179349636],
            [0.2279350888955062,0.07106199346694682,0.05391212722014752,0.002145566390673586,0.19405029291804235,0.1169974583328848,0,0.06246473383293988,0.009961555648020455,0.033709280341734635,0.22776190295310367],
            [0.13765029192885872,0.06476382531982842,0.1474598107816872,0.014858062400649994,0.023626670701930117,0.05283019797544711,0.2536432020145232,0,0.09902800471899785,0.03627049467623613,0.16986943948184122],
            [0.12904901142482797,0.12180759246856439,0.1246767386520742,0.09699406477624196,0.04269016377063641,0.10618751895053692,0.13473221032631996,0.08058863187381686,0,0.05824415535262933,0.10502991240435193],
            [0.12412687254267199,0.135044237243763,0.14082060473298086,0.09103854874382712,0.15449414674130005,0.15135362816303383,0.015984672786516153,0.16639437189148287,0.012622166616280428,0,0.00812075053814391],
            [0.14339422429342383,0.018603296599292114,0.006194721001202347,0.01721354581079528,0.12533921273462015,0.1404837998134884,0.13353575848073868,0.12976500602556948,0.13802568485904151,0.14744475038182803,0]
        ],
        "city_names": ["Cardiff","Newcastle","Plymouth","Norwich","Manchester","London","Leeds","Sheffield","Birmingham","Liverpool","Portsmouth"],
        "reward_matrix": [
            [0,44455,20684,43918,68638,64503,62087,69479,85625,62427,51114],
            [44455,0,100,23333,69390,43918,88578,81186,65040,75601,30529],
            [20684,100,0,41806,24282,62391,17731,25123,41269,18071,75780],
            [43918,23333,41806,0,47516,85625,40965,48357,64503,41305,72236],
            [68638,69390,24282,47516,0,68101,87021,79628,89223,99999,54712],
            [64503,43918,62391,85625,68101,0,61550,68942,85088,61890,92821],
            [62087,88578,17731,40965,87021,61550,0,98817,82671,93232,48161],
            [69479,81186,25123,48357,79628,68942,98817,0,90064,85840,55553],
            [85625,65040,41269,64503,89223,85088,82671,90064,0,83012,71699],
            [62427,75601,18071,41305,99999,61890,93232,85840,83012,0,48501],
            [51114,30529,75780,72236,54712,92821,48161,55553,71699,48501,0]
        ]
    },
    "runs": [
        {
            "number_of_vehicles": 2,
            "avg_task_cost_vs_number_of_task": [173.5,374.25,407.6666666666667,593.25,474.6,395.5,441.7142857142857,685.125,736.7777777777778,663.1,719.7272727272726,764.1666666666666,705.3846153846154,655,670.8,706,615.2058823529412,597.2777777777778,587.421052631579,578.6999999999999,589.4285714285714,576.3181818181818,555.8478260869565,598.2083333333334,539.2399999999999,454.7692307692308,507.81481481481484,584.7857142857143,531.2931034482758,510.20000000000005]
        },
        {
            "number_of_vehicles": 3,
            "avg_task_cost_vs_number_of_task": [173.5,374.25,407.6666666666667,593.25,474.6,395.5,441.7142857142857,702.125,736.7777777777778,663.1,719.7272727272726,758.0833333333334,716.4615384615383,655,709.1333333333333,634.6875,616.5882352941177,556.8055555555555,660.8157894736842,585.125,548,542.8181818181819,538.9347826086956,641.3125,572.1599999999999,472.4423076923077,514.6111111111112,589.9642857142857,491.2068965517241,522.4833333333333]
        },
        {
            "number_of_vehicles": 4,
            "avg_task_cost_vs_number_of_task": [173.5,374.25,407.6666666666667,593.25,474.6,395.5,441.7142857142857,685.125,736.7777777777778,663.1,725.7727272727273,764.1666666666666,703.1153846153846,659.0357142857143,615.1,647.6875,597.3529411764706,564.1666666666666,595,613.15,631.1666666666666,592.3863636363636,570.9347826086955,572.1458333333333,545.04,442.9807692307692,479.6666666666667,572.3928571428571,443.91379310344826,428.6333333333333]
        },
        {
            "number_of_vehicles": 5,
            "avg_task_cost_vs_number_of_task": [173.5,374.25,407.6666666666667,593.25,474.6,395.5,441.7142857142857,685.125,736.7777777777778,663.1,733.0000000000001,768.875,703.1153846153846,659.0357142857143,681.8,700.75,597.3529411764706,564.1666666666666,622.8947368421053,558.05,539.7380952380952,515.7272727272729,608.4565217391304,663.6666666666666,566.5999999999999,443.4230769230769,527.5925925925926,458.73214285714283,535.4137931034483,508.03333333333336]
        }
    ]
}