{
    "vehicle_starting_positions": ["Bordeaux","Strasbourg","Marseille","Le Havre","Genève","Lyon","Brest","Monaco","Paris"],
    "task_distribution": {
        "weight_matrix": [
            [0,3,3,3,3,3,3,3,3],
            [3,0,3,3,3,3,3,3,3],
            [3,3,0,3,3,3,3,3,3],
            [3,3,3,0,3,3,3,3,3],
            [3,3,3,3,0,3,3,3,3],
            [3,3,3,3,3,0,3,3,3],
            [3,3,3,3,3,3,0,3,3],
            [3,3,3,3,3,3,3,0,3],
            [3,3,3,3,3,3,3,3,0]
        ],
        "probability_matrix": [
            [0,0.17828772051290573,0.09818286843443794,0.10499040962509805,0.013454291880108788,0.1985560057224624,0.10690386631197263,0.20224193761877426,0.09738289989424033],
            [0.006882703322075068,0,0.19959341288967306,0.10042785670061717,0.09998997524868232,0.21872349498597052,0.10878056590997896,0.06797918667688221,0.19762280426612067],
            [0.05693559580042149,0.11006817958288902,0,0.08834538255576728,0.0839929870163228,0.23727646331938634,0.09207529240550325,0.22162314490183105,0.10968295441787872],
            [0.08502674566299052,0.22311976987256874,0.11454961747162686,0,0.18008332280234798,0.09259696765195523,0.08678377725910044,0.13765719918568134,0.0801826000937291],
            [0.059501052725525035,0.20353339965507414,0.10418080574967907,0.09770984198339203,0,0.12093514211444605,0.09338982256741542,0.14526099115047922,0.1754889440539889],
            [0.11591056876671384,0.08027281191473645,0.15611409192140174,0.16405997893550145,0.05128153271644383,0,0.14557993834038405,0.12405375891176491,0.16272731849305386],
            [0.13599758818161536,0.037787044939587434,0.23070158726005285,0.044414863979310874,0.2461735422259674,0.020542326223688585,0,0.09148655641354027,0.19289649077623713],
            [0.14889667333249154,0.1081320861714361,0.1100324884684039,0.13516914511316663,0.08344752049418358,0.15007782921494578,0.14582060227203383,0,0.11842365493333862],
            [0.15006717622458082,0.2063742096330919,0.2162690447357035,0.12712220918717493,0.08772060532937057,0.09078590915660552,0.10333632550558831,0.018324520227884316,0]
        ],
        "city_names": ["Brest","Paris","Marseille","Genève","Monaco","Le Havre","Bordeaux","Lyon","Strasbourg"],
        "reward_matrix": [
            [0,69526,15612,27125,100,56013,29263,37398,35950],
            [69526,0,56357,67871,40845,96758,70008,78143,76696],
            [15612,56357,0,78212,94759,42844,65734,88485,51393],
            [27125,67871,78212,0,74352,54358,59460,99999,83452],
            [100,40845,94759,74352,0,27332,50221,72973,47533],
            [56013,96758,42844,54358,27332,0,56495,64631,63183],
            [29263,70008,65734,59460,50221,56495,0,69732,36433],
            [37398,78143,88485,99999,72973,64631,69732,0,73180],
            [35950,76696,51393,83452,47533,63183,36433,73180,0]
        ]
    },
    "runs": [
        {
            "number_of_vehicles": 2,
            "avg_task_cost_vs_number_of_task": [4395,4707.5,3845,2883.75,2307,1922.5,1647.857142857143,1851.875,1646.111111111111,1481.5,1346.8181818181818,1422.0833333333333,1312.6923076923076,1386.7857142857142,1310,1357.8125,1478.8235294117646,1267.2222222222222,1368.421052631579,1557.75,1530.2380952380952,1562.9545454545455,1610.4347826086957,1497.5,1396,1482.8846153846155,1404.8148148148148,1365.892857142857,1394.8275862068965,1339.8333333333333]
        },
        {
            "number_of_vehicles": 3,
            "avg_task_cost_vs_number_of_task": [4395,4152.5,2768.3333333333335,2076.25,1661,1384.1666666666667,1603.5714285714287,1479.375,1315,1183.5,1211.3636363636363,1227.5,1312.6923076923076,1326.4285714285713,1238,1512.8125,1370.8823529411766,1350.5555555555557,1388.157894736842,1539.75,1603.5714285714287,1430.6818181818182,1339.5652173913043,1410,1382.2,1298.076923076923,1323.3333333333333,1464.2857142857142,1194.3103448275863,1445.5]
        },
        {
            "number_of_vehicles": 4,
            "avg_task_cost_vs_number_of_task": [980,2625,2768.3333333333335,2076.25,1661,1384.1666666666667,1603.5714285714287,1479.375,1315,1183.5,1211.3636363636363,1227.5,1312.6923076923076,1560.7142857142858,1363.3333333333333,1228.125,1377.0588235294117,1558.0555555555557,1266.0526315789473,1804.75,1519.5238095238096,1571.3636363636363,1664.7826086956522,1390.8333333333333,1278.8,1358.8461538461538,1347.7777777777778,1367.5,1377.2413793103449,1386]
        },
        {
            "number_of_vehicles": 5,
            "avg_task_cost_vs_number_of_task": [980,2207.5,2768.3333333333335,2076.25,1661,1384.1666666666667,1649.2857142857142,1443.125,1315,1183.5,1211.3636363636363,1260,1312.6923076923076,1326.4285714285713,1439.6666666666667,1357.8125,1260.5882352941176,1415.8333333333333,1242.8947368421052,1605.5,1557.3809523809523,1661.8181818181818,1492.1739130434783,1259.1666666666667,1351.6,1332.1153846153845,1515.7407407407406,1454.4642857142858,1476.2068965517242,1341.1666666666667]
        }
    ]
}