{
    "vehicle_starting_positions": ["Paris","Brest","Bordeaux","Marseille","Strasbourg","Genève","Monaco","Lyon","Le Havre"],
    "task_distribution": {
        "weight_matrix": [
            [0,3,3,3,3,3,3,3,3],
            [3,0,3,3,3,3,3,3,3],
            [3,3,0,3,3,3,3,3,3],
            [3,3,3,0,3,3,3,3,3],
            [3,3,3,3,0,3,3,3,3],
            [3,3,3,3,3,0,3,3,3],
            [3,3,3,3,3,3,0,3,3],
            [3,3,3,3,3,3,3,0,3],
            [3,3,3,3,3,3,3,3,0]
        ],
        "probability_matrix": [
            [0,0.05367291052934332,0.07718047644966039,0.12628354497605007,0.03532134070841348,0.215550845950087,0.19232680072664926,0.12356011139369578,0.17610396926610072],
            [0.20640641768086412,0,0.34597224602590193,0.06091867752947667,0.22551472720344834,0.008728230926921028,0.07650525757434821,0.005643832847927227,0.07031061021111241],
            [0.15768259908702348,0.005916081470168982,0,0.007573473781151033,0.23133484816108144,0.2200922718622059,0.14984671482639,0.20946309523516113,0.018090915576818006],
            [0.13852606879815524,0.007637721015432599,0.12194306884386731,0,0.04610148369178751,0.07212057679060839,0.2406022785588358,0.1921614516376156,0.1809073506636976],
            [0.23364899856061608,0.03795884648034389,0.1596411810851502,0.058792464442452605,0,0.11509077201197793,0.1788941260291957,0.10379637323541291,0.1121772381548506],
            [0.2444004749293644,0.2296902521556749,0.12440985538658869,0.24053449168354438,0.008395201639839533,0,0.06400733322246104,0.0026298958447082844,0.08593249513781866],
            [0.2992917487299653,0.13006422929254205,0.03623472751933518,0.037877987456552194,0.02831088583030318,0.24041065769024472,0,0.06797696240034821,0.15983280108070902],
            [0.08332282260091227,0.027462629458916282,0.20269742371887897,0.0581535159510013,0.2295397766352138,0.1588546093556173,0.19391886055111923,0,0.04605036172834079],
            [0.2822938453422144,0.08759767716663049,0.06417103693487017,0.23065612349157216,0.03273623582422973,0.01071947515878777,0.12004842158922234,0.171777184492473,0]
        ],
        "city_names": ["Brest","Paris","Marseille","Genève","Monaco","Le Havre","Bordeaux","Lyon","Strasbourg"],
        "reward_matrix": [
            [0,69526,15612,27125,100,56013,29263,37398,35950],
            [69526,0,56357,67871,40845,96758,70008,78143,76696],
            [15612,56357,0,78212,94759,42844,65734,88485,51393],
            [27125,67871,78212,0,74352,54358,59460,99999,83452],
            [100,40845,94759,74352,0,27332,50221,72973,47533],
            [56013,96758,42844,54358,27332,0,56495,64631,63183],
            [29263,70008,65734,59460,50221,56495,0,69732,36433],
            [37398,78143,88485,99999,72973,64631,69732,0,73180],
            [35950,76696,51393,83452,47533,63183,36433,73180,0]
        ]
    },
    "runs": [
        {
            "number_of_vehicles": 2,
            "avg_task_cost_vs_number_of_task": [5390,7147.5,5046.666666666667,3785,3028,3342.5,3282.1428571428573,2871.875,2552.777777777778,2297.5,2088.6363636363635,1914.5833333333333,1767.3076923076924,1641.0714285714287,1617.6666666666667,1516.5625,1427.3529411764705,1348.0555555555557,1332.8947368421052,1287.75,1278.5714285714287,1268.6363636363637,1167.391304347826,1171.6666666666667,1148.8,1307.8846153846155,1358.3333333333333,1374.642857142857,1242.5862068965516,944.6666666666666]
        },
        {
            "number_of_vehicles": 3,
            "avg_task_cost_vs_number_of_task": [5390,7050,5046.666666666667,3785,3028,3342.5,3282.1428571428573,2871.875,2552.777777777778,2297.5,2088.6363636363635,1914.5833333333333,1767.3076923076924,1641.0714285714287,1617.6666666666667,1516.5625,1427.3529411764705,1406.9444444444443,1332.8947368421052,1213.25,1505.2380952380952,1220.4545454545455,1232.1739130434783,1118.75,1348.2,1350,1049.6296296296296,1342.857142857143,1286.2068965517242,1284.6666666666667]
        },
        {
            "number_of_vehicles": 4,
            "avg_task_cost_vs_number_of_task": [5390,5435,4520,3785,3028,3342.5,3282.1428571428573,2871.875,2552.777777777778,2297.5,2088.6363636363635,1914.5833333333333,1767.3076923076924,1641.0714285714287,1617.6666666666667,1516.5625,1427.3529411764705,1348.0555555555557,1277.1052631578948,1213.25,1418.095238095238,1220.4545454545455,1184.5652173913043,1199.5833333333333,1193.4,1156.923076923077,1284.2592592592594,1115.5357142857142,1231.551724137931,1077.6666666666667]
        },
        {
            "number_of_vehicles": 5,
            "avg_task_cost_vs_number_of_task": [5390,5435,4520,3785,3028,3342.5,3282.1428571428573,2871.875,2552.777777777778,2297.5,2088.6363636363635,1914.5833333333333,1767.3076923076924,1711.0714285714287,1617.6666666666667,1516.5625,1427.3529411764705,1348.0555555555557,1277.1052631578948,1374.75,1278.5714285714287,1220.4545454545455,1167.391304347826,1317.0833333333333,1218,1105.1923076923076,1169.2592592592594,1147.6785714285713,1227.4137931034484,1002.6666666666666]
        }
    ]
}