{
    "vehicle_starting_positions": ["Bordeaux","Lyon","Strasbourg","Brest","Genève","Marseille","Monaco","Paris","Le Havre"],
    "task_distribution": {
        "weight_matrix": [
            [0,3,3,3,3,3,3,3,3],
            [3,0,3,3,3,3,3,3,3],
            [3,3,0,3,3,3,3,3,3],
            [3,3,3,0,3,3,3,3,3],
            [3,3,3,3,0,3,3,3,3],
            [3,3,3,3,3,0,3,3,3],
            [3,3,3,3,3,3,0,3,3],
            [3,3,3,3,3,3,3,0,3],
            [3,3,3,3,3,3,3,3,0]
        ],
        "probability_matrix": [
            [0,0.1263688019601094,0.13060191588811162,0.16527081145735875,0.0899874457850147,0.19299887008018837,0.05939318109719161,0.20396390461896577,0.03141506911305965],
            [0.01847492479720748,0,0.12446600207774837,0.09924215251525284,0.08895307254513692,0.1589940673197651,0.2083108399465352,0.18159121876388987,0.11996772203446417],
            [0.16075119923747103,0.1711882376797999,0,0.007293856308802729,0.16070730227871155,0.1762126406176255,0.22657400187203008,0.08285255706136722,0.01442020494419206],
            [0.19281171608973635,0.14446488303339722,0.13785304323763814,0,0.09804600390108405,0.1331339199595061,0.15713674216117257,0.12920721910218078,0.007346472515284787],
            [0.012108108381449427,0.14185954821892047,0.030873176415443383,0.11744138625014956,0,0.183884736861806,0.1645642186761833,0.19065726764735372,0.1586115575486942],
            [0.08523573907691345,0.16805794839041074,0.1248839063668006,0.14581669886299092,0.18412286522409843,0,0.05358034432650334,0.05576435394485656,0.18253814380742597],
            [0.15625425561174164,0.11402746299269487,0.23551171559247033,0.04406722724757417,0.007008047515445461,0.1109748839825451,0,0.07832511970070033,0.2538312873568281],
            [0.11247236257049661,0.05956024457312991,0.14891186624291322,0.08882156041046005,0.10445893371264287,0.1146832147883458,0.18609403196754934,0,0.1849977857344621],
            [0.04110637792832916,0.21722846546556904,0.0243519530827336,0.06381007873827677,0.29811666362481,0.10857255909724085,0.08806376519140341,0.1587501368716372,0]
        ],
        "city_names": ["Brest","Paris","Marseille","Genève","Monaco","Le Havre","Bordeaux","Lyon","Strasbourg"],
        "reward_matrix": [
            [0,69526,15612,27125,100,56013,29263,37398,35950],
            [69526,0,56357,67871,40845,96758,70008,78143,76696],
            [15612,56357,0,78212,94759,42844,65734,88485,51393],
            [27125,67871,78212,0,74352,54358,59460,99999,83452],
            [100,40845,94759,74352,0,27332,50221,72973,47533],
            [56013,96758,42844,54358,27332,0,56495,64631,63183],
            [29263,70008,65734,59460,50221,56495,0,69732,36433],
            [37398,78143,88485,99999,72973,64631,69732,0,73180],
            [35950,76696,51393,83452,47533,63183,36433,73180,0]
        ]
    },
    "runs": [
        {
            "number_of_vehicles": 2,
            "avg_task_cost_vs_number_of_task": [8200,6937.5,6595,5093.75,4373,3644.1666666666665,3463.5714285714284,3205.625,2943.3333333333335,2612.5,2525,2314.5833333333335,2386.153846153846,2044.2857142857142,2038.3333333333333,1992.5,2066.176470588235,1771.111111111111,1685.2631578947369,1788.5,1664.2857142857142,1636.1363636363637,1540,1536.4583333333333,1622.4,1430.9615384615386,1452.037037037037,1593.5714285714287,1505.1724137931035,1571]
        },
        {
            "number_of_vehicles": 3,
            "avg_task_cost_vs_number_of_task": [8200,6937.5,6595,5093.75,4373,3644.1666666666665,3463.5714285714284,3471.875,3086.1111111111113,2777.5,2525,2547.9166666666665,2136.5384615384614,2183.9285714285716,1951,1992.5,1737.9411764705883,1834.4444444444443,1697.8947368421052,1655.25,1657.142857142857,1482.5,1885.2173913043478,1939.1666666666667,1567.8,1459.8076923076924,1487.2222222222222,1321.9642857142858,1706.2068965517242,1498.5]
        },
        {
            "number_of_vehicles": 4,
            "avg_task_cost_vs_number_of_task": [8200,6937.5,4833.333333333333,4396.25,3844,3203.3333333333335,3233.5714285714284,2866.875,2849.4444444444443,2919,2525,2239.1666666666665,2351.923076923077,2191.4285714285716,1791.3333333333333,1973.75,1847.9411764705883,1771.111111111111,1594.2105263157894,1805.25,1728.8095238095239,1567.0454545454545,1534.5652173913043,1812.9166666666667,1580.6,1674.0384615384614,1381.4814814814815,1499.8214285714287,1643.103448275862,1504.1666666666667]
        },
        {
            "number_of_vehicles": 5,
            "avg_task_cost_vs_number_of_task": [8200,6937.5,4833.333333333333,4396.25,3842,3203.3333333333335,3233.5714285714284,2866.875,2766.6666666666665,2703,2457.2727272727275,2252.5,2079.230769230769,1983.9285714285713,1791.3333333333333,1989.375,1787.6470588235295,1861.6666666666667,1698.421052631579,1637.25,1553.095238095238,1575.4545454545455,1595,1643.125,1626.2,1616.5384615384614,1839.2592592592594,1485.7142857142858,1360.8620689655172,1367.1666666666667]
        }
    ]
}