{
    "vehicle_starting_positions": ["Strasbourg","Le Havre","Bordeaux","Marseille","Paris","Brest","Monaco","Genève","Lyon"],
    "task_distribution": {
        "weight_matrix": [
            [0,3,3,3,3,3,3,3,3],
            [3,0,3,3,3,3,3,3,3],
            [3,3,0,3,3,3,3,3,3],
            [3,3,3,0,3,3,3,3,3],
            [3,3,3,3,0,3,3,3,3],
            [3,3,3,3,3,0,3,3,3],
            [3,3,3,3,3,3,0,3,3],
            [3,3,3,3,3,3,3,0,3],
            [3,3,3,3,3,3,3,3,0]
        ],
        "probability_matrix": [
            [0,0.01330087247106615,0.07941299721929285,0.25618310363304303,3.981547280430501E-5,0.25339717394663996,0.105041013057341,0.1595336211303119,0.13309140306950087],
            [0.2230010631746763,0,0.14275886537752205,0.14179714658820047,0.1554964433907226,0.17233502668565692,0.0723617331047737,0.010074399245561345,0.08217532243288653],
            [0.08946730440424676,0.05892723535244294,0,0.14851926820258213,0.14843277222322768,0.101901713991976,0.023481148053581227,0.23671931944588998,0.19255123832605345],
            [0.15659112410951884,0.12544971927911458,0.11129970785566434,0,0.20339295647890496,0.009797438924461459,0.1695504007989189,0.024928626095688373,0.19899002645772862],
            [0.16087032962541067,0.12868412938265392,0.08187234154590213,0.11439413393358838,0,0.18232458489606412,0.18241203658174238,0.083284922736769,0.0661575212978696],
            [0.2068364523384217,0.014711678221517066,0.25722758554757563,0.22098372713519926,0.007256297783950486,0,0.08813956445910051,0.04919757932572742,0.1556471151885079],
            [0.2159742048768377,0.23808874703091293,0.24854019375114797,0.01828070380392458,0.0202711271275643,0.09390909639219149,0,0.005844797860082125,0.15909112915733895],
            [0.09995219818991165,0.17143885250566532,0.17437860961468998,0.18759063252933184,0.1998156994582376,0.0785019024671033,0.025778350138772076,0,0.0625437550962881],
            [0.16126473262484411,0.18065466901751798,0.10342430910843717,0.13474767046705907,0.19231589503433122,0.10350712366851926,0.06554285825691027,0.05854274182238083,0]
        ],
        "city_names": ["Brest","Paris","Marseille","Genève","Monaco","Le Havre","Bordeaux","Lyon","Strasbourg"],
        "reward_matrix": [
            [0,69526,15612,27125,100,56013,29263,37398,35950],
            [69526,0,56357,67871,40845,96758,70008,78143,76696],
            [15612,56357,0,78212,94759,42844,65734,88485,51393],
            [27125,67871,78212,0,74352,54358,59460,99999,83452],
            [100,40845,94759,74352,0,27332,50221,72973,47533],
            [56013,96758,42844,54358,27332,0,56495,64631,63183],
            [29263,70008,65734,59460,50221,56495,0,69732,36433],
            [37398,78143,88485,99999,72973,64631,69732,0,73180],
            [35950,76696,51393,83452,47533,63183,36433,73180,0]
        ]
    },
    "runs": [
        {
            "number_of_vehicles": 2,
            "avg_task_cost_vs_number_of_task": [9775,7322.5,6346.666666666667,4760,3808,3426.6666666666665,3343.5714285714284,2787.5,2479.4444444444443,2612,2339.090909090909,2144.1666666666665,2013.8461538461538,2092.5,1745.3333333333333,1636.25,1702.3529411764705,1538.3333333333333,1578.157894736842,1481.5,1409.2857142857142,1695,1422.8260869565217,1301.4583333333333,1284,1318.8461538461538,1344.6296296296296,1352.142857142857,1181.7241379310344,1190.8333333333333]
        },
        {
            "number_of_vehicles": 3,
            "avg_task_cost_vs_number_of_task": [5875,4645,4895,3671.25,2937,2987.5,2908.5714285714284,2545,2263.8888888888887,2379,2162.7272727272725,1982.5,1830,1710,1596,1486.875,1522.3529411764705,1437.7777777777778,1330.5263157894738,1231.75,1232.3809523809523,1176.3636363636363,1125.2173913043478,1078.3333333333333,1035.2,1188.4615384615386,1096.6666666666667,1258.392857142857,1047.2413793103449,1474.6666666666667]
        },
        {
            "number_of_vehicles": 4,
            "avg_task_cost_vs_number_of_task": [5875,4645,4525,3393.75,2715,2987.5,2870.714285714286,2511.875,2263.8888888888887,2394,2162.7272727272725,1982.5,1830,1710,1586,1617.5,1487.0588235294117,1437.7777777777778,1362.3684210526317,1294,1426.4285714285713,1176.3636363636363,1125.2173913043478,1301.4583333333333,1061,1612.8846153846155,1216.6666666666667,976.6071428571429,1316.3793103448277,1070]
        },
        {
            "number_of_vehicles": 5,
            "avg_task_cost_vs_number_of_task": [5875,4645,4525,3393.75,2715,2987.5,2870.714285714286,2511.875,2263.8888888888887,2379,2162.7272727272725,1982.5,1830,1710,1586,1486.875,1823.5294117647059,1722.2222222222222,1632.3684210526317,1231.75,1335,1419.7727272727273,1345.2173913043478,1113.75,1249.4,1193.8461538461538,1350.7407407407406,1390,1310.8620689655172,1201.1666666666667]
        }
    ]
}