{
    "vehicle_starting_positions": ["Marseille","Le Havre","Lyon","Bordeaux","Monaco","Paris","Genève","Brest","Strasbourg"],
    "task_distribution": {
        "weight_matrix": [
            [0,3,3,3,3,3,3,3,3],
            [3,0,3,3,3,3,3,3,3],
            [3,3,0,3,3,3,3,3,3],
            [3,3,3,0,3,3,3,3,3],
            [3,3,3,3,0,3,3,3,3],
            [3,3,3,3,3,0,3,3,3],
            [3,3,3,3,3,3,0,3,3],
            [3,3,3,3,3,3,3,0,3],
            [3,3,3,3,3,3,3,3,0]
        ],
        "probability_matrix": [
            [0,0.04700996135825586,0.07661480582606735,0.2813191052882767,0.18987737828975496,0.25521684518981597,0.023795083447707335,0.053004915170267106,0.07316190542985478],
            [0.18137485707081244,0,0.1438582732034949,0.13340459709446717,0.026663064403229055,0.11296678431449335,0.16606005389033143,0.03867569588659323,0.19699667413657854],
            [0.1259089071907886,0.0019083914265715053,0,0.21677349232783935,0.11718633830262166,0.02397763442043772,0.22491394037354404,0.06972922532451879,0.21960207063367826],
            [0.16762181691345857,0.3028202336614044,0.09652399402125106,0,0.0893722635784494,0.16203833226805076,0.03742990955836331,0.04054729347398005,0.10364615652504254],
            [0.18537520419904432,0.17902042203946397,0.08830104582615028,0.14398765957590703,0,0.16748441335887498,0.05015309528160636,0.01419230691789795,0.17148585280105508],
            [0.06617218363005488,0.3165719401347577,0.33086514147592266,0.1443414379825267,0.04546122720142617,0,0.013042413168975765,0.0031850071753001404,0.08036064923103595],
            [0.17014186414368374,0.22266328084458026,0.007875734357988513,0.183609072962679,0.14592770631270185,0.015984001108676628,0,0.12561722522731447,0.12818111504237564],
            [0.182918764418486,0.11098883058801001,0.16936864648028035,0.22426757290016539,0.11057044210296738,0.01978281561575055,0.020221867444625622,0,0.1618810604497148],
            [0.09923762847717318,0.061212834598552104,0.15924795452161658,0.21495552559281192,0.008443720530934243,0.13554735438310825,0.14997895464094957,0.171376027254854,0]
        ],
        "city_names": ["Brest","Paris","Marseille","Genève","Monaco","Le Havre","Bordeaux","Lyon","Strasbourg"],
        "reward_matrix": [
            [0,69526,15612,27125,100,56013,29263,37398,35950],
            [69526,0,56357,67871,40845,96758,70008,78143,76696],
            [15612,56357,0,78212,94759,42844,65734,88485,51393],
            [27125,67871,78212,0,74352,54358,59460,99999,83452],
            [100,40845,94759,74352,0,27332,50221,72973,47533],
            [56013,96758,42844,54358,27332,0,56495,64631,63183],
            [29263,70008,65734,59460,50221,56495,0,69732,36433],
            [37398,78143,88485,99999,72973,64631,69732,0,73180],
            [35950,76696,51393,83452,47533,63183,36433,73180,0]
        ]
    },
    "runs": [
        {
            "number_of_vehicles": 2,
            "avg_task_cost_vs_number_of_task": [6105,6825,5600,4202.5,3362,2965,2541.4285714285716,2317.5,2452.222222222222,2207,2006.3636363636363,1839.1666666666667,1913.4615384615386,1805,1684.6666666666667,1501.875,1584.1176470588234,1485.8333333333333,1367.8947368421052,1500.5,1460,1480,1479.3478260869565,1445,1425.6,1416.5384615384614,1401.851851851852,1525.1785714285713,1369.8275862068965,1343.3333333333333]
        },
        {
            "number_of_vehicles": 3,
            "avg_task_cost_vs_number_of_task": [5380,6825,5076.666666666667,3807.5,3271,2701.6666666666665,2476.4285714285716,2317.5,2550,2207,2141.818181818182,2035.8333333333333,2002.6923076923076,2024.642857142857,1602,1800,1521.764705882353,1454.4444444444443,1616.578947368421,1715,1535.7142857142858,1364.090909090909,1601.304347826087,1278.3333333333333,1530.2,1545.576923076923,1570,1186.7857142857142,1309.1379310344828,1238.3333333333333]
        },
        {
            "number_of_vehicles": 4,
            "avg_task_cost_vs_number_of_task": [5380,6825,5076.666666666667,3807.5,3046,2889.1666666666665,2315.714285714286,2317.5,2452.222222222222,2207,2271.818181818182,1909.5833333333333,1848.4615384615386,1800,1889.6666666666667,1627.1875,1705,1403.888888888889,1675,1482.5,1583.095238095238,1479.5454545454545,1485.2173913043478,1240.8333333333333,1176.4,1697.5,1240.3703703703704,1435.5357142857142,1224.655172413793,1376.1666666666667]
        },
        {
            "number_of_vehicles": 5,
            "avg_task_cost_vs_number_of_task": [5380,6262.5,5076.666666666667,3807.5,3215,2889.1666666666665,2436.4285714285716,2458.125,2546.1111111111113,2291.5,2006.3636363636363,1839.1666666666667,1840.7692307692307,1868.2142857142858,1795.3333333333333,1829.0625,1547.3529411764705,1571.9444444444443,1330,1468.5,1480.2380952380952,1453.1818181818182,1294.7826086956522,1363.9583333333333,1603.2,1485.9615384615386,1282.037037037037,1281.7857142857142,1344.3103448275863,1482.3333333333333]
        }
    ]
}