{
    "vehicle_starting_positions": ["Aarau","St-Gallen","Luzern","Neuchâtel","Zürich","Thun","Lausanne","Bern","Basel","Sion","Genève","Fribourg"],
    "task_distribution": {
        "weight_matrix": [
            [0,3,3,3,3,3,3,3,3,3,3,3],
            [3,0,3,3,3,3,3,3,3,3,3,3],
            [3,3,0,3,3,3,3,3,3,3,3,3],
            [3,3,3,0,3,3,3,3,3,3,3,3],
            [3,3,3,3,0,3,3,3,3,3,3,3],
            [3,3,3,3,3,0,3,3,3,3,3,3],
            [3,3,3,3,3,3,0,3,3,3,3,3],
            [3,3,3,3,3,3,3,0,3,3,3,3],
            [3,3,3,3,3,3,3,3,0,3,3,3],
            [3,3,3,3,3,3,3,3,3,0,3,3],
            [3,3,3,3,3,3,3,3,3,3,0,3],
            [3,3,3,3,3,3,3,3,3,3,3,0]
        ],
        "probability_matrix": [
            [0,0.09177117476467364,0.04279333524931507,0.09745125471530619,9.808203595839846E-4,0.11175425060751269,0.13425968871836705,0.10330473416896854,0.11418625717165062,0.15081236200452308,0.13520743740187519,0.017478684838224127],
            [0.04593900392647894,0,0.051469995907682836,0.2337429440642966,0.1512905746935714,0.1202149646777845,0.07762808942298458,0.061429515748637746,0.03326889083301129,0.035258871577268765,0.18283834812567984,0.006918801022603589],
            [0.029294772929134294,0.1491516658904394,0,0.16320925758996163,0.009556370639788972,0.0502725554951733,0.07904468809086986,0.06539378780006898,0.13460142900591024,0.15082887377652357,0.07590855524120943,0.09273804354092043],
            [0.1614670144109081,0.11309312688467926,0.1478648629272724,0,0.08696556672768195,0.03487987346460891,0.017203289466205397,0.014032100211733957,0.15346938716492925,0.1482658437907926,0.0678480865702206,0.054910848380967756],
            [0.16534220551236858,0.020286678344991853,0.0408010818344907,0.09375387325505066,0,0.14858819050657077,0.0077987949187299605,0.1043202534287716,0.07595229611772727,0.11930730642631968,0.16000131535617454,0.0638480042988045],
            [0.11616836607889146,0.007163692453930052,0.08344036155465312,0.02207476719054437,0.1045350337021831,0,0.11713234184840757,0.1103934127307381,0.0839837405948022,0.15037107497241992,0.1101327648413636,0.09460444403206672],
            [0.00948675311931296,0.14960320475848388,0.11137655677840168,0.006496684864282284,0.03613305848631052,0.1405682931687742,0,0.15652035547457352,0.12849178768811806,0.13399036380944376,0.07501410816886012,0.052318833683438905],
            [0.12490298117088039,0.13661615186063242,0.08767277741510704,0.17340642278287072,0.08307206444983403,0.022068672168848093,0.10473325823473069,0,0.08864388964627429,0.1434126876393819,0.0206972463026476,0.014773848328792909],
            [0.10657783820732226,0.1306787523713679,0.14395541840327958,0.11167640134213187,0.11041077975430526,0.012381713748082052,0.06672270373571836,0.12376272615216642,0,0.1084651428962406,0.0713840584247487,0.013984464964636957],
            [0.09349803790000834,0.1916416478014848,0.07405840390168175,0.08902559830485145,0.0056466979566120075,0.03661959372733287,0.12152446438106967,0.1858369584673228,0.03457251786692127,0,0.052987710491060276,0.11458836920165484],
            [0.007188399955415992,0.11260091256346438,0.09211973969698956,0.16144745607126834,0.055133990114002114,0.16734902491927506,0.030855718013160602,0.036155350411996696,0.12771546508276327,0.08723904759984309,0,0.122194895571821],
            [0.08248217530660754,0.11576611028622258,0.11127512256770246,0.0064062104485614006,0.022826818323040954,0.12693006284263336,0.10872246641639488,0.0755762885645342,0.14476491497428381,0.008821567060880523,0.19642826320913842,0]
        ],
        "city_names": ["Lausanne","Genève","Sion","Neuchâtel","Bern","Basel","Fribourg","Zürich","Aarau","Luzern","St-Gallen","Thun"],
        "reward_matrix": [
            [0,89805,77572,87766,77572,49030,87766,42913,55146,36797,18448,69417],
            [89805,0,59223,69417,59223,30681,69417,24565,36797,18448,100,51068],
            [77572,59223,0,63301,75533,46991,65340,40875,53107,34758,16410,83688],
            [87766,69417,63301,0,95921,67378,85727,61262,73495,55146,36797,87766],
            [77572,59223,75533,95921,0,79611,97960,73495,85727,67378,49030,99999],
            [49030,30681,46991,67378,79611,0,69417,83688,71456,69417,59223,71456],
            [87766,69417,65340,85727,97960,69417,0,63301,75533,57185,38836,89805],
            [42913,24565,40875,61262,73495,83688,63301,0,95921,93882,83688,65340],
            [55146,36797,53107,73495,85727,71456,75533,95921,0,89805,71456,77572],
            [36797,18448,34758,55146,67378,69417,57185,93882,89805,0,69417,59223],
            [18448,100,16410,36797,49030,59223,38836,83688,71456,69417,0,40875],
            [69417,51068,83688,87766,99999,71456,89805,65340,77572,59223,40875,0]
        ]
    },
    "runs": [
        {
            "number_of_vehicles": 2,
            "avg_task_cost_vs_number_of_task": [3650,1825,1233.3333333333333,1225,1120,941.6666666666666,1000,925,861.1111111111111,775,754.5454545454545,712.5,653.8461538461538,650,633.3333333333334,606.25,535.2941176470588,597.2222222222222,531.578947368421,517.5,530.952380952381,545.4545454545455,536.9565217391304,472.9166666666667,532,511.53846153846155,537.0370370370371,542.8571428571429,467.2413793103448,500]
        },
        {
            "number_of_vehicles": 3,
            "avg_task_cost_vs_number_of_task": [3650,1825,1233.3333333333333,1225,1120,941.6666666666666,1000,925,861.1111111111111,775,759.0909090909091,716.6666666666666,761.5384615384615,767.8571428571429,610,606.25,558.8235294117648,600,513.1578947368421,560,559.5238095238095,490.90909090909093,554.3478260869565,477.0833333333333,564,448.0769230769231,518.5185185185185,483.92857142857144,487.9310344827586,470]
        },
        {
            "number_of_vehicles": 4,
            "avg_task_cost_vs_number_of_task": [2850,1825,1233.3333333333333,1225,1120,941.6666666666666,985.7142857142857,918.75,861.1111111111111,775,745.4545454545455,687.5,638.4615384615385,714.2857142857143,646.6666666666666,603.125,605.8823529411765,586.1111111111111,563.1578947368421,545,552.3809523809524,536.3636363636364,513.0434782608696,475,526,517.3076923076923,412.962962962963,432.14285714285717,515.5172413793103,443.3333333333333]
        },
        {
            "number_of_vehicles": 5,
            "avg_task_cost_vs_number_of_task": [2850,1825,1233.3333333333333,1225,1050,883.3333333333334,935.7142857142857,893.75,844.4444444444445,760,731.8181818181819,675,630.7692307692307,678.5714285714286,656.6666666666666,590.625,526.4705882352941,566.6666666666666,534.2105263157895,600,530.952380952381,438.6363636363636,534.7826086956521,497.9166666666667,502,540.3846153846154,438.8888888888889,496.42857142857144,422.41379310344826,436.6666666666667]
        }
    ]
}