{
    "vehicle_starting_positions": ["Neuchâtel","Thun","Zürich","Sion","Lausanne","Genève","St-Gallen","Bern","Fribourg","Luzern","Basel","Aarau"],
    "task_distribution": {
        "weight_matrix": [
            [0,3,3,3,3,3,3,3,3,3,3,3],
            [3,0,3,3,3,3,3,3,3,3,3,3],
            [3,3,0,3,3,3,3,3,3,3,3,3],
            [3,3,3,0,3,3,3,3,3,3,3,3],
            [3,3,3,3,0,3,3,3,3,3,3,3],
            [3,3,3,3,3,0,3,3,3,3,3,3],
            [3,3,3,3,3,3,0,3,3,3,3,3],
            [3,3,3,3,3,3,3,0,3,3,3,3],
            [3,3,3,3,3,3,3,3,0,3,3,3],
            [3,3,3,3,3,3,3,3,3,0,3,3],
            [3,3,3,3,3,3,3,3,3,3,0,3],
            [3,3,3,3,3,3,3,3,3,3,3,0]
        ],
        "probability_matrix": [
            [0,0.015305307147380175,0.06686260992196305,0.16562722789436052,0.08420998697470539,0.169016599278664,0.08432890937056638,0.16393961442076468,0.042731668138954196,0.019659851777316998,0.11813846963665257,0.07017975543867187],
            [0.10670251622513868,0,0.1661753866383651,0.017046257906628948,0.043613082568727334,0.03421975384613286,0.1275606025172932,0.14056911379419884,0.08295479428900587,0.08161965117528673,0.08822618575817537,0.11131265528104678],
            [0.12374172437440695,0.039814564694983026,0,0.09742935148472698,0.04672934323393554,0.13231703527328104,0.010158580542573438,0.15490022229709777,0.15498463517637023,0.16272749107264273,0.054844408028854666,0.022352643821127508],
            [0.06039488894089863,0.1355813736780562,0.10107028214051791,0,0.09413795158822272,0.06008855121036355,0.01642467475698637,0.15045580958985014,0.10290360850767205,0.11811925349044936,0.04731572131459542,0.1135078847823876],
            [0.1272421793384683,0.13562817361303275,0.0434521049386246,0.06602268288932596,0,0.17812982124405755,0.03196195282239764,0.0012990683800824976,0.09641347857979227,0.08875887309751236,0.08151607998757729,0.1495755851091289],
            [0.1341172641473228,0.09817410183029569,0.15648315503066965,0.05725452371882176,0.028100351541068554,0,0.10228046665217833,0.06400188679463427,0.00969128670645244,0.17479930604830443,0.12892664493530442,0.046171012594947526],
            [0.10109003647186746,0.025299967410834713,0.11761543356233108,0.19212733446690858,0.004575467160368528,0.11821785569688281,0,0.0843186252466709,0.035509939154128534,0.15933583298335927,0.16063467996785213,0.0012748278787960987],
            [0.09216121918583726,0.10550239634034823,0.08251923462952115,0.12632052165449792,0.0946001139349686,0.07304177906156384,0.18750357556480668,0,0.08690070002066906,0.044111403157514724,0.07615539051048402,0.031183665939788493],
            [0.011768591744193136,0.13871145539526383,0.0025076098139417053,0.10575450258837495,0.07870279225092947,0.04633849479567981,0.09830264122516431,0.11680643085210506,0,0.15179030093750556,0.08887545889603433,0.16044172150080777],
            [0.07949194709389833,0.031980305507941835,0.15622166439604365,0.09894597605247785,0.07422046779363545,0.12809472788294907,0.15796859962879023,0.009744901518095775,0.04872663938599127,0,0.10680015363814559,0.10780461710203083],
            [0.028220933137133978,0.17603878192051714,0.06259368542267922,0.032602749714777536,0.1614141797003832,0.13886046482691072,0.08765009121335998,0.01819210101422975,0.03231843114581775,0.13709362414801451,0,0.1250149577561762],
            [0.09803473749506869,0.02477517782046905,0.021074204296027788,0.13280665219660648,0.10522360936884932,0.10758242739248229,0.08738041556058054,0.04740743364010099,0.14007437612048057,0.126306489516245,0.10933447659308927,0]
        ],
        "city_names": ["Lausanne","Genève","Sion","Neuchâtel","Bern","Basel","Fribourg","Zürich","Aarau","Luzern","St-Gallen","Thun"],
        "reward_matrix": [
            [0,89805,77572,87766,77572,49030,87766,42913,55146,36797,18448,69417],
            [89805,0,59223,69417,59223,30681,69417,24565,36797,18448,100,51068],
            [77572,59223,0,63301,75533,46991,65340,40875,53107,34758,16410,83688],
            [87766,69417,63301,0,95921,67378,85727,61262,73495,55146,36797,87766],
            [77572,59223,75533,95921,0,79611,97960,73495,85727,67378,49030,99999],
            [49030,30681,46991,67378,79611,0,69417,83688,71456,69417,59223,71456],
            [87766,69417,65340,85727,97960,69417,0,63301,75533,57185,38836,89805],
            [42913,24565,40875,61262,73495,83688,63301,0,95921,93882,83688,65340],
            [55146,36797,53107,73495,85727,71456,75533,95921,0,89805,71456,77572],
            [36797,18448,34758,55146,67378,69417,57185,93882,89805,0,69417,59223],
            [18448,100,16410,36797,49030,59223,38836,83688,71456,69417,0,40875],
            [69417,51068,83688,87766,99999,71456,89805,65340,77572,59223,40875,0]
        ]
    },
    "runs": [
        {
            "number_of_vehicles": 2,
            "avg_task_cost_vs_number_of_task": [1200,1675,1416.6666666666667,1062.5,850,791.6666666666666,678.5714285714286,768.75,683.3333333333334,615,559.0909090909091,545.8333333333334,592.3076923076923,539.2857142857143,503.3333333333333,490.625,455.88235294117646,497.22222222222223,484.2105263157895,440,433.3333333333333,445.45454545454544,515.2173913043479,479.1666666666667,434,438.46153846153845,464.81481481481484,425,427.58620689655174,510]
        },
        {
            "number_of_vehicles": 3,
            "avg_task_cost_vs_number_of_task": [1200,1500,1400,1062.5,850,791.6666666666666,678.5714285714286,768.75,683.3333333333334,615,559.0909090909091,545.8333333333334,576.9230769230769,546.4285714285714,516.6666666666666,509.375,502.94117647058823,591.6666666666666,465.7894736842105,547.5,476.1904761904762,445.45454545454544,541.304347826087,514.5833333333334,490,438.46153846153845,361.1111111111111,425,458.62068965517244,511.6666666666667]
        },
        {
            "number_of_vehicles": 4,
            "avg_task_cost_vs_number_of_task": [1200,1500,1400,1062.5,850,791.6666666666666,678.5714285714286,768.75,683.3333333333334,615,559.0909090909091,545.8333333333334,569.2307692307693,639.2857142857143,596.6666666666666,509.375,450,472.22222222222223,463.1578947368421,450,523.8095238095239,395.45454545454544,545.6521739130435,460.4166666666667,418,509.61538461538464,468.51851851851853,433.92857142857144,363.7931034482759,431.6666666666667]
        },
        {
            "number_of_vehicles": 5,
            "avg_task_cost_vs_number_of_task": [1200,1500,1400,1062.5,850,791.6666666666666,678.5714285714286,768.75,683.3333333333334,615,577.2727272727273,545.8333333333334,657.6923076923077,639.2857142857143,560,556.25,444.11764705882354,483.3333333333333,484.2105263157895,460,471.42857142857144,506.8181818181818,436.95652173913044,420.8333333333333,514,411.53846153846155,424.0740740740741,446.42857142857144,351.7241379310345,473.3333333333333]
        }
    ]
}