{
    "vehicle_starting_positions": ["Lausanne","Luzern","Neuchâtel","Genève","Thun","Bern","Basel","St-Gallen","Aarau","Zürich","Fribourg","Sion"],
    "task_distribution": {
        "weight_matrix": [
            [0,3,3,3,3,3,3,3,3,3,3,3],
            [3,0,3,3,3,3,3,3,3,3,3,3],
            [3,3,0,3,3,3,3,3,3,3,3,3],
            [3,3,3,0,3,3,3,3,3,3,3,3],
            [3,3,3,3,0,3,3,3,3,3,3,3],
            [3,3,3,3,3,0,3,3,3,3,3,3],
            [3,3,3,3,3,3,0,3,3,3,3,3],
            [3,3,3,3,3,3,3,0,3,3,3,3],
            [3,3,3,3,3,3,3,3,0,3,3,3],
            [3,3,3,3,3,3,3,3,3,0,3,3],
            [3,3,3,3,3,3,3,3,3,3,0,3],
            [3,3,3,3,3,3,3,3,3,3,3,0]
        ],
        "probability_matrix": [
            [0,0.1654316524969871,0.034249324397104056,0.11298031412462614,0.03741191154553152,0.03561614403314386,0.1351240818658228,0.12831395918789337,0.04309152722678192,0.12061430000399988,0.16773277392706104,0.01943401119104834],
            [0.14284423143896416,0,0.11173386836608218,0.0710887932598262,0.07231447930091667,0.011459074576377742,0.10904380249869318,0.1816183828103915,0.097829317545364,0.13025074966765163,0.05426808329779194,0.017549217237940774],
            [0.1553865406104886,0.13181813458220923,0,0.02134256951815368,0.058971412048943544,0.17496608746838752,0.0469248573149568,0.07212539650019481,0.05207955352351532,0.10033991083699258,0.07441973358859656,0.11162580400756156],
            [0.06642119803761659,0.009372969595616306,0.15485750989186312,0,0.13442393677604036,0.09317294790184641,0.1517093460970397,0.0016264459071337136,0.07666344459597989,0.12099622336644975,0.11792476406133548,0.07283121376907864],
            [0.06511064291547783,0.16227099623357757,0.0754347704523673,0.10876413161189727,0,9.154345777497747E-5,0.030250347800845144,0.11795116096679353,0.17278773171726539,0.15777138299609342,0.07305453472706752,0.03651275712084016],
            [0.15393216320044714,0.10158324924894754,0.13405278137128404,0.11361291477272269,0.01820249711010244,0,0.12702959777289324,0.0013541674301535468,0.09383266485504688,0.09435343176779593,0.06919061199582496,0.0928559204747816],
            [0.09382431538888189,0.05655813210125798,0.0832775698429171,0.014196764647373848,0.046430634807441876,0.15293064146258628,0,0.02191448853788523,0.11497469101151835,0.16781179912687452,0.11285913338115601,0.13522182969210705],
            [0.0113705532195293,0.07620239496325382,0.0968673202649673,0.04762770843238899,0.0840122678943391,0.07739041508806956,0.09824308874332534,0,0.15684054441982115,0.01650343080484602,0.16717802668991202,0.16776424947954746],
            [0.19159800489963583,0.03283149969854067,0.15781652667254215,0.12418500215795775,0.07140649272284987,0.0283786978644539,0.07968617881217506,0.008055156734048254,0,0.004613424040118934,0.19271875497380728,0.10871026142387052],
            [0.04490917853133707,0.16855347618986452,0.04170575111093951,0.11885584587305616,0.1217554322905453,0.10629861773193935,0.07542321531236747,0.04345358361801152,0.06744628365408793,0,0.15150479921834578,0.06009381646950529],
            [0.1382306893337145,0.058512904761726076,0.042587230024638,0.0218957543168198,0.1333085251410631,0.1904560392786987,0.10658916647871837,0.13393932948758905,0.034914777959840645,0.12123774834692347,0,0.0183278348702682],
            [0.028707554113981636,0.13196531584961027,0.10493363940332347,0.057079859213893996,0.021018063337002894,0.1851241658648126,0.06535023348779859,4.165032068209542E-5,0.13466490983580195,0.261036386874441,0.010078221698651595,0]
        ],
        "city_names": ["Lausanne","Genève","Sion","Neuchâtel","Bern","Basel","Fribourg","Zürich","Aarau","Luzern","St-Gallen","Thun"],
        "reward_matrix": [
            [0,89805,77572,87766,77572,49030,87766,42913,55146,36797,18448,69417],
            [89805,0,59223,69417,59223,30681,69417,24565,36797,18448,100,51068],
            [77572,59223,0,63301,75533,46991,65340,40875,53107,34758,16410,83688],
            [87766,69417,63301,0,95921,67378,85727,61262,73495,55146,36797,87766],
            [77572,59223,75533,95921,0,79611,97960,73495,85727,67378,49030,99999],
            [49030,30681,46991,67378,79611,0,69417,83688,71456,69417,59223,71456],
            [87766,69417,65340,85727,97960,69417,0,63301,75533,57185,38836,89805],
            [42913,24565,40875,61262,73495,83688,63301,0,95921,93882,83688,65340],
            [55146,36797,53107,73495,85727,71456,75533,95921,0,89805,71456,77572],
            [36797,18448,34758,55146,67378,69417,57185,93882,89805,0,69417,59223],
            [18448,100,16410,36797,49030,59223,38836,83688,71456,69417,0,40875],
            [69417,51068,83688,87766,99999,71456,89805,65340,77572,59223,40875,0]
        ]
    },
    "runs": [
        {
            "number_of_vehicles": 2,
            "avg_task_cost_vs_number_of_task": [2150,1550,1200,1125,900,991.6666666666666,907.1428571428571,793.75,705.5555555555555,635,577.2727272727273,529.1666666666666,503.84615384615387,596.4285714285714,476.6666666666667,521.875,523.5294117647059,441.6666666666667,410.5263157894737,495,426.1904761904762,443.1818181818182,495.6521739130435,533.3333333333334,408,471.15384615384613,475.9259259259259,348.2142857142857,400,485]
        },
        {
            "number_of_vehicles": 3,
            "avg_task_cost_vs_number_of_task": [1700,1325,1050,1012.5,810,991.6666666666666,907.1428571428571,793.75,705.5555555555555,635,577.2727272727273,529.1666666666666,519.2307692307693,482.14285714285717,536.6666666666666,506.25,517.6470588235294,441.6666666666667,426.3157894736842,407.5,521.4285714285714,475,415.2173913043478,437.5,496,432.6923076923077,424.0740740740741,471.42857142857144,465.51724137931035,425]
        },
        {
            "number_of_vehicles": 4,
            "avg_task_cost_vs_number_of_task": [1700,1325,1050,900,720,991.6666666666666,978.5714285714286,793.75,705.5555555555555,725,577.2727272727273,562.5,584.6153846153846,557.1428571428571,520,587.5,511.7647058823529,522.2222222222222,389.4736842105263,430,411.9047619047619,427.27272727272725,504.3478260869565,470.8333333333333,362,471.15384615384613,479.6296296296296,414.2857142857143,422.41379310344826,350]
        },
        {
            "number_of_vehicles": 5,
            "avg_task_cost_vs_number_of_task": [1200,1075,883.3333333333334,775,620,916.6666666666666,907.1428571428571,793.75,705.5555555555555,635,577.2727272727273,633.3333333333334,596.1538461538462,542.8571428571429,506.6666666666667,525,497.05882352941177,591.6666666666666,471.05263157894734,397.5,447.6190476190476,531.8181818181819,473.9130434782609,395.8333333333333,438,461.53846153846155,461.1111111111111,453.57142857142856,420.6896551724138,441.6666666666667]
        }
    ]
}