{
    "vehicle_starting_positions": ["St-Gallen","Bern","Zürich","Aarau","Basel","Thun","Lausanne","Fribourg","Luzern","Neuchâtel","Genève","Sion"],
    "task_distribution": {
        "weight_matrix": [
            [0,3,3,3,3,3,3,3,3,3,3,3],
            [3,0,3,3,3,3,3,3,3,3,3,3],
            [3,3,0,3,3,3,3,3,3,3,3,3],
            [3,3,3,0,3,3,3,3,3,3,3,3],
            [3,3,3,3,0,3,3,3,3,3,3,3],
            [3,3,3,3,3,0,3,3,3,3,3,3],
            [3,3,3,3,3,3,0,3,3,3,3,3],
            [3,3,3,3,3,3,3,0,3,3,3,3],
            [3,3,3,3,3,3,3,3,0,3,3,3],
            [3,3,3,3,3,3,3,3,3,0,3,3],
            [3,3,3,3,3,3,3,3,3,3,0,3],
            [3,3,3,3,3,3,3,3,3,3,3,0]
        ],
        "probability_matrix": [
            [0,0.10044744112886916,0.09326433097174293,0.10570761800930616,0.1432416957321879,0.049821598929165656,0.09759234826297393,0.10353425147423835,0.05990948378518157,0.08728959163747059,0.024847579222428872,0.13434406084643488],
            [0.14883418617703978,0,0.08244895972906861,0.06890880525576809,0.016206164515887897,0.10514953824272448,0.012685048206126936,0.03394900275257356,0.06387047724505744,0.2667366962888554,0.15941347334269293,0.041797648244204906],
            [0.17044448113253177,0.01942088788605465,0,0.07876314352191804,0.16451035602309963,0.14636446766734415,0.09007684958133434,0.007366348901453946,0.021419345984862097,0.04718800443391641,0.16650145252992304,0.08794466233756187],
            [0.15020169406341258,0.15213166769477365,0.004703294651399615,0,0.14546261862064813,0.06588718323347599,0.053885225325224,0.10168563630176317,0.10382714488725203,0.020927160242230805,0.0985076211721674,0.10278075380765271],
            [0.17354944073118336,0.02610383181404823,0.06459835679740542,0.1204701571612,0,0.09250465105965533,0.14420887210971167,0.049588636699898415,0.06893098946574225,0.024088542179933965,0.09487994777179454,0.14107657420942676],
            [0.026398573841336734,0.009861880623824076,0.05323156495769646,0.09078950678426938,0.006981602023228602,0,0.05976923124828152,0.07785463983850523,0.25221836119116475,0.149961596003094,0.02773773758496233,0.2451953059036368],
            [0.1106916681193896,0.02074541674009185,0.09340741274424375,0.11314061412321418,0.17349271540061054,0.0043282337635482575,0,0.07947865032623885,0.030898456514916392,0.16971878325909784,0.11868752567335213,0.08541052333529671],
            [0.14159590723413173,0.16338997093948912,0.1270962325636591,0.04608683577540923,0.05625444723832755,0.0833498929828789,0.02776971561930515,0,0.0237166786324388,0.10301453332055309,0.16138408004240604,0.06634170565140131],
            [0.0654151854962282,0.07210375506128551,0.19024469389091672,0.14171908641582281,0.04165138068390862,0.13207517218877413,0.05826338227524707,0.06385485089528808,0,0.06614899436880951,0.15429836940068312,0.014225129323036026],
            [0.08893031765193812,0.1238701422063568,0.09615867552092894,0.14301418234957444,0.08629098713922818,0.01663954766189299,0.1330190471985159,0.08382600979492544,0.01772648213371672,0,0.06353004999688412,0.1469945583460383],
            [0.025957709243108504,0.16127496252401444,0.05946960806982658,0.10236608255548438,0.1295102164100313,0.17294067329620355,0.11342935554753247,0.012027701836814824,0.02339683802218391,0.13302402015370576,0,0.06660283234109454],
            [0.08822959898483324,0.081879745993382,0.02830181452667174,0.1881440946340189,0.2054957907701857,0.01513509450504071,0.03446444095113418,0.12902418608599472,0.14687874442191545,0.007779141896908322,0.07466734722991515,0]
        ],
        "city_names": ["Lausanne","Genève","Sion","Neuchâtel","Bern","Basel","Fribourg","Zürich","Aarau","Luzern","St-Gallen","Thun"],
        "reward_matrix": [
            [0,89805,77572,87766,77572,49030,87766,42913,55146,36797,18448,69417],
            [89805,0,59223,69417,59223,30681,69417,24565,36797,18448,100,51068],
            [77572,59223,0,63301,75533,46991,65340,40875,53107,34758,16410,83688],
            [87766,69417,63301,0,95921,67378,85727,61262,73495,55146,36797,87766],
            [77572,59223,75533,95921,0,79611,97960,73495,85727,67378,49030,99999],
            [49030,30681,46991,67378,79611,0,69417,83688,71456,69417,59223,71456],
            [87766,69417,65340,85727,97960,69417,0,63301,75533,57185,38836,89805],
            [42913,24565,40875,61262,73495,83688,63301,0,95921,93882,83688,65340],
            [55146,36797,53107,73495,85727,71456,75533,95921,0,89805,71456,77572],
            [36797,18448,34758,55146,67378,69417,57185,93882,89805,0,69417,59223],
            [18448,100,16410,36797,49030,59223,38836,83688,71456,69417,0,40875],
            [69417,51068,83688,87766,99999,71456,89805,65340,77572,59223,40875,0]
        ]
    },
    "runs": [
        {
            "number_of_vehicles": 2,
            "avg_task_cost_vs_number_of_task": [1250,1500,1016.6666666666666,862.5,690,725,764.2857142857143,668.75,766.6666666666666,630,622.7272727272727,645.8333333333334,596.1538461538462,535.7142857142857,480,581.25,555.8823529411765,527.7777777777778,523.6842105263158,507.5,504.76190476190476,484.09090909090907,460.8695652173913,460.4166666666667,442,398.0769230769231,424.0740740740741,392.85714285714283,400,475]
        },
        {
            "number_of_vehicles": 3,
            "avg_task_cost_vs_number_of_task": [1250,1500,1016.6666666666666,862.5,980,675,714.2857142857143,850,755.5555555555555,670,572.7272727272727,608.3333333333334,596.1538461538462,553.5714285714286,480,603.125,555.8823529411765,525,497.36842105263156,442.5,500,493.1818181818182,445.6521739130435,412.5,494,444.2307692307692,405.55555555555554,417.85714285714283,431.0344827586207,413.3333333333333]
        },
        {
            "number_of_vehicles": 4,
            "avg_task_cost_vs_number_of_task": [1250,1500,1016.6666666666666,862.5,690,891.6666666666666,714.2857142857143,668.75,755.5555555555555,730,622.7272727272727,525,634.6153846153846,546.4285714285714,550,631.25,502.94117647058823,533.3333333333334,457.89473684210526,457.5,466.6666666666667,481.8181818181818,467.39130434782606,445.8333333333333,420,430.7692307692308,479.6296296296296,444.64285714285717,450,440]
        },
        {
            "number_of_vehicles": 5,
            "avg_task_cost_vs_number_of_task": [1250,1500,1016.6666666666666,862.5,980,891.6666666666666,900,850,644.4444444444445,685,609.0909090909091,608.3333333333334,634.6153846153846,589.2857142857143,576.6666666666666,575,538.2352941176471,511.1111111111111,497.36842105263156,442.5,464.2857142857143,479.54545454545456,493.4782608695652,437.5,424,438.46153846153845,483.3333333333333,435.7142857142857,424.13793103448273,411.6666666666667]
        }
    ]
}