{
    "vehicle_starting_positions": ["Basel","Fribourg","Luzern","Genève","Thun","Aarau","Zürich","St-Gallen","Neuchâtel","Sion","Bern","Lausanne"],
    "task_distribution": {
        "weight_matrix": [
            [0,3,3,3,3,3,3,3,3,3,3,3],
            [3,0,3,3,3,3,3,3,3,3,3,3],
            [3,3,0,3,3,3,3,3,3,3,3,3],
            [3,3,3,0,3,3,3,3,3,3,3,3],
            [3,3,3,3,0,3,3,3,3,3,3,3],
            [3,3,3,3,3,0,3,3,3,3,3,3],
            [3,3,3,3,3,3,0,3,3,3,3,3],
            [3,3,3,3,3,3,3,0,3,3,3,3],
            [3,3,3,3,3,3,3,3,0,3,3,3],
            [3,3,3,3,3,3,3,3,3,0,3,3],
            [3,3,3,3,3,3,3,3,3,3,0,3],
            [3,3,3,3,3,3,3,3,3,3,3,0]
        ],
        "probability_matrix": [
            [0,0.04062320275279065,0.16101948639477767,0.06966325770025121,0.03903703557645582,0.04732355622478646,0.1513244507219895,0.15527806897798258,0.046544862339421886,0.07360352955478319,0.1606419868408052,0.05494056291595585],
            [0.03179468032844198,0,0.14606880830170893,0.004312522686518297,0.036639317784090006,0.008758362985104736,0.11482448314683252,0.0632136934905916,0.04040202134495452,0.21039892897658286,0.14369539865375927,0.19989178230141527],
            [0.17454515842704982,0.07675999734385829,0,0.039071806080295916,0.08398574704676058,0.037750459391042705,0.013897433232929251,0.2147845830839126,0.11357326172124475,0.08425060894544813,0.029400816036031743,0.1319801286914262],
            [0.007796688591080089,0.016368725173081952,0.20130627617421112,0,0.1616429921338512,0.04318708244649038,0.17757010559434866,0.10853963409149249,0.024657122526860382,0.025699573203523205,0.07414589314950132,0.15908590691555924],
            [0.10683933088161361,0.04999213838574693,0.1456096620628675,0.019316614036549207,0,0.11884271308655744,0.06141610443445101,0.14482378199083418,0.1366612883541478,0.09135860112059553,0.052807981514216236,0.07233178413242054],
            [0.1190349688711129,0.16051123350746185,0.14250218433504325,0.05110015534395804,0.1325382428318783,0,0.05424025329358551,0.05534444368300188,0.02943312091190383,0.021081244573495687,0.1290173245182058,0.10519682813035287],
            [0.17708625924071741,0.09974025791424201,0.09292778903495556,0.14309396245338596,0.04710604253373407,0.09291919630594486,0,0.019578110322928728,0.10348293711069743,0.057429210122848705,0.15482062832661375,0.011815606633931462],
            [0.0294660221253982,0.11479848563764551,0.09807004897309426,0.10696972074572382,0.13412986357813284,0.1286261395587363,0.10710351705932773,0,0.06546190409770372,0.1168392975095145,0.01787957301685095,0.08065542769787228],
            [0.015265131903949373,0.07054311497107947,0.10699959147410999,0.13087822024567375,0.16958769839849577,0.16241143448223389,0.0022812658911160757,0.02098015053067253,0,0.03676196691500241,0.158202428713787,0.1260889964738798],
            [0.10926638067493422,0.13979363486769433,0.03930898817650162,0.142206141286076,0.08671344019757848,0.0768322821290716,0.06029049867134897,0.0011818144294537028,0.14817468649005072,0,0.0978990042910828,0.09833312878620773],
            [0.0501589923120472,0.07352571132508684,0.13912989535934736,0.0724568681473889,0.058188570734495806,0.0034926834233933272,0.028905655080141292,0.2106481548069966,0.09920446140203563,0.21081772822623154,0,0.05347127918283543],
            [0.03858940306264556,0.1258064784875757,0.009952508103848805,0.13445283231464672,0.16755486295287245,0.0866920623985882,0.1178179199407722,0.0528579996484267,0.09718764023890054,0.11274387831781578,0.05634441453390732,0]
        ],
        "city_names": ["Lausanne","Genève","Sion","Neuchâtel","Bern","Basel","Fribourg","Zürich","Aarau","Luzern","St-Gallen","Thun"],
        "reward_matrix": [
            [0,89805,77572,87766,77572,49030,87766,42913,55146,36797,18448,69417],
            [89805,0,59223,69417,59223,30681,69417,24565,36797,18448,100,51068],
            [77572,59223,0,63301,75533,46991,65340,40875,53107,34758,16410,83688],
            [87766,69417,63301,0,95921,67378,85727,61262,73495,55146,36797,87766],
            [77572,59223,75533,95921,0,79611,97960,73495,85727,67378,49030,99999],
            [49030,30681,46991,67378,79611,0,69417,83688,71456,69417,59223,71456],
            [87766,69417,65340,85727,97960,69417,0,63301,75533,57185,38836,89805],
            [42913,24565,40875,61262,73495,83688,63301,0,95921,93882,83688,65340],
            [55146,36797,53107,73495,85727,71456,75533,95921,0,89805,71456,77572],
            [36797,18448,34758,55146,67378,69417,57185,93882,89805,0,69417,59223],
            [18448,100,16410,36797,49030,59223,38836,83688,71456,69417,0,40875],
            [69417,51068,83688,87766,99999,71456,89805,65340,77572,59223,40875,0]
        ]
    },
    "runs": [
        {
            "number_of_vehicles": 2,
            "avg_task_cost_vs_number_of_task": [1100,850,1050,987.5,970,1008.3333333333334,950,950,738.8888888888889,665,650,675,634.6153846153846,589.2857142857143,536.6666666666666,575,567.6470588235294,483.3333333333333,478.94736842105266,502.5,485.7142857142857,568.1818181818181,556.5217391304348,420.8333333333333,462,457.6923076923077,392.5925925925926,462.5,420.6896551724138,421.6666666666667]
        },
        {
            "number_of_vehicles": 3,
            "avg_task_cost_vs_number_of_task": [1100,850,1050,987.5,970,1008.3333333333334,950,831.25,738.8888888888889,760,650,675,634.6153846153846,575,600,590.625,500,513.8888888888889,531.578947368421,507.5,521.4285714285714,513.6363636363636,469.5652173913044,450,458,413.46153846153845,464.81481481481484,437.5,453.44827586206895,400]
        },
        {
            "number_of_vehicles": 4,
            "avg_task_cost_vs_number_of_task": [1100,850,1050,987.5,970,1008.3333333333334,1000,875,844.4444444444445,665,713.6363636363636,595.8333333333334,669.2307692307693,657.1428571428571,600,612.5,555.8823529411765,561.1111111111111,457.89473684210526,465,466.6666666666667,452.27272727272725,478.2608695652174,504.1666666666667,482,442.3076923076923,429.6296296296296,512.5,431.0344827586207,420]
        },
        {
            "number_of_vehicles": 5,
            "avg_task_cost_vs_number_of_task": [1100,850,1050,987.5,970,1008.3333333333334,1085.7142857142858,950,738.8888888888889,715,736.3636363636364,633.3333333333334,680.7692307692307,642.8571428571429,603.3333333333334,590.625,591.1764705882352,525,489.4736842105263,527.5,511.9047619047619,527.2727272727273,484.7826086956522,531.25,426,505.7692307692308,461.1111111111111,478.57142857142856,477.58620689655174,426.6666666666667]
        }
    ]
}