{
    "vehicle_starting_positions": ["Luzern","Genève","Aarau","Bern","Basel","Thun","Sion","Fribourg","St-Gallen","Neuchâtel","Zürich","Lausanne"],
    "task_distribution": {
        "weight_matrix": [
            [0,3,3,3,3,3,3,3,3,3,3,3],
            [3,0,3,3,3,3,3,3,3,3,3,3],
            [3,3,0,3,3,3,3,3,3,3,3,3],
            [3,3,3,0,3,3,3,3,3,3,3,3],
            [3,3,3,3,0,3,3,3,3,3,3,3],
            [3,3,3,3,3,0,3,3,3,3,3,3],
            [3,3,3,3,3,3,0,3,3,3,3,3],
            [3,3,3,3,3,3,3,0,3,3,3,3],
            [3,3,3,3,3,3,3,3,0,3,3,3],
            [3,3,3,3,3,3,3,3,3,0,3,3],
            [3,3,3,3,3,3,3,3,3,3,0,3],
            [3,3,3,3,3,3,3,3,3,3,3,0]
        ],
        "probability_matrix": [
            [0,0.19999333262122368,0.1907121134777069,0.04726245931525863,0.06737548022430133,0.01738567260424691,0.04719572950248265,0.08142681764962648,0.1290514696810587,0.0625304591899546,0.02092145631154225,0.13614500942259794],
            [0.06949458832441949,0,0.09228266539315608,0.027874413044247728,0.16778950980607335,0.10213680742378237,0.026112817378887775,0.06996216161935209,0.11104963845509969,0.08986481363105327,0.12559325719883777,0.1178393277250905],
            [0.12220561804126268,0.10253950615878632,0,0.13827106712203815,0.02240651513857523,0.0022240533951037055,0.14638423322634503,0.06164740045457024,0.09285714365639891,0.13001525987004098,0.08102783325513377,0.10042136968174487],
            [0.055349227693935805,0.0014101757479640935,0.18261478418719845,0,0.20198866213642316,0.039281421282507306,1.8288990825154859E-4,0.024174218310632146,0.1110544604914508,0.17505250988085352,0.13943001402897612,0.06946163633180719],
            [0.048656595571760844,0.050395192849958415,0.06974475400769427,0.09188586562683465,0,0.10838168423760917,0.13865046648911825,0.02335556514900269,0.11414771995376599,0.12404244253513019,0.10003422279216692,0.1307054907869587],
            [8.949988543685184E-4,0.14219275162583755,0.0667531677336321,0.15842893021727236,0.04755229657049742,0,0.12184306834292255,0.0857669497355986,0.03528435360070516,0.15446399375930403,0.09491996733316273,0.09189952222669899],
            [0.09107869417977169,0.07038361263226632,0.08759733120709054,0.01877218599027872,0.11674318032318265,0.11528187627374545,0,0.13634368188250565,0.0809735323146159,0.06314764592225415,0.06334028260921719,0.15633797666507182],
            [0.12239177892231046,0.0505521364071543,0.11198907596950441,0.06811933188784657,0.02669813448494102,0.14370033447410469,0.105855320465611,0,0.08457071344467908,0.13037141920821302,0.10105235099817675,0.05469940373745867],
            [0.15378837037132426,0.07084492123377999,0.039968584198851596,0.06224321464205122,0.15810643618079318,0.07678983351557707,0.0866369223661095,0.16547067950313765,0,0.0011552833371933032,0.015465717975742848,0.16953003667543937],
            [0.021507821529693334,0.11923211246742221,0.07988492854881692,0.08653717151551676,0.06379987469434749,0.1537135311774725,0.1259882723833531,0.06651253556828889,0.047354066204142085,0,0.10512432619343334,0.1303453597175133],
            [0.050894230518564225,0.10385667773749892,0.0167132905861984,0.02061821935128013,0.1528271243677389,0.07879850074804808,0.1332551704492345,0.13816164287704086,0.1751417593247399,0.11077706271318062,0,0.018956321326475463],
            [0.14487014302572251,0.13103791021291877,0.03658098239220649,0.0329288668722704,0.05115902275323791,0.12273013740301567,0.14072599437030686,0.046257505441669074,0.1021445105598984,0.1519770957628152,0.03958783120593871,0]
        ],
        "city_names": ["Lausanne","Genève","Sion","Neuchâtel","Bern","Basel","Fribourg","Zürich","Aarau","Luzern","St-Gallen","Thun"],
        "reward_matrix": [
            [0,89805,77572,87766,77572,49030,87766,42913,55146,36797,18448,69417],
            [89805,0,59223,69417,59223,30681,69417,24565,36797,18448,100,51068],
            [77572,59223,0,63301,75533,46991,65340,40875,53107,34758,16410,83688],
            [87766,69417,63301,0,95921,67378,85727,61262,73495,55146,36797,87766],
            [77572,59223,75533,95921,0,79611,97960,73495,85727,67378,49030,99999],
            [49030,30681,46991,67378,79611,0,69417,83688,71456,69417,59223,71456],
            [87766,69417,65340,85727,97960,69417,0,63301,75533,57185,38836,89805],
            [42913,24565,40875,61262,73495,83688,63301,0,95921,93882,83688,65340],
            [55146,36797,53107,73495,85727,71456,75533,95921,0,89805,71456,77572],
            [36797,18448,34758,55146,67378,69417,57185,93882,89805,0,69417,59223],
            [18448,100,16410,36797,49030,59223,38836,83688,71456,69417,0,40875],
            [69417,51068,83688,87766,99999,71456,89805,65340,77572,59223,40875,0]
        ]
    },
    "runs": [
        {
            "number_of_vehicles": 2,
            "avg_task_cost_vs_number_of_task": [1000,1450,1216.6666666666667,912.5,1110,991.6666666666666,914.2857142857143,856.25,761.1111111111111,800,727.2727272727273,666.6666666666666,676.9230769230769,607.1428571428571,620,534.375,573.5294117647059,500,513.1578947368421,540,523.8095238095239,500,434.7826086956522,520.8333333333334,488,482.6923076923077,538.8888888888889,466.07142857142856,465.51724137931035,461.6666666666667]
        },
        {
            "number_of_vehicles": 3,
            "avg_task_cost_vs_number_of_task": [1000,1425,1200,912.5,1110,991.6666666666666,914.2857142857143,856.25,761.1111111111111,800,727.2727272727273,666.6666666666666,673.0769230769231,607.1428571428571,650,609.375,529.4117647058823,552.7777777777778,547.3684210526316,450,464.2857142857143,465.90909090909093,502.17391304347825,437.5,514,538.4615384615385,514.8148148148148,435.7142857142857,520.6896551724138,453.3333333333333]
        },
        {
            "number_of_vehicles": 4,
            "avg_task_cost_vs_number_of_task": [1000,1425,1200,912.5,1110,991.6666666666666,914.2857142857143,856.25,761.1111111111111,800,745.4545454545455,666.6666666666666,673.0769230769231,607.1428571428571,673.3333333333334,531.25,591.1764705882352,519.4444444444445,557.8947368421053,535,526.1904761904761,513.6363636363636,480.4347826086956,466.6666666666667,470,444.2307692307692,464.81481481481484,492.85714285714283,458.62068965517244,448.3333333333333]
        },
        {
            "number_of_vehicles": 5,
            "avg_task_cost_vs_number_of_task": [1000,1425,1200,912.5,1110,991.6666666666666,914.2857142857143,856.25,811.1111111111111,800,727.2727272727273,666.6666666666666,673.0769230769231,607.1428571428571,566.6666666666666,584.375,632.3529411764706,638.8888888888889,542.1052631578947,470,516.6666666666666,513.6363636363636,489.1304347826087,408.3333333333333,512,419.2307692307692,514.8148148148148,471.42857142857144,510.3448275862069,511.6666666666667]
        }
    ]
}