{
    "vehicle_starting_positions": ["Amsterdam","Utrecht","Den Haag","Eindhoven","Rotterdam","Nijmegen","Groningen","Apeldoorn","Almere","Breda"],
    "task_distribution": {
        "weight_matrix": [
            [0,3,3,3,3,3,3,3,3,3],
            [3,0,3,3,3,3,3,3,3,3],
            [3,3,0,3,3,3,3,3,3,3],
            [3,3,3,0,3,3,3,3,3,3],
            [3,3,3,3,0,3,3,3,3,3],
            [3,3,3,3,3,0,3,3,3,3],
            [3,3,3,3,3,3,0,3,3,3],
            [3,3,3,3,3,3,3,0,3,3],
            [3,3,3,3,3,3,3,3,0,3],
            [3,3,3,3,3,3,3,3,3,0]
        ],
        "probability_matrix": [
            [0,0.23094851031706098,0.13695295550457684,0.0991478809077645,0.0012502025112807204,0.21104829047521093,0.14303179321559337,0.06704562100804426,0.07960181272959323,0.03097293333087519],
            [0.11207327518679774,0,0.17654862144678982,0.150810882415896,0.1384035711858392,3.5709573973195287E-4,0.12155257380885091,0.10798023410175021,0.1305009234338335,0.06177282268051059],
            [0.188126548391727,0.014531877936976545,0,0.11505606125040058,0.007049673795732222,0.02573912326184459,0.20876789848237268,0.05205270883767174,0.18947075817310988,0.19920534987016475],
            [0.11873856243058362,0.10581788326712777,0.15469846943567017,0,0.17007816206777437,0.06295979450854407,0.16119893087603043,0.10413222002342863,0.0874353421071521,0.03494063528368891],
            [0.10491720146287892,0.08974556265916978,0.22306187263905533,0.023256648606439653,0,0.21801930903612193,0.11771450248555526,0.06838941390787259,0.06269146017304701,0.09220402902985951],
            [0.02512895005882669,0.05337514868492375,0.15620953235137777,0.11217735192362445,0.1931324273986237,0,0.040549533322004734,0.1698697632822713,0.06010128771466677,0.18945600526368075],
            [0.118354566911029,0.12939977549022105,1.0552988361089132E-4,0.15274487907313708,0.1736551699546578,0.1275786977388808,0,0.07290973589178752,0.13545529677299187,0.08979634828368391],
            [0.07187349979880561,0.045670041186802776,0.11977221287765147,0.23160775545665677,0.09947437696248683,0.17294571299185213,0.017082448468239492,0,0.10275218294474932,0.1388217693127557],
            [0.05673703316936912,0.023072010877895423,0.17761489048055082,0.1344415866738008,0.18354183404472,0.0023466540629078613,0.18481497685593948,0.039208882416132795,0,0.19822213141868375],
            [0.18767684948271937,0.0024810165905015985,0.08356012344730601,0.12696939643739003,0.07624373133902254,0.1786424397271262,0.07743791630561532,0.14843087080342945,0.11855765586688949,0]
        ],
        "city_names": ["Amsterdam","Rotterdam","Den Haag","Utrecht","Eindhoven","Almere","Groningen","Nijmegen","Breda","Apeldoorn"],
        "reward_matrix": [
            [0,73456,83796,91775,54364,97352,34661,56603,61855,73619],
            [73456,0,99999,84977,65233,67350,4659,64745,90554,57702],
            [83796,99999,0,74637,54893,70810,8119,54405,80214,47362],
            [91775,84977,74637,0,72927,92712,30020,75166,80418,83064],
            [54364,65233,54893,72927,0,55300,1117,81761,85018,58516],
            [97352,67350,70810,92712,55300,0,47647,57539,62791,77731],
            [34661,4659,8119,30020,1117,47647,0,29695,100,52939],
            [56603,64745,54405,75166,81761,57539,29695,0,71177,87094],
            [61855,90554,80214,80418,85018,62791,100,71177,0,53143],
            [73619,57702,47362,83064,58516,77731,52939,87094,53143,0]
        ]
    },
    "runs": [
        {
            "number_of_vehicles": 2,
            "avg_task_cost_vs_number_of_task": [1801.0000000000002,1147.75,765.1666666666666,655.625,712.6,675.3333333333334,578.8571428571429,506.5,424.8888888888889,427.1,436.8636363636364,400.4583333333333,369.65384615384613,336.0714285714286,333.46666666666664,323.31250000000006,259.94117647058823,340.33333333333326,337.4210526315789,246.77500000000003,244.61904761904762,245.45454545454547,236.7826086956522,270.8125,239.57999999999996,283.6346153846155,270.38888888888897,272.9642857142857,254.08620689655166,249.0166666666667]
        },
        {
            "number_of_vehicles": 3,
            "avg_task_cost_vs_number_of_task": [1801.0000000000002,1147.75,765.1666666666666,631.125,647.4,632.9166666666666,578.8571428571429,506.5,450.22222222222223,420.1,405.00000000000006,417.25,384.7692307692308,345.07142857142856,362.96666666666664,308.4375,294.2352941176471,245.5,356.8684210526316,246.775,248.57142857142858,226.77272727272728,253.80434782608697,282.3125,257.72,321.6923076923077,305.44444444444446,201.66071428571428,306.6551724137931,272.1666666666667]
        },
        {
            "number_of_vehicles": 4,
            "avg_task_cost_vs_number_of_task": [1341.5,918.0000000000001,612,562.375,612.6,675.3333333333334,503.2142857142857,440.3125,391.3888888888889,459.2,406.3181818181818,349.25,326.57692307692315,315.64285714285717,288.8,287,268.6470588235294,367.58333333333326,259.7631578947369,256.85,262.52380952380946,276.20454545454544,243.21739130434787,235.27083333333334,235.47999999999996,336.38461538461536,269.03703703703707,286.0714285714286,242.8965517241379,249.78333333333333]
        },
        {
            "number_of_vehicles": 5,
            "avg_task_cost_vs_number_of_task": [1341.5,918.0000000000001,612,562.375,712.6,675.3333333333334,503.2142857142857,506.5,504.2777777777779,459.2,388.27272727272725,353.79166666666674,326.57692307692315,336.0714285714286,288.8,275.3125,297.7941176470589,298.2222222222223,282.52631578947376,262.52500000000003,262.85714285714283,248.95454545454547,234.47826086956525,239.27083333333337,215.06,255.19230769230768,210.7037037037037,240.71428571428575,250.82758620689657,216.4666666666667]
        }
    ]
}