{
    "vehicle_starting_positions": ["Groningen","Utrecht","Amsterdam","Nijmegen","Breda","Eindhoven","Apeldoorn","Den Haag","Rotterdam","Almere"],
    "task_distribution": {
        "weight_matrix": [
            [0,3,3,3,3,3,3,3,3,3],
            [3,0,3,3,3,3,3,3,3,3],
            [3,3,0,3,3,3,3,3,3,3],
            [3,3,3,0,3,3,3,3,3,3],
            [3,3,3,3,0,3,3,3,3,3],
            [3,3,3,3,3,0,3,3,3,3],
            [3,3,3,3,3,3,0,3,3,3],
            [3,3,3,3,3,3,3,0,3,3],
            [3,3,3,3,3,3,3,3,0,3],
            [3,3,3,3,3,3,3,3,3,0]
        ],
        "probability_matrix": [
            [0,0.12802721102540132,0.01917664131576252,0.024442360759776054,0.04298175143169665,0.09747558446299424,0.09193319356794043,0.2845183039877134,0.12229645903078018,0.18914849441793524],
            [0.10151412556487133,0,0.07151210575394037,0.06656271734935001,0.19116896759591287,0.11623560787579129,0.11846836624210291,0.18261750051980136,0.04745184269071949,0.10446876640751022],
            [0.03931123447681133,0.2341198475924481,0,0.16254713116752095,0.03276325736693115,0.1970274271293578,0.04182973126885451,0.05457946657305539,0.09401005889484702,0.1438118455301738],
            [0.03467748146506545,0.0058308119439221,0.11113600958785375,0,0.15610256064726008,0.053841925787711166,0.16530513521871013,0.1771641071698321,0.11287184371252944,0.18307012446711568],
            [0.1314774992148633,0.18519540205239046,0.21722455465055734,0.02107434713670432,0,0.02710221363559235,0.20855593599904132,0.0042093637598865355,0.09088785501298927,0.11427282853797498],
            [0.21179805642980348,0.12575087153563977,0.009787075703635567,0.0240140035052548,0.2018563345260669,0,0.02958946474054863,0.19405594113870958,0.17132763592231814,0.031820616498023084],
            [0.006050044997751775,0.24189534935057833,0.03486600264293621,0.07239197869590011,0.14249244052437884,0.00752272633269116,0,0.13672401875083215,0.21058832579990938,0.14746911290502204],
            [0.12824610835201367,0.1160959312420908,0.12617628653201474,0.2091768186419301,0.005841440926413304,0.21386531283438115,0.09597702209415256,0,0.08237090930694636,0.022250170070057255],
            [0.1766040679817838,0.07715701901580563,0.11045850260355501,0.08510721631022197,0.17492749796123502,0.2063203788687061,0.08587520158834264,0.04459471517942006,0,0.0389554004909298],
            [0.15119932463183028,0.16497253494114733,0.10696544652917347,0.026773661545633633,0.06068441769626333,0.06194392565745725,0.20018029855720493,0.04836252055779731,0.17891786988349234,0]
        ],
        "city_names": ["Amsterdam","Rotterdam","Den Haag","Utrecht","Eindhoven","Almere","Groningen","Nijmegen","Breda","Apeldoorn"],
        "reward_matrix": [
            [0,73456,83796,91775,54364,97352,34661,56603,61855,73619],
            [73456,0,99999,84977,65233,67350,4659,64745,90554,57702],
            [83796,99999,0,74637,54893,70810,8119,54405,80214,47362],
            [91775,84977,74637,0,72927,92712,30020,75166,80418,83064],
            [54364,65233,54893,72927,0,55300,1117,81761,85018,58516],
            [97352,67350,70810,92712,55300,0,47647,57539,62791,77731],
            [34661,4659,8119,30020,1117,47647,0,29695,100,52939],
            [56603,64745,54405,75166,81761,57539,29695,0,71177,87094],
            [61855,90554,80214,80418,85018,62791,100,71177,0,53143],
            [73619,57702,47362,83064,58516,77731,52939,87094,53143,0]
        ]
    },
    "runs": [
        {
            "number_of_vehicles": 2,
            "avg_task_cost_vs_number_of_task": [735,588,798.6666666666666,599,479.2,563.75,483.2142857142857,422.8125,436.94444444444446,422.2,383.8181818181818,351.8333333333333,386.61538461538464,304.57142857142856,351.4,315.34375,340.97058823529414,308.4166666666667,317.7105263157895,251.7,262.64285714285717,285.7272727272727,275.80434782608705,268.64583333333337,228.84,260.2115384615385,264.2962962962963,205.5357142857143,224.4137931034483,241.2333333333333]
        },
        {
            "number_of_vehicles": 3,
            "avg_task_cost_vs_number_of_task": [735,531.75,798.6666666666666,599,479.2,563.75,483.2142857142857,422.8125,421.6111111111111,401.35,364.8636363636364,404.5,334.5,310.60714285714283,351.4,342.8125,287.6764705882353,316.00000000000006,304.50000000000006,287.7,265.9047619047619,234.61363636363637,251.00000000000003,297.3958333333333,236.76,228.23076923076923,252.77777777777774,214.94642857142853,204.22413793103448,205.6]
        },
        {
            "number_of_vehicles": 4,
            "avg_task_cost_vs_number_of_task": [735,531.75,798.6666666666666,599,479.2,563.75,483.2142857142857,422.8125,421.6111111111111,401.35,379.3181818181818,347.7083333333333,394.61538461538464,385.7857142857143,347.76666666666665,318.5625,270.88235294117646,316,261.60526315789474,293.85,252.52380952380952,245.5,253.89130434782604,240.4375,247.54,237.28846153846155,253.07407407407408,236.67857142857136,229.3793103448276,218.53333333333333]
        },
        {
            "number_of_vehicles": 5,
            "avg_task_cost_vs_number_of_task": [367.5,404.25,716.6666666666666,576,460.8,563.75,483.2142857142857,422.8125,421.6111111111111,401.35,385.5,404.5,392.0769230769231,380.8214285714286,351.4,282.71875000000006,313.6176470588236,271.47222222222223,303,311.975,249.11904761904762,290.0454545454545,286.5434782608696,236.95833333333334,229.28,265.53846153846155,289.8703703703704,216.17857142857142,240.43103448275866,235.38333333333333]
        }
    ]
}