{
    "vehicle_starting_positions": ["Breda","Apeldoorn","Eindhoven","Utrecht","Amsterdam","Groningen","Rotterdam","Den Haag","Nijmegen","Almere"],
    "task_distribution": {
        "weight_matrix": [
            [0,3,3,3,3,3,3,3,3,3],
            [3,0,3,3,3,3,3,3,3,3],
            [3,3,0,3,3,3,3,3,3,3],
            [3,3,3,0,3,3,3,3,3,3],
            [3,3,3,3,0,3,3,3,3,3],
            [3,3,3,3,3,0,3,3,3,3],
            [3,3,3,3,3,3,0,3,3,3],
            [3,3,3,3,3,3,3,0,3,3],
            [3,3,3,3,3,3,3,3,0,3],
            [3,3,3,3,3,3,3,3,3,0]
        ],
        "probability_matrix": [
            [0,0.016369877242674573,0.05004205989539494,0.22468901620642953,0.130997396298805,0.2750838792993844,0.01770996753768105,0.20365687886692074,0.06034594127903771,0.021104983373672233],
            [0.0801055378550692,0,0.08888972733872832,0.08168007645975003,0.07534156579959024,0.14466349226799002,0.13797067345257572,0.10350573322939763,0.1430435045701867,0.1447996890267121],
            [0.044526908464293455,0.07410305650573126,0,0.13904032143173214,0.10241526531747189,0.20219729078362586,0.02195969799511108,0.07549752193629197,0.20498487530273216,0.1352750622630101],
            [0.16077665838799726,0.02350637818348829,0.14986946814835053,0,0.12935655377059882,0.13586925354272034,0.04169664791963679,0.17474847237846058,0.10376604275679792,0.08041052491194949],
            [0.06332639159618018,0.18499677217140992,0.09850423918738735,0.08189383886879929,0,0.025767668865261856,0.18429488701687305,0.09552568280399205,0.08645593744476607,0.17923458204533013],
            [0.1256179605705961,0.1397469625227638,0.020673772136258428,0.0401892445234292,0.1922254628026127,0,0.161938458084417,0.06086567632899889,0.20213199637094603,0.05661046665997801],
            [0.1111618489185587,0.16404975518637954,0.14412801490272353,0.10127640736104915,0.17221375540592268,0.07379900112809312,0,0.0896104142842863,0.027419195482567955,0.11634160733041926],
            [0.025323324160940713,0.1308271001160027,0.134876341425154,0.1508118376439514,0.015421451181748503,0.13502866945508932,0.1651806987752956,0,0.10328326018176157,0.13924731706005616],
            [0.032170763436693915,0.10677119332389469,0.18889691118150043,0.15939155519997153,0.18888677813547697,0.010734265799208309,0.11592344465309076,0.08388009303681523,0,0.11334499523334816],
            [0.07424713969021554,0.054053060139417845,0.18219930968960363,0.1853798187552768,0.09915119685092164,0.11705983809822179,0.17047226879656677,0.02615434108352234,0.09128302689625363,0]
        ],
        "city_names": ["Amsterdam","Rotterdam","Den Haag","Utrecht","Eindhoven","Almere","Groningen","Nijmegen","Breda","Apeldoorn"],
        "reward_matrix": [
            [0,73456,83796,91775,54364,97352,34661,56603,61855,73619],
            [73456,0,99999,84977,65233,67350,4659,64745,90554,57702],
            [83796,99999,0,74637,54893,70810,8119,54405,80214,47362],
            [91775,84977,74637,0,72927,92712,30020,75166,80418,83064],
            [54364,65233,54893,72927,0,55300,1117,81761,85018,58516],
            [97352,67350,70810,92712,55300,0,47647,57539,62791,77731],
            [34661,4659,8119,30020,1117,47647,0,29695,100,52939],
            [56603,64745,54405,75166,81761,57539,29695,0,71177,87094],
            [61855,90554,80214,80418,85018,62791,100,71177,0,53143],
            [73619,57702,47362,83064,58516,77731,52939,87094,53143,0]
        ]
    },
    "runs": [
        {
            "number_of_vehicles": 2,
            "avg_task_cost_vs_number_of_task": [705,585.25,460.1666666666667,561.375,514.5999999999999,482,489.7142857142857,439.0625,453.22222222222223,407.9,383.95454545454544,354.625,327.34615384615387,302.14285714285717,283.7,276.21875,294.2647058823529,259.6388888888889,251.78947368421052,279.075,248.5,258.68181818181824,254.45652173913044,226.54166666666666,219.62000000000003,220.94230769230776,209.87037037037038,222.9464285714286,229.53448275862073,224.06666666666666]
        },
        {
            "number_of_vehicles": 3,
            "avg_task_cost_vs_number_of_task": [705,585.25,460.1666666666667,483.625,477.5,430.1666666666667,445.2857142857143,400.1875,429.05555555555554,392.25,351.04545454545456,354.625,303.4230769230769,303.9642857142857,283.7,303.25,272.70588235294116,265.77777777777777,269.92105263157896,260.00000000000006,248.1428571428572,259.8636363636363,256.41304347826093,228.60416666666666,211.06000000000003,221.32692307692307,253.3148148148148,213.82142857142864,278.55172413793105,203.9833333333334]
        },
        {
            "number_of_vehicles": 4,
            "avg_task_cost_vs_number_of_task": [705,585.25,460.1666666666667,483.625,477.5,430.1666666666667,445.2857142857143,400.1875,429.05555555555554,386.15,351.04545454545456,354.625,313.7692307692308,303.9642857142857,292.1,282.90625,280.00000000000006,293.66666666666674,254.71052631578948,252.675,231.92857142857142,241.15909090909096,246.7391304347826,237.8125,238.04,261.9423076923077,227.68518518518522,189.80357142857142,214.8793103448276,223.05000000000004]
        },
        {
            "number_of_vehicles": 5,
            "avg_task_cost_vs_number_of_task": [705,585.25,460.1666666666667,483.625,477.5,430.1666666666667,489.7142857142857,400.1875,429.05555555555554,392.25,384.8636363636364,354.625,327.34615384615387,303.9642857142857,292.1,282.125,281.4117647058824,259.72222222222223,263.2894736842106,253.225,274.4761904761905,252,252.304347826087,233.1875,229.92000000000007,247.73076923076925,208.55555555555554,226.375,194.89655172413794,207.31666666666663]
        }
    ]
}