{
    "vehicle_starting_positions": ["Groningen","Den Haag","Rotterdam","Eindhoven","Nijmegen","Utrecht","Apeldoorn","Amsterdam","Breda","Almere"],
    "task_distribution": {
        "weight_matrix": [
            [0,3,3,3,3,3,3,3,3,3],
            [3,0,3,3,3,3,3,3,3,3],
            [3,3,0,3,3,3,3,3,3,3],
            [3,3,3,0,3,3,3,3,3,3],
            [3,3,3,3,0,3,3,3,3,3],
            [3,3,3,3,3,0,3,3,3,3],
            [3,3,3,3,3,3,0,3,3,3],
            [3,3,3,3,3,3,3,0,3,3],
            [3,3,3,3,3,3,3,3,0,3],
            [3,3,3,3,3,3,3,3,3,0]
        ],
        "probability_matrix": [
            [0,0.2072410873544661,0.07116921643140851,0.00427436984972097,0.02246716240479809,0.04630981427598939,0.1793995845332709,0.07355601938238121,0.20704217402196043,0.18854057174600447],
            [0.1075739790967463,0,0.018824101954173302,0.17968875237915272,0.07820539923457999,0.16139774489219397,0.21585807183950353,0.0971732447439307,0.1315712966985941,0.00970740916112542],
            [0.1688275759299458,0.10809043890119359,0,0.13505074481866539,0.07046382496752583,0.12652487656830883,0.025530193368379278,0.14982465386474855,0.1477693279242339,0.06791836365699885],
            [0.16446680090135601,0.08178954420468947,0.10614280569815823,0,0.17691812212594343,0.06328833878491484,0.03994019029452677,0.15883588236350205,0.13136965713055243,0.07724865849635679],
            [0.14479883181217315,0.1394467461739247,0.003997145807410832,0.0936766292157369,0,0.11200639199370402,0.15475613554038967,0.03261935553664084,0.1221357170021883,0.19656304691783166],
            [0.1636751613634689,0.09090813362421908,0.18667978739277302,0.07712705941434879,0.018717235923644927,0,0.11203760239366023,0.13695542076613634,0.16421415934008957,0.04968543978165925],
            [0.09921257466167897,0.15052406538487834,0.10120971022956354,0.16131786932548584,0.04601815918945956,0.16388125945269616,0,0.012217739284194258,0.1445386119960336,0.12108001047600998],
            [0.002206448082685349,0.17281764755248885,0.16174402499367277,0.1633959927540007,0.0648192597791477,0.17183900592507834,0.07045731916323614,0,0.12700977771140942,0.06571052403828072],
            [0.010248532159864635,0.15533194396555933,0.14557784281948236,0.22470126553649825,0.08627975586224709,0.06323158540315979,0.06142601188721827,0.05476880926887151,0,0.19843425309709886],
            [0.1311581123351328,0.10788909660745287,0.09647205706079837,0.11810191486008924,0.0419246236267421,0.09675670713949298,0.170702682206299,0.05808840508278882,0.1789064010812039,0]
        ],
        "city_names": ["Amsterdam","Rotterdam","Den Haag","Utrecht","Eindhoven","Almere","Groningen","Nijmegen","Breda","Apeldoorn"],
        "reward_matrix": [
            [0,73456,83796,91775,54364,97352,34661,56603,61855,73619],
            [73456,0,99999,84977,65233,67350,4659,64745,90554,57702],
            [83796,99999,0,74637,54893,70810,8119,54405,80214,47362],
            [91775,84977,74637,0,72927,92712,30020,75166,80418,83064],
            [54364,65233,54893,72927,0,55300,1117,81761,85018,58516],
            [97352,67350,70810,92712,55300,0,47647,57539,62791,77731],
            [34661,4659,8119,30020,1117,47647,0,29695,100,52939],
            [56603,64745,54405,75166,81761,57539,29695,0,71177,87094],
            [61855,90554,80214,80418,85018,62791,100,71177,0,53143],
            [73619,57702,47362,83064,58516,77731,52939,87094,53143,0]
        ]
    },
    "runs": [
        {
            "number_of_vehicles": 2,
            "avg_task_cost_vs_number_of_task": [1168,735.75,571.5000000000001,428.62500000000006,342.90000000000003,398.3333333333334,255.21428571428572,245.9375,277.27777777777777,249.55,226.86363636363637,207.95833333333334,191.96153846153845,186.03571428571428,253.19999999999996,237.37499999999997,275.2352941176471,213.1111111111111,228.97368421052633,219.22499999999997,228.54761904761904,206.79545454545453,241.7173913043478,229.60416666666666,210.7,220.2307692307692,254.20370370370378,229.01785714285714,234.1551724137931,201.06666666666663]
        },
        {
            "number_of_vehicles": 3,
            "avg_task_cost_vs_number_of_task": [1041,706.5,552.0000000000001,428.62500000000006,342.90000000000003,398.3333333333334,255.21428571428572,245.9375,322.94444444444446,249.55,281.72727272727275,289.0833333333333,201.73076923076923,195.10714285714286,231.26666666666668,205.28124999999994,224.05882352941177,228.27777777777777,234.47368421052633,221.05,220.97619047619048,207.45454545454547,207.7391304347826,266.7708333333333,213.4,215.67307692307693,257.27777777777777,243.6428571428571,240.48275862068962,228.36666666666673]
        },
        {
            "number_of_vehicles": 4,
            "avg_task_cost_vs_number_of_task": [832,669.5,508.66666666666674,428.62500000000006,342.90000000000003,297.75,255.21428571428572,268.5,322.94444444444446,249.55,226.86363636363637,207.95833333333334,266.84615384615387,211.07142857142858,206.9666666666666,237.37499999999997,221.41176470588235,225.91666666666666,215.76315789473685,215.55,188.04761904761907,190.38636363636363,177.7608695652174,197.97916666666666,230.1,227.78846153846155,221.11111111111111,211.51785714285714,201.44827586206895,220.93333333333334]
        },
        {
            "number_of_vehicles": 5,
            "avg_task_cost_vs_number_of_task": [481,494,391.6666666666667,307.75,246.2,262.5,255.21428571428572,245.9375,277.27777777777777,262.25,264.18181818181813,273.87500000000006,266.84615384615387,221.74999999999994,206.9666666666666,209.90624999999994,194.6176470588235,185.44444444444443,197.34210526315783,175.95,207.57142857142858,219.04545454545453,192.84782608695653,189.16666666666666,199.39999999999998,255.19230769230768,249.68518518518522,216.16071428571428,204.3448275862069,243.63333333333333]
        }
    ]
}