{
    "vehicle_starting_positions": ["Newcastle","Cardiff","Plymouth","Norwich","Manchester","London","Leeds","Sheffield","Birmingham","Liverpool","Portsmouth"],
    "task_distribution": {
        "distance_matrix": [
            [0,345,477.8,348,209.9,233,246.5,205.2,115,244.6,307.8],
            [345,0,592.8,463,205.7,348,98.5,139.8,230,171,422.8],
            [477.8,592.8,0,359.8,457.7,244.8,494.3,453,362.8,492.4,170],
            [348,463,359.8,0,327.9,115,364.5,323.2,233,362.6,189.8],
            [209.9,205.7,457.7,327.9,0,212.9,107.2,148.5,94.9,34.7,287.7],
            [233,348,244.8,115,212.9,0,249.5,208.2,118,247.6,74.8],
            [246.5,98.5,494.3,364.5,107.2,249.5,0,41.3,131.5,72.5,324.3],
            [205.2,139.8,453,323.2,148.5,208.2,41.3,0,90.2,113.8,283],
            [115,230,362.8,233,94.9,118,131.5,90.2,0,129.6,192.8],
            [244.6,171,492.4,362.6,34.7,247.6,72.5,113.8,129.6,0,322.4],
            [307.8,422.8,170,189.8,287.7,74.8,324.3,283,192.8,322.4,0]
        ],
        "weight_matrix": [
            [0,3,3,3,3,3,3,3,3,3,3],
            [3,0,3,3,3,3,3,3,3,3,3],
            [3,3,0,3,3,3,3,3,3,3,3],
            [3,3,3,0,3,3,3,3,3,3,3],
            [3,3,3,3,0,3,3,3,3,3,3],
            [3,3,3,3,3,0,3,3,3,3,3],
            [3,3,3,3,3,3,0,3,3,3,3],
            [3,3,3,3,3,3,3,0,3,3,3],
            [3,3,3,3,3,3,3,3,0,3,3],
            [3,3,3,3,3,3,3,3,3,0,3],
            [3,3,3,3,3,3,3,3,3,3,0]
        ],
        "probability_matrix": [
            [0,0.11506328273178205,0.13323422973695667,0.12498871004953734,0.14815644285700003,0.1188864349597821,0.08431881792510604,0.028565180341194363,0.08454707504677937,0.13232937831185468,0.029910448040007382],
            [0.08626122097543593,0,0.09448321493909986,0.01692170124837794,0.10991467643343766,0.14873215530890588,0.16123465784615756,0.12948399035361774,0.037314448618689156,0.09295863868063572,0.12269529559564263],
            [0.026312648767237642,0.05466257043610269,0,0.13815007615764324,0.13534975733119028,0.18660649560325238,0.12543930423651836,0.14574509091201795,0.009721610183104825,0.09387146702402162,0.08414097934891106],
            [0.05775344763806188,0.07473362906867284,0.10680710550701755,0,0.18788102488692668,0.07775820921735009,0.2163970067044545,0.024477631855081807,0.017794152952583044,0.2271629047381748,0.009234887431676924],
            [0.04468149282286857,0.14338628430369005,0.04439549373134981,0.14970664411037585,0,0.134685576664052,0.12877455105526261,0.10671250667249438,0.06734443009705199,0.024970991372044463,0.15534202917081005],
            [0.028120946740761,0.00705449939851622,0.022749196737838845,0.11700904127112505,0.1142855064567431,0,0.17253493865887362,0.046667838759645315,0.005225865164766815,0.2466455561224206,0.23970661068930943],
            [0.04971617783240635,0.02998285831504896,0.149618061550069,0.12128307054944538,0.09301645075344142,0.12428236015854102,0,0.06259185278351158,0.12042202260400167,0.09608744203011685,0.15299970342341762],
            [0.0032033206400778054,0.15654337654451358,0.025964816967770667,0.12278205038459822,0.14099211234663764,0.16361682020706073,0.09895153120003622,0,0.15005973557448493,0.0021414159050454898,0.13574482022977483],
            [0.05028417637130589,0.1992398254590545,0.006178654425938127,0.012115758905469693,0.006120246449242729,0.08582805622175445,0.011104681509322064,0.16266459254925358,0,0.26582606642877965,0.20063794167987933],
            [0.011156905367083638,0.12121522658063236,0.22849144276542577,0.23182246884243893,0.06053830011438147,0.0024643612539009432,0.03428324829497218,0.04193671002942783,0.02022906687541705,0,0.24786226987631982],
            [0.14468630030928542,0.15255819896213313,0.06555058492798606,0.05977582639190836,0.010090550523315672,0.15327731879608558,0.04237848587241546,0.04249323467008193,0.17923619588043416,0.14995330366635407,0]
        ],
        "city_names": ["Cardiff","Newcastle","Plymouth","Norwich","Manchester","London","Leeds","Sheffield","Birmingham","Liverpool","Portsmouth"],
        "reward_matrix": [
            [0,44455,20684,43918,68638,64503,62087,69479,85625,62427,51114],
            [44455,0,100,23333,69390,43918,88578,81186,65040,75601,30529],
            [20684,100,0,41806,24282,62391,17731,25123,41269,18071,75780],
            [43918,23333,41806,0,47516,85625,40965,48357,64503,41305,72236],
            [68638,69390,24282,47516,0,68101,87021,79628,89223,99999,54712],
            [64503,43918,62391,85625,68101,0,61550,68942,85088,61890,92821],
            [62087,88578,17731,40965,87021,61550,0,98817,82671,93232,48161],
            [69479,81186,25123,48357,79628,68942,98817,0,90064,85840,55553],
            [85625,65040,41269,64503,89223,85088,82671,90064,0,83012,71699],
            [62427,75601,18071,41305,99999,61890,93232,85840,83012,0,48501],
            [51114,30529,75780,72236,54712,92821,48161,55553,71699,48501,0]
        ]
    },
    "vehicle_capacities": [5,5,5,30,30,30,30,30,30,30,30],
    "runs": [{
        "number_of_vehicles": 3,
        "avg_task_cost_vs_number_of_task": [2467,2114,1534,1576.5,2006.6,2092.8333333333335,2060.8571428571427,2016.2499999999995,1876.333333333333,1814.4999999999993,1649.5454545454538,1546.4999999999993,1552.2692307692303,1441.3928571428569,1561.9333333333334,1618.1874999999998,1522.9999999999998,1602.1666666666663,1563.815789473684,1485.6249999999998,1508.9047619047617,1572.5227272727273,1624.6521739130435,1604.8749999999998,1540.68,1493.2115384615386,1467.2592592592594,1483.0714285714282,1490.5862068965512,1487.4999999999998]
    }]
}