{
    "vehicle_starting_positions": ["Newcastle","Cardiff","Plymouth","Norwich","Manchester","London","Leeds","Sheffield","Birmingham","Liverpool","Portsmouth"],
    "task_distribution": {
        "distance_matrix": [
            [0,345,477.8,348,209.9,233,246.5,205.2,115,244.6,307.8],
            [345,0,592.8,463,205.7,348,98.5,139.8,230,171,422.8],
            [477.8,592.8,0,359.8,457.7,244.8,494.3,453,362.8,492.4,170],
            [348,463,359.8,0,327.9,115,364.5,323.2,233,362.6,189.8],
            [209.9,205.7,457.7,327.9,0,212.9,107.2,148.5,94.9,34.7,287.7],
            [233,348,244.8,115,212.9,0,249.5,208.2,118,247.6,74.8],
            [246.5,98.5,494.3,364.5,107.2,249.5,0,41.3,131.5,72.5,324.3],
            [205.2,139.8,453,323.2,148.5,208.2,41.3,0,90.2,113.8,283],
            [115,230,362.8,233,94.9,118,131.5,90.2,0,129.6,192.8],
            [244.6,171,492.4,362.6,34.7,247.6,72.5,113.8,129.6,0,322.4],
            [307.8,422.8,170,189.8,287.7,74.8,324.3,283,192.8,322.4,0]
        ],
        "weight_matrix": [
            [0,3,3,3,3,3,3,3,3,3,3],
            [3,0,3,3,3,3,3,3,3,3,3],
            [3,3,0,3,3,3,3,3,3,3,3],
            [3,3,3,0,3,3,3,3,3,3,3],
            [3,3,3,3,0,3,3,3,3,3,3],
            [3,3,3,3,3,0,3,3,3,3,3],
            [3,3,3,3,3,3,0,3,3,3,3],
            [3,3,3,3,3,3,3,0,3,3,3],
            [3,3,3,3,3,3,3,3,0,3,3],
            [3,3,3,3,3,3,3,3,3,0,3],
            [3,3,3,3,3,3,3,3,3,3,0]
        ],
        "probability_matrix": [
            [0,0.15318426882897523,0.07221092337683276,0.12086782564300258,0.2078681651282663,0.015014999807363812,0.009295163401705926,0.15821566646342008,0.14899728882566615,0.0798297019315944,0.03451599659317271],
            [0.1667760159747791,0,0.17931502814965494,0.18702653408954117,0.015191114857233892,0.11695462693499704,0.06202314877849955,0.027394385675968042,0.09765944289609824,0.016633861499290994,0.13102584114393684],
            [0.0811449775881942,0.12240010806677437,0,0.09164390375227166,0.09355250605560045,0.05809806814807974,0.14076761768929077,0.10592660997985792,0.05522478632594432,0.10967220563418867,0.14156921675979778],
            [0.019968624683257188,0.01880509879531271,0.1259943589979127,0,0.11925638754661985,0.18713131306067154,0.22344620542860297,0.1481965061715359,0.036572396292386795,0.06479063820279221,0.05583847082090824],
            [0.0049191836215980765,0.1497700985020432,0.06322691776822796,0.07252449395665288,0,0.0701840390808168,0.21049910937545568,0.07833246335232716,0.08609778698966995,0.15405821220012358,0.11038769515308468],
            [0.05173202603013115,0.018060077721199958,0.149357654476339,0.010332042667462321,0.06116987756311885,0,0.01501340353995551,0.15858516941309883,0.23973728033130387,0.19283290151956528,0.10317956673782518],
            [0.12845981519991004,0.13924717099106373,0.0013342709022554442,0.15213845160606773,0.15590278881435957,0.12566483184681126,0,0.15334749651802063,0.11422503677022645,0.017261755749262236,0.012418381602022771],
            [0.08273124225266201,0.1820901536801044,0.04200473806532121,0.14919841124203437,0.13942754650445216,0.13825349884800275,0.0021384278646830648,0,0.06335038477445597,0.09863404671140441,0.10217155005687964],
            [0.07776889853925144,0.12302946736917848,0.13847109608264255,0.037908281140960266,0.14301341565798095,0.1118124046566021,0.11431218502295161,0.09176242649523551,0,0.1193664467782032,0.04255537825699384],
            [0.07095246006353538,0.15751350208851742,0.1326542246777643,0.19679614291012335,0.07854342027863521,0.02681387605574415,0.07182208454259566,0.08089677759420401,0.06767000011724374,0,0.1163375116716367],
            [0.05445069817784351,0.24083784738546038,0.09219974666121696,0.19143947259138014,0.13334541227828253,0.04804918529039116,0.07646362985530793,0.021026668459179717,0.07182719461837263,0.07036014468256489,0]
        ],
        "city_names": ["Cardiff","Newcastle","Plymouth","Norwich","Manchester","London","Leeds","Sheffield","Birmingham","Liverpool","Portsmouth"],
        "reward_matrix": [
            [0,44455,20684,43918,68638,64503,62087,69479,85625,62427,51114],
            [44455,0,100,23333,69390,43918,88578,81186,65040,75601,30529],
            [20684,100,0,41806,24282,62391,17731,25123,41269,18071,75780],
            [43918,23333,41806,0,47516,85625,40965,48357,64503,41305,72236],
            [68638,69390,24282,47516,0,68101,87021,79628,89223,99999,54712],
            [64503,43918,62391,85625,68101,0,61550,68942,85088,61890,92821],
            [62087,88578,17731,40965,87021,61550,0,98817,82671,93232,48161],
            [69479,81186,25123,48357,79628,68942,98817,0,90064,85840,55553],
            [85625,65040,41269,64503,89223,85088,82671,90064,0,83012,71699],
            [62427,75601,18071,41305,99999,61890,93232,85840,83012,0,48501],
            [51114,30529,75780,72236,54712,92821,48161,55553,71699,48501,0]
        ]
    },
    "vehicle_capacities": [15,15,15,30,30,30,30,30,30,30,30],
    "runs": [{
        "number_of_vehicles": 3,
        "avg_task_cost_vs_number_of_task": [575,862.5,1014,801.7500000000001,834.2,872.8333333333334,888.8571428571429,777.75,846.6666666666666,771.9,758.0909090909091,727.0833333333334,671.1538461538462,623.2142857142857,674.6666666666666,641.5,595.2941176470588,590.6666666666666,572.5263157894736,551.8,571.3333333333334,573.6363636363636,566.3478260869565,632.9999999999999,633.02,593.3269230769231,554.7962962962963,536.3392857142857,537.4655172413793,499.3833333333333]
    }]
}