{
    "vehicle_starting_positions": ["Newcastle","Cardiff","Plymouth","Norwich","Manchester","London","Leeds","Sheffield","Birmingham","Liverpool","Portsmouth"],
    "task_distribution": {
        "distance_matrix": [
            [0,345,477.8,348,209.9,233,246.5,205.2,115,244.6,307.8],
            [345,0,592.8,463,205.7,348,98.5,139.8,230,171,422.8],
            [477.8,592.8,0,359.8,457.7,244.8,494.3,453,362.8,492.4,170],
            [348,463,359.8,0,327.9,115,364.5,323.2,233,362.6,189.8],
            [209.9,205.7,457.7,327.9,0,212.9,107.2,148.5,94.9,34.7,287.7],
            [233,348,244.8,115,212.9,0,249.5,208.2,118,247.6,74.8],
            [246.5,98.5,494.3,364.5,107.2,249.5,0,41.3,131.5,72.5,324.3],
            [205.2,139.8,453,323.2,148.5,208.2,41.3,0,90.2,113.8,283],
            [115,230,362.8,233,94.9,118,131.5,90.2,0,129.6,192.8],
            [244.6,171,492.4,362.6,34.7,247.6,72.5,113.8,129.6,0,322.4],
            [307.8,422.8,170,189.8,287.7,74.8,324.3,283,192.8,322.4,0]
        ],
        "weight_matrix": [
            [0,3,3,3,3,3,3,3,3,3,3],
            [3,0,3,3,3,3,3,3,3,3,3],
            [3,3,0,3,3,3,3,3,3,3,3],
            [3,3,3,0,3,3,3,3,3,3,3],
            [3,3,3,3,0,3,3,3,3,3,3],
            [3,3,3,3,3,0,3,3,3,3,3],
            [3,3,3,3,3,3,0,3,3,3,3],
            [3,3,3,3,3,3,3,0,3,3,3],
            [3,3,3,3,3,3,3,3,0,3,3],
            [3,3,3,3,3,3,3,3,3,0,3],
            [3,3,3,3,3,3,3,3,3,3,0]
        ],
        "probability_matrix": [
            [0,0.08469834400036677,0.0796314724036349,0.018602579584433596,0.05846479791074133,0.10152527284127907,0.006162394735528821,0.23261287084833251,0.23272126529495324,0.032420527144944776,0.15316047523578516],
            [0.05755407525027321,0,0.03606737714415561,0.0598859922830581,0.16162511476744001,0.12638532754975934,0.11443892816699758,0.08178442456315466,0.0831096629137089,0.1158630822970257,0.16328601506442675],
            [0.07121577525152022,0.11180946910273791,0,0.06823296295619523,0.10610934832230466,0.01671961261573814,0.08016939282266307,0.1590526144769194,0.17307974727888004,0.13046974496671454,0.08314133220632691],
            [0.13006288351180753,0.15835333934899987,0.031694381489481054,0,0.15883199828742126,0.01747416452342725,0.13771347248183663,0.16871777825295478,0.011702778274928985,0.12495541798627101,0.06049378584287158],
            [0.08088589097681846,0.043081415944942594,0.046236226740800405,0.18320058649647222,0,0.07002756062785848,0.20055686668923453,0.0019023365196615925,0.15385726272095834,0.06191577988495209,0.15833607339830136],
            [0.17206198873340192,0.1729510338712671,0.034476882172085166,0.11588752198939803,0.04197032095277455,0,0.09171391349605337,0.182287997120627,0.047447209846324966,0.11949674801000842,0.021706383808059664],
            [0.04638354679536852,0.119780662519817,0.21614398368620769,0.1416262454932404,0.09112482523771098,0.09909379267670473,0,0.10233372892442716,0.06026250010571731,0.001922831743777622,0.12132788281702869],
            [0.1266149035192453,0.07688183086896415,0.09433857827550704,0.012813922944012065,0.11565489294303735,0.18399608498341968,0.21837980013573968,0,0.01651196658122656,0.024570084546782948,0.13023793520206509],
            [0.13634949101605168,0.1545412056489853,0.046751394943107025,0.03143133467346549,0.15572875764095326,0.15478093079340466,0.05153634983312182,0.015768460641377442,0,0.08201689919632714,0.1710951756132061],
            [0.06544214888319548,0.007157783530518938,0.11662963219820709,0.13034174863747294,0.12816426003274195,0.05657448319089295,0.0747593333918348,0.1574460391012831,0.1325618853857814,0,0.13092268564807125],
            [0.09284583472810969,0.11713041023328023,0.12717017167838754,0.12815176896623806,0.042689837525345616,0.08718870782146063,0.09831226212073821,0.06532509813572797,0.12103367570432386,0.12015223308638816,0]
        ],
        "city_names": ["Cardiff","Newcastle","Plymouth","Norwich","Manchester","London","Leeds","Sheffield","Birmingham","Liverpool","Portsmouth"],
        "reward_matrix": [
            [0,44455,20684,43918,68638,64503,62087,69479,85625,62427,51114],
            [44455,0,100,23333,69390,43918,88578,81186,65040,75601,30529],
            [20684,100,0,41806,24282,62391,17731,25123,41269,18071,75780],
            [43918,23333,41806,0,47516,85625,40965,48357,64503,41305,72236],
            [68638,69390,24282,47516,0,68101,87021,79628,89223,99999,54712],
            [64503,43918,62391,85625,68101,0,61550,68942,85088,61890,92821],
            [62087,88578,17731,40965,87021,61550,0,98817,82671,93232,48161],
            [69479,81186,25123,48357,79628,68942,98817,0,90064,85840,55553],
            [85625,65040,41269,64503,89223,85088,82671,90064,0,83012,71699],
            [62427,75601,18071,41305,99999,61890,93232,85840,83012,0,48501],
            [51114,30529,75780,72236,54712,92821,48161,55553,71699,48501,0]
        ]
    },
    "vehicle_capacities": [15,15,15,30,30,30,30,30,30,30,30],
    "runs": [{
        "number_of_vehicles": 3,
        "avg_task_cost_vs_number_of_task": [2330,1194.5,1371.3333333333333,1769.5,1486.1999999999998,1238.4999999999998,1225.857142857143,1072.625,953.4444444444445,858.1,812.181818181818,813.4166666666666,687.230769230769,708.7142857142857,623.1333333333333,659.0625,619.9411764705883,676.3888888888889,704,553.6,588.0000000000001,559.5909090909091,529.8260869565217,550.5416666666666,519.4,511.46153846153845,527.9629629629629,507.26785714285717,535.7586206896551,521.5833333333334]
    }]
}