{
    "vehicle_starting_positions": ["Newcastle","Cardiff","Plymouth","Norwich","Manchester","London","Leeds","Sheffield","Birmingham","Liverpool","Portsmouth"],
    "task_distribution": {
        "distance_matrix": [
            [0,345,477.8,348,209.9,233,246.5,205.2,115,244.6,307.8],
            [345,0,592.8,463,205.7,348,98.5,139.8,230,171,422.8],
            [477.8,592.8,0,359.8,457.7,244.8,494.3,453,362.8,492.4,170],
            [348,463,359.8,0,327.9,115,364.5,323.2,233,362.6,189.8],
            [209.9,205.7,457.7,327.9,0,212.9,107.2,148.5,94.9,34.7,287.7],
            [233,348,244.8,115,212.9,0,249.5,208.2,118,247.6,74.8],
            [246.5,98.5,494.3,364.5,107.2,249.5,0,41.3,131.5,72.5,324.3],
            [205.2,139.8,453,323.2,148.5,208.2,41.3,0,90.2,113.8,283],
            [115,230,362.8,233,94.9,118,131.5,90.2,0,129.6,192.8],
            [244.6,171,492.4,362.6,34.7,247.6,72.5,113.8,129.6,0,322.4],
            [307.8,422.8,170,189.8,287.7,74.8,324.3,283,192.8,322.4,0]
        ],
        "weight_matrix": [
            [0,3,3,3,3,3,3,3,3,3,3],
            [3,0,3,3,3,3,3,3,3,3,3],
            [3,3,0,3,3,3,3,3,3,3,3],
            [3,3,3,0,3,3,3,3,3,3,3],
            [3,3,3,3,0,3,3,3,3,3,3],
            [3,3,3,3,3,0,3,3,3,3,3],
            [3,3,3,3,3,3,0,3,3,3,3],
            [3,3,3,3,3,3,3,0,3,3,3],
            [3,3,3,3,3,3,3,3,0,3,3],
            [3,3,3,3,3,3,3,3,3,0,3],
            [3,3,3,3,3,3,3,3,3,3,0]
        ],
        "probability_matrix": [
            [0,0.04034880748446734,0.029743774323333735,0.07479856892844118,0.07558916883150942,0.18768524389697427,0.14267597707587365,0.11989005457184039,0.21992983748365724,0.0995285787515977,0.009809988652305014],
            [0.1870598867870041,0,0.16383788321449394,0.03576793391924725,0.032328858504268775,0.003956706972917359,0.23557507272551786,0.08382794220012726,0.13616781619082524,0.09496086046616557,0.026517039019432625],
            [0.10620784498053566,0.09732544718667813,0,0.04671883936596749,0.04316191596383198,0.15234188420823666,0.17809429792899853,0.032015091688439114,0.047877050258544135,0.0759003973204516,0.22035723109831667],
            [0.14849930217743826,0.0975213602671454,0.1095863844587078,0,0.008863126954258966,0.0642434139907974,0.06319723661016491,0.09063332928864788,0.10836984998714003,0.14902339065310163,0.16006260561259783],
            [0.06778576135627852,0.10627604276940364,0.023894851414413682,0.0289406074701802,0,0.23082940129811225,0.17308575210133617,0.11381925686916593,0.11470305044690095,0.0816043314048489,0.059060944869359595],
            [0.1223217768733265,0.09830254448567169,0.029853444000607274,0.11556191519904789,0.10621989382339281,0,0.1020527990303299,0.1308786355521754,0.11243914553665713,0.11412180566819739,0.06824803983059384],
            [8.11037410904699E-4,0.13423168814115985,0.1828249673730939,0.10928657242130242,0.09187557189186522,0.16566120614924193,0,0.021332519632587393,0.046095749089707205,0.1285554074576708,0.11932528043246668],
            [0.051265728299076004,0.05759614906206664,0.03755020219448784,0.023945657097180394,0.24792731791488795,0.14692757406333493,0.11684504762588628,0,0.02735872426991948,0.21260852071700848,0.07797507875615207],
            [0.11681058523733807,0.13191537805366238,0.10989248747114842,0.02932657696141533,0.03649064565392276,0.045555454686821366,0.19004443298599852,0.002356932339215206,0,0.14377230253491938,0.1938352040755584],
            [0.21523705606328516,0.02969203709574002,0.1766630020416828,0.136578536638028,0.08282657987637222,0.0519618449682071,0.1861480177524995,0.08743057614904444,0.02230042106119508,0,0.01116192835394581],
            [0.05645718838040399,0.09284895587421042,0.08431120020322151,0.12773042365033313,0.11922124585567567,0.015543635973715438,0.18889932184229993,0.0317955743638509,0.114286604453952,0.16890584940233694,0]
        ],
        "city_names": ["Cardiff","Newcastle","Plymouth","Norwich","Manchester","London","Leeds","Sheffield","Birmingham","Liverpool","Portsmouth"],
        "reward_matrix": [
            [0,44455,20684,43918,68638,64503,62087,69479,85625,62427,51114],
            [44455,0,100,23333,69390,43918,88578,81186,65040,75601,30529],
            [20684,100,0,41806,24282,62391,17731,25123,41269,18071,75780],
            [43918,23333,41806,0,47516,85625,40965,48357,64503,41305,72236],
            [68638,69390,24282,47516,0,68101,87021,79628,89223,99999,54712],
            [64503,43918,62391,85625,68101,0,61550,68942,85088,61890,92821],
            [62087,88578,17731,40965,87021,61550,0,98817,82671,93232,48161],
            [69479,81186,25123,48357,79628,68942,98817,0,90064,85840,55553],
            [85625,65040,41269,64503,89223,85088,82671,90064,0,83012,71699],
            [62427,75601,18071,41305,99999,61890,93232,85840,83012,0,48501],
            [51114,30529,75780,72236,54712,92821,48161,55553,71699,48501,0]
        ]
    },
    "vehicle_capacities": [5,5,5,30,30,30,30,30,30,30,30],
    "runs": [{
        "number_of_vehicles": 3,
        "avg_task_cost_vs_number_of_task": [2462,1813.5,1655,1482.25,1258.3,1336.0833333333333,1373.857142857143,1311.5625,1343.6666666666667,1383.3,1322.5,1296,1358.923076923077,1344,1264.5333333333333,1292.8125,1316.764705882353,1407.8055555555557,1395.0263157894735,1564.1749999999997,1534.8809523809523,1486.6818181818182,1515.7173913043475,1466.125,1571.7,1537.6923076923076,1517.2222222222222,1498.2142857142858,1470.7241379310344,1429.9666666666667]
    }]
}