{
    "vehicle_starting_positions": ["Newcastle","Cardiff","Plymouth","Norwich","Manchester","London","Leeds","Sheffield","Birmingham","Liverpool","Portsmouth"],
    "task_distribution": {
        "distance_matrix": [
            [0,345,477.8,348,209.9,233,246.5,205.2,115,244.6,307.8],
            [345,0,592.8,463,205.7,348,98.5,139.8,230,171,422.8],
            [477.8,592.8,0,359.8,457.7,244.8,494.3,453,362.8,492.4,170],
            [348,463,359.8,0,327.9,115,364.5,323.2,233,362.6,189.8],
            [209.9,205.7,457.7,327.9,0,212.9,107.2,148.5,94.9,34.7,287.7],
            [233,348,244.8,115,212.9,0,249.5,208.2,118,247.6,74.8],
            [246.5,98.5,494.3,364.5,107.2,249.5,0,41.3,131.5,72.5,324.3],
            [205.2,139.8,453,323.2,148.5,208.2,41.3,0,90.2,113.8,283],
            [115,230,362.8,233,94.9,118,131.5,90.2,0,129.6,192.8],
            [244.6,171,492.4,362.6,34.7,247.6,72.5,113.8,129.6,0,322.4],
            [307.8,422.8,170,189.8,287.7,74.8,324.3,283,192.8,322.4,0]
        ],
        "weight_matrix": [
            [0,3,3,3,3,3,3,3,3,3,3],
            [3,0,3,3,3,3,3,3,3,3,3],
            [3,3,0,3,3,3,3,3,3,3,3],
            [3,3,3,0,3,3,3,3,3,3,3],
            [3,3,3,3,0,3,3,3,3,3,3],
            [3,3,3,3,3,0,3,3,3,3,3],
            [3,3,3,3,3,3,0,3,3,3,3],
            [3,3,3,3,3,3,3,0,3,3,3],
            [3,3,3,3,3,3,3,3,0,3,3],
            [3,3,3,3,3,3,3,3,3,0,3],
            [3,3,3,3,3,3,3,3,3,3,0]
        ],
        "probability_matrix": [
            [0,0.1705846055364537,0.11290383376572656,0.15422989159979283,0.0076691629133913974,0.060096919137420386,0.06674411152114851,0.06488534724006419,0.060969345475319,0.11739554038949575,0.18452124242118764],
            [0.05394990458804609,0,0.03151950892002088,0.014817933694013309,0.08510272408640099,0.11755932753633619,0.2353974780278502,0.06451380583952912,0.13579616562795763,0.09340783839430389,0.1679353132855417],
            [0.09915962061722419,0.006608509373271517,0,0.05066687918055258,0.06952201977992785,0.17085216353463245,0.16101944961943906,0.15772353001799108,0.04897600364510174,0.16605568908169063,0.0694161351501689],
            [0.0684536232965881,0.008669568144416077,0.1498260592634101,0,0.10609576152769812,0.0403321253912125,0.06847870238670298,0.15946049338585455,0.12191061627196902,0.10603844154339637,0.1707346087887524],
            [0.03896257986551147,0.0014796081292944583,0.18227299167082048,0.007353419993553261,0,0.07012235817294936,0.15164855533281757,0.13361007245058204,0.1335651377130479,0.14780243639633672,0.1331828402750867],
            [0.10389046503611252,0.016893117876270184,0.15285384076359493,0.16282790881920214,0.1571185537054652,0,0.042300131089144516,0.09786886237699774,0.16376718134514917,0.007404677087949304,0.09507526190011431],
            [0.012292828534416291,0.12621522764440835,0.06227036738846269,0.14959503189592568,0.1621843670309474,0.11658119651611713,0,0.14200892636163567,0.12703952504944827,0.07573109303779853,0.02608143654084002],
            [0.1154012740313698,0.16295999293710375,0.049608947063141215,0.1354066527413586,0.025099116145189747,0.0836460902767962,0.1983512249341045,0,0.03289578151813523,0.15444872223668837,0.04218219811611232],
            [0.07298031158893165,0.07947524389736062,0.1462980808213689,0.07973501086498287,0.13896638163460126,0.1750598941491112,0.02129077041174554,0.11175223287223837,0,0.1283335929845509,0.046108480775108755],
            [0.1116560005993637,0.015859587586060403,0.02176019460546307,0.018804413655995108,0.002760409545914665,0.19671016028037852,0.06480693257434542,0.22251682744099077,0.23283142392145303,0,0.11229404979003542],
            [0.13813906785410837,0.125238582048412,0.0900622925708184,0.0516210278252221,0.03918308800809596,0.08240424622913786,0.1782098383485926,0.10090142647459076,0.08811713327438231,0.10612329736663959,0]
        ],
        "city_names": ["Cardiff","Newcastle","Plymouth","Norwich","Manchester","London","Leeds","Sheffield","Birmingham","Liverpool","Portsmouth"],
        "reward_matrix": [
            [0,44455,20684,43918,68638,64503,62087,69479,85625,62427,51114],
            [44455,0,100,23333,69390,43918,88578,81186,65040,75601,30529],
            [20684,100,0,41806,24282,62391,17731,25123,41269,18071,75780],
            [43918,23333,41806,0,47516,85625,40965,48357,64503,41305,72236],
            [68638,69390,24282,47516,0,68101,87021,79628,89223,99999,54712],
            [64503,43918,62391,85625,68101,0,61550,68942,85088,61890,92821],
            [62087,88578,17731,40965,87021,61550,0,98817,82671,93232,48161],
            [69479,81186,25123,48357,79628,68942,98817,0,90064,85840,55553],
            [85625,65040,41269,64503,89223,85088,82671,90064,0,83012,71699],
            [62427,75601,18071,41305,99999,61890,93232,85840,83012,0,48501],
            [51114,30529,75780,72236,54712,92821,48161,55553,71699,48501,0]
        ]
    },
    "vehicle_capacities": [10,10,10,30,30,30,30,30,30,30,30],
    "runs": [{
        "number_of_vehicles": 3,
        "avg_task_cost_vs_number_of_task": [1740,1909,1272.6666666666667,1404.25,1123.4,1132.8333333333333,1099.857142857143,1133.375,965.4444444444445,961.5,789.9090909090909,830.1666666666666,798.0769230769231,738.1428571428571,712.0666666666667,667.9375,714.7058823529412,677.8333333333334,688.5263157894736,720.7,688.6666666666666,728.4090909090909,679.5652173913044,690.6666666666666,737.32,758.9230769230769,752.5185185185185,721.4642857142857,659.7586206896551,728.7333333333333]
    }]
}