{
    "vehicle_starting_positions": ["Newcastle","Cardiff","Plymouth","Norwich","Manchester","London","Leeds","Sheffield","Birmingham","Liverpool","Portsmouth"],
    "task_distribution": {
        "distance_matrix": [
            [0,345,477.8,348,209.9,233,246.5,205.2,115,244.6,307.8],
            [345,0,592.8,463,205.7,348,98.5,139.8,230,171,422.8],
            [477.8,592.8,0,359.8,457.7,244.8,494.3,453,362.8,492.4,170],
            [348,463,359.8,0,327.9,115,364.5,323.2,233,362.6,189.8],
            [209.9,205.7,457.7,327.9,0,212.9,107.2,148.5,94.9,34.7,287.7],
            [233,348,244.8,115,212.9,0,249.5,208.2,118,247.6,74.8],
            [246.5,98.5,494.3,364.5,107.2,249.5,0,41.3,131.5,72.5,324.3],
            [205.2,139.8,453,323.2,148.5,208.2,41.3,0,90.2,113.8,283],
            [115,230,362.8,233,94.9,118,131.5,90.2,0,129.6,192.8],
            [244.6,171,492.4,362.6,34.7,247.6,72.5,113.8,129.6,0,322.4],
            [307.8,422.8,170,189.8,287.7,74.8,324.3,283,192.8,322.4,0]
        ],
        "weight_matrix": [
            [0,3,3,3,3,3,3,3,3,3,3],
            [3,0,3,3,3,3,3,3,3,3,3],
            [3,3,0,3,3,3,3,3,3,3,3],
            [3,3,3,0,3,3,3,3,3,3,3],
            [3,3,3,3,0,3,3,3,3,3,3],
            [3,3,3,3,3,0,3,3,3,3,3],
            [3,3,3,3,3,3,0,3,3,3,3],
            [3,3,3,3,3,3,3,0,3,3,3],
            [3,3,3,3,3,3,3,3,0,3,3],
            [3,3,3,3,3,3,3,3,3,0,3],
            [3,3,3,3,3,3,3,3,3,3,0]
        ],
        "probability_matrix": [
            [0,0.09574075927797569,0.04335862147756848,0.06262866299648948,0.10487284031941554,0.07813833800881102,0.18381327924452545,0.09181068688223365,0.15930728616471632,0.1504663496600045,0.029863175968259777],
            [0.17009850503995994,0,0.003120918929219114,0.2580223140946388,0.1642915733312954,0.22655862846409094,0.06504702064914328,0.028494175291492556,0.0750833914055945,0.008429892611827467,8.535801827379532E-4],
            [0.12045755340089169,0.1174856418140819,0,0.10597204287042734,0.10516376176291545,0.10812068939151478,0.04350604580308442,0.11686172637449416,0.07200950569713736,0.12159730203184245,0.08882573085361052],
            [0.1147103031335642,0.15878069308722378,0.014218188315891936,0,0.17886617033416602,0.06410718036686604,0.10138811387921316,0.07471672086758749,0.012873884156337743,0.19578788088141127,0.08455086497773835],
            [0.012490608133161293,0.1111448000381135,0.13305236413785312,0.10717948299975447,0,0.11533439083463523,0.11095026091789821,0.05199977468046701,0.09685257016028428,0.12765817373646493,0.13333757436136784],
            [0.14338081499215252,0.1902233996368982,0.09133490301818954,0.03021643802944681,0.07306156220868268,0,0.024233166572970675,0.15982010558117044,0.1838942195800747,0.0353500035304517,0.06848538684996278],
            [0.18210284023977877,0.007167411719728067,0.014972343533756274,0.067655276581204,0.24024524479824286,0.2330837051934341,0,0.10899968362764832,0.07395964103651671,0.03126444716324045,0.040549406106450366],
            [0.07880008320347733,0.16165427430552298,0.19551459031671437,0.05219914656990889,0.08531334830749705,0.019423768172491317,0.12097971762627267,0,0.06519806261330292,0.16714422320756472,0.05377278567724772],
            [0.15238735734306735,0.09238044052263367,0.04548795378523021,0.10704326582991204,0.05475479527963976,0.12543195323012857,0.05987473821249267,0.12125366650764108,0,0.11210663236953837,0.12927919691971623],
            [0.019039629420650208,0.19235863612671483,0.1584128701836075,0.10967264706220188,0.07935133780256623,0.004587529425117584,0.0647788692163237,0.1850445676612394,0.15426400664007126,0,0.03248990646150744],
            [0.15092094340179,0.08697886927090921,0.018926863545187814,0.0989488036545826,0.18782381970285061,0.028957414077069744,0.18681360435673142,0.002530399742313805,0.04431293639779924,0.19378634585076565,0]
        ],
        "city_names": ["Cardiff","Newcastle","Plymouth","Norwich","Manchester","London","Leeds","Sheffield","Birmingham","Liverpool","Portsmouth"],
        "reward_matrix": [
            [0,44455,20684,43918,68638,64503,62087,69479,85625,62427,51114],
            [44455,0,100,23333,69390,43918,88578,81186,65040,75601,30529],
            [20684,100,0,41806,24282,62391,17731,25123,41269,18071,75780],
            [43918,23333,41806,0,47516,85625,40965,48357,64503,41305,72236],
            [68638,69390,24282,47516,0,68101,87021,79628,89223,99999,54712],
            [64503,43918,62391,85625,68101,0,61550,68942,85088,61890,92821],
            [62087,88578,17731,40965,87021,61550,0,98817,82671,93232,48161],
            [69479,81186,25123,48357,79628,68942,98817,0,90064,85840,55553],
            [85625,65040,41269,64503,89223,85088,82671,90064,0,83012,71699],
            [62427,75601,18071,41305,99999,61890,93232,85840,83012,0,48501],
            [51114,30529,75780,72236,54712,92821,48161,55553,71699,48501,0]
        ]
    },
    "vehicle_capacities": [5,5,5,30,30,30,30,30,30,30,30],
    "runs": [{
        "number_of_vehicles": 3,
        "avg_task_cost_vs_number_of_task": [4055,3826.5,2840.6666666666665,2317.4999999999995,2091.6,2097.833333333333,1880.285714285714,1987.25,1956.4444444444443,1933.3,1969.3636363636363,2004.333333333333,1850.153846153846,1832.785714285714,1710.6,1752.9999999999998,1649.8823529411761,1599.3333333333333,1585.1052631578948,1654.05,1610.5238095238096,1615.0454545454545,1544.8260869565217,1494.9166666666663,1490,1513.0384615384612,1604.9999999999998,1621.1428571428567,1601.4827586206898,1579.0333333333333]
    }]
}