{
    "vehicle_starting_positions": ["Newcastle","Cardiff","Plymouth","Norwich","Manchester","London","Leeds","Sheffield","Birmingham","Liverpool","Portsmouth"],
    "task_distribution": {
        "distance_matrix": [
            [0,345,477.8,348,209.9,233,246.5,205.2,115,244.6,307.8],
            [345,0,592.8,463,205.7,348,98.5,139.8,230,171,422.8],
            [477.8,592.8,0,359.8,457.7,244.8,494.3,453,362.8,492.4,170],
            [348,463,359.8,0,327.9,115,364.5,323.2,233,362.6,189.8],
            [209.9,205.7,457.7,327.9,0,212.9,107.2,148.5,94.9,34.7,287.7],
            [233,348,244.8,115,212.9,0,249.5,208.2,118,247.6,74.8],
            [246.5,98.5,494.3,364.5,107.2,249.5,0,41.3,131.5,72.5,324.3],
            [205.2,139.8,453,323.2,148.5,208.2,41.3,0,90.2,113.8,283],
            [115,230,362.8,233,94.9,118,131.5,90.2,0,129.6,192.8],
            [244.6,171,492.4,362.6,34.7,247.6,72.5,113.8,129.6,0,322.4],
            [307.8,422.8,170,189.8,287.7,74.8,324.3,283,192.8,322.4,0]
        ],
        "weight_matrix": [
            [0,3,3,3,3,3,3,3,3,3,3],
            [3,0,3,3,3,3,3,3,3,3,3],
            [3,3,0,3,3,3,3,3,3,3,3],
            [3,3,3,0,3,3,3,3,3,3,3],
            [3,3,3,3,0,3,3,3,3,3,3],
            [3,3,3,3,3,0,3,3,3,3,3],
            [3,3,3,3,3,3,0,3,3,3,3],
            [3,3,3,3,3,3,3,0,3,3,3],
            [3,3,3,3,3,3,3,3,0,3,3],
            [3,3,3,3,3,3,3,3,3,0,3],
            [3,3,3,3,3,3,3,3,3,3,0]
        ],
        "probability_matrix": [
            [0,0.09322901074032745,0.13367696925250144,0.12531761326363008,0.09545374641220246,0.07834343988479332,0.12353223544751667,0.1076142799925379,0.07780971798199582,0.07837789596622056,0.0866450910582743],
            [0.16472529758842902,0,0.16762162751359072,0.13669368112206226,0.07663193113113569,0.022091043406034985,0.007432518324129901,0.014190490232982743,0.12989918215118035,0.18386541190043384,0.09684881663002057],
            [0.08476675993219542,0.11504677687236978,0,0.07447004741566016,0.05650537745865756,0.07861159809669688,0.029781736113803726,0.1350527108431806,0.151360624769083,0.13778595815000097,0.13661841034835182],
            [0.190347974006582,0.1838346119972842,0.0892590003994532,0,0.014108717900566732,0.019372182972787432,0.14165676986853568,0.06578664562060957,0.19204356990405197,0.0012808221877538479,0.1023097051423752],
            [0.15480907478291245,0.13152030603038295,0.027732035825146127,0.006206753340253726,0,0.16396517372848385,6.29173065602441E-4,0.08692749560212316,0.10026647716010463,0.0994481204819831,0.22849538998300756],
            [0.18182161129845106,0.1744768727026399,0.04491853567001328,0.16597248777424464,0.05803735514494645,0,0.12560669129812652,0.12290415924928845,0.048833019626697866,0.07421669343072418,0.003212573804867575],
            [0.21566135482216073,0.18025592773517604,0.04300211530362882,0.09302485292182124,0.1371359585926833,0.048959837248651605,0,0.026103361805956186,0.038096822582776864,0.15345575722244947,0.06430401176469562],
            [0.1542880746309601,0.1612204065131156,0.03875449886248282,5.306367210010997E-4,0.06526973587578076,0.06635700766616981,0.16576111315183087,0,0.1342550586177012,0.06289074944796748,0.15067271851299038],
            [0.04068886406592571,0.048113549396338474,0.09422028705994184,0.03835211098094736,0.08186021600841022,0.19872573832509777,0.16645439778011012,0.173916689911028,0,0.13596292824680326,0.02170521822539732],
            [0.19518367619047028,0.1304982516584668,0.27033711326006005,0.02174925918164271,0.0035056441536193057,0.02572403415574506,0.06624616267221806,0.133887991244337,0.005332210379638561,0,0.14753565710380198],
            [0.1356129544401272,0.07170562488381263,0.047843405102748524,0.21084601784841947,0.047108059328902954,0.03612899672463032,0.06311195546238717,0.1980746256522622,0.14270281452980765,0.04686554602690204,0]
        ],
        "city_names": ["Cardiff","Newcastle","Plymouth","Norwich","Manchester","London","Leeds","Sheffield","Birmingham","Liverpool","Portsmouth"],
        "reward_matrix": [
            [0,44455,20684,43918,68638,64503,62087,69479,85625,62427,51114],
            [44455,0,100,23333,69390,43918,88578,81186,65040,75601,30529],
            [20684,100,0,41806,24282,62391,17731,25123,41269,18071,75780],
            [43918,23333,41806,0,47516,85625,40965,48357,64503,41305,72236],
            [68638,69390,24282,47516,0,68101,87021,79628,89223,99999,54712],
            [64503,43918,62391,85625,68101,0,61550,68942,85088,61890,92821],
            [62087,88578,17731,40965,87021,61550,0,98817,82671,93232,48161],
            [69479,81186,25123,48357,79628,68942,98817,0,90064,85840,55553],
            [85625,65040,41269,64503,89223,85088,82671,90064,0,83012,71699],
            [62427,75601,18071,41305,99999,61890,93232,85840,83012,0,48501],
            [51114,30529,75780,72236,54712,92821,48161,55553,71699,48501,0]
        ]
    },
    "vehicle_capacities": [5,5,5,30,30,30,30,30,30,30,30],
    "runs": [{
        "number_of_vehicles": 3,
        "avg_task_cost_vs_number_of_task": [1424,1574.5,1638.3333333333333,1845.5,1545.8,1618,1820.7142857142858,1593.125,1839.888888888889,1697.1999999999996,1800.1818181818178,1748.4999999999993,1702.4615384615386,1665.1428571428567,1632.8,1583.5937499999998,1650.5294117647059,1564.5555555555554,1482.2105263157894,1530.1749999999997,1519.928571428571,1477.931818181818,1504.195652173913,1593.395833333333,1573.7,1532.115384615384,1475.3703703703702,1505.8928571428569,1453.965517241379,1521.4999999999998]
    }]
}