{
    "vehicle_starting_positions": ["Newcastle","Cardiff","Plymouth","Norwich","Manchester","London","Leeds","Sheffield","Birmingham","Liverpool","Portsmouth"],
    "task_distribution": {
        "distance_matrix": [
            [0,345,477.8,348,209.9,233,246.5,205.2,115,244.6,307.8],
            [345,0,592.8,463,205.7,348,98.5,139.8,230,171,422.8],
            [477.8,592.8,0,359.8,457.7,244.8,494.3,453,362.8,492.4,170],
            [348,463,359.8,0,327.9,115,364.5,323.2,233,362.6,189.8],
            [209.9,205.7,457.7,327.9,0,212.9,107.2,148.5,94.9,34.7,287.7],
            [233,348,244.8,115,212.9,0,249.5,208.2,118,247.6,74.8],
            [246.5,98.5,494.3,364.5,107.2,249.5,0,41.3,131.5,72.5,324.3],
            [205.2,139.8,453,323.2,148.5,208.2,41.3,0,90.2,113.8,283],
            [115,230,362.8,233,94.9,118,131.5,90.2,0,129.6,192.8],
            [244.6,171,492.4,362.6,34.7,247.6,72.5,113.8,129.6,0,322.4],
            [307.8,422.8,170,189.8,287.7,74.8,324.3,283,192.8,322.4,0]
        ],
        "weight_matrix": [
            [0,3,3,3,3,3,3,3,3,3,3],
            [3,0,3,3,3,3,3,3,3,3,3],
            [3,3,0,3,3,3,3,3,3,3,3],
            [3,3,3,0,3,3,3,3,3,3,3],
            [3,3,3,3,0,3,3,3,3,3,3],
            [3,3,3,3,3,0,3,3,3,3,3],
            [3,3,3,3,3,3,0,3,3,3,3],
            [3,3,3,3,3,3,3,0,3,3,3],
            [3,3,3,3,3,3,3,3,0,3,3],
            [3,3,3,3,3,3,3,3,3,0,3],
            [3,3,3,3,3,3,3,3,3,3,0]
        ],
        "probability_matrix": [
            [0,0.11681747267574347,0.13456187149131718,0.0742788097219416,0.1322793585390374,0.1259128958243793,0.15627196760589654,0.07743994427835285,0.06476213292607244,0.056190845264297,0.061484701672962314],
            [0.27518944439685455,0,0.009270285747108262,0.013107949498443744,0.135807435214113,0.17857038834513184,0.09903247805836236,0.014902775808192641,0.028705063150924977,0.20791625567180622,0.03749792410906252],
            [0.1293910558532223,0.15185362281124135,0,0.15782965097276713,0.06450216326529422,0.05948855732839061,0.062364073853106036,0.16052216248246956,0.11435877733821499,0.01848973458702166,0.0812002015082722],
            [0.20370113647621432,0.08840043259886021,0.13863739017284685,0,0.07305783029868465,0.1381622700485077,0.005929507433563795,0.04670636390242236,0.1028847677854178,0.13258497376206388,0.06993532752141834],
            [0.07546762628808869,0.15393810710992056,0.16660676389959808,0.04962150927127228,0,0.1649964211259748,0.018280510892454038,0.06503716159440504,0.031287525712642955,0.19827932768546827,0.0764850464201753],
            [0.12890725239079595,0.12256316379891441,0.11455748893735102,0.16198618791773736,0.0822056352034971,0,0.07928335863619382,0.07045958535837388,0.0931616996042468,0.10198566247969687,0.0448899656731928],
            [0.12726651173761536,0.018814276561766693,0.046955948922208994,0.11335900944486613,0.15568201468174733,0.1431665581863939,0,0.056929856560577,0.11622883469440237,0.07001007902917757,0.15158691018124457],
            [0.061401839824368434,0.16920286808821444,0.17386179797604673,0.11364280570818622,0.0659380154281844,0.0022703348225759524,0.1406956202963654,0,0.164407234471379,0.024037131956195914,0.08454235142848344],
            [0.17573097998043083,0.002920520432619456,0.13548974580990175,0.18055907932838738,0.024067800583826977,0.030880732769056906,0.07379949321550612,0.012768475637561588,0,0.12980760394488297,0.2339755682978261],
            [0.1841444386399497,0.11453654867526301,0.021688550020572777,0.010191188277470847,0.1895818821764177,0.06504119760959708,0.0891557513214562,0.15269721909811965,0.048997677431065825,0,0.12396554675008739],
            [0.01414021098843609,0.18173205332650746,0.07311647444908688,0.15972207271612637,0.13780519057530388,0.058828774636390066,0.19651913267841783,0.031494753816821465,0.00188413835215279,0.14475719846075727,0]
        ],
        "city_names": ["Cardiff","Newcastle","Plymouth","Norwich","Manchester","London","Leeds","Sheffield","Birmingham","Liverpool","Portsmouth"],
        "reward_matrix": [
            [0,44455,20684,43918,68638,64503,62087,69479,85625,62427,51114],
            [44455,0,100,23333,69390,43918,88578,81186,65040,75601,30529],
            [20684,100,0,41806,24282,62391,17731,25123,41269,18071,75780],
            [43918,23333,41806,0,47516,85625,40965,48357,64503,41305,72236],
            [68638,69390,24282,47516,0,68101,87021,79628,89223,99999,54712],
            [64503,43918,62391,85625,68101,0,61550,68942,85088,61890,92821],
            [62087,88578,17731,40965,87021,61550,0,98817,82671,93232,48161],
            [69479,81186,25123,48357,79628,68942,98817,0,90064,85840,55553],
            [85625,65040,41269,64503,89223,85088,82671,90064,0,83012,71699],
            [62427,75601,18071,41305,99999,61890,93232,85840,83012,0,48501],
            [51114,30529,75780,72236,54712,92821,48161,55553,71699,48501,0]
        ]
    },
    "vehicle_capacities": [10,10,10,30,30,30,30,30,30,30,30],
    "runs": [{
        "number_of_vehicles": 3,
        "avg_task_cost_vs_number_of_task": [3317,2233.5,1728.6666666666667,1483.5,1186.8,1170.1666666666665,1023.5714285714286,895.625,796.1111111111111,852.3999999999999,774.9090909090908,740.8333333333334,712.6153846153845,638.3571428571429,683.2666666666667,711.4999999999999,739.9411764705882,742.0555555555554,684.7368421052631,695.1,674.0952380952381,697.0909090909091,720.6086956521739,644,646.46,643.6538461538462,640.9629629629629,629.5357142857143,676.3793103448276,717.9666666666667]
    }]
}