{
    "vehicle_starting_positions": ["Newcastle","Cardiff","Plymouth","Norwich","Manchester","London","Leeds","Sheffield","Birmingham","Liverpool","Portsmouth"],
    "task_distribution": {
        "distance_matrix": [
            [0,345,477.8,348,209.9,233,246.5,205.2,115,244.6,307.8],
            [345,0,592.8,463,205.7,348,98.5,139.8,230,171,422.8],
            [477.8,592.8,0,359.8,457.7,244.8,494.3,453,362.8,492.4,170],
            [348,463,359.8,0,327.9,115,364.5,323.2,233,362.6,189.8],
            [209.9,205.7,457.7,327.9,0,212.9,107.2,148.5,94.9,34.7,287.7],
            [233,348,244.8,115,212.9,0,249.5,208.2,118,247.6,74.8],
            [246.5,98.5,494.3,364.5,107.2,249.5,0,41.3,131.5,72.5,324.3],
            [205.2,139.8,453,323.2,148.5,208.2,41.3,0,90.2,113.8,283],
            [115,230,362.8,233,94.9,118,131.5,90.2,0,129.6,192.8],
            [244.6,171,492.4,362.6,34.7,247.6,72.5,113.8,129.6,0,322.4],
            [307.8,422.8,170,189.8,287.7,74.8,324.3,283,192.8,322.4,0]
        ],
        "weight_matrix": [
            [0,3,3,3,3,3,3,3,3,3,3],
            [3,0,3,3,3,3,3,3,3,3,3],
            [3,3,0,3,3,3,3,3,3,3,3],
            [3,3,3,0,3,3,3,3,3,3,3],
            [3,3,3,3,0,3,3,3,3,3,3],
            [3,3,3,3,3,0,3,3,3,3,3],
            [3,3,3,3,3,3,0,3,3,3,3],
            [3,3,3,3,3,3,3,0,3,3,3],
            [3,3,3,3,3,3,3,3,0,3,3],
            [3,3,3,3,3,3,3,3,3,0,3],
            [3,3,3,3,3,3,3,3,3,3,0]
        ],
        "probability_matrix": [
            [0,0.05494014617096123,0.02636428641792194,0.07768106074447878,0.13912707011046951,0.1571804525592458,0.035741599793919755,0.11566528370665818,0.10518662207110618,0.15274870641669086,0.13536477200854774],
            [0.054828406099634235,0,0.07713702137558996,0.03452983826843058,0.01462122186085012,0.13593641924762112,0.17046181125682117,0.1660383873891208,0.16391139143644137,0.12150564350555548,0.06102985955993508],
            [0.13981996369620198,0.10757076526745625,0,0.0516676579080162,0.06258953842491793,0.1519762494822336,0.08054759654494965,0.11974511474872268,0.030416698547623106,0.12815673396135097,0.1275096814185277],
            [0.053492801179362205,0.06100748044419566,0.14795936819895283,0,0.06957367251077995,0.16614092162014849,0.06949599356160706,0.07377505090384838,0.17078761152715652,0.09653149289412556,0.09123560715982339],
            [0.1830740946654809,0.1856996324968441,0.16150889916252845,0.05111996789176637,0,0.04834542565401993,0.029411169312678724,0.0624831649111745,0.160318285435398,0.03187950878109824,0.08615985168901065],
            [0.14434291059997106,0.12538258663387214,0.1709851159482324,0.12222361904096533,0.030411592271381543,0,0.06561362877601379,8.5774725078084E-4,0.04411799167650169,0.13133283810248786,0.16473196969979326],
            [0.186508793924099,0.09663264221418591,0.11482118559491361,0.11453562477924695,0.06886953933404422,0.18371158194020454,0,0.08943278880213401,0.01400788257737429,0.06637305456558111,0.06510690626821627],
            [0.10570771481700401,0.17209232421068404,0.10430305581626283,0.06423866190630405,0.04011614655833122,0.17548491596106036,0.05357610095173486,0,0.01278081559923645,0.09158874520513996,0.18011151897424207],
            [0.16019515396433676,0.04701540319255766,0.12667398384407666,0.04284245005282118,0.10943409001319394,0.031020920212651716,0.18404725058360522,0.14466816994740467,0,0.152291897744441,0.0018106804449111063],
            [0.029367631528781964,0.028049333089878652,0.0010847702268691542,0.13739744960874892,0.15473896382905272,0.17553641217986587,0.19692576837030198,0.06543512094911214,0.028372868613868722,0,0.18309168160351982],
            [0.13507517300635408,0.05508622804820719,0.13582905148041274,0.13533063778277765,0.11998038935146758,0.05629049741152099,0.05006747907902,0.07991844400577158,0.1038957403166813,0.1285263595177867,0]
        ],
        "city_names": ["Cardiff","Newcastle","Plymouth","Norwich","Manchester","London","Leeds","Sheffield","Birmingham","Liverpool","Portsmouth"],
        "reward_matrix": [
            [0,44455,20684,43918,68638,64503,62087,69479,85625,62427,51114],
            [44455,0,100,23333,69390,43918,88578,81186,65040,75601,30529],
            [20684,100,0,41806,24282,62391,17731,25123,41269,18071,75780],
            [43918,23333,41806,0,47516,85625,40965,48357,64503,41305,72236],
            [68638,69390,24282,47516,0,68101,87021,79628,89223,99999,54712],
            [64503,43918,62391,85625,68101,0,61550,68942,85088,61890,92821],
            [62087,88578,17731,40965,87021,61550,0,98817,82671,93232,48161],
            [69479,81186,25123,48357,79628,68942,98817,0,90064,85840,55553],
            [85625,65040,41269,64503,89223,85088,82671,90064,0,83012,71699],
            [62427,75601,18071,41305,99999,61890,93232,85840,83012,0,48501],
            [51114,30529,75780,72236,54712,92821,48161,55553,71699,48501,0]
        ]
    },
    "vehicle_capacities": [10,10,10,30,30,30,30,30,30,30,30],
    "runs": [{
        "number_of_vehicles": 3,
        "avg_task_cost_vs_number_of_task": [1799,1515.75,1431.8333333333333,1162.125,1269.7,1058.0833333333333,1040.7857142857142,954.8125,914.9444444444445,872.7,845.0454545454545,790.1666666666666,839.6538461538462,792.0357142857143,739.2333333333333,751.9687499999999,725.1470588235294,704.5277777777778,689.3421052631579,722.975,694.7380952380952,694.7045454545455,730.2173913043479,730.8125,728.6,684.0192307692307,695.4444444444443,713.6785714285714,687.6724137931036,720.8166666666667]
    }]
}