{
    "vehicle_starting_positions": ["Newcastle","Cardiff","Plymouth","Norwich","Manchester","London","Leeds","Sheffield","Birmingham","Liverpool","Portsmouth"],
    "task_distribution": {
        "distance_matrix": [
            [0,345,477.8,348,209.9,233,246.5,205.2,115,244.6,307.8],
            [345,0,592.8,463,205.7,348,98.5,139.8,230,171,422.8],
            [477.8,592.8,0,359.8,457.7,244.8,494.3,453,362.8,492.4,170],
            [348,463,359.8,0,327.9,115,364.5,323.2,233,362.6,189.8],
            [209.9,205.7,457.7,327.9,0,212.9,107.2,148.5,94.9,34.7,287.7],
            [233,348,244.8,115,212.9,0,249.5,208.2,118,247.6,74.8],
            [246.5,98.5,494.3,364.5,107.2,249.5,0,41.3,131.5,72.5,324.3],
            [205.2,139.8,453,323.2,148.5,208.2,41.3,0,90.2,113.8,283],
            [115,230,362.8,233,94.9,118,131.5,90.2,0,129.6,192.8],
            [244.6,171,492.4,362.6,34.7,247.6,72.5,113.8,129.6,0,322.4],
            [307.8,422.8,170,189.8,287.7,74.8,324.3,283,192.8,322.4,0]
        ],
        "weight_matrix": [
            [0,3,3,3,3,3,3,3,3,3,3],
            [3,0,3,3,3,3,3,3,3,3,3],
            [3,3,0,3,3,3,3,3,3,3,3],
            [3,3,3,0,3,3,3,3,3,3,3],
            [3,3,3,3,0,3,3,3,3,3,3],
            [3,3,3,3,3,0,3,3,3,3,3],
            [3,3,3,3,3,3,0,3,3,3,3],
            [3,3,3,3,3,3,3,0,3,3,3],
            [3,3,3,3,3,3,3,3,0,3,3],
            [3,3,3,3,3,3,3,3,3,0,3],
            [3,3,3,3,3,3,3,3,3,3,0]
        ],
        "probability_matrix": [
            [0,0.07913280027090788,0.031187383308962466,0.17972960712112337,0.1920396670957206,0.06266211390319917,0.04612813533214631,0.07776108602642642,0.17096554273458667,0.14394468117049106,0.01644898303643597],
            [0.25979617430746665,0,0.005072269984244345,0.18247063959304488,0.2299223179119803,0.0040859132535708,0.09917646878698191,0.06981788418280786,0.010295539663774698,0.047320042302547945,0.09204275001358075],
            [0.03851029152299909,0.12411480618187895,0,0.04156204855801246,0.19078519975335292,0.130822253147837,0.20421360091697058,0.02414192306170744,0.036920230077816904,0.13557628968589988,0.07335335709352479],
            [0.14644051395728266,0.14699217647937993,0.08973605923191415,0,0.10017817458661922,0.06297739907702017,0.12893706848785225,0.12231618237031036,0.01587680694825885,0.10647589449647228,0.08006972436489006],
            [0.05481777060544097,0.11834510069540724,0.09544233985002795,0.10804956523025604,0,0.17834675944511333,0.058216138938799886,0.08383272207574029,0.08452188458199748,0.05135722634083541,0.16707049223638132],
            [0.045253890311495834,0.04781159248223748,0.2043334357981579,0.1846411795798753,0.18301596771164025,0,0.17606673756832825,0.018586092531900526,0.04576514144774193,0.038855949310037045,0.055670013258585394],
            [0.1590648785567201,0.02514210207555474,0.1302800198914862,0.1787733151142737,0.16919285690438002,0.07181743411226528,0,0.02002610671796238,0.1239683677265989,0.1048513871126107,0.016883531788147943],
            [0.17158512506863374,0.11562229004696101,0.11934327843531525,0.14536011312816272,0.13277391194516316,0.02124234963562927,0.05069042321050989,0,0.05937278661878815,0.13331136408507854,0.05069835782575814],
            [0.12605496120567616,0.13504848756515506,0.0831579926735043,0.1303794886701749,0.07227320901623603,0.0928609618860023,0.1030261599556233,0.017345099275100917,0,0.13701826086615473,0.1028353788863724],
            [0.034178419905892675,0.07640557745460158,0.11298082738585356,0.03128010707416224,0.12408546043416192,0.08116851310570007,0.09396420482874426,0.11584942638138969,0.14390429077910485,0,0.1861831726503892],
            [0.11235464193329138,0.12267206481775232,0.07425962728547054,0.039018891350484836,0.14630708830606165,0.1532920384888651,0.0952077029108532,0.12400859689512429,0.06629869532327294,0.06658065268882359,0]
        ],
        "city_names": ["Cardiff","Newcastle","Plymouth","Norwich","Manchester","London","Leeds","Sheffield","Birmingham","Liverpool","Portsmouth"],
        "reward_matrix": [
            [0,44455,20684,43918,68638,64503,62087,69479,85625,62427,51114],
            [44455,0,100,23333,69390,43918,88578,81186,65040,75601,30529],
            [20684,100,0,41806,24282,62391,17731,25123,41269,18071,75780],
            [43918,23333,41806,0,47516,85625,40965,48357,64503,41305,72236],
            [68638,69390,24282,47516,0,68101,87021,79628,89223,99999,54712],
            [64503,43918,62391,85625,68101,0,61550,68942,85088,61890,92821],
            [62087,88578,17731,40965,87021,61550,0,98817,82671,93232,48161],
            [69479,81186,25123,48357,79628,68942,98817,0,90064,85840,55553],
            [85625,65040,41269,64503,89223,85088,82671,90064,0,83012,71699],
            [62427,75601,18071,41305,99999,61890,93232,85840,83012,0,48501],
            [51114,30529,75780,72236,54712,92821,48161,55553,71699,48501,0]
        ]
    },
    "vehicle_capacities": [5,5,5,30,30,30,30,30,30,30,30],
    "runs": [{
        "number_of_vehicles": 3,
        "avg_task_cost_vs_number_of_task": [3480,2315,1563,1962.3749999999998,2282.4,1997.8333333333333,1915.357142857143,1830,1977.8333333333333,1922.1,1812.7272727272723,1670.0416666666667,1541.576923076923,1628.1428571428569,1646.133333333333,1543.2499999999995,1576.647058823529,1558.5277777777774,1476.4999999999995,1491.0999999999997,1564.7142857142853,1493.5909090909088,1428.6521739130433,1399.333333333333,1425.44,1509.2692307692303,1502.9259259259254,1543.6071428571427,1490.3793103448274,1509.2666666666662]
    }]
}