{
    "vehicle_starting_positions": ["Newcastle","Cardiff","Plymouth","Norwich","Manchester","London","Leeds","Sheffield","Birmingham","Liverpool","Portsmouth"],
    "task_distribution": {
        "distance_matrix": [
            [0,345,477.8,348,209.9,233,246.5,205.2,115,244.6,307.8],
            [345,0,592.8,463,205.7,348,98.5,139.8,230,171,422.8],
            [477.8,592.8,0,359.8,457.7,244.8,494.3,453,362.8,492.4,170],
            [348,463,359.8,0,327.9,115,364.5,323.2,233,362.6,189.8],
            [209.9,205.7,457.7,327.9,0,212.9,107.2,148.5,94.9,34.7,287.7],
            [233,348,244.8,115,212.9,0,249.5,208.2,118,247.6,74.8],
            [246.5,98.5,494.3,364.5,107.2,249.5,0,41.3,131.5,72.5,324.3],
            [205.2,139.8,453,323.2,148.5,208.2,41.3,0,90.2,113.8,283],
            [115,230,362.8,233,94.9,118,131.5,90.2,0,129.6,192.8],
            [244.6,171,492.4,362.6,34.7,247.6,72.5,113.8,129.6,0,322.4],
            [307.8,422.8,170,189.8,287.7,74.8,324.3,283,192.8,322.4,0]
        ],
        "weight_matrix": [
            [0,3,3,3,3,3,3,3,3,3,3],
            [3,0,3,3,3,3,3,3,3,3,3],
            [3,3,0,3,3,3,3,3,3,3,3],
            [3,3,3,0,3,3,3,3,3,3,3],
            [3,3,3,3,0,3,3,3,3,3,3],
            [3,3,3,3,3,0,3,3,3,3,3],
            [3,3,3,3,3,3,0,3,3,3,3],
            [3,3,3,3,3,3,3,0,3,3,3],
            [3,3,3,3,3,3,3,3,0,3,3],
            [3,3,3,3,3,3,3,3,3,0,3],
            [3,3,3,3,3,3,3,3,3,3,0]
        ],
        "probability_matrix": [
            [0,0.01852492519832178,0.13531097629765895,0.1372324966817068,0.0715462660963782,0.07171405740215059,0.1382159673340349,0.14551800385681246,0.06404143046366075,0.08691848461221041,0.1309773920570651],
            [0.02700710766169498,0,0.018238619658365488,0.10847304659237304,0.014192204132830972,0.1357870503569905,0.25892799619912726,0.18980058497322366,0.04588343068219549,0.1533856196282809,0.04830434011491772],
            [0.08116455208440757,0.04097441634075393,0,0.1280886851213762,0.005060499195360903,0.20876916812050644,0.13891558315178112,0.08057192563151369,0.17379010352617638,0.07430599031250502,0.06835907651561876],
            [0.15707550865126618,0.14394538722353298,0.10710775281635486,0,0.08662317736131328,0.025129173946293767,0.1130175441998907,0.1040083299541383,0.12918007051615796,0.09213051854796159,0.04178253678309033],
            [0.08633297085523124,0.07146189214490856,0.048492013217417085,0.12996720165640727,0,0.13329829872653315,0.19626369144802217,0.05709285680349247,0.2049032102779803,0.022575961252509925,0.04961190361749767],
            [0.07184373811696748,0.018579755995106462,0.05342380995605717,0.12487728585764082,0.1995494122323423,0,0.13877198252934708,0.11860252342586892,0.20189417658551634,0.06479321737671809,0.007664097924435299],
            [0.09513557824047275,0.09433359014158661,0.22451081267479422,0.10533080866303171,0.019387701525058157,0.13656780693603846,0,0.16559120846352277,0.03807991607711038,0.03421299843563096,0.08684957884275402],
            [0.1949639677279061,0.08556365259644357,0.14606262507555684,0.03558128374080879,0.06827125045113094,0.11647357391754462,0.16582618546514816,0,0.007344317161411226,0.15595954558450598,0.023953598279543895],
            [0.0062646913756124415,0.02616382677168835,0.1170181925768977,0.06862302978736287,0.05352720842007436,0.17776809550140074,0.1432232239169792,0.06435797533377134,0,0.17228570500981083,0.17076805130640227],
            [0.11979154935604121,0.14825956149539704,0.14038306190595357,0.151972946848255,0.1103163255251239,0.015753638560865695,0.11380290125722188,0.00732759571734556,0.09950649133819545,0,0.09288592799560076],
            [0.1331136894846317,0.09371323045277406,0.0015127903231964967,0.12462082042438954,0.16764339894142635,0.1662258842028116,0.07646144126017983,0.03162920063057421,0.06419947859007914,0.1408800656899372,0]
        ],
        "city_names": ["Cardiff","Newcastle","Plymouth","Norwich","Manchester","London","Leeds","Sheffield","Birmingham","Liverpool","Portsmouth"],
        "reward_matrix": [
            [0,44455,20684,43918,68638,64503,62087,69479,85625,62427,51114],
            [44455,0,100,23333,69390,43918,88578,81186,65040,75601,30529],
            [20684,100,0,41806,24282,62391,17731,25123,41269,18071,75780],
            [43918,23333,41806,0,47516,85625,40965,48357,64503,41305,72236],
            [68638,69390,24282,47516,0,68101,87021,79628,89223,99999,54712],
            [64503,43918,62391,85625,68101,0,61550,68942,85088,61890,92821],
            [62087,88578,17731,40965,87021,61550,0,98817,82671,93232,48161],
            [69479,81186,25123,48357,79628,68942,98817,0,90064,85840,55553],
            [85625,65040,41269,64503,89223,85088,82671,90064,0,83012,71699],
            [62427,75601,18071,41305,99999,61890,93232,85840,83012,0,48501],
            [51114,30529,75780,72236,54712,92821,48161,55553,71699,48501,0]
        ]
    },
    "vehicle_capacities": [5,5,5,30,30,30,30,30,30,30,30],
    "runs": [{
        "number_of_vehicles": 3,
        "avg_task_cost_vs_number_of_task": [2229.5,1639.5,1394.8333333333333,1046.125,836.9,1095.5833333333333,1292.142857142857,1264.625,1255.2222222222222,1376.2,1438.2272727272727,1393.5416666666667,1356,1296,1329.5333333333333,1432.6249999999998,1469.0588235294115,1536.4999999999998,1578.2631578947367,1589.2999999999997,1580.190476190476,1601.6363636363633,1631.9999999999998,1591.041666666666,1541.5199999999998,1585.4230769230767,1589.3703703703702,1672.8928571428569,1637.5862068965514,1602.866666666666]
    }]
}