{
    "vehicle_starting_positions": ["Brest","Paris","Marseille","Genève","Monaco","Le Havre","Bordeaux","Lyon","Strasbourg"],
    "task_distribution": {
        "distance_matrix": [
            [0,591,1373,1206,1598,787,1175,1057,1078],
            [591,0,782,615,1007,196,584,466,487],
            [1373,782,0,465,225,978,646,316,854],
            [1206,615,465,0,521,811,737,149,389],
            [1598,1007,225,521,0,1203,871,541,910],
            [787,196,978,811,1203,0,780,662,683],
            [1175,584,646,737,871,780,0,588,1071],
            [1057,466,316,149,541,662,588,0,538],
            [1078,487,854,389,910,683,1071,538,0]
        ],
        "weight_matrix": [
            [0,3,3,3,3,3,3,3,3],
            [3,0,3,3,3,3,3,3,3],
            [3,3,0,3,3,3,3,3,3],
            [3,3,3,0,3,3,3,3,3],
            [3,3,3,3,0,3,3,3,3],
            [3,3,3,3,3,0,3,3,3],
            [3,3,3,3,3,3,0,3,3],
            [3,3,3,3,3,3,3,0,3],
            [3,3,3,3,3,3,3,3,0]
        ],
        "probability_matrix": [
            [0,0.17575700885668855,0.19858029606218408,0.05161902212906096,0.09604572684201589,0.1345271866905523,0.1438117573240706,0.07068483520045879,0.12897416689496885],
            [0.1862889735781084,0,0.0839408521147893,0.08215443967166756,0.1072109720716663,0.14169165534481803,0.09460877063236638,0.15574441901312855,0.14835991757345546],
            [0.0799232223954389,0.10667870098206335,0,0.013957180742869965,0.1781556346981261,0.1802040106622241,0.15419735722674988,0.07316711651913836,0.2137167767733894],
            [0.1683629674416632,0.09697392548580391,0.1303294477256666,0,0.0018278640088634855,0.05904564132252712,0.17113388969507018,0.14450544098195275,0.22782082333845277],
            [0.21817163567486875,0.06684833168559007,0.12167321977401802,0.15989939033167103,0,0.08799479868346705,0.19959733214860587,0.028911735943140685,0.1169035557586387],
            [0.18044599327284955,0.26536830617169405,0.13992255253101765,0.048147155316007904,0.14541015967922483,0,0.10685200158756149,0.01264422393351113,0.10120960750813328],
            [0.03869979404992067,0.011844399095489812,0.23216623801963351,0.20094672421773996,0.14014823362472345,0.25765061818842955,0,0.03235665056706116,0.08618734223700204],
            [0.11862718194774075,0.136954533296347,0.14743837629519843,0.19336850690277374,0.0432574274279139,0.13442392665491373,0.12391481772749902,0,0.10201522974761336],
            [0.16792486132478152,0.16501308284480726,0.016603893698526207,0.058187963869825464,0.09576783383888243,0.22058279731149327,0.23574157339210486,0.04017799371957902,0]
        ],
        "city_names": ["Brest","Paris","Marseille","Genève","Monaco","Le Havre","Bordeaux","Lyon","Strasbourg"],
        "reward_matrix": [
            [0,69526,15612,27125,100,56013,29263,37398,35950],
            [69526,0,56357,67871,40845,96758,70008,78143,76696],
            [15612,56357,0,78212,94759,42844,65734,88485,51393],
            [27125,67871,78212,0,74352,54358,59460,99999,83452],
            [100,40845,94759,74352,0,27332,50221,72973,47533],
            [56013,96758,42844,54358,27332,0,56495,64631,63183],
            [29263,70008,65734,59460,50221,56495,0,69732,36433],
            [37398,78143,88485,99999,72973,64631,69732,0,73180],
            [35950,76696,51393,83452,47533,63183,36433,73180,0]
        ]
    },
    "vehicle_capacities": [10,10,10,30,30,30,30,30,30],
    "runs": [{
        "number_of_vehicles": 3,
        "avg_task_cost_vs_number_of_task": [4270,3115,3755,3376.25,2701,2743.3333333333335,2351.4285714285716,2546.25,2595.5555555555557,2631.5,2392.2727272727275,2472.5,2282.3076923076924,2199.6428571428573,2097.6666666666665,1965,2048.235294117647,1934.4444444444443,1946.842105263158,1847.75,1799.7619047619048,1984.5454545454545,1943.695652173913,2086.875,2032,1922.5,1857.7777777777778,1996.607142857143,1873.9655172413793,2116.1666666666665]
    }]
}