{
    "vehicle_starting_positions": ["Brest","Paris","Marseille","Genève","Monaco","Le Havre","Bordeaux","Lyon","Strasbourg"],
    "task_distribution": {
        "distance_matrix": [
            [0,591,1373,1206,1598,787,1175,1057,1078],
            [591,0,782,615,1007,196,584,466,487],
            [1373,782,0,465,225,978,646,316,854],
            [1206,615,465,0,521,811,737,149,389],
            [1598,1007,225,521,0,1203,871,541,910],
            [787,196,978,811,1203,0,780,662,683],
            [1175,584,646,737,871,780,0,588,1071],
            [1057,466,316,149,541,662,588,0,538],
            [1078,487,854,389,910,683,1071,538,0]
        ],
        "weight_matrix": [
            [0,3,3,3,3,3,3,3,3],
            [3,0,3,3,3,3,3,3,3],
            [3,3,0,3,3,3,3,3,3],
            [3,3,3,0,3,3,3,3,3],
            [3,3,3,3,0,3,3,3,3],
            [3,3,3,3,3,0,3,3,3],
            [3,3,3,3,3,3,0,3,3],
            [3,3,3,3,3,3,3,0,3],
            [3,3,3,3,3,3,3,3,0]
        ],
        "probability_matrix": [
            [0,0.057583624265410575,0.1902574196288519,0.09393546061797375,0.06951048915055293,0.17169700505464658,0.16359917046811337,0.10918388586943527,0.14423294494501568],
            [0.0451662991960607,0,0.20767784671397413,0.169327803009779,0.2320835091180755,0.0051073435747311996,0.15283473492185945,0.1089146544067382,0.07888780905878204],
            [0.24203966488356102,0.05109587664966415,0,0.07333108805263451,0.01577310954141453,0.07341308061854092,0.2530970630543183,0.13977272140672575,0.1514773957931408],
            [0.21587291432974318,0.051321666818317915,0.15168218105952402,0,0.06542157538571482,0.13279749028669433,0.06771637989938274,0.14032493820847475,0.17486285401214824],
            [0.1823329578698024,0.1914348781880773,0.19353490050914998,0.07287316992948979,0,0.0380594043230791,0.04023476126562001,0.1419872948887443,0.13954263302603737],
            [0.031592420301117294,0.08055859907648659,0.1828724131197983,0.13335659346489165,0.15991014231156434,0,0.15958005513053286,0.08034985256638574,0.17177992402922318],
            [0.033622859174493334,0.1695780332459608,0.09265715935650581,0.07233729191117148,0.09612068179700249,0.16581647801318677,0,0.1628309196677292,0.20703657683395013],
            [0.10531729210373614,0.13418345253082795,0.1979966212915961,0.18913397911868612,0.11563856244928962,0.14874298590378818,0.0756546357448202,0,0.033332470857255735],
            [0.186996215161137,0.10597337800174472,0.054630941408233685,0.2273756132280226,0.07819709531893337,0.04881455473053549,0.08169421863307129,0.21631798351832202,0]
        ],
        "city_names": ["Brest","Paris","Marseille","Genève","Monaco","Le Havre","Bordeaux","Lyon","Strasbourg"],
        "reward_matrix": [
            [0,69526,15612,27125,100,56013,29263,37398,35950],
            [69526,0,56357,67871,40845,96758,70008,78143,76696],
            [15612,56357,0,78212,94759,42844,65734,88485,51393],
            [27125,67871,78212,0,74352,54358,59460,99999,83452],
            [100,40845,94759,74352,0,27332,50221,72973,47533],
            [56013,96758,42844,54358,27332,0,56495,64631,63183],
            [29263,70008,65734,59460,50221,56495,0,69732,36433],
            [37398,78143,88485,99999,72973,64631,69732,0,73180],
            [35950,76696,51393,83452,47533,63183,36433,73180,0]
        ]
    },
    "vehicle_capacities": [5,5,5,30,30,30,30,30,30],
    "runs": [{
        "number_of_vehicles": 3,
        "avg_task_cost_vs_number_of_task": [5850,4402.5,5878.333333333333,5753.75,4919,4589.166666666667,4632.142857142857,4945.625,4939.444444444444,4641.5,4363.181818181818,4187.083333333333,4419.615384615385,4146.071428571428,4025,4441.875,4317.64705882353,4376.666666666667,4494.736842105263,4428,4532.380952380952,4538.181818181818,4596.304347826087,4872.083333333333,4893.6,4826.923076923077,4923.518518518518,4936.428571428572,4952.758620689655,4955]
    }]
}