{
    "vehicle_starting_positions": ["Brest","Paris","Marseille","Genève","Monaco","Le Havre","Bordeaux","Lyon","Strasbourg"],
    "task_distribution": {
        "distance_matrix": [
            [0,591,1373,1206,1598,787,1175,1057,1078],
            [591,0,782,615,1007,196,584,466,487],
            [1373,782,0,465,225,978,646,316,854],
            [1206,615,465,0,521,811,737,149,389],
            [1598,1007,225,521,0,1203,871,541,910],
            [787,196,978,811,1203,0,780,662,683],
            [1175,584,646,737,871,780,0,588,1071],
            [1057,466,316,149,541,662,588,0,538],
            [1078,487,854,389,910,683,1071,538,0]
        ],
        "weight_matrix": [
            [0,3,3,3,3,3,3,3,3],
            [3,0,3,3,3,3,3,3,3],
            [3,3,0,3,3,3,3,3,3],
            [3,3,3,0,3,3,3,3,3],
            [3,3,3,3,0,3,3,3,3],
            [3,3,3,3,3,0,3,3,3],
            [3,3,3,3,3,3,0,3,3],
            [3,3,3,3,3,3,3,0,3],
            [3,3,3,3,3,3,3,3,0]
        ],
        "probability_matrix": [
            [0,0.13677485719661883,0.18508302865515752,0.17646400560721812,0.14560247985772307,0.11754571606704137,0.21791430765549893,0.019697122740638468,9.184822201038249E-4],
            [0.04828885491358096,0,0.03863497273985497,0.1514510810204257,0.2214657719148952,0.03033746240726265,0.11363363630955821,0.2920791615280935,0.10410905916632886],
            [0.018704068588814318,0.2003151205266946,0,0.11047127472907786,0.14173206442069053,0.19948731202059455,0.19804123949908461,0.07606076132757467,0.05518815888746896],
            [0.2016867498514004,0.20422383151772555,0.038248265098027985,0,0.12302433974760774,0.021779945608843367,0.18262885177200444,0.05411101510759354,0.17429700129679693],
            [0.18832792368125317,0.2341804278154553,0.13182337425638138,0.08617619946258494,0,0.04733949136636018,0.20470098338371429,0.015526624292940924,0.09192497574130987],
            [0.10499201000577353,0.16367061806313535,0.1018395674304541,0.10234561481332934,0.15398274745570786,0,0.1264096034252705,0.08464442287815736,0.1621154159281721],
            [0.14653017420211215,0.1682184461148621,0.027083394263310485,0.17870053923880896,0.18787480792836883,0.07744604001157976,0,0.10092778895004452,0.1132188092909131],
            [0.005463180659777104,0.12104948601604604,0.25552858262565925,0.10755455623664456,0.26096156602441917,0.11394030251433401,0.105927283569748,0,0.029575042353372057],
            [0.1140586038688716,0.03147809398045555,0.158400468784105,0.15840805956085108,0.14437813140204828,0.17038664806878126,0.039474765474386456,0.1834152288605008,0]
        ],
        "city_names": ["Brest","Paris","Marseille","Genève","Monaco","Le Havre","Bordeaux","Lyon","Strasbourg"],
        "reward_matrix": [
            [0,69526,15612,27125,100,56013,29263,37398,35950],
            [69526,0,56357,67871,40845,96758,70008,78143,76696],
            [15612,56357,0,78212,94759,42844,65734,88485,51393],
            [27125,67871,78212,0,74352,54358,59460,99999,83452],
            [100,40845,94759,74352,0,27332,50221,72973,47533],
            [56013,96758,42844,54358,27332,0,56495,64631,63183],
            [29263,70008,65734,59460,50221,56495,0,69732,36433],
            [37398,78143,88485,99999,72973,64631,69732,0,73180],
            [35950,76696,51393,83452,47533,63183,36433,73180,0]
        ]
    },
    "vehicle_capacities": [15,15,15,30,30,30,30,30,30],
    "runs": [{
        "number_of_vehicles": 3,
        "avg_task_cost_vs_number_of_task": [8795,4397.5,3706.6666666666665,4070,3256,3336.6666666666665,2860,2687.5,2605,2525.5,2223.181818181818,1967.5,2007.6923076923076,1847.142857142857,2053,1968.125,1862.3529411764705,1928.888888888889,1976.0526315789473,1850.5,1919.5238095238096,2058.8636363636365,1976.9565217391305,2024.1666666666667,1905.4,1909.2307692307693,2082.777777777778,1825.357142857143,1985.6896551724137,1868.6666666666667]
    }]
}