{
    "vehicle_starting_positions": ["Brest","Paris","Marseille","Genève","Monaco","Le Havre","Bordeaux","Lyon","Strasbourg"],
    "task_distribution": {
        "distance_matrix": [
            [0,591,1373,1206,1598,787,1175,1057,1078],
            [591,0,782,615,1007,196,584,466,487],
            [1373,782,0,465,225,978,646,316,854],
            [1206,615,465,0,521,811,737,149,389],
            [1598,1007,225,521,0,1203,871,541,910],
            [787,196,978,811,1203,0,780,662,683],
            [1175,584,646,737,871,780,0,588,1071],
            [1057,466,316,149,541,662,588,0,538],
            [1078,487,854,389,910,683,1071,538,0]
        ],
        "weight_matrix": [
            [0,3,3,3,3,3,3,3,3],
            [3,0,3,3,3,3,3,3,3],
            [3,3,0,3,3,3,3,3,3],
            [3,3,3,0,3,3,3,3,3],
            [3,3,3,3,0,3,3,3,3],
            [3,3,3,3,3,0,3,3,3],
            [3,3,3,3,3,3,0,3,3],
            [3,3,3,3,3,3,3,0,3],
            [3,3,3,3,3,3,3,3,0]
        ],
        "probability_matrix": [
            [0,0.0016275914765962222,0.09683449962613658,0.09145197624082091,0.14693330033316845,0.013332202990862975,0.2493722600025845,0.20676571973793875,0.1936824495918917],
            [0.07323798323464019,0,0.1967661030393717,0.1632099810779629,0.2082193906315989,0.19565242691156606,0.07012114278323218,0.02277434412118858,0.07001862820043951],
            [0.013507272094870137,0.18004591362145878,0,0.278106649160871,0.21016380930117634,0.004880195969882266,0.032447035927007914,0.18043977589752358,0.10040934802720997],
            [0.014965371643237482,0.2163800726172262,0.24325490202792935,0,0.043627794640027154,0.0753646706615634,0.07524127398318294,0.10166357465450614,0.22950233977232742],
            [0.035233258760815,0.07278391670766048,0.11952263210366021,0.1141446803459912,0,0.17836758174843587,0.22527007199343935,0.18331190150813628,0.07136595683186168],
            [0.04939310507435293,0.11936173140369852,0.2815674856465986,0.12959182166625444,0.2351619984328834,0,0.1740909795980984,0.010128867791476495,7.040103866373049E-4],
            [0.20868476183818843,0.14267617776690913,0.18842817643587742,0.07458728938586927,0.2095465216710634,0.024612212990126697,0,0.06276408764861473,0.088700772263351],
            [0.017876927569841907,0.137175974675821,0.0160086876847013,0.23543844039610173,0.23330409814671155,0.17295635666981773,0.007633280893272899,0,0.17960623396373185],
            [0.11266786616455671,0.11581374845131717,0.1919624516208417,0.17336848953895784,0.05231704418245826,0.11015230034805344,0.06537025463799678,0.17834784505581808,0]
        ],
        "city_names": ["Brest","Paris","Marseille","Genève","Monaco","Le Havre","Bordeaux","Lyon","Strasbourg"],
        "reward_matrix": [
            [0,69526,15612,27125,100,56013,29263,37398,35950],
            [69526,0,56357,67871,40845,96758,70008,78143,76696],
            [15612,56357,0,78212,94759,42844,65734,88485,51393],
            [27125,67871,78212,0,74352,54358,59460,99999,83452],
            [100,40845,94759,74352,0,27332,50221,72973,47533],
            [56013,96758,42844,54358,27332,0,56495,64631,63183],
            [29263,70008,65734,59460,50221,56495,0,69732,36433],
            [37398,78143,88485,99999,72973,64631,69732,0,73180],
            [35950,76696,51393,83452,47533,63183,36433,73180,0]
        ]
    },
    "vehicle_capacities": [5,5,5,30,30,30,30,30,30],
    "runs": [{
        "number_of_vehicles": 3,
        "avg_task_cost_vs_number_of_task": [2955,2457.5,3915,5212.5,5878,5146.666666666667,5075.714285714285,4904.375,5308.333333333333,5181,5588.181818181818,5122.5,5343.076923076923,4961.428571428572,4935,5073.4375,4976.470588235294,4971.111111111111,4709.473684210527,4746.5,4591.428571428572,4472.5,4327.391304347826,4353.541666666667,4509.6,4567.5,4531.666666666667,4386.071428571428,4263.9655172413795,4316.5]
    }]
}