{
    "vehicle_starting_positions": ["Brest","Paris","Marseille","Genève","Monaco","Le Havre","Bordeaux","Lyon","Strasbourg"],
    "task_distribution": {
        "distance_matrix": [
            [0,591,1373,1206,1598,787,1175,1057,1078],
            [591,0,782,615,1007,196,584,466,487],
            [1373,782,0,465,225,978,646,316,854],
            [1206,615,465,0,521,811,737,149,389],
            [1598,1007,225,521,0,1203,871,541,910],
            [787,196,978,811,1203,0,780,662,683],
            [1175,584,646,737,871,780,0,588,1071],
            [1057,466,316,149,541,662,588,0,538],
            [1078,487,854,389,910,683,1071,538,0]
        ],
        "weight_matrix": [
            [0,3,3,3,3,3,3,3,3],
            [3,0,3,3,3,3,3,3,3],
            [3,3,0,3,3,3,3,3,3],
            [3,3,3,0,3,3,3,3,3],
            [3,3,3,3,0,3,3,3,3],
            [3,3,3,3,3,0,3,3,3],
            [3,3,3,3,3,3,0,3,3],
            [3,3,3,3,3,3,3,0,3],
            [3,3,3,3,3,3,3,3,0]
        ],
        "probability_matrix": [
            [0,0.1657712575020148,0.22917364049128836,0.023333077106635087,0.09959891502052207,0.026028308728028453,0.21827800604405345,0.04149017779994905,0.19632661730750886],
            [0.057889445763998564,0,0.08659821837880606,0.24228520871127632,0.06092281514035365,0.060237751749433285,0.17425585070323973,0.23066247412932286,0.08714823542356945],
            [0.007289007035285411,0.19242835048478066,0,0.20609116322463908,0.10514371312976264,0.014753397940246021,0.08507991625544585,0.20584798609750302,0.18336646583233723],
            [0.145882400383019,0.1333860550236584,0.17412622909076175,0,0.11530681271561088,0.12815574724457746,0.008810347138440875,0.07777115389465006,0.21656125450928163],
            [0.22620321045597444,0.16286314423300594,0.0467432746859319,0.005055430735193034,0,0.08566248362730453,0.22627565981156655,0.06245169260500006,0.1847451038460235],
            [0.04679191785485289,0.1910786091902035,0.15054705029194887,0.02581665770584988,0.04705395786867311,0,0.19465570569863286,0.17772739600117515,0.16632870538866387],
            [0.05732552405120082,0.03853469372244485,0.13344207774166536,0.27136299122186364,0.27456885947939047,0.1613092126969687,0,0.0028867563716607116,0.060569884714805476],
            [0.2085398397912391,0.051974399357046265,0.16264277380945422,0.15974509620118263,0.20932691124406444,0.02819984960176006,0.04241651394271549,0,0.13715461605253781],
            [0.01802896070193762,0.2825549717343239,0.014103677939145659,0.08479781937561269,0.26733554097505685,0.06754464891305106,0.19234481155957245,0.07328956880129985,0]
        ],
        "city_names": ["Brest","Paris","Marseille","Genève","Monaco","Le Havre","Bordeaux","Lyon","Strasbourg"],
        "reward_matrix": [
            [0,69526,15612,27125,100,56013,29263,37398,35950],
            [69526,0,56357,67871,40845,96758,70008,78143,76696],
            [15612,56357,0,78212,94759,42844,65734,88485,51393],
            [27125,67871,78212,0,74352,54358,59460,99999,83452],
            [100,40845,94759,74352,0,27332,50221,72973,47533],
            [56013,96758,42844,54358,27332,0,56495,64631,63183],
            [29263,70008,65734,59460,50221,56495,0,69732,36433],
            [37398,78143,88485,99999,72973,64631,69732,0,73180],
            [35950,76696,51393,83452,47533,63183,36433,73180,0]
        ]
    },
    "vehicle_capacities": [10,10,10,30,30,30,30,30,30],
    "runs": [{
        "number_of_vehicles": 3,
        "avg_task_cost_vs_number_of_task": [7790,6037.5,6020,4515,3810,3423.3333333333335,2934.285714285714,2812.5,2987.222222222222,2688.5,2579.5454545454545,2364.5833333333335,2468.846153846154,2235.3571428571427,2254.6666666666665,2190.3125,2327.6470588235293,2309.4444444444443,2308.9473684210525,2399.5,2181.6666666666665,2206.818181818182,2250.217391304348,2077.5,2156,2082.6923076923076,2222.222222222222,2037.142857142857,2183.103448275862,2247.3333333333335]
    }]
}