{
    "vehicle_starting_positions": ["Brest","Paris","Marseille","Genève","Monaco","Le Havre","Bordeaux","Lyon","Strasbourg"],
    "task_distribution": {
        "distance_matrix": [
            [0,591,1373,1206,1598,787,1175,1057,1078],
            [591,0,782,615,1007,196,584,466,487],
            [1373,782,0,465,225,978,646,316,854],
            [1206,615,465,0,521,811,737,149,389],
            [1598,1007,225,521,0,1203,871,541,910],
            [787,196,978,811,1203,0,780,662,683],
            [1175,584,646,737,871,780,0,588,1071],
            [1057,466,316,149,541,662,588,0,538],
            [1078,487,854,389,910,683,1071,538,0]
        ],
        "weight_matrix": [
            [0,3,3,3,3,3,3,3,3],
            [3,0,3,3,3,3,3,3,3],
            [3,3,0,3,3,3,3,3,3],
            [3,3,3,0,3,3,3,3,3],
            [3,3,3,3,0,3,3,3,3],
            [3,3,3,3,3,0,3,3,3],
            [3,3,3,3,3,3,0,3,3],
            [3,3,3,3,3,3,3,0,3],
            [3,3,3,3,3,3,3,3,0]
        ],
        "probability_matrix": [
            [0,0.04270401762938134,0.20243966423218326,0.19346611489380885,0.15959679434687063,0.010513485910924623,0.08126593326839604,0.14827593301617245,0.1617380567022628],
            [0.2559924136063251,0,0.022399243111916215,0.08279504746530485,0.08397525868504938,0.19567830251101753,0.0770975762847795,0.11556460642427291,0.16649755191133447],
            [0.06556234949647774,0.14601503790291676,0,0.004400173960114006,6.378901658201233E-4,0.20351531844197024,0.14361663047793097,0.20076237164842722,0.2354902279063429],
            [0.21577418743675245,0.04018703556206993,0.11690644981051718,0,0.1354385380646054,0.17637021690307117,0.07879898678524601,0.04949954191003568,0.1870250435277021],
            [0.1334623559829884,0.101046265519915,0.10494835289142888,0.1663993150197226,0,0.11442304902920637,0.04412950208893875,0.18647610307166773,0.14911505639613223],
            [0.08464475220392971,0.24186024148441407,0.04290365743472758,0.20660086991752877,0.08808410783053998,0,0.027430471104904902,0.06819838686368057,0.24027751316027446],
            [0.11342452343490575,0.2777161983458911,0.044656994781168344,0.06606447487146626,0.1802625616121972,0.005151979010472926,0,0.30257081794462404,0.010152449999274506],
            [0.27527814133669737,0.08248590002118585,0.05788950969964461,0.2696987554552279,0.016938262838066303,0.14243849044319767,0.08642398585653978,0,0.06884695434944045],
            [0.23831293084188704,0.07731684175539928,0.010275495759993852,0.13740039435968202,0.19654879001821335,0.0991941192096477,0.046222973631461634,0.1947284544237153,0]
        ],
        "city_names": ["Brest","Paris","Marseille","Genève","Monaco","Le Havre","Bordeaux","Lyon","Strasbourg"],
        "reward_matrix": [
            [0,69526,15612,27125,100,56013,29263,37398,35950],
            [69526,0,56357,67871,40845,96758,70008,78143,76696],
            [15612,56357,0,78212,94759,42844,65734,88485,51393],
            [27125,67871,78212,0,74352,54358,59460,99999,83452],
            [100,40845,94759,74352,0,27332,50221,72973,47533],
            [56013,96758,42844,54358,27332,0,56495,64631,63183],
            [29263,70008,65734,59460,50221,56495,0,69732,36433],
            [37398,78143,88485,99999,72973,64631,69732,0,73180],
            [35950,76696,51393,83452,47533,63183,36433,73180,0]
        ]
    },
    "vehicle_capacities": [10,10,10,30,30,30,30,30,30],
    "runs": [{
        "number_of_vehicles": 3,
        "avg_task_cost_vs_number_of_task": [2325,3015,2941.6666666666665,2945,2724,2270,2424.285714285714,2121.25,2032.2222222222222,2072.5,1884.090909090909,2083.75,2031.5384615384614,1984.642857142857,2167.6666666666665,2051.25,2056.176470588235,2028.888888888889,2102.3684210526317,2062.75,1981.904761904762,2019.5454545454545,2228.695652173913,2084.7916666666665,2337.8,2085.1923076923076,1997.4074074074074,1928.2142857142858,2013.6206896551723,2043.5]
    }]
}