{
    "vehicle_starting_positions": ["Brest","Paris","Marseille","Genève","Monaco","Le Havre","Bordeaux","Lyon","Strasbourg"],
    "task_distribution": {
        "distance_matrix": [
            [0,591,1373,1206,1598,787,1175,1057,1078],
            [591,0,782,615,1007,196,584,466,487],
            [1373,782,0,465,225,978,646,316,854],
            [1206,615,465,0,521,811,737,149,389],
            [1598,1007,225,521,0,1203,871,541,910],
            [787,196,978,811,1203,0,780,662,683],
            [1175,584,646,737,871,780,0,588,1071],
            [1057,466,316,149,541,662,588,0,538],
            [1078,487,854,389,910,683,1071,538,0]
        ],
        "weight_matrix": [
            [0,3,3,3,3,3,3,3,3],
            [3,0,3,3,3,3,3,3,3],
            [3,3,0,3,3,3,3,3,3],
            [3,3,3,0,3,3,3,3,3],
            [3,3,3,3,0,3,3,3,3],
            [3,3,3,3,3,0,3,3,3],
            [3,3,3,3,3,3,0,3,3],
            [3,3,3,3,3,3,3,0,3],
            [3,3,3,3,3,3,3,3,0]
        ],
        "probability_matrix": [
            [0,0.16696877604882895,0.18952451686908778,0.015776442956568652,0.07780507695315576,0.22175738583001786,0.17302692843368017,0.03464280303599362,0.12049806987266713],
            [0.06967868977069679,0,0.11728268811500209,0.0572493383699661,0.13700408821636992,0.13214575752134575,0.23632369409584839,0.03641053911088495,0.21390520479988595],
            [0.21305726394125735,0.10587015882092529,0,0.016492365982944898,0.032559350545076915,0.06641362903843312,0.22158313125568693,0.18710491477957528,0.15691918563610022],
            [0.018791298489727524,0.11899209114874808,0.24014664828622928,0,0.1593148254935016,0.20431157453473603,0.04960620961522081,0.11763144467420932,0.09120590775762749],
            [0.1311214551656545,0.00935476041911113,0.0421728390273713,0.21583199427490482,0,0.24894216155652812,0.08023859760669952,0.2046697106309778,0.06766848131875289],
            [0.12219054470086708,0.15608374968286326,0.19475870020816888,0.060736244195051706,0.040297384668056234,0,0.05234882161503084,0.16503525798702046,0.2085492969429416],
            [0.07657709067657516,0.05345501124545456,0.05891553333919147,0.18656725248727257,0.14830845290622044,0.25153369254699454,0,0.11493206216174694,0.10971090463654432],
            [0.028920378019785833,0.15574958527193908,0.17881197530873072,0.1981179247427104,0.1318323689862826,0.04108529681330133,0.11577418764854831,0,0.14970828320870175],
            [0.17489684156345542,0.04089322160777856,0.13330711696553443,0.040710898347110044,0.1634627186251003,0.22140614059316535,0.03683361243809233,0.18848944985976354,0]
        ],
        "city_names": ["Brest","Paris","Marseille","Genève","Monaco","Le Havre","Bordeaux","Lyon","Strasbourg"],
        "reward_matrix": [
            [0,69526,15612,27125,100,56013,29263,37398,35950],
            [69526,0,56357,67871,40845,96758,70008,78143,76696],
            [15612,56357,0,78212,94759,42844,65734,88485,51393],
            [27125,67871,78212,0,74352,54358,59460,99999,83452],
            [100,40845,94759,74352,0,27332,50221,72973,47533],
            [56013,96758,42844,54358,27332,0,56495,64631,63183],
            [29263,70008,65734,59460,50221,56495,0,69732,36433],
            [37398,78143,88485,99999,72973,64631,69732,0,73180],
            [35950,76696,51393,83452,47533,63183,36433,73180,0]
        ]
    },
    "vehicle_capacities": [10,10,10,30,30,30,30,30,30],
    "runs": [{
        "number_of_vehicles": 3,
        "avg_task_cost_vs_number_of_task": [3910,3415,3291.6666666666665,3562.5,3704,3086.6666666666665,2858.5714285714284,2920,2899.4444444444443,2694,2502.7272727272725,2488.3333333333335,2304.6153846153848,2140,2264.6666666666665,2166.875,2276.764705882353,2153.6111111111113,2101.315789473684,1946,2003.8095238095239,2118.6363636363635,2260.4347826086955,1982.9166666666667,2093,2093.653846153846,2004.6296296296296,2087.8571428571427,1956.7241379310344,1923.1666666666667]
    }]
}