{
    "vehicle_starting_positions": ["Brest","Paris","Marseille","Genève","Monaco","Le Havre","Bordeaux","Lyon","Strasbourg"],
    "task_distribution": {
        "distance_matrix": [
            [0,591,1373,1206,1598,787,1175,1057,1078],
            [591,0,782,615,1007,196,584,466,487],
            [1373,782,0,465,225,978,646,316,854],
            [1206,615,465,0,521,811,737,149,389],
            [1598,1007,225,521,0,1203,871,541,910],
            [787,196,978,811,1203,0,780,662,683],
            [1175,584,646,737,871,780,0,588,1071],
            [1057,466,316,149,541,662,588,0,538],
            [1078,487,854,389,910,683,1071,538,0]
        ],
        "weight_matrix": [
            [0,3,3,3,3,3,3,3,3],
            [3,0,3,3,3,3,3,3,3],
            [3,3,0,3,3,3,3,3,3],
            [3,3,3,0,3,3,3,3,3],
            [3,3,3,3,0,3,3,3,3],
            [3,3,3,3,3,0,3,3,3],
            [3,3,3,3,3,3,0,3,3],
            [3,3,3,3,3,3,3,0,3],
            [3,3,3,3,3,3,3,3,0]
        ],
        "probability_matrix": [
            [0,0.3785373307102325,0.03186857871169904,0.12985992830065984,0.2182048762751956,0.038517610775172705,0.12052861155480217,0.032162492598024485,0.05032057107421358],
            [0.0834998659790175,0,0.22147339276645756,0.18154675670852574,0.08599448840536834,0.13373044741762166,0.24484613343060618,0.03671456548031132,0.012194349812091781],
            [0.06315748003222112,0.23862963197825948,0,0.18795823333256792,0.018434523116353,0.08649248771332683,0.13445845524147867,0.19521977858676118,0.07564940999903193],
            [0.1176340964753196,0.1464664457992138,0.1686839450881219,0,0.19583121324499733,0.04277802696108201,0.2001886613289819,0.10729020811323989,0.02112740298904354],
            [0.1622641112911384,0.116255723059248,0.17395985721084797,0.1956197052154564,0,0.008906515833820844,0.11190175911812951,0.060494780523223796,0.170597547748135],
            [0.14267735090707834,0.10807575070385678,0.09213766749371449,0.20797463335961194,0.13411261640350575,0,0.08608407988333198,0.10282196601344967,0.126115935235451],
            [0.25440538534892365,0.1611763120282081,0.10683686755076754,0.016462933284121475,0.13284618052044908,0.1809779348928734,0,0.07833928090908444,0.06895510546557226],
            [0.03329832523060231,0.006924115796994173,0.06049951299855229,0.1682773691571617,0.3314235347923288,0.25533915272891017,0.026207702951384228,0,0.11803028634406626],
            [0.1429953871787982,0.11796348840295878,0.2021217127894604,0.1793290399143655,0.06625677704297347,0.036615715431590326,0.1847704145102021,0.06994746472965131,0]
        ],
        "city_names": ["Brest","Paris","Marseille","Genève","Monaco","Le Havre","Bordeaux","Lyon","Strasbourg"],
        "reward_matrix": [
            [0,69526,15612,27125,100,56013,29263,37398,35950],
            [69526,0,56357,67871,40845,96758,70008,78143,76696],
            [15612,56357,0,78212,94759,42844,65734,88485,51393],
            [27125,67871,78212,0,74352,54358,59460,99999,83452],
            [100,40845,94759,74352,0,27332,50221,72973,47533],
            [56013,96758,42844,54358,27332,0,56495,64631,63183],
            [29263,70008,65734,59460,50221,56495,0,69732,36433],
            [37398,78143,88485,99999,72973,64631,69732,0,73180],
            [35950,76696,51393,83452,47533,63183,36433,73180,0]
        ]
    },
    "vehicle_capacities": [5,5,5,30,30,30,30,30,30],
    "runs": [{
        "number_of_vehicles": 3,
        "avg_task_cost_vs_number_of_task": [3910,4970,5478.333333333333,5857.5,5669,5563.333333333333,5647.142857142857,5266.875,5694.444444444444,5509,5723.636363636364,5449.583333333333,5198.846153846154,5199.642857142857,5362.333333333333,5027.1875,4989.705882352941,4955.833333333333,4850.526315789473,4844.75,4754.761904761905,4762.045454545455,4789.130434782609,4768.333333333333,4670.8,4812.115384615385,4992.407407407408,4888.214285714285,4842.586206896552,4982.833333333333]
    }]
}