{
    "vehicle_starting_positions": ["Brest","Paris","Marseille","Genève","Monaco","Le Havre","Bordeaux","Lyon","Strasbourg"],
    "task_distribution": {
        "distance_matrix": [
            [0,591,1373,1206,1598,787,1175,1057,1078],
            [591,0,782,615,1007,196,584,466,487],
            [1373,782,0,465,225,978,646,316,854],
            [1206,615,465,0,521,811,737,149,389],
            [1598,1007,225,521,0,1203,871,541,910],
            [787,196,978,811,1203,0,780,662,683],
            [1175,584,646,737,871,780,0,588,1071],
            [1057,466,316,149,541,662,588,0,538],
            [1078,487,854,389,910,683,1071,538,0]
        ],
        "weight_matrix": [
            [0,3,3,3,3,3,3,3,3],
            [3,0,3,3,3,3,3,3,3],
            [3,3,0,3,3,3,3,3,3],
            [3,3,3,0,3,3,3,3,3],
            [3,3,3,3,0,3,3,3,3],
            [3,3,3,3,3,0,3,3,3],
            [3,3,3,3,3,3,0,3,3],
            [3,3,3,3,3,3,3,0,3],
            [3,3,3,3,3,3,3,3,0]
        ],
        "probability_matrix": [
            [0,0.08039339627012713,0.08683663728973412,0.07428941212097893,0.02786496721959517,0.2365511276261304,0.19869547356775605,0.07220984334310514,0.2231591425625731],
            [0.21431147159818345,0,0.15065719007457176,0.12075159326604419,0.09780624492089232,0.14593550890668688,0.033179470961109916,0.055245517737002287,0.18211300253550922],
            [0.09876903747480201,0.230666527629152,0,0.3216637074818113,0.08705895395071606,0.07429886436296165,0.07228201371616723,0.1051458414366343,0.010115053947755522],
            [0.043134897213300265,0.17270576118712463,0.1021383392886406,0,0.11692831517929801,0.11479750857180296,0.1914763336786711,0.23702598174516615,0.02179286313599638],
            [0.06412266522604933,0.08867002529573238,0.12385475518149984,0.1497424536070973,0,0.07962792415065253,0.15406080046064327,0.16670114180885423,0.1732202342694712],
            [0.20564324364227027,0.2087928822793632,0.13377810100154103,0.04536807177681178,0.07096941288143688,0,0.187004115075436,0.07188136210646996,0.07656281123667077],
            [0.007787678191975686,0.1057588300204748,0.032976613089862605,0.23119726711419866,0.1569797675969745,0.06134005800501414,0,0.25325844272434017,0.15070134325715934],
            [0.011247067883075916,0.04419362824105064,0.06509525283263357,0.27212509929844747,0.2130883978780804,0.17336234016355492,0.20154565751510728,0,0.01934255618804979],
            [0.17137411580648,0.1752819717772109,0.12776697904732626,0.13800567804238267,0.014982410736434325,0.06060122483606422,0.18103794390779848,0.13094967584630318,0]
        ],
        "city_names": ["Brest","Paris","Marseille","Genève","Monaco","Le Havre","Bordeaux","Lyon","Strasbourg"],
        "reward_matrix": [
            [0,69526,15612,27125,100,56013,29263,37398,35950],
            [69526,0,56357,67871,40845,96758,70008,78143,76696],
            [15612,56357,0,78212,94759,42844,65734,88485,51393],
            [27125,67871,78212,0,74352,54358,59460,99999,83452],
            [100,40845,94759,74352,0,27332,50221,72973,47533],
            [56013,96758,42844,54358,27332,0,56495,64631,63183],
            [29263,70008,65734,59460,50221,56495,0,69732,36433],
            [37398,78143,88485,99999,72973,64631,69732,0,73180],
            [35950,76696,51393,83452,47533,63183,36433,73180,0]
        ]
    },
    "vehicle_capacities": [15,15,15,30,30,30,30,30,30],
    "runs": [{
        "number_of_vehicles": 3,
        "avg_task_cost_vs_number_of_task": [6030,3387.5,3033.3333333333335,2626.25,3419,2849.1666666666665,2582.1428571428573,2515,2596.1111111111113,2595,2200.909090909091,2052.5,2003.4615384615386,1860.357142857143,1642,1895.9375,1823.8235294117646,1793.611111111111,1682.3684210526317,1520.5,1536.6666666666667,1562.2727272727273,1416.7391304347825,1732.9166666666667,1495,1592.1153846153845,1368.7037037037037,1526.0714285714287,1493.448275862069,1721]
    }]
}