{
    "vehicle_starting_positions": ["Brest","Paris","Marseille","Genève","Monaco","Le Havre","Bordeaux","Lyon","Strasbourg"],
    "task_distribution": {
        "distance_matrix": [
            [0,591,1373,1206,1598,787,1175,1057,1078],
            [591,0,782,615,1007,196,584,466,487],
            [1373,782,0,465,225,978,646,316,854],
            [1206,615,465,0,521,811,737,149,389],
            [1598,1007,225,521,0,1203,871,541,910],
            [787,196,978,811,1203,0,780,662,683],
            [1175,584,646,737,871,780,0,588,1071],
            [1057,466,316,149,541,662,588,0,538],
            [1078,487,854,389,910,683,1071,538,0]
        ],
        "weight_matrix": [
            [0,3,3,3,3,3,3,3,3],
            [3,0,3,3,3,3,3,3,3],
            [3,3,0,3,3,3,3,3,3],
            [3,3,3,0,3,3,3,3,3],
            [3,3,3,3,0,3,3,3,3],
            [3,3,3,3,3,0,3,3,3],
            [3,3,3,3,3,3,0,3,3],
            [3,3,3,3,3,3,3,0,3],
            [3,3,3,3,3,3,3,3,0]
        ],
        "probability_matrix": [
            [0,0.15756227825044494,0.02292778332840158,0.14109481465185267,0.03280734711413663,0.1336562053065431,0.16643699122287933,0.18933479955123111,0.1561797805745106],
            [0.07618780866629432,0,0.07632230099977193,0.20669836005953093,0.06341873223456795,0.14117783754559168,0.21988298327181605,0.013474954262665567,0.20283702295976153],
            [0.19080044602950447,0.23849423094324598,0,0.22820287211094975,0.046968697440951,0.006663738432386068,0.24648314366788773,0.01609811924994049,0.026288752125134554],
            [0.11791484759398424,0.18613377800883568,0.0035241171544870584,0,0.17426830807659416,0.17885072806296087,0.07285756817697189,0.23970939601419317,0.02674125691197285],
            [0.017848624954750047,0.09716563009167789,0.041916887500246275,0.12664498754643652,0,0.14091325790485332,0.26379120343437146,0.07895092462270581,0.2327684839449586],
            [0.1346905348929427,0.03967657067401761,0.2955101485283567,0.08651717633493046,0.06834770283855585,0,0.14056593793955746,0.12815510609672306,0.10653682269491607],
            [0.147338060001597,0.07864590236446879,0.04500511917403186,0.02236695066716397,0.10514163691503779,0.11798654050791473,0,0.26148128546688293,0.22203450490290305],
            [0.3208483611023976,0.2668987809745599,0.05648784684206983,0.03559042504699191,0.04737917958267381,0.0323395497846499,0.09068511571304369,0,0.1497707409536133],
            [0.07193657225840835,0.09966981258202073,0.21504299863065338,0.0014151409053217328,0.17008733212407562,0.10976824819517801,0.19078893345731474,0.14129096184702747,0]
        ],
        "city_names": ["Brest","Paris","Marseille","Genève","Monaco","Le Havre","Bordeaux","Lyon","Strasbourg"],
        "reward_matrix": [
            [0,69526,15612,27125,100,56013,29263,37398,35950],
            [69526,0,56357,67871,40845,96758,70008,78143,76696],
            [15612,56357,0,78212,94759,42844,65734,88485,51393],
            [27125,67871,78212,0,74352,54358,59460,99999,83452],
            [100,40845,94759,74352,0,27332,50221,72973,47533],
            [56013,96758,42844,54358,27332,0,56495,64631,63183],
            [29263,70008,65734,59460,50221,56495,0,69732,36433],
            [37398,78143,88485,99999,72973,64631,69732,0,73180],
            [35950,76696,51393,83452,47533,63183,36433,73180,0]
        ]
    },
    "vehicle_capacities": [15,15,15,30,30,30,30,30,30],
    "runs": [{
        "number_of_vehicles": 3,
        "avg_task_cost_vs_number_of_task": [6865,4830,5176.666666666667,3882.5,3387,3336.6666666666665,3282.1428571428573,2747.5,2624.4444444444443,2391.5,2174.090909090909,2092.5,2182.3076923076924,2054.6428571428573,2245,2146.875,2090.8823529411766,2085,2010.2631578947369,1833,1772.3809523809523,1887.0454545454545,2034.1304347826087,1808.9583333333333,1937.8,1819.0384615384614,1782.7777777777778,1681.0714285714287,1612.4137931034484,1579.1666666666667]
    }]
}