{
    "vehicle_starting_positions": ["Brest","Paris","Marseille","Genève","Monaco","Le Havre","Bordeaux","Lyon","Strasbourg"],
    "task_distribution": {
        "distance_matrix": [
            [0,591,1373,1206,1598,787,1175,1057,1078],
            [591,0,782,615,1007,196,584,466,487],
            [1373,782,0,465,225,978,646,316,854],
            [1206,615,465,0,521,811,737,149,389],
            [1598,1007,225,521,0,1203,871,541,910],
            [787,196,978,811,1203,0,780,662,683],
            [1175,584,646,737,871,780,0,588,1071],
            [1057,466,316,149,541,662,588,0,538],
            [1078,487,854,389,910,683,1071,538,0]
        ],
        "weight_matrix": [
            [0,3,3,3,3,3,3,3,3],
            [3,0,3,3,3,3,3,3,3],
            [3,3,0,3,3,3,3,3,3],
            [3,3,3,0,3,3,3,3,3],
            [3,3,3,3,0,3,3,3,3],
            [3,3,3,3,3,0,3,3,3],
            [3,3,3,3,3,3,0,3,3],
            [3,3,3,3,3,3,3,0,3],
            [3,3,3,3,3,3,3,3,0]
        ],
        "probability_matrix": [
            [0,0.07952169505253297,0.2080723222374045,0.22024449132445884,0.03163131924160248,0.011778034767208078,0.20643282579562436,0.0262126200332002,0.21610669154796844],
            [0.12006538850354434,0,0.14354594600950216,0.1750018383431151,0.11941170438232504,0.045115598517827094,0.11909298935473803,0.09718228603803894,0.18058424885090923],
            [0.14521831678391867,0.1915073010587106,0,0.20491828540923077,0.03382140208653941,0.0848133607508069,0.13530863784644762,0.01855468947708086,0.18585800658726545],
            [0.02593557773057938,0.007534701309417763,0.05511279495135537,0,0.1578132772380768,0.17904683788142528,0.291996014498692,0.16658149911617331,0.11597929727428012],
            [0.1453238973735399,0.033660912816850075,0.057730961875475065,0.17775953557642687,0,0.1386447280429554,0.007709360622523401,0.3222856625308303,0.11688494116139907],
            [0.02262952293731982,0.1753803509234853,0.03186828827858926,0.13954805293562195,0.2304453082648377,0,0.16792129369446815,0.2015241314904577,0.03068305147522006],
            [0.1736407090806209,0.18050120520679797,0.04106927856280641,0.14866020754691003,0.11029481300158521,0.1360471917127016,0,0.10311931457800459,0.1066672803105732],
            [0.17430810835550123,0.2539378126872052,0.044814778907964974,0.08778266761299168,0.12474158168911435,0.07825648553049686,0.21476444511777754,0,0.0213941200989482],
            [0.054447250324765516,0.08194196259996726,0.04285987050606848,0.20744800260442767,0.0882488872753561,0.12407110628381295,0.16452831613767535,0.2364546042679268,0]
        ],
        "city_names": ["Brest","Paris","Marseille","Genève","Monaco","Le Havre","Bordeaux","Lyon","Strasbourg"],
        "reward_matrix": [
            [0,69526,15612,27125,100,56013,29263,37398,35950],
            [69526,0,56357,67871,40845,96758,70008,78143,76696],
            [15612,56357,0,78212,94759,42844,65734,88485,51393],
            [27125,67871,78212,0,74352,54358,59460,99999,83452],
            [100,40845,94759,74352,0,27332,50221,72973,47533],
            [56013,96758,42844,54358,27332,0,56495,64631,63183],
            [29263,70008,65734,59460,50221,56495,0,69732,36433],
            [37398,78143,88485,99999,72973,64631,69732,0,73180],
            [35950,76696,51393,83452,47533,63183,36433,73180,0]
        ]
    },
    "vehicle_capacities": [15,15,15,30,30,30,30,30,30],
    "runs": [{
        "number_of_vehicles": 3,
        "avg_task_cost_vs_number_of_task": [4890,3922.5,2615,3308.75,3353,3552.5,3205.714285714286,2966.875,2637.222222222222,2616.5,2485,2399.5833333333335,2253.4615384615386,2161.785714285714,2006.6666666666667,1942.5,1949.7058823529412,1908.888888888889,1744.4736842105262,1797,1609.047619047619,1717.9545454545455,1550.4347826086957,1878.125,1589.6,1764.2307692307693,1772.4074074074074,1587.857142857143,1507.4137931034484,1564.5]
    }]
}