{
    "vehicle_starting_positions": ["Lausanne","Genève","Sion","Neuchâtel","Bern","Basel","Fribourg","Zürich","Aarau","Luzern","St-Gallen","Thun"],
    "task_distribution": {
        "distance_matrix": [
            [0,90,150,100,150,290,100,320,260,350,440,190],
            [90,0,240,190,240,380,190,410,350,440,530,280],
            [150,240,0,220,160,300,210,330,270,360,450,120],
            [100,190,220,0,60,200,110,230,170,260,350,100],
            [150,240,160,60,0,140,50,170,110,200,290,40],
            [290,380,300,200,140,0,190,120,180,190,240,180],
            [100,190,210,110,50,190,0,220,160,250,340,90],
            [320,410,330,230,170,120,220,0,60,70,120,210],
            [260,350,270,170,110,180,160,60,0,90,180,150],
            [350,440,360,260,200,190,250,70,90,0,190,240],
            [440,530,450,350,290,240,340,120,180,190,0,330],
            [190,280,120,100,40,180,90,210,150,240,330,0]
        ],
        "weight_matrix": [
            [0,3,3,3,3,3,3,3,3,3,3,3],
            [3,0,3,3,3,3,3,3,3,3,3,3],
            [3,3,0,3,3,3,3,3,3,3,3,3],
            [3,3,3,0,3,3,3,3,3,3,3,3],
            [3,3,3,3,0,3,3,3,3,3,3,3],
            [3,3,3,3,3,0,3,3,3,3,3,3],
            [3,3,3,3,3,3,0,3,3,3,3,3],
            [3,3,3,3,3,3,3,0,3,3,3,3],
            [3,3,3,3,3,3,3,3,0,3,3,3],
            [3,3,3,3,3,3,3,3,3,0,3,3],
            [3,3,3,3,3,3,3,3,3,3,0,3],
            [3,3,3,3,3,3,3,3,3,3,3,0]
        ],
        "probability_matrix": [
            [0,0.08958421358316178,0.1148478159909951,0.06950461258189072,0.06941023192983117,0.07087949354379057,0.13330099576746765,0.13109336875847397,0.06543410438439774,0.09940720359966704,0.12338377235640796,0.033154187503916334],
            [0.03420965759447413,0,0.08129717099520328,0.07288661263582254,0.10728662396908073,0.032326205996959706,0.06382057224622623,0.1501054349662423,0.15968740923159025,0.07786498535076639,0.0872552758760202,0.13326005113761424],
            [0.06512602169994335,0.12273784204357789,0,0.02593887623112708,0.07340056994170673,0.13818271805552185,0.08908013195999909,0.13520947458814156,0.16458541382750785,0.04108305756809369,0.12670136174337268,0.017954532341008363],
            [0.020810774076621484,0.06389650985747217,0.16191769178154494,0,0.1598639344297897,0.1310174521132608,0.0283613922877035,0.09906854821272089,0.023378743465780748,0.16533518323646815,0.13772493146592876,0.008624839072708937],
            [0.1728902114625633,0.007211219188027127,0.1760101139737396,0.06325715205882632,0,0.04467029575146211,0.05082275700088432,0.0835805381780202,0.03515423457471868,0.11509051102669356,0.16448578335818695,0.0868271834268777],
            [0.0978114222189702,0.07413024146271835,0.05243742248448793,0.18015702537909103,0.007670335988750132,0,0.03063487219450522,0.12277855756556866,0.039552851323917664,0.19390343161267543,0.12697270728913235,0.07395113248018303],
            [0.11413857452424114,0.17735792640435255,0.01564361464630749,0.059279372391070444,0.06439816446076996,0.07115592165501851,0,0.13519653634877818,0.06913615186885588,0.051772243735040954,0.14903363882397488,0.0928878551415898],
            [0.0870182656683331,0.13378612851352656,0.05262779621616333,0.10971532544194472,0.05566191762362366,0.008056885326091577,0.11866257997713593,0,0.09579780899304996,0.061148696386341135,0.1461807366480929,0.13134385920569702],
            [0.079670908181531,0.07461224260385314,0.08589731074003534,0.1503350111319405,0.09201872129680615,0.023848447794171456,0.13602437119248892,0.02403017441769357,0,0.036732347719142154,0.12752720366094839,0.16930326126138925],
            [0.06178685044656776,0.05286088025564377,0.1838349353005952,0.058008585218614905,0.12481977419362766,0.0882004833534893,0.012860482293561825,0.02466451727431949,0.16819440079537998,0,0.12628845426759466,0.0984806366006054],
            [0.16133376350269107,0.1492011436610616,0.12729324426257693,0.0034233291944596477,0.16531321849920144,0.04296067459762949,0.17732604751333206,0.04208874711814031,0.04691155049953389,0.06174945048480326,0,0.022398830666570235],
            [0.07088292962046099,0.12465295692397196,0.14502766561565872,0.13558857038981634,0.11171733259049191,0.0027862947607733887,0.0574974204722493,0.06712545132210815,0.13141280963294505,0.029014335467340318,0.1242942332041838,0]
        ],
        "city_names": ["Lausanne","Genève","Sion","Neuchâtel","Bern","Basel","Fribourg","Zürich","Aarau","Luzern","St-Gallen","Thun"],
        "reward_matrix": [
            [0,89805,77572,87766,77572,49030,87766,42913,55146,36797,18448,69417],
            [89805,0,59223,69417,59223,30681,69417,24565,36797,18448,100,51068],
            [77572,59223,0,63301,75533,46991,65340,40875,53107,34758,16410,83688],
            [87766,69417,63301,0,95921,67378,85727,61262,73495,55146,36797,87766],
            [77572,59223,75533,95921,0,79611,97960,73495,85727,67378,49030,99999],
            [49030,30681,46991,67378,79611,0,69417,83688,71456,69417,59223,71456],
            [87766,69417,65340,85727,97960,69417,0,63301,75533,57185,38836,89805],
            [42913,24565,40875,61262,73495,83688,63301,0,95921,93882,83688,65340],
            [55146,36797,53107,73495,85727,71456,75533,95921,0,89805,71456,77572],
            [36797,18448,34758,55146,67378,69417,57185,93882,89805,0,69417,59223],
            [18448,100,16410,36797,49030,59223,38836,83688,71456,69417,0,40875],
            [69417,51068,83688,87766,99999,71456,89805,65340,77572,59223,40875,0]
        ]
    },
    "vehicle_capacities": [5,5,5,30,30,30,30,30,30,30,30,30],
    "runs": [{
        "number_of_vehicles": 3,
        "avg_task_cost_vs_number_of_task": [1600,1625,1666.6666666666667,1575,1410,1416.6666666666667,1442.857142857143,1300,1188.888888888889,1185,1195.4545454545455,1229.1666666666667,1134.6153846153845,1214.2857142857142,1243.3333333333333,1231.25,1158.8235294117646,1158.3333333333333,1139.4736842105262,1177.5,1140.4761904761904,1161.3636363636363,1180.4347826086957,1220.8333333333333,1214,1167.3076923076924,1157.4074074074074,1126.7857142857142,1174.1379310344828,1168.3333333333333]
    }]
}