{
    "vehicle_starting_positions": ["Lausanne","Genève","Sion","Neuchâtel","Bern","Basel","Fribourg","Zürich","Aarau","Luzern","St-Gallen","Thun"],
    "task_distribution": {
        "distance_matrix": [
            [0,90,150,100,150,290,100,320,260,350,440,190],
            [90,0,240,190,240,380,190,410,350,440,530,280],
            [150,240,0,220,160,300,210,330,270,360,450,120],
            [100,190,220,0,60,200,110,230,170,260,350,100],
            [150,240,160,60,0,140,50,170,110,200,290,40],
            [290,380,300,200,140,0,190,120,180,190,240,180],
            [100,190,210,110,50,190,0,220,160,250,340,90],
            [320,410,330,230,170,120,220,0,60,70,120,210],
            [260,350,270,170,110,180,160,60,0,90,180,150],
            [350,440,360,260,200,190,250,70,90,0,190,240],
            [440,530,450,350,290,240,340,120,180,190,0,330],
            [190,280,120,100,40,180,90,210,150,240,330,0]
        ],
        "weight_matrix": [
            [0,3,3,3,3,3,3,3,3,3,3,3],
            [3,0,3,3,3,3,3,3,3,3,3,3],
            [3,3,0,3,3,3,3,3,3,3,3,3],
            [3,3,3,0,3,3,3,3,3,3,3,3],
            [3,3,3,3,0,3,3,3,3,3,3,3],
            [3,3,3,3,3,0,3,3,3,3,3,3],
            [3,3,3,3,3,3,0,3,3,3,3,3],
            [3,3,3,3,3,3,3,0,3,3,3,3],
            [3,3,3,3,3,3,3,3,0,3,3,3],
            [3,3,3,3,3,3,3,3,3,0,3,3],
            [3,3,3,3,3,3,3,3,3,3,0,3],
            [3,3,3,3,3,3,3,3,3,3,3,0]
        ],
        "probability_matrix": [
            [0,0.018936147951782174,0.16053810348031838,0.04078622762873771,0.07521360097815248,0.06934466185645724,0.02984735513100369,0.17765195176801596,0.15564455290255966,0.16595931469885858,0.08766602386856136,0.018412059735552846],
            [0.04733989725960012,0,0.07170054654595381,0.08536489722603331,0.11775124856730859,0.09612163359392069,0.07128202798498531,0.12387425353684105,0.11167933466317244,0.09230388694546686,0.056762626771322024,0.12581964690539568],
            [0.09666558204272603,0.14152618794666835,0,0.022992566782840243,0.044888820735980724,0.08790158862240088,0.053075764768024294,0.057137672958191804,0.11007702758705953,0.13446127329641283,0.1062780486495188,0.1449954666101764],
            [0.13188533142421588,0.03893419739995275,0.06979315293783495,0,0.027283039306540465,0.008297560051390204,0.09992190464432728,0.16993788757480505,0.14066459463014752,0.07124560541353513,0.09302280274365687,0.1490139238735939],
            [0.11026360837099543,0.1000753804306442,0.04765087699102596,0.08149241692657203,0,0.17486136579631226,0.029969333790535888,0.16572691841712076,0.12443712365452263,0.005252539267128409,0.1093981005262793,0.05087233582886298],
            [0.034457541751195114,0.004011283324992676,0.11092426667339733,0.03789962132995746,0.16671659145438286,0,0.13914826408190267,0.006242432533093569,0.15458945847819827,0.03368407408634148,0.1663534517735692,0.1459730145129693],
            [0.04939032214243923,0.0017884896638337739,0.20909455859149365,0.1640091870834787,0.09547853871030103,0.0854390066216361,0,0.08452427036247404,0.07047950828140764,0.06619791134041972,0.04300694813521216,0.13059125906730407],
            [0.12265944130831073,0.14009711942667177,0.053308268944759866,0.11502183029845989,0.11442357670406601,0.01766125173456081,0.15589004251275532,0,0.03421710488826585,0.05951586808733072,0.16517891466051024,0.022026581434308662],
            [0.011550868294079622,0.06868030795524595,0.19369172746491092,2.3799492123876886E-4,0.00469886214028727,0.0746712550743225,0.1848890621141046,0.19744475070032882,0,0.11185711034639993,0.12026506831802802,0.03201299267105384],
            [0.0263558445454363,0.13070271599281993,0.11670450125999753,0.12122024913225987,0.031861302824358236,0.11156275198930338,0.10266137211065209,0.1323318984578095,0.06573331296140655,0,0.0026176008687141365,0.15824844985724235],
            [0.1239795787639647,0.04877879661398436,0.12650967246941047,0.14528020371659892,0.07069346017088034,0.0611734443070222,0.0689884388093352,0.046192547342088316,0.07567788768960956,0.12475162094622126,0,0.10797434917088462],
            [0.06938720835456368,0.043132037430217075,0.14483463872794283,0.1709347148037213,0.032657351234447594,0.15358807545535327,0.04746539614089655,0.14641518123517175,0.09481799419226583,0.05079338569915341,0.04597401672626684,0]
        ],
        "city_names": ["Lausanne","Genève","Sion","Neuchâtel","Bern","Basel","Fribourg","Zürich","Aarau","Luzern","St-Gallen","Thun"],
        "reward_matrix": [
            [0,89805,77572,87766,77572,49030,87766,42913,55146,36797,18448,69417],
            [89805,0,59223,69417,59223,30681,69417,24565,36797,18448,100,51068],
            [77572,59223,0,63301,75533,46991,65340,40875,53107,34758,16410,83688],
            [87766,69417,63301,0,95921,67378,85727,61262,73495,55146,36797,87766],
            [77572,59223,75533,95921,0,79611,97960,73495,85727,67378,49030,99999],
            [49030,30681,46991,67378,79611,0,69417,83688,71456,69417,59223,71456],
            [87766,69417,65340,85727,97960,69417,0,63301,75533,57185,38836,89805],
            [42913,24565,40875,61262,73495,83688,63301,0,95921,93882,83688,65340],
            [55146,36797,53107,73495,85727,71456,75533,95921,0,89805,71456,77572],
            [36797,18448,34758,55146,67378,69417,57185,93882,89805,0,69417,59223],
            [18448,100,16410,36797,49030,59223,38836,83688,71456,69417,0,40875],
            [69417,51068,83688,87766,99999,71456,89805,65340,77572,59223,40875,0]
        ]
    },
    "vehicle_capacities": [10,10,10,30,30,30,30,30,30,30,30,30],
    "runs": [{
        "number_of_vehicles": 3,
        "avg_task_cost_vs_number_of_task": [2100,1625,1100,1125,1040,975,771.4285714285714,700,755.5555555555555,745,768.1818181818181,737.5,715.3846153846154,710.7142857142857,736.6666666666666,646.875,638.2352941176471,658.3333333333334,702.6315789473684,635,669.047619047619,622.7272727272727,632.6086956521739,635.4166666666666,666,673.0769230769231,638.8888888888889,639.2857142857143,608.6206896551724,648.3333333333334]
    }]
}