{
    "vehicle_starting_positions": ["Lausanne","Genève","Sion","Neuchâtel","Bern","Basel","Fribourg","Zürich","Aarau","Luzern","St-Gallen","Thun"],
    "task_distribution": {
        "distance_matrix": [
            [0,90,150,100,150,290,100,320,260,350,440,190],
            [90,0,240,190,240,380,190,410,350,440,530,280],
            [150,240,0,220,160,300,210,330,270,360,450,120],
            [100,190,220,0,60,200,110,230,170,260,350,100],
            [150,240,160,60,0,140,50,170,110,200,290,40],
            [290,380,300,200,140,0,190,120,180,190,240,180],
            [100,190,210,110,50,190,0,220,160,250,340,90],
            [320,410,330,230,170,120,220,0,60,70,120,210],
            [260,350,270,170,110,180,160,60,0,90,180,150],
            [350,440,360,260,200,190,250,70,90,0,190,240],
            [440,530,450,350,290,240,340,120,180,190,0,330],
            [190,280,120,100,40,180,90,210,150,240,330,0]
        ],
        "weight_matrix": [
            [0,3,3,3,3,3,3,3,3,3,3,3],
            [3,0,3,3,3,3,3,3,3,3,3,3],
            [3,3,0,3,3,3,3,3,3,3,3,3],
            [3,3,3,0,3,3,3,3,3,3,3,3],
            [3,3,3,3,0,3,3,3,3,3,3,3],
            [3,3,3,3,3,0,3,3,3,3,3,3],
            [3,3,3,3,3,3,0,3,3,3,3,3],
            [3,3,3,3,3,3,3,0,3,3,3,3],
            [3,3,3,3,3,3,3,3,0,3,3,3],
            [3,3,3,3,3,3,3,3,3,0,3,3],
            [3,3,3,3,3,3,3,3,3,3,0,3],
            [3,3,3,3,3,3,3,3,3,3,3,0]
        ],
        "probability_matrix": [
            [0,0.11663989716558255,0.1326170390463956,0.054501875015848765,0.16618602886632486,0.050731768746846345,0.1228502033532875,0.07887076232677666,0.023321648371389607,0.1411871871034245,0.04987319071312294,0.06322039929100086],
            [0.06884320799748712,0,0.08407944935802207,0.17360549234499417,0.11623734879805635,0.16087130566018287,0.04535852884251627,0.06007856219874871,0.043163322909716126,0.05377950737071445,0.02839115123090949,0.1655921232886523],
            [0.03661669271534412,0.08040340008258566,0,0.04392875598730821,0.052281413318680275,0.14018836539281845,0.13645682507770857,0.11000132143142828,0.13092176173119993,0.017844673809892058,0.12965337633649393,0.12170341411654044],
            [0.07087112229368353,0.16118353085433357,0.16093844520460615,0,0.057366498293225605,0.06231493920184934,0.03504476806902042,0.017685707579529482,0.1425320919407137,0.06501169714919453,0.07310736802150898,0.1539438313923348],
            [0.02885130713473126,0.02797216034046983,0.16677109862486383,0.15773494968981963,0,0.17619769931749443,0.05016780082517495,0.15586055358658082,0.08005498564289903,0.0019973889073454693,0.07942657994395455,0.07496547598666617],
            [0.04845798898072803,0.10723839446919108,0.07162103209577801,0.047978534018575394,0.07153000926949916,0,0.14977154626893655,0.1416280392574145,0.06094506492605265,0.11177486986100482,0.09213661730912687,0.09691790354369308],
            [0.019415899839236896,0.08571109897424421,0.10099047795573043,0.1203267075422391,0.1344166238033746,0.04647528895525172,0,0.11196399176826126,0.1579122724785364,0.14743492734502608,0.006073432655310602,0.06927927868278845],
            [0.15633486841389357,0.08876941960913613,0.09892921042007234,0.03680658565461234,0.027491911856348937,0.050989585804856755,0.1608163798131511,0,0.04938065735467424,0.02856752127323923,0.14887806512254026,0.15303579467747525],
            [0.1347053923379229,0.14301428534265945,0.13722909203644498,0.05520297522427173,0.07413039982000035,2.6838328527987977E-4,0.11621231066918446,3.285444441844471E-4,0,0.11689937564549797,0.11451683361148575,0.1074924075830682],
            [0.17288483285335204,0.2209450846444674,0.14264201096378382,0.05493427843968021,6.161958540950114E-4,0.0823905475844923,0.027849611651676005,0.03167445000437069,0.03191930049832364,0,0.020921877288191,0.2132218102175678],
            [0.011142809263269857,0.13685563693260247,0.063418961338855,0.09252010511097786,0.18671049453152794,0.17958272427410205,0.07573359961547951,0.13003358989757427,0.0295120973626767,0.057522270977364426,0,0.036967710695570054],
            [0.06412065836981701,0.1630096364323091,0.10987751566628537,0.10491202402748041,0.03863803846934493,0.12296373505666837,0.07936098570222495,0.08905737287323037,0.043709419129351015,0.037846993937812864,0.1465036203354755,0]
        ],
        "city_names": ["Lausanne","Genève","Sion","Neuchâtel","Bern","Basel","Fribourg","Zürich","Aarau","Luzern","St-Gallen","Thun"],
        "reward_matrix": [
            [0,89805,77572,87766,77572,49030,87766,42913,55146,36797,18448,69417],
            [89805,0,59223,69417,59223,30681,69417,24565,36797,18448,100,51068],
            [77572,59223,0,63301,75533,46991,65340,40875,53107,34758,16410,83688],
            [87766,69417,63301,0,95921,67378,85727,61262,73495,55146,36797,87766],
            [77572,59223,75533,95921,0,79611,97960,73495,85727,67378,49030,99999],
            [49030,30681,46991,67378,79611,0,69417,83688,71456,69417,59223,71456],
            [87766,69417,65340,85727,97960,69417,0,63301,75533,57185,38836,89805],
            [42913,24565,40875,61262,73495,83688,63301,0,95921,93882,83688,65340],
            [55146,36797,53107,73495,85727,71456,75533,95921,0,89805,71456,77572],
            [36797,18448,34758,55146,67378,69417,57185,93882,89805,0,69417,59223],
            [18448,100,16410,36797,49030,59223,38836,83688,71456,69417,0,40875],
            [69417,51068,83688,87766,99999,71456,89805,65340,77572,59223,40875,0]
        ]
    },
    "vehicle_capacities": [15,15,15,30,30,30,30,30,30,30,30,30],
    "runs": [{
        "number_of_vehicles": 3,
        "avg_task_cost_vs_number_of_task": [2700,1650,1250,1300,1280,1208.3333333333333,1035.7142857142858,931.25,827.7777777777778,775,677.2727272727273,720.8333333333334,703.8461538461538,639.2857142857143,660,712.5,570.5882352941177,572.2222222222222,581.578947368421,532.5,559.5238095238095,531.8181818181819,591.304347826087,627.0833333333334,584,559.6153846153846,555.5555555555555,517.8571428571429,558.6206896551724,528.3333333333334]
    }]
}