{
    "vehicle_starting_positions": ["Lausanne","Genève","Sion","Neuchâtel","Bern","Basel","Fribourg","Zürich","Aarau","Luzern","St-Gallen","Thun"],
    "task_distribution": {
        "distance_matrix": [
            [0,90,150,100,150,290,100,320,260,350,440,190],
            [90,0,240,190,240,380,190,410,350,440,530,280],
            [150,240,0,220,160,300,210,330,270,360,450,120],
            [100,190,220,0,60,200,110,230,170,260,350,100],
            [150,240,160,60,0,140,50,170,110,200,290,40],
            [290,380,300,200,140,0,190,120,180,190,240,180],
            [100,190,210,110,50,190,0,220,160,250,340,90],
            [320,410,330,230,170,120,220,0,60,70,120,210],
            [260,350,270,170,110,180,160,60,0,90,180,150],
            [350,440,360,260,200,190,250,70,90,0,190,240],
            [440,530,450,350,290,240,340,120,180,190,0,330],
            [190,280,120,100,40,180,90,210,150,240,330,0]
        ],
        "weight_matrix": [
            [0,3,3,3,3,3,3,3,3,3,3,3],
            [3,0,3,3,3,3,3,3,3,3,3,3],
            [3,3,0,3,3,3,3,3,3,3,3,3],
            [3,3,3,0,3,3,3,3,3,3,3,3],
            [3,3,3,3,0,3,3,3,3,3,3,3],
            [3,3,3,3,3,0,3,3,3,3,3,3],
            [3,3,3,3,3,3,0,3,3,3,3,3],
            [3,3,3,3,3,3,3,0,3,3,3,3],
            [3,3,3,3,3,3,3,3,0,3,3,3],
            [3,3,3,3,3,3,3,3,3,0,3,3],
            [3,3,3,3,3,3,3,3,3,3,0,3],
            [3,3,3,3,3,3,3,3,3,3,3,0]
        ],
        "probability_matrix": [
            [0,0.03816495534643073,0.020921271636474382,0.12052759309741377,0.02404938468744495,0.01582945009525023,0.18657993825958682,0.17280090441977294,0.002782417814865919,0.17219657384468623,0.17439946469860523,0.07174804609946873],
            [0.10201571107768918,0,0.039856992263244406,0.13498461387579505,0.10327370288702396,0.15597883562872555,0.15251750691310914,0.007574879458940029,0.0037155585532100926,0.18625336715473245,0.04614252511963257,0.06768630706789762],
            [0.07984679602069479,0.09326107324184751,0,0.0827384068575303,0.10742357603139764,0.020974132934507336,0.03710691724766338,0.10357348686605784,0.13762520934632957,0.20036633223040742,0.10723792197623827,0.02984614724732594],
            [0.07915236033606778,0.0045131681836408965,0.13490619132623757,0,0.0429504253705787,0.020280987473967522,0.16385737783345497,0.17288326787327507,0.1276447532587245,0.06021042211572805,0.03182339479821104,0.16177765143011383],
            [0.08735598167397488,0.02335424979766911,0.025020957574542566,0.0014933675815869524,0,0.04646922479468196,0.009743809154906089,0.12074420163041388,0.16242136855696207,0.1480420736142225,0.19104091269243023,0.18431385292860972],
            [0.10462730796858187,0.06114112603349978,0.08967337222197565,0.07762937398222049,0.21016019587022,0,0.16631507046206026,0.02680924513382545,0.015564957838580949,0.10568916962195053,0.04152299500259104,0.10086718586449403],
            [0.17946256996246518,0.001604937402774849,0.11927290130365162,0.07773883023173489,0.043413854489162074,0.011092957040327677,0,0.09100225367914852,0.11951119821665751,0.13185976321213203,0.15211873844460802,0.07292199601733776],
            [0.059744887867096384,0.03572449854115342,0.11856806539241979,0.06813631585538173,0.18974244445791502,0.04443035015102932,0.02982052679919732,0,0.12453516830178249,0.16496033233057886,0.07064189063147285,0.09369551967197276],
            [0.06311497819924546,0.1659247109647743,0.0714493478616335,2.6721173267605837E-5,0.01160233752550295,0.14352283265124063,0.17665988223205265,0.15664952571787122,0,0.1745342289706272,0.025953184849764978,0.010562249854019446],
            [0.03331468731527347,0.06709481351067192,0.13951138259601875,0.02196130611576894,0.07795201187220753,0.10999592877867584,0.21156861233691537,0.1388623333365602,0.1016662261073087,0,0.045098004510405625,0.05297469352019374],
            [0.07450629732883018,0.057689525605125996,0.15313474128153026,0.09328906630364861,0.09167389132311254,0.08258226388024426,0.13785840984393594,0.16025280678446854,0.08817892959142655,0.05816855347616839,0,0.002665514581508728],
            [0.12893682757228705,0.12700990637501697,0.09117828235230525,0.10443278723070498,0.09777951901626779,0.11779558340360259,0.03775489109433596,0.03520270333292306,0.028802897582577206,0.12106442617343866,0.11004217586654062,0]
        ],
        "city_names": ["Lausanne","Genève","Sion","Neuchâtel","Bern","Basel","Fribourg","Zürich","Aarau","Luzern","St-Gallen","Thun"],
        "reward_matrix": [
            [0,89805,77572,87766,77572,49030,87766,42913,55146,36797,18448,69417],
            [89805,0,59223,69417,59223,30681,69417,24565,36797,18448,100,51068],
            [77572,59223,0,63301,75533,46991,65340,40875,53107,34758,16410,83688],
            [87766,69417,63301,0,95921,67378,85727,61262,73495,55146,36797,87766],
            [77572,59223,75533,95921,0,79611,97960,73495,85727,67378,49030,99999],
            [49030,30681,46991,67378,79611,0,69417,83688,71456,69417,59223,71456],
            [87766,69417,65340,85727,97960,69417,0,63301,75533,57185,38836,89805],
            [42913,24565,40875,61262,73495,83688,63301,0,95921,93882,83688,65340],
            [55146,36797,53107,73495,85727,71456,75533,95921,0,89805,71456,77572],
            [36797,18448,34758,55146,67378,69417,57185,93882,89805,0,69417,59223],
            [18448,100,16410,36797,49030,59223,38836,83688,71456,69417,0,40875],
            [69417,51068,83688,87766,99999,71456,89805,65340,77572,59223,40875,0]
        ]
    },
    "vehicle_capacities": [10,10,10,30,30,30,30,30,30,30,30,30],
    "runs": [{
        "number_of_vehicles": 3,
        "avg_task_cost_vs_number_of_task": [1200,1425,1350,1387.5,1120,933.3333333333334,914.2857142857143,818.75,766.6666666666666,705,640.9090909090909,604.1666666666666,653.8461538461538,607.1428571428571,600,550,561.7647058823529,563.8888888888889,544.7368421052631,515,495.23809523809524,502.27272727272725,476.0869565217391,479.1666666666667,556,532.6923076923077,512.9629629629629,528.5714285714286,518.9655172413793,498.3333333333333]
    }]
}