{
    "vehicle_starting_positions": ["Lausanne","Genève","Sion","Neuchâtel","Bern","Basel","Fribourg","Zürich","Aarau","Luzern","St-Gallen","Thun"],
    "task_distribution": {
        "distance_matrix": [
            [0,90,150,100,150,290,100,320,260,350,440,190],
            [90,0,240,190,240,380,190,410,350,440,530,280],
            [150,240,0,220,160,300,210,330,270,360,450,120],
            [100,190,220,0,60,200,110,230,170,260,350,100],
            [150,240,160,60,0,140,50,170,110,200,290,40],
            [290,380,300,200,140,0,190,120,180,190,240,180],
            [100,190,210,110,50,190,0,220,160,250,340,90],
            [320,410,330,230,170,120,220,0,60,70,120,210],
            [260,350,270,170,110,180,160,60,0,90,180,150],
            [350,440,360,260,200,190,250,70,90,0,190,240],
            [440,530,450,350,290,240,340,120,180,190,0,330],
            [190,280,120,100,40,180,90,210,150,240,330,0]
        ],
        "weight_matrix": [
            [0,3,3,3,3,3,3,3,3,3,3,3],
            [3,0,3,3,3,3,3,3,3,3,3,3],
            [3,3,0,3,3,3,3,3,3,3,3,3],
            [3,3,3,0,3,3,3,3,3,3,3,3],
            [3,3,3,3,0,3,3,3,3,3,3,3],
            [3,3,3,3,3,0,3,3,3,3,3,3],
            [3,3,3,3,3,3,0,3,3,3,3,3],
            [3,3,3,3,3,3,3,0,3,3,3,3],
            [3,3,3,3,3,3,3,3,0,3,3,3],
            [3,3,3,3,3,3,3,3,3,0,3,3],
            [3,3,3,3,3,3,3,3,3,3,0,3],
            [3,3,3,3,3,3,3,3,3,3,3,0]
        ],
        "probability_matrix": [
            [0,0.017193919134197624,0.05897238905008069,0.12484365506270417,0.15374369883044764,0.0014653669448417546,0.1113230922013517,0.18118078291313627,0.1317452455440971,0.10820524246204911,0.05846044621478608,0.05286616164230763],
            [0.14180377611682266,0,0.12204382683350821,0.06771343880115688,0.06698020367698282,0.01193201950003422,0.10491092966794892,0.13839028934122544,0.044022254307572235,0.11199040475169564,0.1406787313113663,0.049534125691686665],
            [0.20836014809225512,0.07192125579152621,0,0.14166389638960264,0.057687898722260766,0.14708943789247722,0.03414639749584089,0.05583455219007377,0.08687890422503317,0.007375825159780112,0.13359473767166766,0.05544694636948241],
            [0.0034306653036515803,0.18244118773244533,0.007894046328641761,0,0.03972533795887776,0.08595553779058229,0.026565479549948614,0.1089723856051466,0.07743667807318268,0.1760196185897799,0.20481286529652515,0.08674619777121838],
            [0.14899437173204147,0.011303259811619589,0.15791320044970816,0.08283544660083914,0,0.025248638373280362,0.15099358069909635,0.11971179699268536,0.05887676855454529,0.033060691948839774,0.1680072038294616,0.04305504100788295],
            [0.12555540453911218,0.014508928028639496,0.1789530924491224,0.13524320340934348,0.1654805585079195,0,0.08610994999687806,0.01739560820644355,0.0010677692022436213,0.12291256249084812,0.07053512645882995,0.08223779671061979],
            [0.13823538989871823,0.08250962339293,0.052902841796155585,0.04833005389183612,0.04483189999109387,0.1171722026859088,0,0.11102291389358966,0.08783484604088675,0.14005215852849143,0.029175963448973496,0.1479321064314159],
            [0.18222398109805604,0.08102379877325391,0.05839977251247377,0.08386114740918123,0.09544037310565359,0.0773066551822729,0.01224980962284194,0,0.022781499377281845,0.1527110909433412,0.12567792922534626,0.10832394275029743],
            [0.17343730725910972,0.008928111486736329,0.008319143514305538,0.09773573463814057,0.008056760955109219,0.16289281103447525,0.16879736330593828,0.13371156994745892,0,0.0906736746289417,0.03328674249901147,0.1141607807307729],
            [0.04901752231291242,0.08555476216313838,0.10411092198044825,0.05777152543087243,0.14218474151255045,0.05463821470837402,0.08395200772398405,0.036783711123263896,0.10187017937496656,0,0.15048693916055522,0.13362947450893425],
            [0.1754985005925559,0.0492638289977413,0.010631152843999127,0.10325171226015382,0.011963129774753204,0.1128292987647693,0.1744382883619354,0.18406449948591685,0.01152258969514258,0.016323332787260388,0,0.15021366643577228],
            [0.1679099912184583,0.1978853728405909,0.018306902291666316,0.036207756910597445,0.03947568942690124,0.14307969470585705,0.04441148617607552,0.05862466466974146,0.0784535167782577,0.052897549344258984,0.16274737563759512,0]
        ],
        "city_names": ["Lausanne","Genève","Sion","Neuchâtel","Bern","Basel","Fribourg","Zürich","Aarau","Luzern","St-Gallen","Thun"],
        "reward_matrix": [
            [0,89805,77572,87766,77572,49030,87766,42913,55146,36797,18448,69417],
            [89805,0,59223,69417,59223,30681,69417,24565,36797,18448,100,51068],
            [77572,59223,0,63301,75533,46991,65340,40875,53107,34758,16410,83688],
            [87766,69417,63301,0,95921,67378,85727,61262,73495,55146,36797,87766],
            [77572,59223,75533,95921,0,79611,97960,73495,85727,67378,49030,99999],
            [49030,30681,46991,67378,79611,0,69417,83688,71456,69417,59223,71456],
            [87766,69417,65340,85727,97960,69417,0,63301,75533,57185,38836,89805],
            [42913,24565,40875,61262,73495,83688,63301,0,95921,93882,83688,65340],
            [55146,36797,53107,73495,85727,71456,75533,95921,0,89805,71456,77572],
            [36797,18448,34758,55146,67378,69417,57185,93882,89805,0,69417,59223],
            [18448,100,16410,36797,49030,59223,38836,83688,71456,69417,0,40875],
            [69417,51068,83688,87766,99999,71456,89805,65340,77572,59223,40875,0]
        ]
    },
    "vehicle_capacities": [10,10,10,30,30,30,30,30,30,30,30,30],
    "runs": [{
        "number_of_vehicles": 3,
        "avg_task_cost_vs_number_of_task": [1800,1825,1600,1200,960,983.3333333333334,1014.2857142857143,1000,1050,935,859.0909090909091,862.5,792.3076923076923,832.1428571428571,760,728.125,708.8235294117648,747.2222222222222,694.7368421052631,695,742.8571428571429,715.9090909090909,663.0434782608696,725,680,675,738.8888888888889,669.6428571428571,700,646.6666666666666]
    }]
}