{
    "vehicle_starting_positions": ["Lausanne","Genève","Sion","Neuchâtel","Bern","Basel","Fribourg","Zürich","Aarau","Luzern","St-Gallen","Thun"],
    "task_distribution": {
        "distance_matrix": [
            [0,90,150,100,150,290,100,320,260,350,440,190],
            [90,0,240,190,240,380,190,410,350,440,530,280],
            [150,240,0,220,160,300,210,330,270,360,450,120],
            [100,190,220,0,60,200,110,230,170,260,350,100],
            [150,240,160,60,0,140,50,170,110,200,290,40],
            [290,380,300,200,140,0,190,120,180,190,240,180],
            [100,190,210,110,50,190,0,220,160,250,340,90],
            [320,410,330,230,170,120,220,0,60,70,120,210],
            [260,350,270,170,110,180,160,60,0,90,180,150],
            [350,440,360,260,200,190,250,70,90,0,190,240],
            [440,530,450,350,290,240,340,120,180,190,0,330],
            [190,280,120,100,40,180,90,210,150,240,330,0]
        ],
        "weight_matrix": [
            [0,3,3,3,3,3,3,3,3,3,3,3],
            [3,0,3,3,3,3,3,3,3,3,3,3],
            [3,3,0,3,3,3,3,3,3,3,3,3],
            [3,3,3,0,3,3,3,3,3,3,3,3],
            [3,3,3,3,0,3,3,3,3,3,3,3],
            [3,3,3,3,3,0,3,3,3,3,3,3],
            [3,3,3,3,3,3,0,3,3,3,3,3],
            [3,3,3,3,3,3,3,0,3,3,3,3],
            [3,3,3,3,3,3,3,3,0,3,3,3],
            [3,3,3,3,3,3,3,3,3,0,3,3],
            [3,3,3,3,3,3,3,3,3,3,0,3],
            [3,3,3,3,3,3,3,3,3,3,3,0]
        ],
        "probability_matrix": [
            [0,0.05918265317951665,0.02099165669651947,0.14224883276141453,0.12685329301170584,0.04817554997756173,0.15351827026081272,0.1616855964894189,0.08715234552061367,0.021203314704488746,0.09566747258795492,0.08332101480999317],
            [0.06317684016235998,0,0.13048867886765364,0.10252227242190066,0.08524062369137124,0.11001748342184958,0.05651948231511206,0.11440064789044174,0.07258583752377899,0.0179645994245401,0.13333333515831253,0.11375019912267939],
            [0.1460546665269253,0.11755271034909287,0,0.1768139483996384,0.11811629453266358,0.04305308825495876,0.03525942015637143,0.0865146277874814,0.06198080948409223,0.07270753685479892,0.10320331934056666,0.03874357831341067],
            [0.1081617018518533,0.03599887947301928,0.08709828538295385,0,0.11659271096823903,0.09986179720016086,0.021779887684355632,0.10254665867025516,0.08461559520375403,0.11440151349610478,0.11365208555417607,0.11529088451512798],
            [0.08728007070547378,0.03570097186054455,0.0016202292784582987,0.12543219809778355,0,0.04206382391914991,0.10177889737669844,0.03812345794316064,0.17087012064047083,0.11273901693924457,0.17002661575420983,0.11436459748480549],
            [0.01716693491363728,0.15324278119368204,0.046613543795719165,0.12301999447950564,0.1364258819268766,0,0.02316719684512038,0.11073376547605616,0.09734627491098638,0.1460866844687804,0.10498513995163915,0.04121180203799689],
            [0.05370841886622564,0.05543690030178141,0.018658634897062095,0.02342096394335338,0.25104749428637235,0.12127001892795018,0,0.15324588074440362,0.004577528644723002,0.11403020176488639,0.14555708403847428,0.059046873584767734],
            [0.11602107422674911,0.051636186708927445,0.11265027078577627,0.02425934955263864,0.1445574759650761,0.0025844478282187654,0.12871183186106827,0,0.022915694403457466,0.1369111615321003,0.16276133455059924,0.0969911725853885],
            [0.02685269714037972,0.13157964267856187,0.16873764438019673,0.05074212597116873,0.12711220329149833,0.1012216212876383,0.10597324707573162,0.030783176481207913,0,0.0292876391041331,0.1645544182462194,0.06315558434326428],
            [0.05025853990545638,0.05655911922127057,0.08278181831737733,0.12295553849713547,0.05944405615249688,0.12468964854237824,0.13904217781804393,0.10289598212485049,0.06180875945487408,0,0.1576389251435958,0.04192543482252064],
            [0.03916799878882117,0.17768161887645276,0.09590691608399667,0.019919426404906352,0.14371260223509807,0.11853364965842815,0.1474634423412083,0.015654825148929536,0.15669949756088739,0.08223379155373478,0,0.003026231347536807],
            [0.016896972524602587,0.16811344889688257,0.04367283755527228,0.0684422679468538,0.17054372599087267,0.07726111141850042,0.10648169679739364,0.08092021013522001,0.10883799323254406,0.05138373025866812,0.1074460052431901,0]
        ],
        "city_names": ["Lausanne","Genève","Sion","Neuchâtel","Bern","Basel","Fribourg","Zürich","Aarau","Luzern","St-Gallen","Thun"],
        "reward_matrix": [
            [0,89805,77572,87766,77572,49030,87766,42913,55146,36797,18448,69417],
            [89805,0,59223,69417,59223,30681,69417,24565,36797,18448,100,51068],
            [77572,59223,0,63301,75533,46991,65340,40875,53107,34758,16410,83688],
            [87766,69417,63301,0,95921,67378,85727,61262,73495,55146,36797,87766],
            [77572,59223,75533,95921,0,79611,97960,73495,85727,67378,49030,99999],
            [49030,30681,46991,67378,79611,0,69417,83688,71456,69417,59223,71456],
            [87766,69417,65340,85727,97960,69417,0,63301,75533,57185,38836,89805],
            [42913,24565,40875,61262,73495,83688,63301,0,95921,93882,83688,65340],
            [55146,36797,53107,73495,85727,71456,75533,95921,0,89805,71456,77572],
            [36797,18448,34758,55146,67378,69417,57185,93882,89805,0,69417,59223],
            [18448,100,16410,36797,49030,59223,38836,83688,71456,69417,0,40875],
            [69417,51068,83688,87766,99999,71456,89805,65340,77572,59223,40875,0]
        ]
    },
    "vehicle_capacities": [15,15,15,30,30,30,30,30,30,30,30,30],
    "runs": [{
        "number_of_vehicles": 3,
        "avg_task_cost_vs_number_of_task": [3000,2000,1550,1575,1350,1125,964.2857142857143,850,755.5555555555555,820,900,775,753.8461538461538,721.4285714285714,693.3333333333334,681.25,652.9411764705883,638.8888888888889,621.0526315789474,607.5,557.1428571428571,604.5454545454545,593.4782608695652,587.5,598,592.3076923076923,581.4814814814815,503.57142857142856,522.4137931034483,538.3333333333334]
    }]
}