{
    "vehicle_starting_positions": ["Lausanne","Genève","Sion","Neuchâtel","Bern","Basel","Fribourg","Zürich","Aarau","Luzern","St-Gallen","Thun"],
    "task_distribution": {
        "distance_matrix": [
            [0,90,150,100,150,290,100,320,260,350,440,190],
            [90,0,240,190,240,380,190,410,350,440,530,280],
            [150,240,0,220,160,300,210,330,270,360,450,120],
            [100,190,220,0,60,200,110,230,170,260,350,100],
            [150,240,160,60,0,140,50,170,110,200,290,40],
            [290,380,300,200,140,0,190,120,180,190,240,180],
            [100,190,210,110,50,190,0,220,160,250,340,90],
            [320,410,330,230,170,120,220,0,60,70,120,210],
            [260,350,270,170,110,180,160,60,0,90,180,150],
            [350,440,360,260,200,190,250,70,90,0,190,240],
            [440,530,450,350,290,240,340,120,180,190,0,330],
            [190,280,120,100,40,180,90,210,150,240,330,0]
        ],
        "weight_matrix": [
            [0,3,3,3,3,3,3,3,3,3,3,3],
            [3,0,3,3,3,3,3,3,3,3,3,3],
            [3,3,0,3,3,3,3,3,3,3,3,3],
            [3,3,3,0,3,3,3,3,3,3,3,3],
            [3,3,3,3,0,3,3,3,3,3,3,3],
            [3,3,3,3,3,0,3,3,3,3,3,3],
            [3,3,3,3,3,3,0,3,3,3,3,3],
            [3,3,3,3,3,3,3,0,3,3,3,3],
            [3,3,3,3,3,3,3,3,0,3,3,3],
            [3,3,3,3,3,3,3,3,3,0,3,3],
            [3,3,3,3,3,3,3,3,3,3,0,3],
            [3,3,3,3,3,3,3,3,3,3,3,0]
        ],
        "probability_matrix": [
            [0,0.05267195112213197,0.10392377325272051,0.08419518819217259,0.08247159287436427,0.12715412489275227,0.04783711902830907,0.05512233683085459,0.10920509651944736,0.12935102903023082,0.13588750024900412,0.0721802880080125],
            [0.13229208412627508,0,0.16754992196834162,0.03428429481897545,0.09348053440198428,0.061734311565761014,0.1610502704128529,0.031014181370066295,0.16829279109664133,0.06167095902852515,0.02296351931749861,0.06566713189307856],
            [0.08522225240982853,0.12070977780106452,0,0.08221361520184839,0.10051074982868025,0.09430186144390515,0.08294637756738153,0.11716172479046784,0.12326317520370793,0.09025004106515953,0.033358217999379006,0.0700622066885772],
            [0.014293990095394728,0.16148952517722803,0.020892683802504645,0,0.17258369622530945,0.028253475537502484,0.07578789693329693,0.1416200379912597,0.14010107275116404,0.13425360961171656,0.033517591417557904,0.07720642045706515],
            [0.152040664599582,0.006178469613926467,0.01467438640505454,0.09129231838522467,0,0.16271128518838038,0.01454548738000829,0.15306772089245868,0.15815861349860327,0.16247053568329925,0.021772014968781124,0.06308850338468143],
            [0.10647868992929185,0.12621619518568544,0.006755575127807111,0.13575279945320035,0.06099917042949543,0,0.01321560483900779,0.06635450365175169,0.15846137874374666,0.12178809931619822,0.06652246830948073,0.13745551501433453],
            [0.0075376058405761705,0.1175291611478163,0.10116790815440288,0.09863872274376509,0.05470053528335833,0.0917259595368714,0,0.10219971938207187,0.11957561177737049,0.15299243720001926,0.04125116377843156,0.11268117515531655],
            [0.07072837999107447,0.14730823385153202,0.11310529826144844,0.13977110068139237,0.04895943845814977,0.0267663497752529,0.09769948511711377,0,0.019858990820826324,0.12564241116270555,0.09366492596805802,0.11649538591244651],
            [0.06746132430015887,0.05067153693058034,0.06012756083969926,0.07709373584330051,0.17390783980022448,0.08146806791475426,0.13270659415559308,0.02272969558848566,0,0.027744347748107873,0.09179908125538394,0.2142902156237118],
            [0.1577145806309227,0.11802779805948235,0.10027746979182571,0.04160608051582442,0.1492140734381325,0.06681066946513271,0.11365828493257618,0.05835727816575027,0.1101769255606642,0,0.03024122194486131,0.05391561749482775],
            [0.02731215706818503,0.11079621488672879,0.13670296037071172,0.07280626567065436,0.117462698226784,0.13309272483733597,0.11867578326249228,0.11257154962705632,0.048640177625037744,0.042621784571243305,0,0.07931768385377047],
            [0.042493436159944,0.042017966877943784,0.04406176652712854,0.13087915642986672,0.14704289140279844,0.07989716682528954,0.07661564167064885,0.1590493626149935,0.14243631741865856,0.1004901491789289,0.035016144893799096,0]
        ],
        "city_names": ["Lausanne","Genève","Sion","Neuchâtel","Bern","Basel","Fribourg","Zürich","Aarau","Luzern","St-Gallen","Thun"],
        "reward_matrix": [
            [0,89805,77572,87766,77572,49030,87766,42913,55146,36797,18448,69417],
            [89805,0,59223,69417,59223,30681,69417,24565,36797,18448,100,51068],
            [77572,59223,0,63301,75533,46991,65340,40875,53107,34758,16410,83688],
            [87766,69417,63301,0,95921,67378,85727,61262,73495,55146,36797,87766],
            [77572,59223,75533,95921,0,79611,97960,73495,85727,67378,49030,99999],
            [49030,30681,46991,67378,79611,0,69417,83688,71456,69417,59223,71456],
            [87766,69417,65340,85727,97960,69417,0,63301,75533,57185,38836,89805],
            [42913,24565,40875,61262,73495,83688,63301,0,95921,93882,83688,65340],
            [55146,36797,53107,73495,85727,71456,75533,95921,0,89805,71456,77572],
            [36797,18448,34758,55146,67378,69417,57185,93882,89805,0,69417,59223],
            [18448,100,16410,36797,49030,59223,38836,83688,71456,69417,0,40875],
            [69417,51068,83688,87766,99999,71456,89805,65340,77572,59223,40875,0]
        ]
    },
    "vehicle_capacities": [5,5,5,30,30,30,30,30,30,30,30,30],
    "runs": [{
        "number_of_vehicles": 3,
        "avg_task_cost_vs_number_of_task": [1200,1775,1450,1537.5,1500,1475,1414.2857142857142,1306.25,1422.2222222222222,1360,1345.4545454545455,1233.3333333333333,1292.3076923076924,1257.142857142857,1316.6666666666667,1346.875,1302.9411764705883,1305.5555555555557,1328.9473684210527,1325,1285.7142857142858,1252.2727272727273,1221.7391304347825,1260.4166666666667,1256,1261.5384615384614,1237.037037037037,1200,1258.6206896551723,1296.6666666666667]
    }]
}