{
    "vehicle_starting_positions": ["Lausanne","Genève","Sion","Neuchâtel","Bern","Basel","Fribourg","Zürich","Aarau","Luzern","St-Gallen","Thun"],
    "task_distribution": {
        "distance_matrix": [
            [0,90,150,100,150,290,100,320,260,350,440,190],
            [90,0,240,190,240,380,190,410,350,440,530,280],
            [150,240,0,220,160,300,210,330,270,360,450,120],
            [100,190,220,0,60,200,110,230,170,260,350,100],
            [150,240,160,60,0,140,50,170,110,200,290,40],
            [290,380,300,200,140,0,190,120,180,190,240,180],
            [100,190,210,110,50,190,0,220,160,250,340,90],
            [320,410,330,230,170,120,220,0,60,70,120,210],
            [260,350,270,170,110,180,160,60,0,90,180,150],
            [350,440,360,260,200,190,250,70,90,0,190,240],
            [440,530,450,350,290,240,340,120,180,190,0,330],
            [190,280,120,100,40,180,90,210,150,240,330,0]
        ],
        "weight_matrix": [
            [0,3,3,3,3,3,3,3,3,3,3,3],
            [3,0,3,3,3,3,3,3,3,3,3,3],
            [3,3,0,3,3,3,3,3,3,3,3,3],
            [3,3,3,0,3,3,3,3,3,3,3,3],
            [3,3,3,3,0,3,3,3,3,3,3,3],
            [3,3,3,3,3,0,3,3,3,3,3,3],
            [3,3,3,3,3,3,0,3,3,3,3,3],
            [3,3,3,3,3,3,3,0,3,3,3,3],
            [3,3,3,3,3,3,3,3,0,3,3,3],
            [3,3,3,3,3,3,3,3,3,0,3,3],
            [3,3,3,3,3,3,3,3,3,3,0,3],
            [3,3,3,3,3,3,3,3,3,3,3,0]
        ],
        "probability_matrix": [
            [0,0.09589115074565165,0.09417112450451223,0.044007976883280675,0.16669716657027137,0.008693859120126633,0.10631212361605642,0.0792668225737785,0.03714364200919559,0.1088902145423023,0.17802694785265388,0.08089897158217076],
            [0.12744774814832158,0,0.1747910458976294,0.10895617976213394,0.08833545012963402,0.0663614724454232,0.12446579451269679,0.1373788194942143,0.1412663734041012,0.028739299864921783,2.0902831400842846E-4,0.0020487880269155026],
            [0.0469862403794108,0.13267330940017485,0,0.003097879000927046,0.08646585666728845,0.018843318340838244,0.07983210455908166,0.08183440012024054,0.1721540388017397,0.22426106161717957,0.005865694868342369,0.1479860962447768],
            [0.013492233207556563,0.07132828286354782,0.17397477942211037,0,0.13787997221798093,0.020578346369128527,0.12982843274568243,0.07881633043746421,0.07322451617163693,0.13569202461388502,0.08958040554001277,0.07560467641099436],
            [0.010421667144611603,0.054413649782543726,0.12096407450377115,0.026868434161491393,0,0.08256255558590472,0.07479645823984696,0.08932370607054821,0.13483413099891825,0.16399002347948216,0.08155599098222542,0.1602693090506565],
            [0.13540830747977414,0.20351579338651907,0.1340379864976489,0.016358612438987112,0.009964759126978529,0,0.1751346225638801,0.07826985825506122,0.046104267972272205,0.029924267262853674,0.16708886656413866,0.004192658451886269],
            [0.15279540292234844,0.033888890083652624,0.10261163837393225,0.07509267991197574,0.04479640805210416,0.022928334987912392,0,0.05208489199979642,0.13093751742518248,0.1614085605860416,0.13146595408619646,0.09198972157085751],
            [0.1371441851927195,0.08972655449374599,0.006436582385467975,0.006249457422368453,0.13134946844972725,0.07026930418205567,0.14023251080547755,0,0.1314463506233477,0.11588711645527708,0.054169069384758003,0.11708940060505482],
            [0.12454141428552948,0.05292003005083462,0.07403027569577406,0.05916598023626708,0.09192331094716735,0.12375676885294955,0.08082358292356319,0.06764832395786681,0,0.1460221505701421,0.15645162959085362,0.02271653288905231],
            [0.04995670333972551,0.06425131281454699,0.14791697619921274,0.0476422621499285,0.03626479260007405,0.21709211377484086,0.02871900239266268,0.0505744944781757,0.1552060112946208,0,0.02200088365651287,0.1803754472996992],
            [0.05641688395407942,0.002214194490479878,0.19295927181534653,0.1328958585611394,0.12171114353175667,0.010248606121789352,0.13628420369771402,0.0237891798462113,0.20545899484406213,0.06026368196944518,0,0.05775798116797582],
            [0.10879415345266547,0.0856572772722261,0.09603917100917299,0.0034844110218020556,0.105520184047355,0.16770217552334804,0.09462808138378544,0.0070331291989876215,0.11138056483348142,0.05348539492573898,0.16627545733143687,0]
        ],
        "city_names": ["Lausanne","Genève","Sion","Neuchâtel","Bern","Basel","Fribourg","Zürich","Aarau","Luzern","St-Gallen","Thun"],
        "reward_matrix": [
            [0,89805,77572,87766,77572,49030,87766,42913,55146,36797,18448,69417],
            [89805,0,59223,69417,59223,30681,69417,24565,36797,18448,100,51068],
            [77572,59223,0,63301,75533,46991,65340,40875,53107,34758,16410,83688],
            [87766,69417,63301,0,95921,67378,85727,61262,73495,55146,36797,87766],
            [77572,59223,75533,95921,0,79611,97960,73495,85727,67378,49030,99999],
            [49030,30681,46991,67378,79611,0,69417,83688,71456,69417,59223,71456],
            [87766,69417,65340,85727,97960,69417,0,63301,75533,57185,38836,89805],
            [42913,24565,40875,61262,73495,83688,63301,0,95921,93882,83688,65340],
            [55146,36797,53107,73495,85727,71456,75533,95921,0,89805,71456,77572],
            [36797,18448,34758,55146,67378,69417,57185,93882,89805,0,69417,59223],
            [18448,100,16410,36797,49030,59223,38836,83688,71456,69417,0,40875],
            [69417,51068,83688,87766,99999,71456,89805,65340,77572,59223,40875,0]
        ]
    },
    "vehicle_capacities": [5,5,5,30,30,30,30,30,30,30,30,30],
    "runs": [{
        "number_of_vehicles": 3,
        "avg_task_cost_vs_number_of_task": [950,850,1050,1062.5,1030,1116.6666666666667,1457.142857142857,1350,1433.3333333333333,1560,1618.1818181818182,1633.3333333333333,1507.6923076923076,1435.7142857142858,1340,1287.5,1370.5882352941176,1350,1278.9473684210527,1240,1209.5238095238096,1331.8181818181818,1339.1304347826087,1304.1666666666667,1360,1309.6153846153845,1298.148148148148,1282.142857142857,1294.8275862068965,1296.6666666666667]
    }]
}