{
    "vehicle_starting_positions": ["Lausanne","Genève","Sion","Neuchâtel","Bern","Basel","Fribourg","Zürich","Aarau","Luzern","St-Gallen","Thun"],
    "task_distribution": {
        "distance_matrix": [
            [0,90,150,100,150,290,100,320,260,350,440,190],
            [90,0,240,190,240,380,190,410,350,440,530,280],
            [150,240,0,220,160,300,210,330,270,360,450,120],
            [100,190,220,0,60,200,110,230,170,260,350,100],
            [150,240,160,60,0,140,50,170,110,200,290,40],
            [290,380,300,200,140,0,190,120,180,190,240,180],
            [100,190,210,110,50,190,0,220,160,250,340,90],
            [320,410,330,230,170,120,220,0,60,70,120,210],
            [260,350,270,170,110,180,160,60,0,90,180,150],
            [350,440,360,260,200,190,250,70,90,0,190,240],
            [440,530,450,350,290,240,340,120,180,190,0,330],
            [190,280,120,100,40,180,90,210,150,240,330,0]
        ],
        "weight_matrix": [
            [0,3,3,3,3,3,3,3,3,3,3,3],
            [3,0,3,3,3,3,3,3,3,3,3,3],
            [3,3,0,3,3,3,3,3,3,3,3,3],
            [3,3,3,0,3,3,3,3,3,3,3,3],
            [3,3,3,3,0,3,3,3,3,3,3,3],
            [3,3,3,3,3,0,3,3,3,3,3,3],
            [3,3,3,3,3,3,0,3,3,3,3,3],
            [3,3,3,3,3,3,3,0,3,3,3,3],
            [3,3,3,3,3,3,3,3,0,3,3,3],
            [3,3,3,3,3,3,3,3,3,0,3,3],
            [3,3,3,3,3,3,3,3,3,3,0,3],
            [3,3,3,3,3,3,3,3,3,3,3,0]
        ],
        "probability_matrix": [
            [0,0.1023063089793992,0.13474998577826447,0.12901683771587008,0.13578248058343992,0.11850499270740669,0.004975732244647104,0.09696068232299737,1.4608795753073123E-4,0.01764601688091779,0.1286057342680128,0.1313051405615138],
            [0.10737519266509407,0,0.06996413840638616,0.12065016041419992,0.05804160825814451,0.07957277184166542,0.049569712046481876,0.09234267463422094,0.13954628845768588,0.16256234245868484,0.07452441065691535,0.04585070016052088],
            [0.124889521128365,0.0819871530326901,0,0.10675261140202824,0.0961977914963116,0.12977255087240383,0.1404554154617127,0.03948700936078959,0.14805894110091064,0.010508159957305271,0.09014752544188319,0.0317433207455996],
            [0.06244498700215473,0.00832330648474683,0.12144625432578908,0,0.04380832960255371,0.12384161721057294,0.10557660810890758,0.12780059492293652,0.0700438904557281,0.05889949774049604,0.1387737363926679,0.13904117775344646],
            [0.012052644407170063,0.054600351241305356,0.16154224592434524,0.15391539659659928,0,0.14586876556199294,0.12940436319780246,0.055113973608040275,0.13580655439557301,0.11162976106465052,0.013600877029293431,0.026465066973227536],
            [0.13176540489333932,0.0627761404496491,0.1262859147487175,0.02446532472031371,0.07241997727108379,0,0.0753134280876269,0.0188208152996025,0.18548672897146773,0.0387694043421555,0.17707994797994486,0.08681691323609918],
            [0.011809354370280143,0.08808511207398513,0.10302981493256791,0.07521649462138436,0.11562215728872573,0.046145224604565785,0,0.0797241783180487,0.13206763330564325,0.15350293124422323,0.09981521671136682,0.09498188252920918],
            [0.05408999139310324,0.1658793379448177,0.1608431129753925,0.08561160195247822,0.13883232506797005,0.08923929160387929,0.14536524652912852,0,0.012402549613630904,0.12619145299427972,0.0053298871134993845,0.016215202811820466],
            [0.0031165059428622166,0.12969077814867366,0.20102116432823963,0.0867825820219891,0.08707585252747614,0.026832636187614785,0.07804017345118859,0.12748743991587622,0,0.07226608549436607,0.17072998095725028,0.01695680102446331],
            [0.06221059810533337,0.16381991173346966,0.06766694406825437,0.11123027407199843,0.050979638109823415,0.03408551567056949,0.07269603566668066,0.08163746443939147,0.15789144742176556,0,0.02408254434308307,0.17369962636963046],
            [0.044061836793580465,0.11607894206718398,0.08920117193592593,0.12031598073015329,0.04643431836691634,0.1107358703201265,0.08853236968600943,0.0495892651007422,0.08093524692939498,0.1159925591444703,0,0.1381224389254965],
            [0.0975015345227678,0.18587350893829246,0.03183703986925905,0.037685113285713924,0.052591309806390846,0.058876577579996675,0.1918236924314854,0.11813171184169848,0.017342839797025725,0.07154742793121993,0.13678924399614956,0]
        ],
        "city_names": ["Lausanne","Genève","Sion","Neuchâtel","Bern","Basel","Fribourg","Zürich","Aarau","Luzern","St-Gallen","Thun"],
        "reward_matrix": [
            [0,89805,77572,87766,77572,49030,87766,42913,55146,36797,18448,69417],
            [89805,0,59223,69417,59223,30681,69417,24565,36797,18448,100,51068],
            [77572,59223,0,63301,75533,46991,65340,40875,53107,34758,16410,83688],
            [87766,69417,63301,0,95921,67378,85727,61262,73495,55146,36797,87766],
            [77572,59223,75533,95921,0,79611,97960,73495,85727,67378,49030,99999],
            [49030,30681,46991,67378,79611,0,69417,83688,71456,69417,59223,71456],
            [87766,69417,65340,85727,97960,69417,0,63301,75533,57185,38836,89805],
            [42913,24565,40875,61262,73495,83688,63301,0,95921,93882,83688,65340],
            [55146,36797,53107,73495,85727,71456,75533,95921,0,89805,71456,77572],
            [36797,18448,34758,55146,67378,69417,57185,93882,89805,0,69417,59223],
            [18448,100,16410,36797,49030,59223,38836,83688,71456,69417,0,40875],
            [69417,51068,83688,87766,99999,71456,89805,65340,77572,59223,40875,0]
        ]
    },
    "vehicle_capacities": [15,15,15,30,30,30,30,30,30,30,30,30],
    "runs": [{
        "number_of_vehicles": 3,
        "avg_task_cost_vs_number_of_task": [950,775,983.3333333333334,1412.5,1130,1266.6666666666667,1128.5714285714287,987.5,950,810,772.7272727272727,725,657.6923076923077,671.4285714285714,716.6666666666666,737.5,644.1176470588235,677.7777777777778,689.4736842105264,587.5,685.7142857142857,579.5454545454545,604.3478260869565,587.5,620,550,616.6666666666666,678.5714285714286,648.2758620689655,615]
    }]
}