{
    "vehicle_starting_positions": ["Lausanne","Genève","Sion","Neuchâtel","Bern","Basel","Fribourg","Zürich","Aarau","Luzern","St-Gallen","Thun"],
    "task_distribution": {
        "distance_matrix": [
            [0,90,150,100,150,290,100,320,260,350,440,190],
            [90,0,240,190,240,380,190,410,350,440,530,280],
            [150,240,0,220,160,300,210,330,270,360,450,120],
            [100,190,220,0,60,200,110,230,170,260,350,100],
            [150,240,160,60,0,140,50,170,110,200,290,40],
            [290,380,300,200,140,0,190,120,180,190,240,180],
            [100,190,210,110,50,190,0,220,160,250,340,90],
            [320,410,330,230,170,120,220,0,60,70,120,210],
            [260,350,270,170,110,180,160,60,0,90,180,150],
            [350,440,360,260,200,190,250,70,90,0,190,240],
            [440,530,450,350,290,240,340,120,180,190,0,330],
            [190,280,120,100,40,180,90,210,150,240,330,0]
        ],
        "weight_matrix": [
            [0,3,3,3,3,3,3,3,3,3,3,3],
            [3,0,3,3,3,3,3,3,3,3,3,3],
            [3,3,0,3,3,3,3,3,3,3,3,3],
            [3,3,3,0,3,3,3,3,3,3,3,3],
            [3,3,3,3,0,3,3,3,3,3,3,3],
            [3,3,3,3,3,0,3,3,3,3,3,3],
            [3,3,3,3,3,3,0,3,3,3,3,3],
            [3,3,3,3,3,3,3,0,3,3,3,3],
            [3,3,3,3,3,3,3,3,0,3,3,3],
            [3,3,3,3,3,3,3,3,3,0,3,3],
            [3,3,3,3,3,3,3,3,3,3,0,3],
            [3,3,3,3,3,3,3,3,3,3,3,0]
        ],
        "probability_matrix": [
            [0,0.177940843052084,0.05616680780312685,0.028432552872228508,0.10335121588022306,0.04231497929847085,0.10484942853833829,0.09688411646539566,0.01480175776219277,0.20040293211242516,0.06362854196710167,0.11122682424841329],
            [0.09724549182834878,0,0.06606484160071915,0.10140468633704013,0.06459106200048437,0.13530732514163013,0.09729699441417625,0.12973653251217207,0.008201890960232001,0.07626977497013446,0.15444159569804014,0.06943980453702267],
            [0.07188643265186156,0.04508479964777208,0,0.14878861965759496,0.1499786324943018,0.14861597472469246,0.008795385562700481,0.024113953951703807,0.1387126399546498,0.061949260784741896,0.1494899602622933,0.052584340307687896],
            [0.04994796513524884,0.15443543289994444,0.005523421089292117,0,0.1760671901040984,0.19031945421575505,0.14879486140066564,0.01527252050489994,0.003579848492266715,0.025830564457550848,0.18113324065786565,0.049095501042412185],
            [0.11197063965843727,0.07541941873840531,0.11696483729981329,0.19640923034741403,0,0.004035462011742561,0.02684729583743265,0.04049382808463188,0.144210061579904,0.01866708590419306,0.08686645789776688,0.1781156826402592],
            [0.09183437523258343,0.10863212458702269,0.03719569849763487,0.12599117050144962,0.030871236229782332,0,0.05127399018335829,0.17982473257950102,8.183990363975349E-4,0.08985831827787857,0.12726145012136547,0.15643850475302623],
            [0.1304839019587931,0.04976553746111366,0.08031656919617108,0.07362048627219964,0.02434427215577413,0.16526509555112603,0,0.11663358491106506,0.1165929218949064,0.14515440914011246,0.01839296816299591,0.07943025329574262],
            [0.12157618874374963,0.07338954144575499,0.10300737116163583,0.1353033720755787,0.003368923048844899,0.10004959022461267,0.0977746670506134,0,0.10936178818109805,0.14334908131748364,0.04538929799313207,0.06743017875749617],
            [0.1271257552202817,0.05608118585102397,0.06649240937393829,0.07015747876412316,0.10500746540170199,0.0939408329932636,0.10245824648808148,0.1445166018620221,0,0.07665135736935087,0.044896164067686824,0.11267250260852595],
            [0.005492106283871011,0.05731284522110877,0.13549401291969726,0.032854892891686034,0.13319407455586335,0.033494441226580796,0.15649855348963637,0.1460669695016037,0.1677176052612758,0,0.05526764130710085,0.07660685734157616],
            [0.05386006754397207,0.14031572571240514,0.08914587040074731,0.16915495467089692,0.12022285815286834,0.0694757593252361,0.0635002828621767,0.003054898225941974,0.0807725610435262,0.16285127205746203,0,0.04764575000476738],
            [0.161374728860544,0.03953274580376934,0.034909693361937284,0.002109482311408967,0.1055084307754919,0.1414480132784854,0.14532221294417066,0.11530141586232187,0.07916031284525821,0.10940455139576584,0.0659284125608466,0]
        ],
        "city_names": ["Lausanne","Genève","Sion","Neuchâtel","Bern","Basel","Fribourg","Zürich","Aarau","Luzern","St-Gallen","Thun"],
        "reward_matrix": [
            [0,89805,77572,87766,77572,49030,87766,42913,55146,36797,18448,69417],
            [89805,0,59223,69417,59223,30681,69417,24565,36797,18448,100,51068],
            [77572,59223,0,63301,75533,46991,65340,40875,53107,34758,16410,83688],
            [87766,69417,63301,0,95921,67378,85727,61262,73495,55146,36797,87766],
            [77572,59223,75533,95921,0,79611,97960,73495,85727,67378,49030,99999],
            [49030,30681,46991,67378,79611,0,69417,83688,71456,69417,59223,71456],
            [87766,69417,65340,85727,97960,69417,0,63301,75533,57185,38836,89805],
            [42913,24565,40875,61262,73495,83688,63301,0,95921,93882,83688,65340],
            [55146,36797,53107,73495,85727,71456,75533,95921,0,89805,71456,77572],
            [36797,18448,34758,55146,67378,69417,57185,93882,89805,0,69417,59223],
            [18448,100,16410,36797,49030,59223,38836,83688,71456,69417,0,40875],
            [69417,51068,83688,87766,99999,71456,89805,65340,77572,59223,40875,0]
        ]
    },
    "vehicle_capacities": [15,15,15,30,30,30,30,30,30,30,30,30],
    "runs": [{
        "number_of_vehicles": 3,
        "avg_task_cost_vs_number_of_task": [1550,1500,1000,1100,880,733.3333333333334,635.7142857142857,556.25,577.7777777777778,565,622.7272727272727,620.8333333333334,642.3076923076923,614.2857142857143,596.6666666666666,540.625,611.7647058823529,569.4444444444445,552.6315789473684,572.5,578.5714285714286,545.4545454545455,586.9565217391304,518.75,540,525,522.2222222222222,508.92857142857144,465.51724137931035,491.6666666666667]
    }]
}