{
    "vehicle_starting_positions": ["Lausanne","Genève","Sion","Neuchâtel","Bern","Basel","Fribourg","Zürich","Aarau","Luzern","St-Gallen","Thun"],
    "task_distribution": {
        "distance_matrix": [
            [0,90,150,100,150,290,100,320,260,350,440,190],
            [90,0,240,190,240,380,190,410,350,440,530,280],
            [150,240,0,220,160,300,210,330,270,360,450,120],
            [100,190,220,0,60,200,110,230,170,260,350,100],
            [150,240,160,60,0,140,50,170,110,200,290,40],
            [290,380,300,200,140,0,190,120,180,190,240,180],
            [100,190,210,110,50,190,0,220,160,250,340,90],
            [320,410,330,230,170,120,220,0,60,70,120,210],
            [260,350,270,170,110,180,160,60,0,90,180,150],
            [350,440,360,260,200,190,250,70,90,0,190,240],
            [440,530,450,350,290,240,340,120,180,190,0,330],
            [190,280,120,100,40,180,90,210,150,240,330,0]
        ],
        "weight_matrix": [
            [0,3,3,3,3,3,3,3,3,3,3,3],
            [3,0,3,3,3,3,3,3,3,3,3,3],
            [3,3,0,3,3,3,3,3,3,3,3,3],
            [3,3,3,0,3,3,3,3,3,3,3,3],
            [3,3,3,3,0,3,3,3,3,3,3,3],
            [3,3,3,3,3,0,3,3,3,3,3,3],
            [3,3,3,3,3,3,0,3,3,3,3,3],
            [3,3,3,3,3,3,3,0,3,3,3,3],
            [3,3,3,3,3,3,3,3,0,3,3,3],
            [3,3,3,3,3,3,3,3,3,0,3,3],
            [3,3,3,3,3,3,3,3,3,3,0,3],
            [3,3,3,3,3,3,3,3,3,3,3,0]
        ],
        "probability_matrix": [
            [0,0.008135690157291015,0.1390821108582966,0.08076783528229213,0.12470683355752289,0.14136366638457318,0.08627455067843533,0.10665482207020138,0.05180541473424964,0.12711348425575364,0.07788524456995101,0.05621034745143311],
            [0.10961333066573689,0,0.10720183008410171,0.06025389739538256,0.022301073739021595,0.1347175355636835,0.07079644074259277,0.10636817128504542,0.0767682880491508,0.12145013464459155,0.07819813347318491,0.11233116435750817],
            [0.1297853764419564,0.03548768243035517,0,0.047652121468502735,0.06439613386922562,0.10851888222596585,0.10907253224071259,0.11511648404506268,0.11110682102920508,0.0963993226007884,0.12185681322133551,0.060607830426889914],
            [0.008146956264426632,0.11762770393191664,0.05642227424037033,0,0.18246593232815567,0.012168585160039732,0.21180748803696942,0.1432703882058008,0.058085639525382336,0.01570482387205418,0.07534011483622781,0.11896009359865647],
            [0.18665411115713912,0.0183886376427377,0.12408268269606429,0.03007165148796505,0,0.09883194705981861,0.15591108422040761,0.1863284084131128,0.009076859239250458,0.08277430081011375,0.016339967574162232,0.09154034969922843],
            [0.020393049841998544,0.02309047865839182,0.01728540889796388,0.14380817964054043,0.11094850745981046,0,0.08716699158604684,0.14521901836379247,0.13481514963138622,0.06019429514741464,0.14005668340375857,0.11702223736889594],
            [0.059706866589758184,0.0616172105830607,0.059932076758052046,0.06615280071234207,0.09329239584311674,0.14096703574269207,0,0.1390406505125071,0.14160031826775757,0.0494398965845222,0.12314046124930245,0.06511028715688903],
            [0.17842906653985777,0.03343241825501671,0.18986059198797844,0.01864919206091129,0.01899851014175808,0.016818334510008946,0.13458383930305282,0,0.05722443597934673,0.11710580267240402,0.08928296253245485,0.14561484601721034],
            [0.042745815140785993,0.11416998691239216,0.06994408019045441,0.1375862538577916,0.0484894021295017,0.005170042388286385,0.10653755983597912,0.1125689815430842,0,0.1649399959829028,0.03986779065027733,0.15798009136854418],
            [0.06508200873063734,0.047838549229150845,0.054947726598024535,0.017493200093893477,0.06294583008886732,0.10938714483212754,0.026550754567288237,0.15139039284212688,0.1757098292686831,0,0.12728828716586132,0.16136627658333957],
            [0.09366764062398122,0.09957324531774969,0.06871151098578979,2.524750208832912E-4,0.11050785563246385,0.10127715787317479,0.07399300442380487,0.13979738507278325,0.14653034339617219,0.08017958572251803,0,0.08550979593067905],
            [0.15586015088479302,0.1839526685776947,0.0187537178571428,0.13566972401259175,0.17388118930977253,0.04596513479118178,0.0032143065410304987,0.07551378038007402,0.06739228748670695,0.023856358883640516,0.11594068127537135,0]
        ],
        "city_names": ["Lausanne","Genève","Sion","Neuchâtel","Bern","Basel","Fribourg","Zürich","Aarau","Luzern","St-Gallen","Thun"],
        "reward_matrix": [
            [0,89805,77572,87766,77572,49030,87766,42913,55146,36797,18448,69417],
            [89805,0,59223,69417,59223,30681,69417,24565,36797,18448,100,51068],
            [77572,59223,0,63301,75533,46991,65340,40875,53107,34758,16410,83688],
            [87766,69417,63301,0,95921,67378,85727,61262,73495,55146,36797,87766],
            [77572,59223,75533,95921,0,79611,97960,73495,85727,67378,49030,99999],
            [49030,30681,46991,67378,79611,0,69417,83688,71456,69417,59223,71456],
            [87766,69417,65340,85727,97960,69417,0,63301,75533,57185,38836,89805],
            [42913,24565,40875,61262,73495,83688,63301,0,95921,93882,83688,65340],
            [55146,36797,53107,73495,85727,71456,75533,95921,0,89805,71456,77572],
            [36797,18448,34758,55146,67378,69417,57185,93882,89805,0,69417,59223],
            [18448,100,16410,36797,49030,59223,38836,83688,71456,69417,0,40875],
            [69417,51068,83688,87766,99999,71456,89805,65340,77572,59223,40875,0]
        ]
    },
    "vehicle_capacities": [15,15,15,30,30,30,30,30,30,30,30,30],
    "runs": [{
        "number_of_vehicles": 3,
        "avg_task_cost_vs_number_of_task": [800,1225,950,1025,1060,883.3333333333334,757.1428571428571,812.5,733.3333333333334,710,668.1818181818181,654.1666666666666,588.4615384615385,585.7142857142857,586.6666666666666,571.875,517.6470588235294,519.4444444444445,568.421052631579,497.5,516.6666666666666,556.8181818181819,489.1304347826087,581.25,600,528.8461538461538,535.1851851851852,491.07142857142856,472.41379310344826,491.6666666666667]
    }]
}