{
    "vehicle_starting_positions": ["Lausanne","Genève","Sion","Neuchâtel","Bern","Basel","Fribourg","Zürich","Aarau","Luzern","St-Gallen","Thun"],
    "task_distribution": {
        "distance_matrix": [
            [0,90,150,100,150,290,100,320,260,350,440,190],
            [90,0,240,190,240,380,190,410,350,440,530,280],
            [150,240,0,220,160,300,210,330,270,360,450,120],
            [100,190,220,0,60,200,110,230,170,260,350,100],
            [150,240,160,60,0,140,50,170,110,200,290,40],
            [290,380,300,200,140,0,190,120,180,190,240,180],
            [100,190,210,110,50,190,0,220,160,250,340,90],
            [320,410,330,230,170,120,220,0,60,70,120,210],
            [260,350,270,170,110,180,160,60,0,90,180,150],
            [350,440,360,260,200,190,250,70,90,0,190,240],
            [440,530,450,350,290,240,340,120,180,190,0,330],
            [190,280,120,100,40,180,90,210,150,240,330,0]
        ],
        "weight_matrix": [
            [0,3,3,3,3,3,3,3,3,3,3,3],
            [3,0,3,3,3,3,3,3,3,3,3,3],
            [3,3,0,3,3,3,3,3,3,3,3,3],
            [3,3,3,0,3,3,3,3,3,3,3,3],
            [3,3,3,3,0,3,3,3,3,3,3,3],
            [3,3,3,3,3,0,3,3,3,3,3,3],
            [3,3,3,3,3,3,0,3,3,3,3,3],
            [3,3,3,3,3,3,3,0,3,3,3,3],
            [3,3,3,3,3,3,3,3,0,3,3,3],
            [3,3,3,3,3,3,3,3,3,0,3,3],
            [3,3,3,3,3,3,3,3,3,3,0,3],
            [3,3,3,3,3,3,3,3,3,3,3,0]
        ],
        "probability_matrix": [
            [0,0.13866088952167707,0.044361745517865175,0.19919686627344066,0.0796009338003896,0.08740572876802982,0.024730244752782744,0.042524066262904815,0.029918154113820115,0.21649512439780724,0.049638696405181856,0.08746755018610097],
            [0.1129302289966676,0,0.09745606337812049,0.008348086316450613,0.16929220246085042,0.16532632286634286,0.1351375488399556,0.04206400110095762,0.04842854178125813,0.11060909028096216,0.08665911448058031,0.023748799497854002],
            [0.16303661198816471,0.05009702160294023,0,0.14959738842117032,0.14437034993118905,0.09639233833031068,0.00904252923588047,0.07904452059928943,0.1114960774982581,0.10161435308325788,0.03906460158206848,0.05624420772747078],
            [0.020676750449100854,0.12349986326373057,0.055014858473412795,0,0.19084856011359083,0.022334982837944672,0.08430984173502708,0.004717934213205556,0.18983026453529753,0.013321367888081396,0.13466436690266714,0.16078120958794173],
            [0.07131422258285551,0.12781675975551102,0.05727402998715215,0.07539717034394938,0,0.07257543792727436,0.04982092617754543,0.12981339350647225,0.04551194168894148,0.09517014170661087,0.16273890705058688,0.11256706927310074],
            [0.02915046854863878,0.05505964754405275,0.16534906449268402,0.03562560206980678,0.1947717347426312,0,0.1826633474651533,0.03331176238690415,0.06270929998285849,0.07666501607894469,0.08707238179187526,0.0776216748964507],
            [0.008527230497898042,0.012792738460755546,0.16173007715502394,0.013148050965188894,0.085860029910165,0.11710003847186203,0,0.1260204974857353,0.13032449558280693,0.14365091700526778,0.05640257101450904,0.14444335345078738],
            [0.12064164741431507,0.11930269231983769,0.140363610642679,0.13705651891067758,0.002853449804866798,0.09476472015922878,0.014339514571043295,0,0.13571474777153653,0.057298115866320415,0.04561277960230348,0.13205220293719133],
            [0.04124401884151058,0.13787529765350737,0.12815714188566849,0.13457982755381995,0.0020845564262091817,0.12287538140084041,0.043822423205294246,0.006793465017575341,0,0.09955562623913614,0.13817193010241507,0.14484033167402321],
            [0.02558023291701816,0.11897795051854147,0.12487090004288862,0.05776203395362266,0.042395645441345435,0.1317012997638938,0.046251542978968344,0.17491740930199665,0.03490803115795138,0,0.0738999123408832,0.16873504158289038],
            [0.132831404735329,0.0656665696858449,0.042986220466555,0.12887584561306256,0.0461933457115517,0.07322855136680313,0.07467648590440346,0.11493553283867781,0.13962389638837375,0.13159414990526083,0,0.04938799738413772],
            [0.1660073500321735,0.10350960822143956,0.1850127395768097,0.05422323766083618,0.019199359782420673,0.04583147258383272,0.09748597326046576,0.15657469976353672,0.034292915206310115,0.09161729067324986,0.046245353238925015,0]
        ],
        "city_names": ["Lausanne","Genève","Sion","Neuchâtel","Bern","Basel","Fribourg","Zürich","Aarau","Luzern","St-Gallen","Thun"],
        "reward_matrix": [
            [0,89805,77572,87766,77572,49030,87766,42913,55146,36797,18448,69417],
            [89805,0,59223,69417,59223,30681,69417,24565,36797,18448,100,51068],
            [77572,59223,0,63301,75533,46991,65340,40875,53107,34758,16410,83688],
            [87766,69417,63301,0,95921,67378,85727,61262,73495,55146,36797,87766],
            [77572,59223,75533,95921,0,79611,97960,73495,85727,67378,49030,99999],
            [49030,30681,46991,67378,79611,0,69417,83688,71456,69417,59223,71456],
            [87766,69417,65340,85727,97960,69417,0,63301,75533,57185,38836,89805],
            [42913,24565,40875,61262,73495,83688,63301,0,95921,93882,83688,65340],
            [55146,36797,53107,73495,85727,71456,75533,95921,0,89805,71456,77572],
            [36797,18448,34758,55146,67378,69417,57185,93882,89805,0,69417,59223],
            [18448,100,16410,36797,49030,59223,38836,83688,71456,69417,0,40875],
            [69417,51068,83688,87766,99999,71456,89805,65340,77572,59223,40875,0]
        ]
    },
    "vehicle_capacities": [5,5,5,30,30,30,30,30,30,30,30,30],
    "runs": [{
        "number_of_vehicles": 3,
        "avg_task_cost_vs_number_of_task": [800,750,800,1025,1090,1133.3333333333333,1292.857142857143,1375,1455.5555555555557,1495,1440.909090909091,1479.1666666666667,1507.6923076923076,1428.5714285714287,1350,1359.375,1282.3529411764705,1277.7777777777778,1257.8947368421052,1242.5,1226.1904761904761,1256.8181818181818,1293.4782608695652,1310.4166666666667,1338,1294.2307692307693,1324.0740740740741,1278.5714285714287,1329.3103448275863,1320]
    }]
}