{
    "vehicle_starting_positions": ["Amsterdam","Rotterdam","Den Haag","Utrecht","Eindhoven","Almere","Groningen","Nijmegen","Breda","Apeldoorn"],
    "task_distribution": {
        "distance_matrix": [
            [0,90.6,65.2,45.6,137.5,31.9,185.9,132,119.1,90.2],
            [90.6,0,25.4,62.3,110.8,105.6,259.6,112,48.6,129.3],
            [65.2,25.4,0,87.7,136.2,97.1,251.1,137.4,74,154.7],
            [45.6,62.3,87.7,0,91.9,43.3,197.3,86.4,73.5,67],
            [137.5,110.8,136.2,91.9,0,135.2,268.3,70.2,62.2,127.3],
            [31.9,105.6,97.1,43.3,135.2,0,154,129.7,116.8,80.1],
            [185.9,259.6,251.1,197.3,268.3,154,0,198.1,270.8,141],
            [132,112,137.4,86.4,70.2,129.7,198.1,0,96.2,57.1],
            [119.1,48.6,74,73.5,62.2,116.8,270.8,96.2,0,140.5],
            [90.2,129.3,154.7,67,127.3,80.1,141,57.1,140.5,0]
        ],
        "weight_matrix": [
            [0,3,3,3,3,3,3,3,3,3],
            [3,0,3,3,3,3,3,3,3,3],
            [3,3,0,3,3,3,3,3,3,3],
            [3,3,3,0,3,3,3,3,3,3],
            [3,3,3,3,0,3,3,3,3,3],
            [3,3,3,3,3,0,3,3,3,3],
            [3,3,3,3,3,3,0,3,3,3],
            [3,3,3,3,3,3,3,0,3,3],
            [3,3,3,3,3,3,3,3,0,3],
            [3,3,3,3,3,3,3,3,3,0]
        ],
        "probability_matrix": [
            [0,0.16550624473684653,0.1083947259078032,0.09042649462520364,0.14249423063516234,0.11377547283387986,0.06604219450323741,0.22157327026329882,0.010825877574126968,0.08096148892044132],
            [0.09768685035653327,0,0.11239589445312606,0.221840699272843,0.15754098102773395,0.11366958545336711,0.05961505745121584,0.03735557720902302,0.09895567335624193,0.10093968141991574],
            [0.1559246605439325,0.030167251158694113,0,0.10675550039576914,0.12605172317941757,0.04328696502089481,0.12872634590846707,0.1542078299689307,0.13533944615195864,0.11954027767193533],
            [0.1590158046424826,0.15955977386615683,0.07951164839326676,0,0.05263500958221085,0.1836266055028774,0.01907946216273391,0.09723421024393115,0.07266323769017691,0.17667424791616357],
            [0.03631474268022807,0.12365689147673266,0.032161255972851306,0.016866846488423872,0,0.20448467396052267,0.15200471896163428,0.20626512896984012,0.1870798772650626,0.04116586422470445],
            [0.05388875376368487,0.18867675333061856,0.04734937001467217,0.2024966368029693,0.142676100952231,0,0.06836007786142734,0.02274114872560739,0.22649155971432647,0.0473195988344628],
            [0.07098607435709609,0.14781996433448358,0.18558539668625273,0.09652041160687694,0.05066748858868474,0.20801777068380078,0,0.16412095740834437,0.0162963299284045,0.0599856064060562],
            [0.07633445713348772,0.1782892033671933,0.10040879612810277,0.1824600658392459,0.0656443884867915,0.12925585888905394,0.05912551734705086,0,0.0383586089524343,0.17012310385663976],
            [0.18014002676678054,0.021098972154466836,0.1188363971139546,0.17938966935282893,0.05094051690547599,0.16937955315361108,0.120100689478359,0.006942772515824988,0,0.15317140255869827],
            [0.13330132962851193,0.10185284460942574,0.12984446479800346,0.06460945073727258,0.050795069095548415,0.15466439349240665,0.14580630116535612,0.07618082069335227,0.14294532578012273,0]
        ],
        "city_names": ["Amsterdam","Rotterdam","Den Haag","Utrecht","Eindhoven","Almere","Groningen","Nijmegen","Breda","Apeldoorn"],
        "reward_matrix": [
            [0,73456,83796,91775,54364,97352,34661,56603,61855,73619],
            [73456,0,99999,84977,65233,67350,4659,64745,90554,57702],
            [83796,99999,0,74637,54893,70810,8119,54405,80214,47362],
            [91775,84977,74637,0,72927,92712,30020,75166,80418,83064],
            [54364,65233,54893,72927,0,55300,1117,81761,85018,58516],
            [97352,67350,70810,92712,55300,0,47647,57539,62791,77731],
            [34661,4659,8119,30020,1117,47647,0,29695,100,52939],
            [56603,64745,54405,75166,81761,57539,29695,0,71177,87094],
            [61855,90554,80214,80418,85018,62791,100,71177,0,53143],
            [73619,57702,47362,83064,58516,77731,52939,87094,53143,0]
        ]
    },
    "vehicle_capacities": [15,15,15,5,20,30,30,30,30,30],
    "runs": [{
        "number_of_vehicles": 3,
        "avg_task_cost_vs_number_of_task": [945.5,856,570.6666666666666,612.125,573.6,491.25,421.07142857142856,411.43750000000006,365.7222222222223,356.4,333.90909090909093,324.5833333333333,326.5,277.60714285714283,311.3,284.4375,278.20588235294116,291.69444444444446,258.36842105263156,285.75,276.07142857142856,265.59090909090907,298.02173913043464,295.3333333333333,278.56,273.6923076923077,282.16666666666663,275.75,280.70689655172407,271.3833333333333]
    }]
}