{
    "vehicle_starting_positions": ["Amsterdam","Rotterdam","Den Haag","Utrecht","Eindhoven","Almere","Groningen","Nijmegen","Breda","Apeldoorn"],
    "task_distribution": {
        "distance_matrix": [
            [0,90.6,65.2,45.6,137.5,31.9,185.9,132,119.1,90.2],
            [90.6,0,25.4,62.3,110.8,105.6,259.6,112,48.6,129.3],
            [65.2,25.4,0,87.7,136.2,97.1,251.1,137.4,74,154.7],
            [45.6,62.3,87.7,0,91.9,43.3,197.3,86.4,73.5,67],
            [137.5,110.8,136.2,91.9,0,135.2,268.3,70.2,62.2,127.3],
            [31.9,105.6,97.1,43.3,135.2,0,154,129.7,116.8,80.1],
            [185.9,259.6,251.1,197.3,268.3,154,0,198.1,270.8,141],
            [132,112,137.4,86.4,70.2,129.7,198.1,0,96.2,57.1],
            [119.1,48.6,74,73.5,62.2,116.8,270.8,96.2,0,140.5],
            [90.2,129.3,154.7,67,127.3,80.1,141,57.1,140.5,0]
        ],
        "weight_matrix": [
            [0,3,3,3,3,3,3,3,3,3],
            [3,0,3,3,3,3,3,3,3,3],
            [3,3,0,3,3,3,3,3,3,3],
            [3,3,3,0,3,3,3,3,3,3],
            [3,3,3,3,0,3,3,3,3,3],
            [3,3,3,3,3,0,3,3,3,3],
            [3,3,3,3,3,3,0,3,3,3],
            [3,3,3,3,3,3,3,0,3,3],
            [3,3,3,3,3,3,3,3,0,3],
            [3,3,3,3,3,3,3,3,3,0]
        ],
        "probability_matrix": [
            [0,0.2014825181324604,0.10537752084882819,0.23137412125209736,0.05562418031200842,0.12840493585384158,0.03173655899732173,0.03794938376331048,0.055989036408249745,0.15206174443188233],
            [0.03998787541598804,0,0.009364281014637325,0.06603523630669157,0.10965730046880282,0.16968131216686744,0.15446735603165443,0.2048050962026968,0.19852118327652146,0.04748035911614018],
            [0.15093614420288054,0.13137668451160964,0,0.2167433675019996,0.021887906910011516,0.2008988696525435,0.05016571822604684,1.4492934532974215E-4,0.19478079873065246,0.03306558091892633],
            [0.23583606792488412,0.08975833012909075,0.014841134217189342,0,0.15985575792649695,0.09245637926149905,0.01549563603756105,0.06036318266684494,0.20478935373005122,0.12660415810638256],
            [0.046316915220428335,0.022256432039284433,0.0825058953425222,0.228774091459824,0,0.1911789585586991,0.106632924476167,0.08172543836689357,0.07292207339035196,0.16768727114582918],
            [0.12241077434506048,0.11789306620777573,0.0020218368604561342,0.18207555128616112,0.22029552487813847,0,0.19581454158996836,0.002878005754686796,0.09332841097038173,0.06328228810737113],
            [0.1653369851662791,0.08605232109477251,0.18043209534538487,0.1495523561831191,0.08609498790455222,0.01841295498660896,0,0.15721311148759598,0.06738414836570251,0.08952103946598478],
            [0.19361769785668329,0.02420011221352078,0.10789521979006537,0.10858539042442596,0.11521652795344263,0.09113857187710239,0.21041585003827248,0,0.03235682039738318,0.11657380944910385],
            [0.15444058428546295,0.05019894067060836,0.15251895107212493,0.16580708198903302,0.10156408228611058,0.12491326909918975,0.0447147973332543,0.07009864314152746,0,0.13574365012268855],
            [0.07984845001627436,0.15377384061972885,0.029102999960348402,0.1420008135001565,0.15106924154770213,0.11005759627618847,0.13121427716788758,0.07957664753729209,0.12335613337442175,0]
        ],
        "city_names": ["Amsterdam","Rotterdam","Den Haag","Utrecht","Eindhoven","Almere","Groningen","Nijmegen","Breda","Apeldoorn"],
        "reward_matrix": [
            [0,73456,83796,91775,54364,97352,34661,56603,61855,73619],
            [73456,0,99999,84977,65233,67350,4659,64745,90554,57702],
            [83796,99999,0,74637,54893,70810,8119,54405,80214,47362],
            [91775,84977,74637,0,72927,92712,30020,75166,80418,83064],
            [54364,65233,54893,72927,0,55300,1117,81761,85018,58516],
            [97352,67350,70810,92712,55300,0,47647,57539,62791,77731],
            [34661,4659,8119,30020,1117,47647,0,29695,100,52939],
            [56603,64745,54405,75166,81761,57539,29695,0,71177,87094],
            [61855,90554,80214,80418,85018,62791,100,71177,0,53143],
            [73619,57702,47362,83064,58516,77731,52939,87094,53143,0]
        ]
    },
    "vehicle_capacities": [15,15,15,5,20,30,30,30,30,30],
    "runs": [{
        "number_of_vehicles": 3,
        "avg_task_cost_vs_number_of_task": [554,607,527.3333333333334,395.5,637.2,603,548.0714285714286,468.125,470.11111111111103,428.6499999999999,398.99999999999994,367.9166666666667,361.8076923076923,337.5357142857143,353.8,376.125,328.97058823529414,308.47222222222223,344.3421052631579,304.85,308.5952380952381,290.02272727272725,283.89130434782606,283.8958333333333,281.26,257.8846153846154,284.3333333333333,279.1964285714286,248.18965517241378,262.18333333333334]
    }]
}