{
    "vehicle_starting_positions": ["Amsterdam","Rotterdam","Den Haag","Utrecht","Eindhoven","Almere","Groningen","Nijmegen","Breda","Apeldoorn"],
    "task_distribution": {
        "distance_matrix": [
            [0,90.6,65.2,45.6,137.5,31.9,185.9,132,119.1,90.2],
            [90.6,0,25.4,62.3,110.8,105.6,259.6,112,48.6,129.3],
            [65.2,25.4,0,87.7,136.2,97.1,251.1,137.4,74,154.7],
            [45.6,62.3,87.7,0,91.9,43.3,197.3,86.4,73.5,67],
            [137.5,110.8,136.2,91.9,0,135.2,268.3,70.2,62.2,127.3],
            [31.9,105.6,97.1,43.3,135.2,0,154,129.7,116.8,80.1],
            [185.9,259.6,251.1,197.3,268.3,154,0,198.1,270.8,141],
            [132,112,137.4,86.4,70.2,129.7,198.1,0,96.2,57.1],
            [119.1,48.6,74,73.5,62.2,116.8,270.8,96.2,0,140.5],
            [90.2,129.3,154.7,67,127.3,80.1,141,57.1,140.5,0]
        ],
        "weight_matrix": [
            [0,3,3,3,3,3,3,3,3,3],
            [3,0,3,3,3,3,3,3,3,3],
            [3,3,0,3,3,3,3,3,3,3],
            [3,3,3,0,3,3,3,3,3,3],
            [3,3,3,3,0,3,3,3,3,3],
            [3,3,3,3,3,0,3,3,3,3],
            [3,3,3,3,3,3,0,3,3,3],
            [3,3,3,3,3,3,3,0,3,3],
            [3,3,3,3,3,3,3,3,0,3],
            [3,3,3,3,3,3,3,3,3,0]
        ],
        "probability_matrix": [
            [0,0.15538851036473286,0.17014644680370958,0.016111239761379882,0.07541451661871244,0.2281045389499342,0.04024243835425497,0.16638626861884437,0.13228925588213217,0.015916784646299413],
            [0.04662112140238049,0,0.10118939296666894,0.1938134321209877,0.12273929087502783,0.06162725858320337,0.18205629622921973,0.22825853902842552,0.039599413634935986,0.02409525515915036],
            [0.013491954222066858,0.06158229254635965,0,0.020570253110637076,0.11117669480714547,0.12683337423612265,0.11998130854730914,0.007085768943801419,0.27288391468674933,0.2663944388998084],
            [0.12524864794077156,0.16701189405851144,0.010633956112448209,0,0.061586835923376416,0.16595135851316153,0.030857842458699443,0.1832229135289471,0.11294258858967357,0.1425439628744108],
            [0.15335612278825714,0.106917347983914,0.12300132390780638,0.08911077074784486,0,0.08187858241897973,0.13020550010504683,0.1452380937404378,0.052497211243738094,0.11779504706397512],
            [0.12501551818772846,0.07760019105834412,0.143899393754313,0.10377486858176099,0.1683303361531302,0,0.052040159183224334,0.12935777263284054,0.016825517496378988,0.18315624295227947],
            [0.024112498614841597,0.1702144353289516,0.16030595694871586,0.10356901421216813,0.009543468419342125,0.18917930769503793,0,0.23596503920392692,0.03726545107507911,0.06984482850193688],
            [0.08633609233889267,0.06543900039124383,0.162178750011101,0.03179213388383888,0.09716366206685935,0.1875250021282096,0.0552232391573749,0,0.21492907831488964,0.09941304170759013],
            [0.03770414277805382,0.07502694938370566,0.08702332482158828,0.06033150157976987,0.11848345314688699,0.19064249704237585,0.16562847323340016,0.09199995353881037,0,0.17315970447540893],
            [0.007222503972465441,0.0046092566789363715,0.11652365690884653,0.2885735129598949,0.04523686788469052,0.0791280824617391,0.21229212031301645,0.2012975072481502,0.04511649157226063,0]
        ],
        "city_names": ["Amsterdam","Rotterdam","Den Haag","Utrecht","Eindhoven","Almere","Groningen","Nijmegen","Breda","Apeldoorn"],
        "reward_matrix": [
            [0,73456,83796,91775,54364,97352,34661,56603,61855,73619],
            [73456,0,99999,84977,65233,67350,4659,64745,90554,57702],
            [83796,99999,0,74637,54893,70810,8119,54405,80214,47362],
            [91775,84977,74637,0,72927,92712,30020,75166,80418,83064],
            [54364,65233,54893,72927,0,55300,1117,81761,85018,58516],
            [97352,67350,70810,92712,55300,0,47647,57539,62791,77731],
            [34661,4659,8119,30020,1117,47647,0,29695,100,52939],
            [56603,64745,54405,75166,81761,57539,29695,0,71177,87094],
            [61855,90554,80214,80418,85018,62791,100,71177,0,53143],
            [73619,57702,47362,83064,58516,77731,52939,87094,53143,0]
        ]
    },
    "vehicle_capacities": [10,10,10,5,20,30,30,30,30,30],
    "runs": [{
        "number_of_vehicles": 3,
        "avg_task_cost_vs_number_of_task": [370,348,307.1666666666667,369.875,462.7,410.25,404.5,392.56249999999994,347.8888888888889,321.15,323.49999999999994,319.62499999999994,315.84615384615375,310.64285714285705,289.9333333333333,274.25,293.4117647058824,284.55555555555554,288.10526315789474,290.925,281.23809523809524,278.3863636363636,259.60869565217394,293.7708333333333,287.98,277.21153846153845,279.1111111111111,320.23214285714283,305.67241379310343,297.28333333333336]
    }]
}