{
    "vehicle_starting_positions": ["Amsterdam","Rotterdam","Den Haag","Utrecht","Eindhoven","Almere","Groningen","Nijmegen","Breda","Apeldoorn"],
    "task_distribution": {
        "distance_matrix": [
            [0,90.6,65.2,45.6,137.5,31.9,185.9,132,119.1,90.2],
            [90.6,0,25.4,62.3,110.8,105.6,259.6,112,48.6,129.3],
            [65.2,25.4,0,87.7,136.2,97.1,251.1,137.4,74,154.7],
            [45.6,62.3,87.7,0,91.9,43.3,197.3,86.4,73.5,67],
            [137.5,110.8,136.2,91.9,0,135.2,268.3,70.2,62.2,127.3],
            [31.9,105.6,97.1,43.3,135.2,0,154,129.7,116.8,80.1],
            [185.9,259.6,251.1,197.3,268.3,154,0,198.1,270.8,141],
            [132,112,137.4,86.4,70.2,129.7,198.1,0,96.2,57.1],
            [119.1,48.6,74,73.5,62.2,116.8,270.8,96.2,0,140.5],
            [90.2,129.3,154.7,67,127.3,80.1,141,57.1,140.5,0]
        ],
        "weight_matrix": [
            [0,3,3,3,3,3,3,3,3,3],
            [3,0,3,3,3,3,3,3,3,3],
            [3,3,0,3,3,3,3,3,3,3],
            [3,3,3,0,3,3,3,3,3,3],
            [3,3,3,3,0,3,3,3,3,3],
            [3,3,3,3,3,0,3,3,3,3],
            [3,3,3,3,3,3,0,3,3,3],
            [3,3,3,3,3,3,3,0,3,3],
            [3,3,3,3,3,3,3,3,0,3],
            [3,3,3,3,3,3,3,3,3,0]
        ],
        "probability_matrix": [
            [0,0.10642207011897549,0.06237134140773554,0.14874143387066277,0.018593898981524578,0.06727734440610132,0.10734055847586288,0.19135137407695457,0.2435784589534664,0.05432351970871653],
            [0.016351518824786776,0,0.1531609128911311,0.1528934055746738,0.10746512839433861,0.09603043885809419,0.14856612141197956,0.16219770716807858,0.10801146240567877,0.055323304471238406],
            [0.1627209108238656,0.10878763767467473,0,0.022372906893750738,0.10930555086037234,0.027833452623653894,0.15551012812800832,0.12456202896396591,0.17464886779750932,0.11425851623419903],
            [0.20531854058138593,0.13847306577265495,0.206585292510817,0,0.10109526976880505,0.07271002669875842,0.011265605005636324,0.07772588034572561,0.14901896583092486,0.03780735348529176],
            [0.10128287121634319,0.0693342854499395,0.1469917442536269,0.14475841860032085,0,0.007212385402441037,0.13260433964022492,0.19302112747431588,0.07009426478324282,0.1347005631795447],
            [0.28761711895752284,0.08810312422577035,0.1992722577427913,0.08335137728335823,0.03547654764336268,0,0.06951867902546116,0.1160932075936847,0.010724288821176172,0.10984339870687268],
            [0.1372786667827068,0.13125695628880796,0.010708489869900426,0.1922280845110236,0.0913212042219585,0.17000681419032887,0,0.07342441193669473,0.1561199616553383,0.03765541054324088],
            [0.12984910800445698,0.0050606458186254425,0.03648106022749555,0.07868719354825418,0.12541291502284363,0.23294353769066303,0.060450879101347096,0,0.20772276400497408,0.12339189658133996],
            [0.1624164758978681,0.037300230101625614,0.17324973689754825,0.16297240525622717,0.09451984485442538,0.039647027146882084,0.14281167008175202,0.1454944228321291,0,0.04158818693154235],
            [0.01319041804015403,0.14873183988131367,0.1217378729002166,0.18720961047208107,0.06461666428273305,0.116600073828134,0.14874361386467636,0.036998841110466224,0.16217106562022504,0]
        ],
        "city_names": ["Amsterdam","Rotterdam","Den Haag","Utrecht","Eindhoven","Almere","Groningen","Nijmegen","Breda","Apeldoorn"],
        "reward_matrix": [
            [0,73456,83796,91775,54364,97352,34661,56603,61855,73619],
            [73456,0,99999,84977,65233,67350,4659,64745,90554,57702],
            [83796,99999,0,74637,54893,70810,8119,54405,80214,47362],
            [91775,84977,74637,0,72927,92712,30020,75166,80418,83064],
            [54364,65233,54893,72927,0,55300,1117,81761,85018,58516],
            [97352,67350,70810,92712,55300,0,47647,57539,62791,77731],
            [34661,4659,8119,30020,1117,47647,0,29695,100,52939],
            [56603,64745,54405,75166,81761,57539,29695,0,71177,87094],
            [61855,90554,80214,80418,85018,62791,100,71177,0,53143],
            [73619,57702,47362,83064,58516,77731,52939,87094,53143,0]
        ]
    },
    "vehicle_capacities": [15,15,15,5,20,30,30,30,30,30],
    "runs": [{
        "number_of_vehicles": 3,
        "avg_task_cost_vs_number_of_task": [560,595.25,396.8333333333333,297.625,328.7,519.75,488.2857142857144,427.2500000000001,379.7777777777779,341.80000000000007,333.81818181818187,306.00000000000006,306.84615384615387,292.78571428571433,305.1000000000001,309.5,312.88235294117646,302.69444444444457,295.55263157894734,433.025,351.57142857142856,314.34090909090907,302.7173913043478,289.47916666666663,312.66,273.6730769230769,300.5925925925926,253.44642857142858,288.41379310344826,270.05]
    }]
}