{
    "vehicle_starting_positions": ["Amsterdam","Rotterdam","Den Haag","Utrecht","Eindhoven","Almere","Groningen","Nijmegen","Breda","Apeldoorn"],
    "task_distribution": {
        "distance_matrix": [
            [0,90.6,65.2,45.6,137.5,31.9,185.9,132,119.1,90.2],
            [90.6,0,25.4,62.3,110.8,105.6,259.6,112,48.6,129.3],
            [65.2,25.4,0,87.7,136.2,97.1,251.1,137.4,74,154.7],
            [45.6,62.3,87.7,0,91.9,43.3,197.3,86.4,73.5,67],
            [137.5,110.8,136.2,91.9,0,135.2,268.3,70.2,62.2,127.3],
            [31.9,105.6,97.1,43.3,135.2,0,154,129.7,116.8,80.1],
            [185.9,259.6,251.1,197.3,268.3,154,0,198.1,270.8,141],
            [132,112,137.4,86.4,70.2,129.7,198.1,0,96.2,57.1],
            [119.1,48.6,74,73.5,62.2,116.8,270.8,96.2,0,140.5],
            [90.2,129.3,154.7,67,127.3,80.1,141,57.1,140.5,0]
        ],
        "weight_matrix": [
            [0,3,3,3,3,3,3,3,3,3],
            [3,0,3,3,3,3,3,3,3,3],
            [3,3,0,3,3,3,3,3,3,3],
            [3,3,3,0,3,3,3,3,3,3],
            [3,3,3,3,0,3,3,3,3,3],
            [3,3,3,3,3,0,3,3,3,3],
            [3,3,3,3,3,3,0,3,3,3],
            [3,3,3,3,3,3,3,0,3,3],
            [3,3,3,3,3,3,3,3,0,3],
            [3,3,3,3,3,3,3,3,3,0]
        ],
        "probability_matrix": [
            [0,0.0012612562188310142,7.92442581139753E-4,0.19740275292470355,0.05389887379612408,0.17214993863288777,0.17601680221689164,0.08847836590512843,0.12650996619544327,0.18348960152885047],
            [0.0141761229208162,0,0.035662713386782945,0.10615444348567622,0.27020144560094767,0.05071874238615906,0.13282875088610513,0.2535596038931503,0.032142019099674506,0.1045561583406881],
            [0.19289098201599733,0.04626243449966167,0,4.7568684305672313E-4,0.17350971352646563,0.16778667937162692,0.15106240515066072,0.08798432336794765,0.12829625023483987,0.051731524989743545],
            [0.2710178195075124,0.12718750758216577,0.037888778178835854,0,0.15792265493940857,0.008500230407551298,0.2164263625612809,0.0666565678231534,0.004172534531770091,0.11022754446832177],
            [0.08279561327827056,0.0926117915856534,0.0029341691201845805,0.21799363567939697,0,0.20797566212347618,0.0664610731299849,0.1850361324561175,0.06437387090505385,0.07981805172186211],
            [0.17184454844610603,0.02048900006764458,0.04059235124370355,0.11980598664167988,0.13917456794687222,0,0.20166967481707218,0.039065913826078644,0.0784337453155197,0.18892421169532336],
            [0.23782432990792762,0.2458958027069243,1.8453974169433218E-4,0.12075798046237878,0.06169564119846432,0.013748803655129637,0,0.22458241728933365,0.02035506316089118,0.07495542187725616],
            [0.12551522355060185,0.1264368970430102,0.13344590376317111,0.1823062108442377,0.05294288264250708,0.021479861034386285,0.20057676180476808,0,0.0818839783857861,0.07541228093153154],
            [0.1777543995536197,0.15661556681212782,0.01693302845879813,0.06579397331075255,0.031156081831482288,0.1431553437081971,0.12179513122910265,0.20900072304661624,0,0.07779575204930345],
            [0.18016430842470285,0.042117835252813485,0.06943573238957403,0.09495887733742651,0.044651870555041516,0.07967215363185218,0.15755862763170864,0.17295440781675808,0.15848618696012243,0]
        ],
        "city_names": ["Amsterdam","Rotterdam","Den Haag","Utrecht","Eindhoven","Almere","Groningen","Nijmegen","Breda","Apeldoorn"],
        "reward_matrix": [
            [0,73456,83796,91775,54364,97352,34661,56603,61855,73619],
            [73456,0,99999,84977,65233,67350,4659,64745,90554,57702],
            [83796,99999,0,74637,54893,70810,8119,54405,80214,47362],
            [91775,84977,74637,0,72927,92712,30020,75166,80418,83064],
            [54364,65233,54893,72927,0,55300,1117,81761,85018,58516],
            [97352,67350,70810,92712,55300,0,47647,57539,62791,77731],
            [34661,4659,8119,30020,1117,47647,0,29695,100,52939],
            [56603,64745,54405,75166,81761,57539,29695,0,71177,87094],
            [61855,90554,80214,80418,85018,62791,100,71177,0,53143],
            [73619,57702,47362,83064,58516,77731,52939,87094,53143,0]
        ]
    },
    "vehicle_capacities": [10,10,10,5,20,30,30,30,30,30],
    "runs": [{
        "number_of_vehicles": 3,
        "avg_task_cost_vs_number_of_task": [1920,960,640,594,517.3000000000001,475,439.5,511.3125,474.94444444444446,440.55,418.59090909090907,406.125,393.46153846153845,369.39285714285717,348.46666666666664,339.125,334.1470588235294,320.02777777777777,348.7631578947368,338.65,354.6904761904762,333.29545454545456,337.4130434782609,353.625,319.7,313.4423076923077,342.3888888888889,337.9642857142857,341.5344827586207,326.96666666666664]
    }]
}