{
    "vehicle_starting_positions": ["Amsterdam","Rotterdam","Den Haag","Utrecht","Eindhoven","Almere","Groningen","Nijmegen","Breda","Apeldoorn"],
    "task_distribution": {
        "distance_matrix": [
            [0,90.6,65.2,45.6,137.5,31.9,185.9,132,119.1,90.2],
            [90.6,0,25.4,62.3,110.8,105.6,259.6,112,48.6,129.3],
            [65.2,25.4,0,87.7,136.2,97.1,251.1,137.4,74,154.7],
            [45.6,62.3,87.7,0,91.9,43.3,197.3,86.4,73.5,67],
            [137.5,110.8,136.2,91.9,0,135.2,268.3,70.2,62.2,127.3],
            [31.9,105.6,97.1,43.3,135.2,0,154,129.7,116.8,80.1],
            [185.9,259.6,251.1,197.3,268.3,154,0,198.1,270.8,141],
            [132,112,137.4,86.4,70.2,129.7,198.1,0,96.2,57.1],
            [119.1,48.6,74,73.5,62.2,116.8,270.8,96.2,0,140.5],
            [90.2,129.3,154.7,67,127.3,80.1,141,57.1,140.5,0]
        ],
        "weight_matrix": [
            [0,3,3,3,3,3,3,3,3,3],
            [3,0,3,3,3,3,3,3,3,3],
            [3,3,0,3,3,3,3,3,3,3],
            [3,3,3,0,3,3,3,3,3,3],
            [3,3,3,3,0,3,3,3,3,3],
            [3,3,3,3,3,0,3,3,3,3],
            [3,3,3,3,3,3,0,3,3,3],
            [3,3,3,3,3,3,3,0,3,3],
            [3,3,3,3,3,3,3,3,0,3],
            [3,3,3,3,3,3,3,3,3,0]
        ],
        "probability_matrix": [
            [0,0.02904529003001409,0.14098561333911874,0.24220071391258424,0.15360967130099012,0.09100689065987717,0.0015357152014807492,0.1195866611634262,0.21249842837092928,0.009531016021579328],
            [0.018512695353959566,0,0.20910366931202468,0.19057091843679422,0.24213960817389887,0.036957791799288084,0.16494255392425636,0.003357973904965576,0.0972719383851016,0.03714285070971106],
            [0.13416533377086173,0.12073945487455011,0,0.03975569575060238,0.09587932927377237,0.23570841081989125,0.06482259431925072,0.12035837799574238,0.17125691851337171,0.01731388468195728],
            [0.2237267117998736,0.18498693584302422,0.19152077553071908,0,0.13524712597809216,0.03966851519460796,0.13821910171939364,0.07119643182404642,3.216900536621694E-4,0.015112712056580798],
            [0.03476875729416298,0.21836701353454605,0.16001140571275146,0.06000032030016031,0,0.06849057794159505,0.037017871298851285,0.18861633437774641,0.11318802546585062,0.11953969407433597],
            [0.10905630202761991,0.10994926868507758,0.035383916009021965,0.18024935824563706,0.03801704531012817,0,0.014718223955976014,0.15592459531769878,0.17273018803386678,0.1839711024149736],
            [0.09458955127609682,0.058355934012384474,0.1471123697595881,0.1438307985098152,0.10324735290622117,0.03415719461945076,0,0.14189854763591156,0.13607059299257027,0.14073765828796167],
            [0.1433071213702316,0.018361505252380502,0.05726642506656691,0.1304277506900047,0.12035042134430242,0.16180018995867468,0.13427662381205482,0,0.08987784601084199,0.14433211649494232],
            [0.11635483556005567,0.1530450812118273,0.17540696201749398,0.025749152206485618,0.10950458762024422,0.14879224106556524,0.14070731978743264,0.08216454054795452,0,0.048275279982940754],
            [0.030996305999306355,0.15858645189480333,0.10305637494767254,0.13260160736728693,0.1869962219893548,0.0883237306937466,0.12854450383922947,0.13868479682026416,0.032210006448335604,0]
        ],
        "city_names": ["Amsterdam","Rotterdam","Den Haag","Utrecht","Eindhoven","Almere","Groningen","Nijmegen","Breda","Apeldoorn"],
        "reward_matrix": [
            [0,73456,83796,91775,54364,97352,34661,56603,61855,73619],
            [73456,0,99999,84977,65233,67350,4659,64745,90554,57702],
            [83796,99999,0,74637,54893,70810,8119,54405,80214,47362],
            [91775,84977,74637,0,72927,92712,30020,75166,80418,83064],
            [54364,65233,54893,72927,0,55300,1117,81761,85018,58516],
            [97352,67350,70810,92712,55300,0,47647,57539,62791,77731],
            [34661,4659,8119,30020,1117,47647,0,29695,100,52939],
            [56603,64745,54405,75166,81761,57539,29695,0,71177,87094],
            [61855,90554,80214,80418,85018,62791,100,71177,0,53143],
            [73619,57702,47362,83064,58516,77731,52939,87094,53143,0]
        ]
    },
    "vehicle_capacities": [5,5,5,5,20,30,30,30,30,30],
    "runs": [{
        "number_of_vehicles": 3,
        "avg_task_cost_vs_number_of_task": [453,821.75,823.3333333333334,826.6249999999999,793.7,682.6666666666666,603.2857142857143,569.625,586.0555555555555,696.5999999999998,680.4545454545454,717,742.0769230769231,696.0714285714286,796.7,773.96875,837.7941176470587,800.75,811.9473684210525,814.5999999999999,787.3809523809522,788.6363636363635,774.1739130434783,770.2083333333331,816.6199999999997,853.0961538461536,825.1481481481479,816.0714285714283,813.6551724137928,800.5999999999999]
    }]
}