{
    "vehicle_starting_positions": ["Amsterdam","Rotterdam","Den Haag","Utrecht","Eindhoven","Almere","Groningen","Nijmegen","Breda","Apeldoorn"],
    "task_distribution": {
        "distance_matrix": [
            [0,90.6,65.2,45.6,137.5,31.9,185.9,132,119.1,90.2],
            [90.6,0,25.4,62.3,110.8,105.6,259.6,112,48.6,129.3],
            [65.2,25.4,0,87.7,136.2,97.1,251.1,137.4,74,154.7],
            [45.6,62.3,87.7,0,91.9,43.3,197.3,86.4,73.5,67],
            [137.5,110.8,136.2,91.9,0,135.2,268.3,70.2,62.2,127.3],
            [31.9,105.6,97.1,43.3,135.2,0,154,129.7,116.8,80.1],
            [185.9,259.6,251.1,197.3,268.3,154,0,198.1,270.8,141],
            [132,112,137.4,86.4,70.2,129.7,198.1,0,96.2,57.1],
            [119.1,48.6,74,73.5,62.2,116.8,270.8,96.2,0,140.5],
            [90.2,129.3,154.7,67,127.3,80.1,141,57.1,140.5,0]
        ],
        "weight_matrix": [
            [0,3,3,3,3,3,3,3,3,3],
            [3,0,3,3,3,3,3,3,3,3],
            [3,3,0,3,3,3,3,3,3,3],
            [3,3,3,0,3,3,3,3,3,3],
            [3,3,3,3,0,3,3,3,3,3],
            [3,3,3,3,3,0,3,3,3,3],
            [3,3,3,3,3,3,0,3,3,3],
            [3,3,3,3,3,3,3,0,3,3],
            [3,3,3,3,3,3,3,3,0,3],
            [3,3,3,3,3,3,3,3,3,0]
        ],
        "probability_matrix": [
            [0,0.1472413052535657,0.01285870240972449,0.09767306769556146,0.23245322152804831,0.02976700480949527,0.11893245829246808,0.1450073504142248,0.1742336708454597,0.041833218751452385],
            [0.20877424607298162,0,0.02556608132719373,0.17300174264449827,0.09312073644130302,0.1328919989320082,0.004459684463256598,0.19417150281309267,0.10287966452635235,0.06513434277931353],
            [0.1836888209465381,0.02110938975720882,0,0.0812400144853273,0.10507667338521856,0.10890890801309124,0.0665878992648761,0.17968218619614038,0.189500091402256,0.06420601654934346],
            [0.21919672143556154,0.15247445703876816,0.013664004763108363,0,0.21869646408285315,0.033405480148202465,0.09158320191052662,0.2113090289996636,0.05248091782682387,0.007189723794492098],
            [0.0517680130773333,0.11283982569815239,0.18324359782929434,0.25627230717935656,0,0.0036465405000810306,0.06363400193307252,0.12435517572970028,0.09366809021665237,0.11057244783635702],
            [0.211267450701343,0.03964236533085939,0.004488844419954055,0.07423372800944304,0.18117985169222853,0,0.04767695862868667,0.18174833256942807,0.12496565326261033,0.13479681538544713],
            [0.038947250949908724,0.07974342739498601,0.12258490531163294,0.07151942019355535,0.25490022288840586,0.018787128232509512,0,0.272296462149708,0.02612182291234684,0.11509935996694674],
            [0.1759543097826695,0.05749805294356826,0.06641498308088299,0.1413424557161104,0.10511795030916832,0.18920903914175302,0.09118858435904385,0,0.14663598070447031,0.026638643962333543],
            [0.10156193659858286,0.32126766413347585,0.12491238027390075,0.03439715980089949,0.043590404996836564,0.04030951298098561,0.03353181079816138,0.19210482365219428,0,0.10832430676496335],
            [0.10305215718455732,0.017514961887631603,0.1414898953092771,0.12402514389530046,0.20446934294275437,0.2575224540635514,0.025264774061146158,0.050958672257485585,0.07570259839829598,0]
        ],
        "city_names": ["Amsterdam","Rotterdam","Den Haag","Utrecht","Eindhoven","Almere","Groningen","Nijmegen","Breda","Apeldoorn"],
        "reward_matrix": [
            [0,73456,83796,91775,54364,97352,34661,56603,61855,73619],
            [73456,0,99999,84977,65233,67350,4659,64745,90554,57702],
            [83796,99999,0,74637,54893,70810,8119,54405,80214,47362],
            [91775,84977,74637,0,72927,92712,30020,75166,80418,83064],
            [54364,65233,54893,72927,0,55300,1117,81761,85018,58516],
            [97352,67350,70810,92712,55300,0,47647,57539,62791,77731],
            [34661,4659,8119,30020,1117,47647,0,29695,100,52939],
            [56603,64745,54405,75166,81761,57539,29695,0,71177,87094],
            [61855,90554,80214,80418,85018,62791,100,71177,0,53143],
            [73619,57702,47362,83064,58516,77731,52939,87094,53143,0]
        ]
    },
    "vehicle_capacities": [5,5,5,5,20,30,30,30,30,30],
    "runs": [{
        "number_of_vehicles": 3,
        "avg_task_cost_vs_number_of_task": [560,577.75,612.1666666666666,794.5,966.1,872.1666666666666,852.7857142857143,875.875,890.4999999999999,838.2,841.2272727272725,771.1249999999999,745.1153846153845,787.7142857142856,776.7333333333331,758.5312499999999,769.3235294117646,821.7777777777777,852.7368421052631,818.5999999999999,817.3333333333334,829.1590909090908,825.869565217391,791.4583333333334,783,759.1923076923074,739.111111111111,723.392857142857,717.2586206896553,709.6666666666666]
    }]
}