{
    "vehicle_starting_positions": ["Amsterdam","Rotterdam","Den Haag","Utrecht","Eindhoven","Almere","Groningen","Nijmegen","Breda","Apeldoorn"],
    "task_distribution": {
        "distance_matrix": [
            [0,90.6,65.2,45.6,137.5,31.9,185.9,132,119.1,90.2],
            [90.6,0,25.4,62.3,110.8,105.6,259.6,112,48.6,129.3],
            [65.2,25.4,0,87.7,136.2,97.1,251.1,137.4,74,154.7],
            [45.6,62.3,87.7,0,91.9,43.3,197.3,86.4,73.5,67],
            [137.5,110.8,136.2,91.9,0,135.2,268.3,70.2,62.2,127.3],
            [31.9,105.6,97.1,43.3,135.2,0,154,129.7,116.8,80.1],
            [185.9,259.6,251.1,197.3,268.3,154,0,198.1,270.8,141],
            [132,112,137.4,86.4,70.2,129.7,198.1,0,96.2,57.1],
            [119.1,48.6,74,73.5,62.2,116.8,270.8,96.2,0,140.5],
            [90.2,129.3,154.7,67,127.3,80.1,141,57.1,140.5,0]
        ],
        "weight_matrix": [
            [0,3,3,3,3,3,3,3,3,3],
            [3,0,3,3,3,3,3,3,3,3],
            [3,3,0,3,3,3,3,3,3,3],
            [3,3,3,0,3,3,3,3,3,3],
            [3,3,3,3,0,3,3,3,3,3],
            [3,3,3,3,3,0,3,3,3,3],
            [3,3,3,3,3,3,0,3,3,3],
            [3,3,3,3,3,3,3,0,3,3],
            [3,3,3,3,3,3,3,3,0,3],
            [3,3,3,3,3,3,3,3,3,0]
        ],
        "probability_matrix": [
            [0,0.09535249649879837,0.17565176210665934,0.03320456277940092,0.17725488237079562,0.15290519342380582,0.07454633491910302,0.1686163891101559,0.05796463383956016,0.06450374495172095],
            [0.047858567846933375,0,0.17875899863068398,0.2181541251755522,0.05484902378162003,0.1820458040497993,0.1765935129131584,0.039929691804202236,0.07666383640866661,0.02514643938938398],
            [0.2448434864313645,0.09394054588378108,0,0.06792354344216558,0.05473369540524242,0.06494725123505274,0.10457392330232966,0.14009992150393438,0.14602701941454066,0.08291061338158902],
            [0.08202879188231027,0.02687530761085053,0.019950815482391197,0,0.23375137264129642,0.1261055848065179,0.1219182334028386,0.20098362350786994,0.1345472398635681,0.053839030802357184],
            [0.05801391944394861,0.10813205425305106,0.1058716903448575,0.13341293312830935,0,0.17328075930904505,0.17770534151668393,0.1690366475527275,0.04946734967511052,0.025079304776266628],
            [0.16462331780491343,0.06770234072997877,0.15380728019518838,0.1392746517736295,0.10390920511203477,0,0.13716187375079567,0.08582626501107062,0.1384365983782022,0.009258467244186903],
            [0.11440063055588451,0.11746164963957174,0.1292175313578775,0.10734049892361418,0.19030063057007693,0.13635525353520958,0,0.042702573495730645,0.15973520275790662,0.0024860291641284026],
            [0.13459118172096485,0.12963633642687206,0.11001837412315713,0.09430075768027951,0.12248777208458732,0.19209191023932543,0.06889953442578459,0,0.06449844305328872,0.08347569024574027],
            [0.23072420530919677,0.08854850536240821,0.11760050774839628,0.12762274370590068,0.12315724510293559,0.1997023383795161,0.04698161345553611,0.045236993660938515,0,0.02042584727517166],
            [0.19859107630843356,0.04819001420062446,0.03208744828508942,0.1391108088938725,0.18377194937552108,0.07476775988741423,0.149717955788101,0.1459268614313916,0.027836125829552152,0]
        ],
        "city_names": ["Amsterdam","Rotterdam","Den Haag","Utrecht","Eindhoven","Almere","Groningen","Nijmegen","Breda","Apeldoorn"],
        "reward_matrix": [
            [0,73456,83796,91775,54364,97352,34661,56603,61855,73619],
            [73456,0,99999,84977,65233,67350,4659,64745,90554,57702],
            [83796,99999,0,74637,54893,70810,8119,54405,80214,47362],
            [91775,84977,74637,0,72927,92712,30020,75166,80418,83064],
            [54364,65233,54893,72927,0,55300,1117,81761,85018,58516],
            [97352,67350,70810,92712,55300,0,47647,57539,62791,77731],
            [34661,4659,8119,30020,1117,47647,0,29695,100,52939],
            [56603,64745,54405,75166,81761,57539,29695,0,71177,87094],
            [61855,90554,80214,80418,85018,62791,100,71177,0,53143],
            [73619,57702,47362,83064,58516,77731,52939,87094,53143,0]
        ]
    },
    "vehicle_capacities": [5,5,5,5,20,30,30,30,30,30],
    "runs": [{
        "number_of_vehicles": 3,
        "avg_task_cost_vs_number_of_task": [865,495.99999999999994,631.3333333333334,765.5,958.7,853.25,854.7857142857143,919.6875,914.8888888888889,935.3999999999999,970.3636363636361,997.5833333333331,1076.4230769230767,1093.8214285714282,1079.9333333333332,1023.9062499999998,1021.5588235294116,1027.0277777777774,993.736842105263,974.8749999999998,947.2380952380952,920.6136363636361,888.8913043478259,899.958333333333,869.8799999999999,901.6923076923075,920.074074074074,934.3571428571429,914.3103448275859,929.2333333333331]
    }]
}