{
    "vehicle_starting_positions": ["Amsterdam","Rotterdam","Den Haag","Utrecht","Eindhoven","Almere","Groningen","Nijmegen","Breda","Apeldoorn"],
    "task_distribution": {
        "distance_matrix": [
            [0,90.6,65.2,45.6,137.5,31.9,185.9,132,119.1,90.2],
            [90.6,0,25.4,62.3,110.8,105.6,259.6,112,48.6,129.3],
            [65.2,25.4,0,87.7,136.2,97.1,251.1,137.4,74,154.7],
            [45.6,62.3,87.7,0,91.9,43.3,197.3,86.4,73.5,67],
            [137.5,110.8,136.2,91.9,0,135.2,268.3,70.2,62.2,127.3],
            [31.9,105.6,97.1,43.3,135.2,0,154,129.7,116.8,80.1],
            [185.9,259.6,251.1,197.3,268.3,154,0,198.1,270.8,141],
            [132,112,137.4,86.4,70.2,129.7,198.1,0,96.2,57.1],
            [119.1,48.6,74,73.5,62.2,116.8,270.8,96.2,0,140.5],
            [90.2,129.3,154.7,67,127.3,80.1,141,57.1,140.5,0]
        ],
        "weight_matrix": [
            [0,3,3,3,3,3,3,3,3,3],
            [3,0,3,3,3,3,3,3,3,3],
            [3,3,0,3,3,3,3,3,3,3],
            [3,3,3,0,3,3,3,3,3,3],
            [3,3,3,3,0,3,3,3,3,3],
            [3,3,3,3,3,0,3,3,3,3],
            [3,3,3,3,3,3,0,3,3,3],
            [3,3,3,3,3,3,3,0,3,3],
            [3,3,3,3,3,3,3,3,0,3],
            [3,3,3,3,3,3,3,3,3,0]
        ],
        "probability_matrix": [
            [0,0.12294860980680941,0.041254993501954954,0.12772559163069191,0.13585787081018025,0.1668228666053758,0.08740464522913852,0.12322512168945732,0.17225412466809228,0.022506176058299642],
            [0.06254637567395245,0,0.03436209227749938,0.02435761681103936,0.29737200985405354,0.11949621109389512,0.3152553424686905,0.0466099155335898,0.07439548527902669,0.025604951008253097],
            [0.02209351018192955,0.03234950755410583,0,0.17786248873936644,0.1419474077693307,0.20032986609809902,0.117437833965316,0.19484897299868495,0.07872958140641435,0.03440083128675313],
            [0.19013813217134698,0.15726394147603862,0.0555699687722528,0,0.11298744478843639,0.10467096388476296,0.06665768199619904,0.19160518793262896,0.02446344935404591,0.09664322962428826],
            [0.11984385107130778,0.11605545501023595,0.1680068912956403,0.13644362819418687,0,0.1888875687909734,0.0018742417177280357,0.012790673735563002,0.1636808924761452,0.09241679770821941],
            [0.02330413882862588,0.1865611112013618,0.18398751862242071,0.15416950594854362,0.15367616132564782,0,0.14079533101331085,0.004493983350646037,0.056186148485970325,0.09682610122347296],
            [0.158160127610735,0.13484827792892767,0.03400238392466349,0.05893883501908153,0.15017322253120025,0.06675205057390202,0,0.2148817158345007,0.0992954372846697,0.0829479492923195],
            [0.11025963711963517,0.09705532608970309,0.19920063633367532,0.03168648492007067,0.20760056968613277,0.12522036382215426,0.014095029268421076,0,0.11518817511790687,0.09969377764230068],
            [0.03667609111508174,0.21450034504241802,0.05547910941648146,0.07676851220529599,0.2749277699705937,0.022020421393368232,0.07737423779886488,0.22936671332762754,0,0.012886799730268563],
            [0.13950061117709184,0.007751766763929216,0.12800378364518097,0.20273112372226945,0.1045403884974604,0.12475719746620532,0.12159208268511094,0.14818822620464814,0.02293481983810358,0]
        ],
        "city_names": ["Amsterdam","Rotterdam","Den Haag","Utrecht","Eindhoven","Almere","Groningen","Nijmegen","Breda","Apeldoorn"],
        "reward_matrix": [
            [0,73456,83796,91775,54364,97352,34661,56603,61855,73619],
            [73456,0,99999,84977,65233,67350,4659,64745,90554,57702],
            [83796,99999,0,74637,54893,70810,8119,54405,80214,47362],
            [91775,84977,74637,0,72927,92712,30020,75166,80418,83064],
            [54364,65233,54893,72927,0,55300,1117,81761,85018,58516],
            [97352,67350,70810,92712,55300,0,47647,57539,62791,77731],
            [34661,4659,8119,30020,1117,47647,0,29695,100,52939],
            [56603,64745,54405,75166,81761,57539,29695,0,71177,87094],
            [61855,90554,80214,80418,85018,62791,100,71177,0,53143],
            [73619,57702,47362,83064,58516,77731,52939,87094,53143,0]
        ]
    },
    "vehicle_capacities": [15,15,15,5,20,30,30,30,30,30],
    "runs": [{
        "number_of_vehicles": 3,
        "avg_task_cost_vs_number_of_task": [1916.0000000000002,984.75,779,584.25,504.8,420.6666666666667,429.92857142857144,395.125,368.94444444444446,367.15,345.18181818181824,323.4583333333334,323.8846153846155,332.32142857142856,302.9,318.53125,316.35294117647067,318.52777777777777,371.57894736842104,304.175,307.2142857142858,304.15909090909093,327.7391304347826,280.125,336.8,302.51923076923083,257.462962962963,238.73214285714283,265.91379310344826,258.23333333333335]
    }]
}