{
    "vehicle_starting_positions": ["Amsterdam","Rotterdam","Den Haag","Utrecht","Eindhoven","Almere","Groningen","Nijmegen","Breda","Apeldoorn"],
    "task_distribution": {
        "distance_matrix": [
            [0,90.6,65.2,45.6,137.5,31.9,185.9,132,119.1,90.2],
            [90.6,0,25.4,62.3,110.8,105.6,259.6,112,48.6,129.3],
            [65.2,25.4,0,87.7,136.2,97.1,251.1,137.4,74,154.7],
            [45.6,62.3,87.7,0,91.9,43.3,197.3,86.4,73.5,67],
            [137.5,110.8,136.2,91.9,0,135.2,268.3,70.2,62.2,127.3],
            [31.9,105.6,97.1,43.3,135.2,0,154,129.7,116.8,80.1],
            [185.9,259.6,251.1,197.3,268.3,154,0,198.1,270.8,141],
            [132,112,137.4,86.4,70.2,129.7,198.1,0,96.2,57.1],
            [119.1,48.6,74,73.5,62.2,116.8,270.8,96.2,0,140.5],
            [90.2,129.3,154.7,67,127.3,80.1,141,57.1,140.5,0]
        ],
        "weight_matrix": [
            [0,3,3,3,3,3,3,3,3,3],
            [3,0,3,3,3,3,3,3,3,3],
            [3,3,0,3,3,3,3,3,3,3],
            [3,3,3,0,3,3,3,3,3,3],
            [3,3,3,3,0,3,3,3,3,3],
            [3,3,3,3,3,0,3,3,3,3],
            [3,3,3,3,3,3,0,3,3,3],
            [3,3,3,3,3,3,3,0,3,3],
            [3,3,3,3,3,3,3,3,0,3],
            [3,3,3,3,3,3,3,3,3,0]
        ],
        "probability_matrix": [
            [0,0.09150535535336944,0.20668334273900854,0.1602200236684727,9.913154280621374E-4,0.16255794718599817,0.06910106510806899,0.04742239074795894,0.07005648251704662,0.19146207725201433],
            [0.12633445459665815,0,0.01819651649883551,0.11958344933476314,0.08028136837651101,0.2068281344530212,0.05835310384046484,0.1565765675094514,0.07725664202226094,0.15658976336803374],
            [0.17411740996100722,0.1021420144664209,0,0.18915432521976505,0.10567768042237687,1.9030536471957774E-4,0.16012884839818595,0.12818296108207372,0.13077106659759546,0.009635388487855183],
            [0.05251612750922615,0.030963234045054897,0.10077724891294099,0,0.20550922514065223,0.08789059438532647,0.14047806899535825,0.23999262489970918,0.04656309974572138,0.09530977636601048],
            [0.02545796051500914,0.22915177904257253,0.254574981384232,0.12581673554322967,0,0.08947844168364015,0.1656855921292539,0.02617423047112412,0.042212476303108024,0.04144780292783047],
            [0.02259002140452057,0.17465819207041017,0.1755914162709921,0.10558196907626578,0.16920242381210657,0,0.08466751119812796,0.03205396271468353,0.16272104545434088,0.0729334579985524],
            [0.1720917248967582,0.05680876946206275,0.19297581515943396,0.054810173601549335,0.17236578850564002,0.002003903286039932,0,0.07689550372561751,0.0903656871232574,0.18168263423964093],
            [0.1335777849680094,0.0626236868670759,0.1118835884533336,0.13782484782449647,0.15716282619537997,0.11649762494630946,0.11667926201564172,0,0.07692427611909472,0.08682610261065869],
            [0.14904352164581144,0.15341602433868728,0.1488551669503344,0.03210458375604227,0.14127046080995911,0.09264728713551036,0.07826841184738235,0.09184899908072536,0,0.11254554443554744],
            [0.13183652909480212,0.15861626301047643,0.1711120419252807,0.0016823945942716016,0.069122224307261,0.05783543954443868,0.1737597942555987,0.07918798767597475,0.15684732559189604,0]
        ],
        "city_names": ["Amsterdam","Rotterdam","Den Haag","Utrecht","Eindhoven","Almere","Groningen","Nijmegen","Breda","Apeldoorn"],
        "reward_matrix": [
            [0,73456,83796,91775,54364,97352,34661,56603,61855,73619],
            [73456,0,99999,84977,65233,67350,4659,64745,90554,57702],
            [83796,99999,0,74637,54893,70810,8119,54405,80214,47362],
            [91775,84977,74637,0,72927,92712,30020,75166,80418,83064],
            [54364,65233,54893,72927,0,55300,1117,81761,85018,58516],
            [97352,67350,70810,92712,55300,0,47647,57539,62791,77731],
            [34661,4659,8119,30020,1117,47647,0,29695,100,52939],
            [56603,64745,54405,75166,81761,57539,29695,0,71177,87094],
            [61855,90554,80214,80418,85018,62791,100,71177,0,53143],
            [73619,57702,47362,83064,58516,77731,52939,87094,53143,0]
        ]
    },
    "vehicle_capacities": [15,15,15,5,20,30,30,30,30,30],
    "runs": [{
        "number_of_vehicles": 3,
        "avg_task_cost_vs_number_of_task": [929.5,771.25,882.8333333333334,710.75,568.6,548.75,474.57142857142856,437.87499999999994,414.3888888888889,358.6,355.90909090909093,354.5,327.2307692307692,308.42857142857144,299.43333333333334,280.71875,346.3235294117647,325.19444444444446,304.3421052631579,250.44999999999996,256.0952380952381,257.45454545454544,277.63043478260875,257.7083333333333,298.16,275.96153846153845,278.77777777777777,274.76785714285717,273.1551724137931,270.3833333333333]
    }]
}