{
    "vehicle_starting_positions": ["Amsterdam","Rotterdam","Den Haag","Utrecht","Eindhoven","Almere","Groningen","Nijmegen","Breda","Apeldoorn"],
    "task_distribution": {
        "distance_matrix": [
            [0,90.6,65.2,45.6,137.5,31.9,185.9,132,119.1,90.2],
            [90.6,0,25.4,62.3,110.8,105.6,259.6,112,48.6,129.3],
            [65.2,25.4,0,87.7,136.2,97.1,251.1,137.4,74,154.7],
            [45.6,62.3,87.7,0,91.9,43.3,197.3,86.4,73.5,67],
            [137.5,110.8,136.2,91.9,0,135.2,268.3,70.2,62.2,127.3],
            [31.9,105.6,97.1,43.3,135.2,0,154,129.7,116.8,80.1],
            [185.9,259.6,251.1,197.3,268.3,154,0,198.1,270.8,141],
            [132,112,137.4,86.4,70.2,129.7,198.1,0,96.2,57.1],
            [119.1,48.6,74,73.5,62.2,116.8,270.8,96.2,0,140.5],
            [90.2,129.3,154.7,67,127.3,80.1,141,57.1,140.5,0]
        ],
        "weight_matrix": [
            [0,3,3,3,3,3,3,3,3,3],
            [3,0,3,3,3,3,3,3,3,3],
            [3,3,0,3,3,3,3,3,3,3],
            [3,3,3,0,3,3,3,3,3,3],
            [3,3,3,3,0,3,3,3,3,3],
            [3,3,3,3,3,0,3,3,3,3],
            [3,3,3,3,3,3,0,3,3,3],
            [3,3,3,3,3,3,3,0,3,3],
            [3,3,3,3,3,3,3,3,0,3],
            [3,3,3,3,3,3,3,3,3,0]
        ],
        "probability_matrix": [
            [0,0.15491302395026757,0.06331440520017566,0.13085953759154076,0.022769238050971592,0.0797306391954692,0.07945796074800841,0.10543277571227286,0.17261767175931,0.190904747791984],
            [0.027962716490403317,0,0.01581950090513692,0.025884140468277476,0.17245660370862578,0.18296680779373656,0.13763287879685607,0.07991219626579697,0.17351515695450756,0.18384999861665943],
            [0.1461238061101882,0.11039559488823414,0,0.08033777477079153,0.015959555489803337,0.12203507952792868,0.07258279383970644,0.12437442573254424,0.16990009453112176,0.15829087510968176],
            [0.21058258830293053,0.16387445581090612,0.056069563131464495,0,0.12270011962862552,0.10221089411978827,0.1390329722777076,0.004853195411791669,0.028889728038364617,0.17178648327842114],
            [0.1905181426635641,0.16204334729115716,0.1730182746407829,0.10714286380233765,0,0.09277881129108495,0.026352321068885697,0.1890129005027557,0.02543073292359534,0.03370260581583642],
            [0.06159544636514657,0.15182863643958347,0.1302885024130564,0.0029448344951455594,0.17863268805431232,0,0.21630195963964627,0.20554974233771536,0.009480018580555106,0.043378171674838754],
            [0.05334781866205228,0.06785073362138598,0.04710207221444009,0.1424538947371525,0.18342669703245987,0.11460513678879174,0,0.19442862343236367,0.10237055067261586,0.09441447283873798],
            [0.18209569948834153,0.11612359261761476,0.13435785185850838,0.056063250841696076,0.021728580831881304,0.04820772295787635,0.11088517137171275,0,0.13051903901628334,0.20001909101608556],
            [0.1769015644651473,0.011632201378618943,0.1289451882895962,0.16337152005353003,0.04407566937613668,0.16878626171816863,0.02552989012809998,0.09109635807795956,0,0.18966134651274263],
            [0.08204863697524067,0.12612391639125292,0.04140405251541399,0.25990427021395013,0.047080989898731385,0.014328592573393724,0.07524030126285951,0.09920598599245338,0.2546632541767043,0]
        ],
        "city_names": ["Amsterdam","Rotterdam","Den Haag","Utrecht","Eindhoven","Almere","Groningen","Nijmegen","Breda","Apeldoorn"],
        "reward_matrix": [
            [0,73456,83796,91775,54364,97352,34661,56603,61855,73619],
            [73456,0,99999,84977,65233,67350,4659,64745,90554,57702],
            [83796,99999,0,74637,54893,70810,8119,54405,80214,47362],
            [91775,84977,74637,0,72927,92712,30020,75166,80418,83064],
            [54364,65233,54893,72927,0,55300,1117,81761,85018,58516],
            [97352,67350,70810,92712,55300,0,47647,57539,62791,77731],
            [34661,4659,8119,30020,1117,47647,0,29695,100,52939],
            [56603,64745,54405,75166,81761,57539,29695,0,71177,87094],
            [61855,90554,80214,80418,85018,62791,100,71177,0,53143],
            [73619,57702,47362,83064,58516,77731,52939,87094,53143,0]
        ]
    },
    "vehicle_capacities": [10,10,10,5,20,30,30,30,30,30],
    "runs": [{
        "number_of_vehicles": 3,
        "avg_task_cost_vs_number_of_task": [528,490.5,327,383.75,307,361.9166666666667,394.07142857142856,514.375,514.7777777777778,465.15,480,442.1666666666668,440.5,421.14285714285717,393.06666666666666,405.96875,391.735294117647,439.27777777777777,435.89473684210526,414.925,422.73809523809524,401.52272727272725,426.80434782608694,404.4791666666667,413.2,403.1923076923077,396.6851851851851,409.9107142857143,389.43103448275855,389.6166666666667]
    }]
}