{
    "vehicle_starting_positions": ["Amsterdam","Rotterdam","Den Haag","Utrecht","Eindhoven","Almere","Groningen","Nijmegen","Breda","Apeldoorn"],
    "task_distribution": {
        "distance_matrix": [
            [0,90.6,65.2,45.6,137.5,31.9,185.9,132,119.1,90.2],
            [90.6,0,25.4,62.3,110.8,105.6,259.6,112,48.6,129.3],
            [65.2,25.4,0,87.7,136.2,97.1,251.1,137.4,74,154.7],
            [45.6,62.3,87.7,0,91.9,43.3,197.3,86.4,73.5,67],
            [137.5,110.8,136.2,91.9,0,135.2,268.3,70.2,62.2,127.3],
            [31.9,105.6,97.1,43.3,135.2,0,154,129.7,116.8,80.1],
            [185.9,259.6,251.1,197.3,268.3,154,0,198.1,270.8,141],
            [132,112,137.4,86.4,70.2,129.7,198.1,0,96.2,57.1],
            [119.1,48.6,74,73.5,62.2,116.8,270.8,96.2,0,140.5],
            [90.2,129.3,154.7,67,127.3,80.1,141,57.1,140.5,0]
        ],
        "weight_matrix": [
            [0,3,3,3,3,3,3,3,3,3],
            [3,0,3,3,3,3,3,3,3,3],
            [3,3,0,3,3,3,3,3,3,3],
            [3,3,3,0,3,3,3,3,3,3],
            [3,3,3,3,0,3,3,3,3,3],
            [3,3,3,3,3,0,3,3,3,3],
            [3,3,3,3,3,3,0,3,3,3],
            [3,3,3,3,3,3,3,0,3,3],
            [3,3,3,3,3,3,3,3,0,3],
            [3,3,3,3,3,3,3,3,3,0]
        ],
        "probability_matrix": [
            [0,0.10728705098141651,0.22737380729723217,0.10399785942257168,0.11741578057151565,0.03495460360310098,0.22143569393313411,0.14350397778015092,0.01797048186548533,0.026060744545392273],
            [0.16923885942531147,0,0.09287143009657088,0.1273100535009794,0.017257193196597586,0.20678133723234463,0.02479459335699084,0.12915144769394338,0.06942919230926775,0.16316589318799404],
            [0.01859280115407724,0.22588189460341035,0,0.11548065174546261,0.06345623428983858,0.1682472330763837,0.030008399948579345,0.08435918361367785,0.14689505748189352,0.14707854408667662],
            [0.1869456579904159,0.020266702464249105,0.14427071772557093,0,0.08624051198035054,0.007982102933185192,0.07152824597256162,0.15433765512459544,0.1861780070842584,0.1422503987248127],
            [0.04281421082438319,0.05889939685241286,0.14362902906559408,0.03445245321986085,0,0.12949737515083118,0.18088026214739492,0.16598734850662628,0.02409696890828883,0.2197429553246078],
            [0.03343328408782647,0.20666889390567428,0.17626931049568378,0.15001464630429073,0.06819863034611122,0,0.010724370599889002,0.08898940114031521,0.08547731029807426,0.18022415282213503],
            [0.06274768879028951,0.08109512505367437,0.10315724489900907,0.12604719997780195,0.1445612514358559,0.08100938226452718,0,0.13831872577930157,0.1194496236838182,0.14361375811572216],
            [0.1465172367906865,0.15586434789408649,0.10930662927138379,0.09794416726889897,0.15161357084862717,0.10321979770584651,0.1081802252329338,0,0.006211848038026441,0.12114217694951018],
            [0.11476788819000387,0.08896137285045165,0.0976019240004351,0.17070871525230558,0.19179514047751625,0.1283976247409278,0.031170489875307163,0.12169736463601608,0,0.054899479977036515],
            [0.17074848885969643,0.139995445422137,0.007329172466265199,0.06969557668499549,0.15110508371528353,0.06922257298474875,0.1638083897715679,0.07140430615064106,0.15669096394466484,0]
        ],
        "city_names": ["Amsterdam","Rotterdam","Den Haag","Utrecht","Eindhoven","Almere","Groningen","Nijmegen","Breda","Apeldoorn"],
        "reward_matrix": [
            [0,73456,83796,91775,54364,97352,34661,56603,61855,73619],
            [73456,0,99999,84977,65233,67350,4659,64745,90554,57702],
            [83796,99999,0,74637,54893,70810,8119,54405,80214,47362],
            [91775,84977,74637,0,72927,92712,30020,75166,80418,83064],
            [54364,65233,54893,72927,0,55300,1117,81761,85018,58516],
            [97352,67350,70810,92712,55300,0,47647,57539,62791,77731],
            [34661,4659,8119,30020,1117,47647,0,29695,100,52939],
            [56603,64745,54405,75166,81761,57539,29695,0,71177,87094],
            [61855,90554,80214,80418,85018,62791,100,71177,0,53143],
            [73619,57702,47362,83064,58516,77731,52939,87094,53143,0]
        ]
    },
    "vehicle_capacities": [15,15,15,5,20,30,30,30,30,30],
    "runs": [{
        "number_of_vehicles": 3,
        "avg_task_cost_vs_number_of_task": [929.5,1106.25,757,730.75,638,531.6666666666666,479.4285714285714,463,398.5555555555556,405.05,367.59090909090907,336.9583333333333,346.38461538461536,307.7142857142858,288.8666666666667,285.78125,287.7352941176471,260.05555555555554,266.36842105263156,278.6,244.73809523809524,276.70454545454544,279.2826086956522,262.4583333333333,275.8,263.3269230769231,243.42592592592592,231.42857142857147,262.17241379310343,244.33333333333334]
    }]
}