{
    "vehicle_starting_positions": ["Amsterdam","Rotterdam","Den Haag","Utrecht","Eindhoven","Almere","Groningen","Nijmegen","Breda","Apeldoorn"],
    "task_distribution": {
        "distance_matrix": [
            [0,90.6,65.2,45.6,137.5,31.9,185.9,132,119.1,90.2],
            [90.6,0,25.4,62.3,110.8,105.6,259.6,112,48.6,129.3],
            [65.2,25.4,0,87.7,136.2,97.1,251.1,137.4,74,154.7],
            [45.6,62.3,87.7,0,91.9,43.3,197.3,86.4,73.5,67],
            [137.5,110.8,136.2,91.9,0,135.2,268.3,70.2,62.2,127.3],
            [31.9,105.6,97.1,43.3,135.2,0,154,129.7,116.8,80.1],
            [185.9,259.6,251.1,197.3,268.3,154,0,198.1,270.8,141],
            [132,112,137.4,86.4,70.2,129.7,198.1,0,96.2,57.1],
            [119.1,48.6,74,73.5,62.2,116.8,270.8,96.2,0,140.5],
            [90.2,129.3,154.7,67,127.3,80.1,141,57.1,140.5,0]
        ],
        "weight_matrix": [
            [0,3,3,3,3,3,3,3,3,3],
            [3,0,3,3,3,3,3,3,3,3],
            [3,3,0,3,3,3,3,3,3,3],
            [3,3,3,0,3,3,3,3,3,3],
            [3,3,3,3,0,3,3,3,3,3],
            [3,3,3,3,3,0,3,3,3,3],
            [3,3,3,3,3,3,0,3,3,3],
            [3,3,3,3,3,3,3,0,3,3],
            [3,3,3,3,3,3,3,3,0,3],
            [3,3,3,3,3,3,3,3,3,0]
        ],
        "probability_matrix": [
            [0,0.015340658873035836,0.2028422453895355,0.09168573800056165,0.005367506507016961,0.12269528872884278,0.19754892683958908,0.10659538096473806,0.13912143850137243,0.11880281619530775],
            [0.1329488643569771,0,0.06036036668028008,0.030556442006151242,0.10731457886728459,0.10516826981066228,0.17338004822354464,0.011983030214673696,0.196375806742023,0.18191259309840335],
            [0.034617686731890425,0.1550788460819883,0,0.22539532779362131,0.01108561408117488,0.21482872312816118,0.054404520630409986,0.15959537574942162,0.010638323064632915,0.1343555827386994],
            [0.10560577651302673,0.010676065536104036,0.12311466709175965,0,0.1885134259699743,0.1645448002394991,0.19586011112848045,0.1462648557355012,0.01689741948224894,0.048522878303405674],
            [0.031961454746858506,0.20407770811886192,0.007841138274074295,0.24189136684638562,0,0.020652145123803204,0.15706783681717168,0.008894583670758979,0.20673903073749095,0.12087473566459461],
            [0.1360200247631128,0.0864465355449801,0.04739294482222495,0.15007880420350356,0.027890553736880902,0,0.15129088803969282,0.18445790022555764,0.13677270549842177,0.0796496431656256],
            [0.07625341692417979,0.06882281613999403,0.12332696244278896,0.14397352011821948,0.14238705956455333,0.07924974798794843,0,0.14596234578885423,0.19001850716212898,0.030005623871332855],
            [0.029380865437454457,0.07767000951424258,0.12835077216861232,0.11925054872462464,0.17370055262374615,0.10304050381863356,0.11096368989851782,0,0.11565149449411127,0.1419915633200573],
            [0.015152353918916738,0.04982129236632422,0.017641470468962618,0.18122337923015383,0.0758550093664444,0.17555436763197485,0.12990048953616992,0.1600870452447379,0,0.19476459223631543],
            [0.08778868882113511,0.030120907835887632,0.1342487970487351,0.058325066336738035,0.16419792385988674,0.017751336870663645,0.14892123989365394,0.17816885917939929,0.18047718015390055,0]
        ],
        "city_names": ["Amsterdam","Rotterdam","Den Haag","Utrecht","Eindhoven","Almere","Groningen","Nijmegen","Breda","Apeldoorn"],
        "reward_matrix": [
            [0,73456,83796,91775,54364,97352,34661,56603,61855,73619],
            [73456,0,99999,84977,65233,67350,4659,64745,90554,57702],
            [83796,99999,0,74637,54893,70810,8119,54405,80214,47362],
            [91775,84977,74637,0,72927,92712,30020,75166,80418,83064],
            [54364,65233,54893,72927,0,55300,1117,81761,85018,58516],
            [97352,67350,70810,92712,55300,0,47647,57539,62791,77731],
            [34661,4659,8119,30020,1117,47647,0,29695,100,52939],
            [56603,64745,54405,75166,81761,57539,29695,0,71177,87094],
            [61855,90554,80214,80418,85018,62791,100,71177,0,53143],
            [73619,57702,47362,83064,58516,77731,52939,87094,53143,0]
        ]
    },
    "vehicle_capacities": [10,10,10,5,20,30,30,30,30,30],
    "runs": [{
        "number_of_vehicles": 3,
        "avg_task_cost_vs_number_of_task": [911,698.25,969.3333333333334,810.875,732.3,601.8333333333334,524.5000000000001,511.18750000000006,470.72222222222223,423.65,436.27272727272725,416.2083333333333,396.11538461538464,364.32142857142856,353.6,340.875,338.3235294117647,333.3333333333333,320.8157894736842,341.975,329.3333333333333,328,312.4782608695652,318.2083333333333,319.2,313.75,375.50000000000006,362.4107142857143,347.67241379310343,361.56666666666666]
    }]
}