{
    "vehicle_starting_positions": ["Amsterdam","Rotterdam","Den Haag","Utrecht","Eindhoven","Almere","Groningen","Nijmegen","Breda","Apeldoorn"],
    "task_distribution": {
        "distance_matrix": [
            [0,90.6,65.2,45.6,137.5,31.9,185.9,132,119.1,90.2],
            [90.6,0,25.4,62.3,110.8,105.6,259.6,112,48.6,129.3],
            [65.2,25.4,0,87.7,136.2,97.1,251.1,137.4,74,154.7],
            [45.6,62.3,87.7,0,91.9,43.3,197.3,86.4,73.5,67],
            [137.5,110.8,136.2,91.9,0,135.2,268.3,70.2,62.2,127.3],
            [31.9,105.6,97.1,43.3,135.2,0,154,129.7,116.8,80.1],
            [185.9,259.6,251.1,197.3,268.3,154,0,198.1,270.8,141],
            [132,112,137.4,86.4,70.2,129.7,198.1,0,96.2,57.1],
            [119.1,48.6,74,73.5,62.2,116.8,270.8,96.2,0,140.5],
            [90.2,129.3,154.7,67,127.3,80.1,141,57.1,140.5,0]
        ],
        "weight_matrix": [
            [0,3,3,3,3,3,3,3,3,3],
            [3,0,3,3,3,3,3,3,3,3],
            [3,3,0,3,3,3,3,3,3,3],
            [3,3,3,0,3,3,3,3,3,3],
            [3,3,3,3,0,3,3,3,3,3],
            [3,3,3,3,3,0,3,3,3,3],
            [3,3,3,3,3,3,0,3,3,3],
            [3,3,3,3,3,3,3,0,3,3],
            [3,3,3,3,3,3,3,3,0,3],
            [3,3,3,3,3,3,3,3,3,0]
        ],
        "probability_matrix": [
            [0,0.05324357155604777,0.19193618597565437,0.07215531076075742,0.15424641789124993,0.022706782580934053,0.10208841358814776,0.11778117173202127,0.17951790861624914,0.10632423729893824],
            [0.07898125258787676,0,0.05889608929097948,0.1040714233017373,0.1863181901966622,0.09477917376695418,0.13149920101703796,0.11749413983626217,0.02805895033691081,0.19990157966557912],
            [0.07229226129362601,0.09802541359093997,0,0.09575317561190075,0.149245636610107,0.08850620613306504,0.1431143195249406,0.18480452864497354,0.08348020821928331,0.08477825037116377],
            [0.19624643714053033,0.1529018928381016,0.033287860335821436,0,0.0375019667664881,0.05739379153897517,0.14028241257376195,0.048872861860529894,0.10000137680014975,0.2335114001456417],
            [0.01849715399969279,0.10733164559905335,0.05519743275128204,0.1333943644438901,0,0.23037482621527253,0.0031741464219681545,0.0325569690573763,0.10756900214928747,0.3119044593621772],
            [0.03725108711361804,0.12195249153531053,0.09180792318218603,0.18892285293331285,0.12263158135024252,0,0.03524710297256165,0.13792105533373306,0.11702582812327844,0.14724007745575682],
            [0.04486742983632768,0.19372353430902317,0.20336439637695994,0.16752312615112475,0.012281970488393633,0.16429346834675884,0,0.08303283218878457,0.05293729531533531,0.07797594698729217],
            [0.09568602372810912,0.1320384413828126,0.05755448478661797,0.05230044676481246,0.06045434937007958,0.23699117654447882,0.05964428534399154,0,0.22432118559126582,0.08100960648783208],
            [0.036281857439646015,0.20296930950153524,0.15152199816816592,0.0384232142641197,0.15109073519629143,0.14228949230433227,0.09795901062052315,0.11327617033176178,0,0.06618821217362439],
            [0.11066400581378812,0.12097021612762571,0.07035591332344428,0.1486753110319539,0.12894020025293002,0.12558819870357585,0.06010759101355795,0.04991151474311629,0.18478704899000792,0]
        ],
        "city_names": ["Amsterdam","Rotterdam","Den Haag","Utrecht","Eindhoven","Almere","Groningen","Nijmegen","Breda","Apeldoorn"],
        "reward_matrix": [
            [0,73456,83796,91775,54364,97352,34661,56603,61855,73619],
            [73456,0,99999,84977,65233,67350,4659,64745,90554,57702],
            [83796,99999,0,74637,54893,70810,8119,54405,80214,47362],
            [91775,84977,74637,0,72927,92712,30020,75166,80418,83064],
            [54364,65233,54893,72927,0,55300,1117,81761,85018,58516],
            [97352,67350,70810,92712,55300,0,47647,57539,62791,77731],
            [34661,4659,8119,30020,1117,47647,0,29695,100,52939],
            [56603,64745,54405,75166,81761,57539,29695,0,71177,87094],
            [61855,90554,80214,80418,85018,62791,100,71177,0,53143],
            [73619,57702,47362,83064,58516,77731,52939,87094,53143,0]
        ]
    },
    "vehicle_capacities": [5,5,5,5,20,30,30,30,30,30],
    "runs": [{
        "number_of_vehicles": 3,
        "avg_task_cost_vs_number_of_task": [595.5,621,719,739.5,725.7,830.4166666666666,807.5,788.0625,760.1111111111111,752.8,774.1363636363636,722.2083333333331,666.653846153846,629.8214285714286,647.7333333333332,671.0624999999999,684.4117647058822,703.0555555555554,669.4210526315788,658.7499999999999,640.3095238095237,617.9318181818181,639.1521739130433,620.3124999999999,604.3599999999999,626.1346153846154,638.2962962962962,650.1785714285713,648.603448275862,647.3333333333333]
    }]
}