{
 "distance_matrix": [
  [
   0, 
   345, 
   477.8, 
   348, 
   209.9, 
   233, 
   246.5, 
   205.2, 
   115, 
   244.6, 
   307.8
  ], 
  [
   345, 
   0, 
   592.8, 
   463, 
   205.7, 
   348, 
   98.5, 
   139.8, 
   230, 
   171, 
   422.8
  ], 
  [
   477.8, 
   592.8, 
   0, 
   359.8, 
   457.7, 
   244.8, 
   494.3, 
   453, 
   362.8, 
   492.4, 
   170
  ], 
  [
   348, 
   463, 
   359.8, 
   0, 
   327.9, 
   115, 
   364.5, 
   323.2, 
   233, 
   362.6, 
   189.8
  ], 
  [
   209.9, 
   205.7, 
   457.7, 
   327.9, 
   0, 
   212.9, 
   107.2, 
   148.5, 
   94.9, 
   34.7, 
   287.7
  ], 
  [
   233, 
   348, 
   244.8, 
   115, 
   212.9, 
   0, 
   249.5, 
   208.2, 
   118, 
   247.6, 
   74.8
  ], 
  [
   246.5, 
   98.5, 
   494.3, 
   364.5, 
   107.2, 
   249.5, 
   0, 
   41.3, 
   131.5, 
   72.5, 
   324.3
  ], 
  [
   205.2, 
   139.8, 
   453, 
   323.2, 
   148.5, 
   208.2, 
   41.3, 
   0, 
   90.2, 
   113.8, 
   283
  ], 
  [
   115, 
   230, 
   362.8, 
   233, 
   94.9, 
   118, 
   131.5, 
   90.2, 
   0, 
   129.6, 
   192.8
  ], 
  [
   244.6, 
   171, 
   492.4, 
   362.6, 
   34.7, 
   247.6, 
   72.5, 
   113.8, 
   129.6, 
   0, 
   322.4
  ], 
  [
   307.8, 
   422.8, 
   170, 
   189.8, 
   287.7, 
   74.8, 
   324.3, 
   283, 
   192.8, 
   322.4, 
   0
  ]
 ], 
 "runs": [
  {
   "avg_task_cost_vs_number_of_task": [
    1813, 
    1683.5, 
    1661, 
    1245.75, 
    1679.6, 
    1430.1666666666667, 
    1225.857142857143, 
    1072.625, 
    953.4444444444445, 
    858.1, 
    780.0909090909091, 
    715.0833333333334, 
    703.8461538461538, 
    653.5714285714284, 
    650.7333333333333, 
    619.75, 
    583.0588235294117, 
    613.1388888888889, 
    624.1052631578947, 
    505.45, 
    526.1904761904761, 
    509.6363636363636, 
    487.4782608695652, 
    600.1250000000001, 
    538.4, 
    526.0769230769231, 
    539.148148148148, 
    524.0714285714286, 
    454.3103448275863, 
    488.99999999999994
   ], 
   "number_of_vehicles": 2
  }, 
  {
   "avg_task_cost_vs_number_of_task": [
    1813, 
    1580.25, 
    1661, 
    1245.75, 
    1757.5, 
    1464.5833333333333, 
    1255.3571428571427, 
    1098.4374999999998, 
    1016.6666666666666, 
    894.35, 
    831.8181818181819, 
    762.5, 
    703.8461538461538, 
    691.4285714285713, 
    610, 
    604.9999999999999, 
    623.2941176470588, 
    519.0555555555555, 
    543.421052631579, 
    513.725, 
    604.7142857142857, 
    595.6818181818181, 
    515.2173913043479, 
    545.9583333333334, 
    562.78, 
    492.86538461538476, 
    516.2592592592592, 
    443.3214285714286, 
    473.8103448275862, 
    534.0166666666667
   ], 
   "number_of_vehicles": 3
  }, 
  {
   "avg_task_cost_vs_number_of_task": [
    1813, 
    1580.25, 
    1661, 
    1245.75, 
    1679.6, 
    1464.5833333333333, 
    1225.857142857143, 
    1072.625, 
    1016.6666666666666, 
    894.35, 
    831.8181818181819, 
    835.0833333333334, 
    703.8461538461538, 
    727.6071428571429, 
    599.5999999999999, 
    583.9375, 
    583.2941176470588, 
    590.6111111111111, 
    570, 
    559.625, 
    520.047619047619, 
    556.7045454545455, 
    532.1086956521739, 
    541.7291666666666, 
    509.79999999999995, 
    522.8076923076924, 
    526.3703703703706, 
    556.0357142857143, 
    441.6551724137931, 
    454.8333333333333
   ], 
   "number_of_vehicles": 4
  }, 
  {
   "avg_task_cost_vs_number_of_task": [
    1813, 
    1580.25, 
    1661, 
    1245.75, 
    1725.6, 
    1464.5833333333333, 
    1255.3571428571427, 
    1072.625, 
    972.7222222222222, 
    858.1, 
    831.8181818181819, 
    762.5, 
    703.8461538461538, 
    715.7857142857143, 
    610, 
    626.3125, 
    592.4705882352941, 
    573.6111111111111, 
    516.7894736842105, 
    521.225, 
    472, 
    483.22727272727275, 
    521.4782608695652, 
    545.0000000000001, 
    522.2400000000001, 
    466.8076923076923, 
    426.55555555555554, 
    477.00000000000006, 
    429.7586206896552, 
    524.45
   ], 
   "number_of_vehicles": 5
  }
 ], 
 "vehicle_starting_positions": [
  "Sheffield", 
  "Liverpool", 
  "Leeds", 
  "London", 
  "Manchester", 
  "Plymouth", 
  "Cardiff", 
  "Newcastle", 
  "Portsmouth", 
  "Birmingham", 
  "Norwich"
 ], 
 "task_distribution": {
  "weight_matrix": [
   [
    0, 
    3, 
    3, 
    3, 
    3, 
    3, 
    3, 
    3, 
    3, 
    3, 
    3
   ], 
   [
    3, 
    0, 
    3, 
    3, 
    3, 
    3, 
    3, 
    3, 
    3, 
    3, 
    3
   ], 
   [
    3, 
    3, 
    0, 
    3, 
    3, 
    3, 
    3, 
    3, 
    3, 
    3, 
    3
   ], 
   [
    3, 
    3, 
    3, 
    0, 
    3, 
    3, 
    3, 
    3, 
    3, 
    3, 
    3
   ], 
   [
    3, 
    3, 
    3, 
    3, 
    0, 
    3, 
    3, 
    3, 
    3, 
    3, 
    3
   ], 
   [
    3, 
    3, 
    3, 
    3, 
    3, 
    0, 
    3, 
    3, 
    3, 
    3, 
    3
   ], 
   [
    3, 
    3, 
    3, 
    3, 
    3, 
    3, 
    0, 
    3, 
    3, 
    3, 
    3
   ], 
   [
    3, 
    3, 
    3, 
    3, 
    3, 
    3, 
    3, 
    0, 
    3, 
    3, 
    3
   ], 
   [
    3, 
    3, 
    3, 
    3, 
    3, 
    3, 
    3, 
    3, 
    0, 
    3, 
    3
   ], 
   [
    3, 
    3, 
    3, 
    3, 
    3, 
    3, 
    3, 
    3, 
    3, 
    0, 
    3
   ], 
   [
    3, 
    3, 
    3, 
    3, 
    3, 
    3, 
    3, 
    3, 
    3, 
    3, 
    0
   ]
  ], 
  "city_names": [
   "Cardiff", 
   "Newcastle", 
   "Plymouth", 
   "Norwich", 
   "Manchester", 
   "London", 
   "Leeds", 
   "Sheffield", 
   "Birmingham", 
   "Liverpool", 
   "Portsmouth"
  ], 
  "reward_matrix": [
   [
    0, 
    44455, 
    20684, 
    43918, 
    68638, 
    64503, 
    62087, 
    69479, 
    85625, 
    62427, 
    51114
   ], 
   [
    44455, 
    0, 
    100, 
    23333, 
    69390, 
    43918, 
    88578, 
    81186, 
    65040, 
    75601, 
    30529
   ], 
   [
    20684, 
    100, 
    0, 
    41806, 
    24282, 
    62391, 
    17731, 
    25123, 
    41269, 
    18071, 
    75780
   ], 
   [
    43918, 
    23333, 
    41806, 
    0, 
    47516, 
    85625, 
    40965, 
    48357, 
    64503, 
    41305, 
    72236
   ], 
   [
    68638, 
    69390, 
    24282, 
    47516, 
    0, 
    68101, 
    87021, 
    79628, 
    89223, 
    99999, 
    54712
   ], 
   [
    64503, 
    43918, 
    62391, 
    85625, 
    68101, 
    0, 
    61550, 
    68942, 
    85088, 
    61890, 
    92821
   ], 
   [
    62087, 
    88578, 
    17731, 
    40965, 
    87021, 
    61550, 
    0, 
    98817, 
    82671, 
    93232, 
    48161
   ], 
   [
    69479, 
    81186, 
    25123, 
    48357, 
    79628, 
    68942, 
    98817, 
    0, 
    90064, 
    85840, 
    55553
   ], 
   [
    85625, 
    65040, 
    41269, 
    64503, 
    89223, 
    85088, 
    82671, 
    90064, 
    0, 
    83012, 
    71699
   ], 
   [
    62427, 
    75601, 
    18071, 
    41305, 
    99999, 
    61890, 
    93232, 
    85840, 
    83012, 
    0, 
    48501
   ], 
   [
    51114, 
    30529, 
    75780, 
    72236, 
    54712, 
    92821, 
    48161, 
    55553, 
    71699, 
    48501, 
    0
   ]
  ], 
  "probability_matrix": [
   [
    0, 
    0.083871639455571, 
    0.13325984143057945, 
    0.030481110721061945, 
    0.07972149050609792, 
    0.12739469262724598, 
    0.1580393573785452, 
    0.06295428283619657, 
    0.05623795030396769, 
    0.2071252223906667, 
    0.0609144123500676
   ], 
   [
    0.1416909391921649, 
    0, 
    0.0022741466231589297, 
    0.018698908363627652, 
    0.043542064516933036, 
    0.08244702976527551, 
    0.17549266641814668, 
    0.09544638375124498, 
    0.13060665996574528, 
    0.13533767289287027, 
    0.17446352851083274
   ], 
   [
    0.14540954541377535, 
    0.06959590115938369, 
    0, 
    0.18093670152328697, 
    0.18853771377478648, 
    0.09588591254697063, 
    0.04579357343776471, 
    0.08442645093932406, 
    0.13813472822879364, 
    0.013253624988221366, 
    0.038025847987693165
   ], 
   [
    0.11051719390065039, 
    0.09561607469091879, 
    0.0738435510620917, 
    0, 
    0.05519996206879605, 
    0.15935781837244806, 
    0.16457098097239864, 
    0.04930414291944781, 
    0.19911415383588763, 
    0.06445474930815721, 
    0.02802137286920366
   ], 
   [
    0.004974551563970416, 
    0.06134620169179662, 
    0.1834231144011289, 
    0.15962153853094238, 
    0, 
    0.025999323520688896, 
    0.06757957691982923, 
    0.16681781128201292, 
    0.11805183957295266, 
    0.17369099406747263, 
    0.03849504844920532
   ], 
   [
    0.17049455025298782, 
    0.02678231099884941, 
    0.10423007555500766, 
    0.09789393493936523, 
    0.13136368646468416, 
    0, 
    0.14236557302307426, 
    0.07711176238823564, 
    0.12671240885638343, 
    0.1027599763984667, 
    0.02028572112294572
   ], 
   [
    0.2189190796818765, 
    0.09710567698867398, 
    0.01027300022671061, 
    0.11202302535008168, 
    0.12595315090339865, 
    0.026367612136660428, 
    0, 
    0.010656666967926068, 
    0.05410044665551589, 
    0.24018892857819832, 
    0.10441241251095772
   ], 
   [
    0.05882594419192639, 
    0.11272087479815368, 
    0.10946322640965338, 
    0.05466875209269614, 
    0.09537770515639235, 
    0.16534391614433427, 
    0.12608470743672992, 
    0, 
    0.11774932525373584, 
    0.0901672363541061, 
    0.06959831216227212
   ], 
   [
    0.04964045744045568, 
    0.21068920404086708, 
    0.1641124719857162, 
    0.06254700086995936, 
    0.05021116833034541, 
    0.16640864980995337, 
    0.013027998403128018, 
    0.06465720511067019, 
    0, 
    0.012971150028377995, 
    0.20573469398052655
   ], 
   [
    0.18277404031840458, 
    0.10765028798554503, 
    0.059058649895018044, 
    0.1224754360855239, 
    0.003383902188935153, 
    0.015391640161246839, 
    0.1858057849873699, 
    0.1778990882580939, 
    0.034696826173027245, 
    0, 
    0.11086434394683543
   ], 
   [
    0.1514386748823656, 
    0.07862118147516713, 
    0.05088433474972717, 
    0.09201377312121578, 
    0.11154402833839203, 
    0.1400405355884886, 
    0.08989128160524587, 
    0.10485119718539146, 
    0.05884873402664978, 
    0.12186625902735665, 
    0
   ]
  ]
 }
}