{
 "distance_matrix": [
  [
   0, 
   345, 
   477.8, 
   348, 
   209.9, 
   233, 
   246.5, 
   205.2, 
   115, 
   244.6, 
   307.8
  ], 
  [
   345, 
   0, 
   592.8, 
   463, 
   205.7, 
   348, 
   98.5, 
   139.8, 
   230, 
   171, 
   422.8
  ], 
  [
   477.8, 
   592.8, 
   0, 
   359.8, 
   457.7, 
   244.8, 
   494.3, 
   453, 
   362.8, 
   492.4, 
   170
  ], 
  [
   348, 
   463, 
   359.8, 
   0, 
   327.9, 
   115, 
   364.5, 
   323.2, 
   233, 
   362.6, 
   189.8
  ], 
  [
   209.9, 
   205.7, 
   457.7, 
   327.9, 
   0, 
   212.9, 
   107.2, 
   148.5, 
   94.9, 
   34.7, 
   287.7
  ], 
  [
   233, 
   348, 
   244.8, 
   115, 
   212.9, 
   0, 
   249.5, 
   208.2, 
   118, 
   247.6, 
   74.8
  ], 
  [
   246.5, 
   98.5, 
   494.3, 
   364.5, 
   107.2, 
   249.5, 
   0, 
   41.3, 
   131.5, 
   72.5, 
   324.3
  ], 
  [
   205.2, 
   139.8, 
   453, 
   323.2, 
   148.5, 
   208.2, 
   41.3, 
   0, 
   90.2, 
   113.8, 
   283
  ], 
  [
   115, 
   230, 
   362.8, 
   233, 
   94.9, 
   118, 
   131.5, 
   90.2, 
   0, 
   129.6, 
   192.8
  ], 
  [
   244.6, 
   171, 
   492.4, 
   362.6, 
   34.7, 
   247.6, 
   72.5, 
   113.8, 
   129.6, 
   0, 
   322.4
  ], 
  [
   307.8, 
   422.8, 
   170, 
   189.8, 
   287.7, 
   74.8, 
   324.3, 
   283, 
   192.8, 
   322.4, 
   0
  ]
 ], 
 "runs": [
  {
   "avg_task_cost_vs_number_of_task": [
    1768.5, 
    2028.5, 
    1728.6666666666667, 
    1296.5, 
    1037.2, 
    1014, 
    921.4285714285714, 
    806.25, 
    718.9999999999999, 
    845, 
    768.1818181818181, 
    687.4166666666666, 
    695.8461538461538, 
    657.6428571428571, 
    589.6666666666666, 
    575.4375, 
    635.4705882352941, 
    661, 
    558.6842105263158, 
    542.2, 
    499.85714285714283, 
    505.25, 
    548.5652173913043, 
    546.0833333333334, 
    424.84, 
    563.9615384615383, 
    540.4444444444443, 
    433.3928571428572, 
    417.37931034482756, 
    493.5333333333335
   ], 
   "number_of_vehicles": 2
  }, 
  {
   "avg_task_cost_vs_number_of_task": [
    1768.5, 
    1603.5, 
    1445.3333333333333, 
    1084, 
    867.2, 
    1014, 
    921.4285714285714, 
    806.25, 
    716.6666666666666, 
    824.9, 
    749.9090909090909, 
    687.4166666666666, 
    708.2307692307693, 
    646.1428571428571, 
    614.2, 
    575.8125, 
    606.4117647058823, 
    726.3611111111111, 
    552.4736842105264, 
    659.7499999999999, 
    624.904761904762, 
    595.1818181818181, 
    545.5652173913044, 
    525.7083333333333, 
    500.96, 
    560.1538461538461, 
    444.22222222222223, 
    522.5000000000001, 
    457.0344827586207, 
    492.3666666666668
   ], 
   "number_of_vehicles": 3
  }, 
  {
   "avg_task_cost_vs_number_of_task": [
    536, 
    1037.5, 
    1034.5, 
    1038.25, 
    830.6, 
    873.0833333333334, 
    807.3571428571429, 
    706.4375, 
    627.9444444444445, 
    745.05, 
    723.9545454545455, 
    667.0416666666666, 
    677.9615384615385, 
    657.6428571428571, 
    637.3333333333334, 
    575.4375, 
    613.8235294117648, 
    643.8055555555555, 
    520.8421052631579, 
    561.7, 
    623.0952380952381, 
    491.04545454545456, 
    561.6086956521739, 
    453.1458333333334, 
    540.36, 
    448.4615384615384, 
    472.14814814814815, 
    453.6071428571427, 
    478.12068965517227, 
    471.68333333333334
   ], 
   "number_of_vehicles": 4
  }, 
  {
   "avg_task_cost_vs_number_of_task": [
    536, 
    1037.5, 
    1034.5, 
    1038.25, 
    830.6, 
    873.0833333333334, 
    807.3571428571429, 
    706.4375, 
    662.6111111111111, 
    745.05, 
    723.9545454545455, 
    687.4166666666666, 
    726.6153846153846, 
    645.25, 
    613.2, 
    627.875, 
    598.5882352941177, 
    580.5555555555555, 
    544.7105263157895, 
    517.75, 
    529.6190476190476, 
    529.4090909090909, 
    459.0652173913044, 
    588.2916666666666, 
    513.8799999999999, 
    567.8076923076923, 
    478.98148148148147, 
    468.25, 
    492.7241379310345, 
    440.3666666666667
   ], 
   "number_of_vehicles": 5
  }
 ], 
 "vehicle_starting_positions": [
  "Cardiff", 
  "Plymouth", 
  "Portsmouth", 
  "Leeds", 
  "Manchester", 
  "Newcastle", 
  "Birmingham", 
  "Norwich", 
  "Liverpool", 
  "Sheffield", 
  "London"
 ], 
 "task_distribution": {
  "weight_matrix": [
   [
    0, 
    3, 
    3, 
    3, 
    3, 
    3, 
    3, 
    3, 
    3, 
    3, 
    3
   ], 
   [
    3, 
    0, 
    3, 
    3, 
    3, 
    3, 
    3, 
    3, 
    3, 
    3, 
    3
   ], 
   [
    3, 
    3, 
    0, 
    3, 
    3, 
    3, 
    3, 
    3, 
    3, 
    3, 
    3
   ], 
   [
    3, 
    3, 
    3, 
    0, 
    3, 
    3, 
    3, 
    3, 
    3, 
    3, 
    3
   ], 
   [
    3, 
    3, 
    3, 
    3, 
    0, 
    3, 
    3, 
    3, 
    3, 
    3, 
    3
   ], 
   [
    3, 
    3, 
    3, 
    3, 
    3, 
    0, 
    3, 
    3, 
    3, 
    3, 
    3
   ], 
   [
    3, 
    3, 
    3, 
    3, 
    3, 
    3, 
    0, 
    3, 
    3, 
    3, 
    3
   ], 
   [
    3, 
    3, 
    3, 
    3, 
    3, 
    3, 
    3, 
    0, 
    3, 
    3, 
    3
   ], 
   [
    3, 
    3, 
    3, 
    3, 
    3, 
    3, 
    3, 
    3, 
    0, 
    3, 
    3
   ], 
   [
    3, 
    3, 
    3, 
    3, 
    3, 
    3, 
    3, 
    3, 
    3, 
    0, 
    3
   ], 
   [
    3, 
    3, 
    3, 
    3, 
    3, 
    3, 
    3, 
    3, 
    3, 
    3, 
    0
   ]
  ], 
  "city_names": [
   "Cardiff", 
   "Newcastle", 
   "Plymouth", 
   "Norwich", 
   "Manchester", 
   "London", 
   "Leeds", 
   "Sheffield", 
   "Birmingham", 
   "Liverpool", 
   "Portsmouth"
  ], 
  "reward_matrix": [
   [
    0, 
    44455, 
    20684, 
    43918, 
    68638, 
    64503, 
    62087, 
    69479, 
    85625, 
    62427, 
    51114
   ], 
   [
    44455, 
    0, 
    100, 
    23333, 
    69390, 
    43918, 
    88578, 
    81186, 
    65040, 
    75601, 
    30529
   ], 
   [
    20684, 
    100, 
    0, 
    41806, 
    24282, 
    62391, 
    17731, 
    25123, 
    41269, 
    18071, 
    75780
   ], 
   [
    43918, 
    23333, 
    41806, 
    0, 
    47516, 
    85625, 
    40965, 
    48357, 
    64503, 
    41305, 
    72236
   ], 
   [
    68638, 
    69390, 
    24282, 
    47516, 
    0, 
    68101, 
    87021, 
    79628, 
    89223, 
    99999, 
    54712
   ], 
   [
    64503, 
    43918, 
    62391, 
    85625, 
    68101, 
    0, 
    61550, 
    68942, 
    85088, 
    61890, 
    92821
   ], 
   [
    62087, 
    88578, 
    17731, 
    40965, 
    87021, 
    61550, 
    0, 
    98817, 
    82671, 
    93232, 
    48161
   ], 
   [
    69479, 
    81186, 
    25123, 
    48357, 
    79628, 
    68942, 
    98817, 
    0, 
    90064, 
    85840, 
    55553
   ], 
   [
    85625, 
    65040, 
    41269, 
    64503, 
    89223, 
    85088, 
    82671, 
    90064, 
    0, 
    83012, 
    71699
   ], 
   [
    62427, 
    75601, 
    18071, 
    41305, 
    99999, 
    61890, 
    93232, 
    85840, 
    83012, 
    0, 
    48501
   ], 
   [
    51114, 
    30529, 
    75780, 
    72236, 
    54712, 
    92821, 
    48161, 
    55553, 
    71699, 
    48501, 
    0
   ]
  ], 
  "probability_matrix": [
   [
    0, 
    0.03262575680069258, 
    0.01432075167266165, 
    0.06215324730680409, 
    0.1902004895967771, 
    0.17586997674250807, 
    0.11671628208870274, 
    0.05593491561458361, 
    0.1019355588343771, 
    0.11042941656628608, 
    0.1398136047766072
   ], 
   [
    0.042666670556746306, 
    0, 
    0.12208120714801823, 
    0.18874705109693135, 
    0.11883769749928916, 
    0.19872518609713066, 
    0.05687876466231431, 
    0.07834994773186756, 
    0.013992146919735549, 
    0.07510697632078941, 
    0.10461435196717757
   ], 
   [
    0.21729502534115458, 
    0.001294405468606888, 
    0, 
    0.15857373502671668, 
    0.12867352515263408, 
    0.055588343213154874, 
    0.08106318941799877, 
    0.1932756654569486, 
    0.05287649817482045, 
    0.0916632085563959, 
    0.019696404191569063
   ], 
   [
    0.16736318965402808, 
    0.17756429827726275, 
    0.07670903417681477, 
    0, 
    0.11426604462454687, 
    0.03272389403943046, 
    0.06544576983452853, 
    0.08011175254976452, 
    0.12794695425252575, 
    0.09424519950319851, 
    0.06362386308789993
   ], 
   [
    0.13999448176285498, 
    0.036556199991665136, 
    0.11352249816486755, 
    0.15209555331729147, 
    0, 
    0.13373915767631472, 
    0.08946327044153497, 
    0.11243584021174506, 
    0.06606922796341784, 
    0.0653717107780324, 
    0.09075205969227589
   ], 
   [
    0.13359901372338598, 
    0.08340240964938556, 
    0.0912255712963408, 
    0.13362192628413302, 
    0.12352859821116922, 
    0, 
    0.11710272785103877, 
    0.1199304804458611, 
    0.08988007354731138, 
    0.03777907677132989, 
    0.0699301222200441
   ], 
   [
    0.1736704166826318, 
    0.19454050590566307, 
    0.1925660031382902, 
    0.0781167245537706, 
    0.1914863787459239, 
    0.019618081202072174, 
    0, 
    0.06223143187892538, 
    0.006892654571887031, 
    0.05988711177262949, 
    0.02099069154820632
   ], 
   [
    0.09045120578672337, 
    0.11581481213980084, 
    0.1620507876517456, 
    0.05463014583954693, 
    0.13905801626270514, 
    0.16752918741279402, 
    0.10231557996210218, 
    0, 
    0.012544856192237448, 
    0.14000776268871326, 
    0.015597646063631418
   ], 
   [
    0.037337939527151136, 
    0.28366347461933494, 
    0.04913222514154443, 
    0.03522948493891802, 
    0.1982470887281481, 
    0.0302028273556676, 
    0.13205320388899738, 
    0.006574606635184263, 
    0, 
    0.08499854691282105, 
    0.1425606022522331
   ], 
   [
    0.16790169070807737, 
    0.1489724117166501, 
    0.006971233887880728, 
    0.16747573050092576, 
    0.041267959850201, 
    0.03399736001904114, 
    0.1400465771944969, 
    0.10389943984779539, 
    0.09247735323191149, 
    0, 
    0.09699024304302017
   ], 
   [
    0.11928357452612222, 
    0.1041425712968348, 
    0.026697417034533263, 
    0.1463121282729313, 
    0.11585177827248525, 
    0.14446758334388837, 
    0.07910725152686143, 
    0.036424748631035765, 
    0.1320216708172298, 
    0.09569127627807761, 
    0
   ]
  ]
 }
}