{
 "vehicle_cost_per_km": [
  5, 
  5, 
  5, 
  5, 
  5, 
  5, 
  5, 
  5, 
  5, 
  5, 
  5
 ], 
 "runs": [
  {
   "avg_task_cost_vs_number_of_task": [
    1224, 
    899.5, 
    1371.3333333333333, 
    1233.875, 
    987.1, 
    994, 
    852, 
    991.5, 
    881.3333333333334, 
    793.2, 
    721.0909090909091, 
    661, 
    610.1538461538462, 
    608.7142857142857, 
    610.9, 
    543.4375, 
    579.1176470588235, 
    546.9444444444445, 
    548.6578947368421, 
    511.3, 
    503.4761904761905, 
    490.95454545454544, 
    565.8478260869565, 
    555.0416666666666, 
    546.28, 
    500.9230769230769, 
    598.1111111111111, 
    563.9107142857143, 
    597.2068965517242, 
    615.25
   ], 
   "number_of_vehicles": 3
  }
 ], 
 "vehicle_starting_positions": [
  "Newcastle", 
  "Cardiff", 
  "Plymouth", 
  "Norwich", 
  "Manchester", 
  "London", 
  "Leeds", 
  "Sheffield", 
  "Birmingham", 
  "Liverpool", 
  "Portsmouth"
 ], 
 "task_distribution": {
  "distance_matrix": [
   [
    0, 
    345, 
    477.8, 
    348, 
    209.9, 
    233, 
    246.5, 
    205.2, 
    115, 
    244.6, 
    307.8
   ], 
   [
    345, 
    0, 
    592.8, 
    463, 
    205.7, 
    348, 
    98.5, 
    139.8, 
    230, 
    171, 
    422.8
   ], 
   [
    477.8, 
    592.8, 
    0, 
    359.8, 
    457.7, 
    244.8, 
    494.3, 
    453, 
    362.8, 
    492.4, 
    170
   ], 
   [
    348, 
    463, 
    359.8, 
    0, 
    327.9, 
    115, 
    364.5, 
    323.2, 
    233, 
    362.6, 
    189.8
   ], 
   [
    209.9, 
    205.7, 
    457.7, 
    327.9, 
    0, 
    212.9, 
    107.2, 
    148.5, 
    94.9, 
    34.7, 
    287.7
   ], 
   [
    233, 
    348, 
    244.8, 
    115, 
    212.9, 
    0, 
    249.5, 
    208.2, 
    118, 
    247.6, 
    74.8
   ], 
   [
    246.5, 
    98.5, 
    494.3, 
    364.5, 
    107.2, 
    249.5, 
    0, 
    41.3, 
    131.5, 
    72.5, 
    324.3
   ], 
   [
    205.2, 
    139.8, 
    453, 
    323.2, 
    148.5, 
    208.2, 
    41.3, 
    0, 
    90.2, 
    113.8, 
    283
   ], 
   [
    115, 
    230, 
    362.8, 
    233, 
    94.9, 
    118, 
    131.5, 
    90.2, 
    0, 
    129.6, 
    192.8
   ], 
   [
    244.6, 
    171, 
    492.4, 
    362.6, 
    34.7, 
    247.6, 
    72.5, 
    113.8, 
    129.6, 
    0, 
    322.4
   ], 
   [
    307.8, 
    422.8, 
    170, 
    189.8, 
    287.7, 
    74.8, 
    324.3, 
    283, 
    192.8, 
    322.4, 
    0
   ]
  ], 
  "weight_matrix": [
   [
    0, 
    3, 
    3, 
    3, 
    3, 
    3, 
    3, 
    3, 
    3, 
    3, 
    3
   ], 
   [
    3, 
    0, 
    3, 
    3, 
    3, 
    3, 
    3, 
    3, 
    3, 
    3, 
    3
   ], 
   [
    3, 
    3, 
    0, 
    3, 
    3, 
    3, 
    3, 
    3, 
    3, 
    3, 
    3
   ], 
   [
    3, 
    3, 
    3, 
    0, 
    3, 
    3, 
    3, 
    3, 
    3, 
    3, 
    3
   ], 
   [
    3, 
    3, 
    3, 
    3, 
    0, 
    3, 
    3, 
    3, 
    3, 
    3, 
    3
   ], 
   [
    3, 
    3, 
    3, 
    3, 
    3, 
    0, 
    3, 
    3, 
    3, 
    3, 
    3
   ], 
   [
    3, 
    3, 
    3, 
    3, 
    3, 
    3, 
    0, 
    3, 
    3, 
    3, 
    3
   ], 
   [
    3, 
    3, 
    3, 
    3, 
    3, 
    3, 
    3, 
    0, 
    3, 
    3, 
    3
   ], 
   [
    3, 
    3, 
    3, 
    3, 
    3, 
    3, 
    3, 
    3, 
    0, 
    3, 
    3
   ], 
   [
    3, 
    3, 
    3, 
    3, 
    3, 
    3, 
    3, 
    3, 
    3, 
    0, 
    3
   ], 
   [
    3, 
    3, 
    3, 
    3, 
    3, 
    3, 
    3, 
    3, 
    3, 
    3, 
    0
   ]
  ], 
  "city_names": [
   "Cardiff", 
   "Newcastle", 
   "Plymouth", 
   "Norwich", 
   "Manchester", 
   "London", 
   "Leeds", 
   "Sheffield", 
   "Birmingham", 
   "Liverpool", 
   "Portsmouth"
  ], 
  "reward_matrix": [
   [
    0, 
    44455, 
    20684, 
    43918, 
    68638, 
    64503, 
    62087, 
    69479, 
    85625, 
    62427, 
    51114
   ], 
   [
    44455, 
    0, 
    100, 
    23333, 
    69390, 
    43918, 
    88578, 
    81186, 
    65040, 
    75601, 
    30529
   ], 
   [
    20684, 
    100, 
    0, 
    41806, 
    24282, 
    62391, 
    17731, 
    25123, 
    41269, 
    18071, 
    75780
   ], 
   [
    43918, 
    23333, 
    41806, 
    0, 
    47516, 
    85625, 
    40965, 
    48357, 
    64503, 
    41305, 
    72236
   ], 
   [
    68638, 
    69390, 
    24282, 
    47516, 
    0, 
    68101, 
    87021, 
    79628, 
    89223, 
    99999, 
    54712
   ], 
   [
    64503, 
    43918, 
    62391, 
    85625, 
    68101, 
    0, 
    61550, 
    68942, 
    85088, 
    61890, 
    92821
   ], 
   [
    62087, 
    88578, 
    17731, 
    40965, 
    87021, 
    61550, 
    0, 
    98817, 
    82671, 
    93232, 
    48161
   ], 
   [
    69479, 
    81186, 
    25123, 
    48357, 
    79628, 
    68942, 
    98817, 
    0, 
    90064, 
    85840, 
    55553
   ], 
   [
    85625, 
    65040, 
    41269, 
    64503, 
    89223, 
    85088, 
    82671, 
    90064, 
    0, 
    83012, 
    71699
   ], 
   [
    62427, 
    75601, 
    18071, 
    41305, 
    99999, 
    61890, 
    93232, 
    85840, 
    83012, 
    0, 
    48501
   ], 
   [
    51114, 
    30529, 
    75780, 
    72236, 
    54712, 
    92821, 
    48161, 
    55553, 
    71699, 
    48501, 
    0
   ]
  ], 
  "probability_matrix": [
   [
    0, 
    0.1427786691231192, 
    0.1382225058967897, 
    0.12619026860250002, 
    0.03981143725204043, 
    0.08957701709897331, 
    0.03284588855850796, 
    0.13719618122210456, 
    0.1548179132228925, 
    0.12129176603309046, 
    0.0172683529899818
   ], 
   [
    0.14554722920484947, 
    0, 
    0.03165622648185167, 
    0.105452011366653, 
    0.1709457258598969, 
    0.08160849702006696, 
    0.08203321418764027, 
    0.04289122118763672, 
    0.11768224206204397, 
    0.046788996391512586, 
    0.17539463623784868
   ], 
   [
    0.11883603305124647, 
    0.10673424479019619, 
    0, 
    0.14206351013195553, 
    0.1561980947876384, 
    0.13824139912547317, 
    0.006611693958960308, 
    0.04138979841096966, 
    0.09313642547589246, 
    0.04748638436080479, 
    0.1493024159068629
   ], 
   [
    0.07314503420467305, 
    0.1415263666101312, 
    0.0013201641560550874, 
    0, 
    0.1525218368560074, 
    0.17927630571374442, 
    0.019036149461218312, 
    0.14601638709527648, 
    0.06542064084872694, 
    0.006239028693593069, 
    0.21549808636057388
   ], 
   [
    0.13007766939944898, 
    0.10739342837136238, 
    0.082722287079744, 
    0.002262152446119112, 
    0, 
    0.08482625512015825, 
    0.04436336780583873, 
    0.1879129958520163, 
    0.170832907676049, 
    0.011044268344626013, 
    0.17856466790463718
   ], 
   [
    0.2121558673382456, 
    0.03182924882519404, 
    0.057567431867875024, 
    0.0014347453245772757, 
    0.18852533465250004, 
    0, 
    0.09221291811212062, 
    0.009503272832421429, 
    0.20577650517102292, 
    0.018724910305706628, 
    0.1822697655703364
   ], 
   [
    0.052776525173897054, 
    0.053293759120887435, 
    0.08017319175308502, 
    0.03384726542864675, 
    0.2099534019582456, 
    0.11484063209036992, 
    0, 
    0.08990002443778741, 
    0.12657970481705774, 
    0.09926283469126886, 
    0.139372660528754
   ], 
   [
    0.06165833998481111, 
    0.28437958826400883, 
    0.08679938136072882, 
    0.08304501563089695, 
    0.2432191498086199, 
    0.04247675195068886, 
    0.05672862126429545, 
    0, 
    0.01688386666781691, 
    0.10153483090938013, 
    0.023274454158753007
   ], 
   [
    0.07251246850319838, 
    0.17238282283043407, 
    0.007394406159915803, 
    0.12578747759834674, 
    0.11501010835795686, 
    0.17454378568697154, 
    0.07402241067302764, 
    0.010920800246899122, 
    0, 
    0.16688253270560635, 
    0.08054318723764353
   ], 
   [
    0.16258280995921012, 
    0.04493150926917268, 
    0.17784278342245008, 
    0.1637669779298076, 
    0.039145878941887625, 
    0.03055404077617779, 
    0.12419837615164278, 
    0.09177098237703436, 
    0.09982388440833828, 
    0, 
    0.06538275676427853
   ], 
   [
    0.14092831792404167, 
    0.027726308506168324, 
    0.0018542901145153672, 
    0.07875580907958246, 
    0.0835822649557328, 
    0.1430602776957008, 
    0.13233216817132737, 
    0.14925543669958471, 
    0.11333212686373313, 
    0.12917299998961315, 
    0
   ]
  ]
 }, 
 "vehicle_capacities": [
  15, 
  15, 
  15, 
  30, 
  30, 
  30, 
  30, 
  30, 
  30, 
  30, 
  30
 ]
}