{
 "vehicle_cost_per_km": [
  5, 
  5, 
  5, 
  5, 
  5
 ], 
 "runs": [
  {
   "avg_task_cost_vs_number_of_task": [
    2315, 
    1520, 
    1401.6666666666667, 
    1147, 
    1336.2, 
    1170.5, 
    1180.2857142857142, 
    1176.5, 
    1186.2222222222222, 
    1312.2, 
    1328.5454545454545, 
    1217.8333333333333, 
    1219.4615384615386, 
    1196.7857142857142, 
    1279.7333333333333, 
    1239.1875, 
    1256.8235294117644, 
    1186.9999999999998, 
    1225.3684210526317, 
    1267.7999999999997, 
    1221.642857142857, 
    1247.181818181818, 
    1240.1521739130433, 
    1236.3958333333333, 
    1229.82, 
    1258.9230769230767, 
    1297.4814814814813, 
    1272.2142857142856, 
    1281.4137931034484, 
    1233.3
   ], 
   "number_of_vehicles": 3
  }
 ], 
 "vehicle_starting_positions": [
  "Newcastle", 
  "Cardiff", 
  "Plymouth", 
  "Norwich", 
  "Manchester", 
  "London", 
  "Leeds", 
  "Sheffield", 
  "Birmingham", 
  "Liverpool", 
  "Portsmouth"
 ], 
 "task_distribution": {
  "distance_matrix": [
   [
    0, 
    345, 
    477.8, 
    348, 
    209.9, 
    233, 
    246.5, 
    205.2, 
    115, 
    244.6, 
    307.8
   ], 
   [
    345, 
    0, 
    592.8, 
    463, 
    205.7, 
    348, 
    98.5, 
    139.8, 
    230, 
    171, 
    422.8
   ], 
   [
    477.8, 
    592.8, 
    0, 
    359.8, 
    457.7, 
    244.8, 
    494.3, 
    453, 
    362.8, 
    492.4, 
    170
   ], 
   [
    348, 
    463, 
    359.8, 
    0, 
    327.9, 
    115, 
    364.5, 
    323.2, 
    233, 
    362.6, 
    189.8
   ], 
   [
    209.9, 
    205.7, 
    457.7, 
    327.9, 
    0, 
    212.9, 
    107.2, 
    148.5, 
    94.9, 
    34.7, 
    287.7
   ], 
   [
    233, 
    348, 
    244.8, 
    115, 
    212.9, 
    0, 
    249.5, 
    208.2, 
    118, 
    247.6, 
    74.8
   ], 
   [
    246.5, 
    98.5, 
    494.3, 
    364.5, 
    107.2, 
    249.5, 
    0, 
    41.3, 
    131.5, 
    72.5, 
    324.3
   ], 
   [
    205.2, 
    139.8, 
    453, 
    323.2, 
    148.5, 
    208.2, 
    41.3, 
    0, 
    90.2, 
    113.8, 
    283
   ], 
   [
    115, 
    230, 
    362.8, 
    233, 
    94.9, 
    118, 
    131.5, 
    90.2, 
    0, 
    129.6, 
    192.8
   ], 
   [
    244.6, 
    171, 
    492.4, 
    362.6, 
    34.7, 
    247.6, 
    72.5, 
    113.8, 
    129.6, 
    0, 
    322.4
   ], 
   [
    307.8, 
    422.8, 
    170, 
    189.8, 
    287.7, 
    74.8, 
    324.3, 
    283, 
    192.8, 
    322.4, 
    0
   ]
  ], 
  "weight_matrix": [
   [
    0, 
    3, 
    3, 
    3, 
    3, 
    3, 
    3, 
    3, 
    3, 
    3, 
    3
   ], 
   [
    3, 
    0, 
    3, 
    3, 
    3, 
    3, 
    3, 
    3, 
    3, 
    3, 
    3
   ], 
   [
    3, 
    3, 
    0, 
    3, 
    3, 
    3, 
    3, 
    3, 
    3, 
    3, 
    3
   ], 
   [
    3, 
    3, 
    3, 
    0, 
    3, 
    3, 
    3, 
    3, 
    3, 
    3, 
    3
   ], 
   [
    3, 
    3, 
    3, 
    3, 
    0, 
    3, 
    3, 
    3, 
    3, 
    3, 
    3
   ], 
   [
    3, 
    3, 
    3, 
    3, 
    3, 
    0, 
    3, 
    3, 
    3, 
    3, 
    3
   ], 
   [
    3, 
    3, 
    3, 
    3, 
    3, 
    3, 
    0, 
    3, 
    3, 
    3, 
    3
   ], 
   [
    3, 
    3, 
    3, 
    3, 
    3, 
    3, 
    3, 
    0, 
    3, 
    3, 
    3
   ], 
   [
    3, 
    3, 
    3, 
    3, 
    3, 
    3, 
    3, 
    3, 
    0, 
    3, 
    3
   ], 
   [
    3, 
    3, 
    3, 
    3, 
    3, 
    3, 
    3, 
    3, 
    3, 
    0, 
    3
   ], 
   [
    3, 
    3, 
    3, 
    3, 
    3, 
    3, 
    3, 
    3, 
    3, 
    3, 
    0
   ]
  ], 
  "city_names": [
   "Cardiff", 
   "Newcastle", 
   "Plymouth", 
   "Norwich", 
   "Manchester", 
   "London", 
   "Leeds", 
   "Sheffield", 
   "Birmingham", 
   "Liverpool", 
   "Portsmouth"
  ], 
  "reward_matrix": [
   [
    0, 
    44455, 
    20684, 
    43918, 
    68638, 
    64503, 
    62087, 
    69479, 
    85625, 
    62427, 
    51114
   ], 
   [
    44455, 
    0, 
    100, 
    23333, 
    69390, 
    43918, 
    88578, 
    81186, 
    65040, 
    75601, 
    30529
   ], 
   [
    20684, 
    100, 
    0, 
    41806, 
    24282, 
    62391, 
    17731, 
    25123, 
    41269, 
    18071, 
    75780
   ], 
   [
    43918, 
    23333, 
    41806, 
    0, 
    47516, 
    85625, 
    40965, 
    48357, 
    64503, 
    41305, 
    72236
   ], 
   [
    68638, 
    69390, 
    24282, 
    47516, 
    0, 
    68101, 
    87021, 
    79628, 
    89223, 
    99999, 
    54712
   ], 
   [
    64503, 
    43918, 
    62391, 
    85625, 
    68101, 
    0, 
    61550, 
    68942, 
    85088, 
    61890, 
    92821
   ], 
   [
    62087, 
    88578, 
    17731, 
    40965, 
    87021, 
    61550, 
    0, 
    98817, 
    82671, 
    93232, 
    48161
   ], 
   [
    69479, 
    81186, 
    25123, 
    48357, 
    79628, 
    68942, 
    98817, 
    0, 
    90064, 
    85840, 
    55553
   ], 
   [
    85625, 
    65040, 
    41269, 
    64503, 
    89223, 
    85088, 
    82671, 
    90064, 
    0, 
    83012, 
    71699
   ], 
   [
    62427, 
    75601, 
    18071, 
    41305, 
    99999, 
    61890, 
    93232, 
    85840, 
    83012, 
    0, 
    48501
   ], 
   [
    51114, 
    30529, 
    75780, 
    72236, 
    54712, 
    92821, 
    48161, 
    55553, 
    71699, 
    48501, 
    0
   ]
  ], 
  "probability_matrix": [
   [
    0, 
    0.09752016641097785, 
    0.13250774120989037, 
    0.10331096706547051, 
    0.014327274142073545, 
    0.06559883068849716, 
    0.1063128531379524, 
    0.1116336104108611, 
    0.15144704726133634, 
    0.10872513208672266, 
    0.10861637758621807
   ], 
   [
    0.12747519185557163, 
    0, 
    0.11399330607551135, 
    0.13651755215710837, 
    0.09007044781989494, 
    0.0745526340496008, 
    0.027808832889884262, 
    0.16418651850225163, 
    0.03874125268748997, 
    0.05722005064851207, 
    0.16943421331417483
   ], 
   [
    0.0010918999227851134, 
    0.024582650987193824, 
    0, 
    0.15580574131674876, 
    0.15583576160971255, 
    0.18599964762401178, 
    0.1383496629207211, 
    0.03466254322144936, 
    0.1502328062409161, 
    0.14961720382161128, 
    0.003822082334849981
   ], 
   [
    0.026093439247042976, 
    0.06995259051596303, 
    0.08290289862803275, 
    0, 
    0.15736082527304088, 
    0.006763268270803196, 
    0.09728082562134129, 
    0.1460034505862967, 
    0.1271117123645637, 
    0.1483764220780503, 
    0.13815456741486512
   ], 
   [
    0.14649298600219948, 
    0.11773287445734609, 
    0.12508946916628613, 
    0.08546477339736991, 
    0, 
    0.07296897862776247, 
    0.11259196486996391, 
    0.018237725730326938, 
    0.09236343837036236, 
    0.0894039734777888, 
    0.139653815900594
   ], 
   [
    0.07708694362622247, 
    0.18317257474150592, 
    0.166404708857377, 
    0.1213637287059674, 
    0.10815002659302687, 
    0, 
    0.022611181666806434, 
    0.09328439434774084, 
    0.09223879412390464, 
    0.04565785921059243, 
    0.09002978812685601
   ], 
   [
    0.1451747750297931, 
    0.1206446638821289, 
    0.006554588613617464, 
    0.053326205486930234, 
    0.1494084437041473, 
    0.10472130542280528, 
    0, 
    0.11594566056541684, 
    0.12500918790265234, 
    0.09588613397004431, 
    0.08332903542246432
   ], 
   [
    0.10756459235833167, 
    0.08427733733365719, 
    0.06568150044913505, 
    0.0780580674205071, 
    0.10881085838136711, 
    0.14545104590902422, 
    0.11778492793238622, 
    0, 
    0.11497199802515022, 
    0.11121472264537467, 
    0.06618494954506644
   ], 
   [
    0.14861208060105832, 
    0.32945097613290947, 
    0.1104625525474809, 
    0.11800073673989123, 
    0.04690094635465467, 
    0.041352830839249816, 
    0.09026872133834814, 
    0.002268843612344928, 
    0, 
    0.0013873862640471615, 
    0.11129492557001522
   ], 
   [
    0.12943547532125946, 
    0.11048105937149937, 
    0.018210459066347592, 
    0.16075193082423564, 
    0.0155244473043188, 
    0.16631559396413642, 
    0.11704617916223879, 
    0.061365060452291086, 
    0.09559627970324114, 
    0, 
    0.1252735148304316
   ], 
   [
    0.05474152261913385, 
    0.022330543828077268, 
    0.15768506450612016, 
    0.07106296254796354, 
    0.19159192108670844, 
    0.06404777140281595, 
    0.15434007062315042, 
    0.12375798853503976, 
    0.044552032843653645, 
    0.11589012200733692, 
    0
   ]
  ]
 }, 
 "vehicle_capacities": [
  5, 
  5, 
  5, 
  30, 
  30, 
  30, 
  30, 
  30, 
  30, 
  30, 
  30
 ]
}