{
 "vehicle_cost_per_km": [
  5, 
  5, 
  5, 
  5, 
  5
 ], 
 "runs": [
  {
   "avg_task_cost_vs_number_of_task": [
    2114, 
    1057, 
    1176.3333333333333, 
    1057, 
    845.6, 
    988, 
    911.4285714285714, 
    797.5, 
    743.7777777777778, 
    784.4, 
    817.6363636363636, 
    858.8333333333334, 
    780.3076923076923, 
    743.3214285714284, 
    699.6, 
    700.8125000000001, 
    617.2941176470588, 
    583, 
    546.3157894736842, 
    608.8499999999999, 
    553.7619047619048, 
    549.4090909090909, 
    552.0434782608697, 
    543.6666666666665, 
    470.55999999999995, 
    546.7307692307693, 
    574.1111111111112, 
    481.85714285714283, 
    516.8793103448277, 
    512.0666666666667
   ], 
   "number_of_vehicles": 2
  }, 
  {
   "avg_task_cost_vs_number_of_task": [
    964, 
    1057, 
    1081, 
    1057, 
    845.6, 
    988, 
    913.5714285714286, 
    799.375, 
    743.7777777777778, 
    800.6, 
    832.3636363636364, 
    874.5, 
    807.2307692307693, 
    749.5714285714286, 
    699.6, 
    655.875, 
    640.9411764705883, 
    605.9444444444445, 
    552.3157894736842, 
    552.2, 
    507.57142857142856, 
    502.77272727272725, 
    651.6086956521739, 
    473.5416666666667, 
    520.4800000000001, 
    529.923076923077, 
    478.74074074074076, 
    460.57142857142856, 
    448.37931034482756, 
    462
   ], 
   "number_of_vehicles": 3
  }, 
  {
   "avg_task_cost_vs_number_of_task": [
    964, 
    810.75, 
    1012.1666666666666, 
    933.8749999999999, 
    747.0999999999999, 
    988, 
    956.2857142857143, 
    799.375, 
    798.5, 
    784.4, 
    832.3636363636364, 
    915.5416666666666, 
    780.3076923076923, 
    749.5714285714286, 
    687.0666666666667, 
    666.1875, 
    686.7058823529411, 
    577.5, 
    614.4210526315788, 
    532.95, 
    552.4761904761904, 
    645.2954545454545, 
    512.0869565217391, 
    490.75, 
    498.48000000000013, 
    492.65384615384613, 
    502.75925925925924, 
    471.3035714285714, 
    457.1379310344829, 
    468.81666666666666
   ], 
   "number_of_vehicles": 4
  }, 
  {
   "avg_task_cost_vs_number_of_task": [
    964, 
    810.75, 
    1012.1666666666666, 
    933.8749999999999, 
    747.0999999999999, 
    988, 
    911.4285714285714, 
    799.375, 
    770.9444444444445, 
    784.4, 
    817.6363636363636, 
    858.8333333333334, 
    792.7692307692307, 
    784.75, 
    692, 
    695.34375, 
    629.1176470588235, 
    583, 
    655.6842105263158, 
    609.6500000000001, 
    546.6904761904761, 
    538.6590909090909, 
    605.8260869565217, 
    529.2916666666669, 
    509.5, 
    465.4615384615386, 
    472.01851851851853, 
    481.55357142857144, 
    471.8448275862069, 
    392.6
   ], 
   "number_of_vehicles": 5
  }
 ], 
 "vehicle_starting_positions": [
  "Newcastle", 
  "Norwich", 
  "Birmingham", 
  "Leeds", 
  "Liverpool", 
  "Plymouth", 
  "Manchester", 
  "Portsmouth", 
  "Cardiff", 
  "London", 
  "Sheffield"
 ], 
 "task_distribution": {
  "distance_matrix": [
   [
    0, 
    345, 
    477.8, 
    348, 
    209.9, 
    233, 
    246.5, 
    205.2, 
    115, 
    244.6, 
    307.8
   ], 
   [
    345, 
    0, 
    592.8, 
    463, 
    205.7, 
    348, 
    98.5, 
    139.8, 
    230, 
    171, 
    422.8
   ], 
   [
    477.8, 
    592.8, 
    0, 
    359.8, 
    457.7, 
    244.8, 
    494.3, 
    453, 
    362.8, 
    492.4, 
    170
   ], 
   [
    348, 
    463, 
    359.8, 
    0, 
    327.9, 
    115, 
    364.5, 
    323.2, 
    233, 
    362.6, 
    189.8
   ], 
   [
    209.9, 
    205.7, 
    457.7, 
    327.9, 
    0, 
    212.9, 
    107.2, 
    148.5, 
    94.9, 
    34.7, 
    287.7
   ], 
   [
    233, 
    348, 
    244.8, 
    115, 
    212.9, 
    0, 
    249.5, 
    208.2, 
    118, 
    247.6, 
    74.8
   ], 
   [
    246.5, 
    98.5, 
    494.3, 
    364.5, 
    107.2, 
    249.5, 
    0, 
    41.3, 
    131.5, 
    72.5, 
    324.3
   ], 
   [
    205.2, 
    139.8, 
    453, 
    323.2, 
    148.5, 
    208.2, 
    41.3, 
    0, 
    90.2, 
    113.8, 
    283
   ], 
   [
    115, 
    230, 
    362.8, 
    233, 
    94.9, 
    118, 
    131.5, 
    90.2, 
    0, 
    129.6, 
    192.8
   ], 
   [
    244.6, 
    171, 
    492.4, 
    362.6, 
    34.7, 
    247.6, 
    72.5, 
    113.8, 
    129.6, 
    0, 
    322.4
   ], 
   [
    307.8, 
    422.8, 
    170, 
    189.8, 
    287.7, 
    74.8, 
    324.3, 
    283, 
    192.8, 
    322.4, 
    0
   ]
  ], 
  "weight_matrix": [
   [
    0, 
    3, 
    3, 
    3, 
    3, 
    3, 
    3, 
    3, 
    3, 
    3, 
    3
   ], 
   [
    3, 
    0, 
    3, 
    3, 
    3, 
    3, 
    3, 
    3, 
    3, 
    3, 
    3
   ], 
   [
    3, 
    3, 
    0, 
    3, 
    3, 
    3, 
    3, 
    3, 
    3, 
    3, 
    3
   ], 
   [
    3, 
    3, 
    3, 
    0, 
    3, 
    3, 
    3, 
    3, 
    3, 
    3, 
    3
   ], 
   [
    3, 
    3, 
    3, 
    3, 
    0, 
    3, 
    3, 
    3, 
    3, 
    3, 
    3
   ], 
   [
    3, 
    3, 
    3, 
    3, 
    3, 
    0, 
    3, 
    3, 
    3, 
    3, 
    3
   ], 
   [
    3, 
    3, 
    3, 
    3, 
    3, 
    3, 
    0, 
    3, 
    3, 
    3, 
    3
   ], 
   [
    3, 
    3, 
    3, 
    3, 
    3, 
    3, 
    3, 
    0, 
    3, 
    3, 
    3
   ], 
   [
    3, 
    3, 
    3, 
    3, 
    3, 
    3, 
    3, 
    3, 
    0, 
    3, 
    3
   ], 
   [
    3, 
    3, 
    3, 
    3, 
    3, 
    3, 
    3, 
    3, 
    3, 
    0, 
    3
   ], 
   [
    3, 
    3, 
    3, 
    3, 
    3, 
    3, 
    3, 
    3, 
    3, 
    3, 
    0
   ]
  ], 
  "city_names": [
   "Cardiff", 
   "Newcastle", 
   "Plymouth", 
   "Norwich", 
   "Manchester", 
   "London", 
   "Leeds", 
   "Sheffield", 
   "Birmingham", 
   "Liverpool", 
   "Portsmouth"
  ], 
  "reward_matrix": [
   [
    0, 
    44455, 
    20684, 
    43918, 
    68638, 
    64503, 
    62087, 
    69479, 
    85625, 
    62427, 
    51114
   ], 
   [
    44455, 
    0, 
    100, 
    23333, 
    69390, 
    43918, 
    88578, 
    81186, 
    65040, 
    75601, 
    30529
   ], 
   [
    20684, 
    100, 
    0, 
    41806, 
    24282, 
    62391, 
    17731, 
    25123, 
    41269, 
    18071, 
    75780
   ], 
   [
    43918, 
    23333, 
    41806, 
    0, 
    47516, 
    85625, 
    40965, 
    48357, 
    64503, 
    41305, 
    72236
   ], 
   [
    68638, 
    69390, 
    24282, 
    47516, 
    0, 
    68101, 
    87021, 
    79628, 
    89223, 
    99999, 
    54712
   ], 
   [
    64503, 
    43918, 
    62391, 
    85625, 
    68101, 
    0, 
    61550, 
    68942, 
    85088, 
    61890, 
    92821
   ], 
   [
    62087, 
    88578, 
    17731, 
    40965, 
    87021, 
    61550, 
    0, 
    98817, 
    82671, 
    93232, 
    48161
   ], 
   [
    69479, 
    81186, 
    25123, 
    48357, 
    79628, 
    68942, 
    98817, 
    0, 
    90064, 
    85840, 
    55553
   ], 
   [
    85625, 
    65040, 
    41269, 
    64503, 
    89223, 
    85088, 
    82671, 
    90064, 
    0, 
    83012, 
    71699
   ], 
   [
    62427, 
    75601, 
    18071, 
    41305, 
    99999, 
    61890, 
    93232, 
    85840, 
    83012, 
    0, 
    48501
   ], 
   [
    51114, 
    30529, 
    75780, 
    72236, 
    54712, 
    92821, 
    48161, 
    55553, 
    71699, 
    48501, 
    0
   ]
  ], 
  "probability_matrix": [
   [
    0, 
    0.11265386854354778, 
    0.1270368152607587, 
    0.02175694768004481, 
    0.05344004623646001, 
    0.00881325350510633, 
    0.19319299769154927, 
    0.18375815450449462, 
    0.10607295962960107, 
    0.013702816746049994, 
    0.17957214020238735
   ], 
   [
    0.022656281968154238, 
    0, 
    0.026422541494664237, 
    0.19490468760229038, 
    0.12364580648935743, 
    0.025461444823346245, 
    0.15761738489531932, 
    0.14539011182135902, 
    0.11443013268621875, 
    0.054111120332259226, 
    0.1353604878870312
   ], 
   [
    0.15467567234194457, 
    0.04795652548151689, 
    0, 
    0.02435065436334025, 
    0.0946766610042978, 
    0.08323894205766262, 
    0.055595726803762326, 
    0.1275555811867543, 
    0.141132320892725, 
    0.09234325657361239, 
    0.17847465929438389
   ], 
   [
    0.13028726588870754, 
    0.11011060008116, 
    0.036350109255465536, 
    0, 
    0.012381996650535089, 
    0.03182187447166485, 
    0.05043190659654522, 
    0.21863335199646844, 
    0.3048797940591847, 
    0.0011963340503785911, 
    0.10390676694989003
   ], 
   [
    0.2574911669756737, 
    0.1803254290407471, 
    0.06830997679198134, 
    0.07960397275324604, 
    0, 
    0.024255283244983515, 
    0.06293463197277395, 
    0.19985937507277776, 
    0.013581928447220433, 
    0.03895747829904793, 
    0.07468075740154817
   ], 
   [
    0.06653024781436614, 
    0.12422308174256672, 
    0.19946479270381934, 
    0.1492196854763662, 
    0.18641787281572567, 
    0, 
    0.1036709734255278, 
    0.04883174939542277, 
    0.06836064233221412, 
    0.04885512315437672, 
    0.00442583113961444
   ], 
   [
    0.09649576757528165, 
    0.10782906326990484, 
    0.11454230171843326, 
    0.1199312239579049, 
    0.09460177998790234, 
    0.13906294714339873, 
    0, 
    0.09978148884767515, 
    0.1001172959167063, 
    0.0937694911807449, 
    0.03386864040204786
   ], 
   [
    0.14826096136759895, 
    0.07145017707029933, 
    0.16014916225851333, 
    0.016927714423755503, 
    0.17656999694349132, 
    0.10886232563725119, 
    0.017087611115377453, 
    0, 
    0.15979878397791283, 
    0.11976528923174556, 
    0.02112797797405461
   ], 
   [
    0.10078571936281512, 
    0.14974047462789386, 
    0.04289118992703399, 
    0.02433014725987171, 
    0.17614665262300666, 
    0.14104762315765304, 
    0.050949872038502556, 
    0.08701848068423472, 
    0, 
    0.11243332786122968, 
    0.11465651245775857
   ], 
   [
    0.2049191041351174, 
    0.127849926579822, 
    0.1804001631153927, 
    0.07739987751931006, 
    0.07598011864566931, 
    0.1654896601056697, 
    0.0269501368465489, 
    0.1025883730377727, 
    0.03254103940964369, 
    0, 
    0.005881600605053444
   ], 
   [
    0.03498482207710259, 
    0.102244968703383, 
    0.05697429390572324, 
    0.10942580958999396, 
    0.041113776028223324, 
    0.13686619588299925, 
    0.16290135892746296, 
    0.13575130477102604, 
    0.1233509946998986, 
    0.09638647541418724, 
    0
   ]
  ]
 }, 
 "vehicle_capacities": [
  30, 
  30, 
  30, 
  30, 
  30
 ]
}