{
 "vehicle_cost_per_km": [
  10, 
  5, 
  10, 
  5, 
  5, 
  5, 
  5, 
  5, 
  5, 
  5, 
  5
 ], 
 "runs": [
  {
   "avg_task_cost_vs_number_of_task": [
    1223, 
    884.25, 
    1798.8333333333333, 
    1758.9999999999998, 
    1489.8, 
    1405.6666666666667, 
    1217.7142857142858, 
    1149.9375, 
    1037.3333333333333, 
    942.95, 
    914.6363636363636, 
    974.5416666666665, 
    996.1153846153845, 
    1063.1785714285713, 
    879.8, 
    952.0625000000001, 
    1048.235294117647, 
    936.25, 
    1076.9736842105262, 
    1078.5750000000003, 
    974.8095238095239, 
    1155.0681818181818, 
    1067.3695652173913, 
    1048.6458333333333, 
    1040.74, 
    1054.9615384615386, 
    976.7407407407408, 
    1149.2857142857144, 
    1030.5862068965519, 
    1127.0666666666666
   ], 
   "number_of_vehicles": 3
  }
 ], 
 "vehicle_starting_positions": [
  "Newcastle", 
  "Cardiff", 
  "Plymouth", 
  "Norwich", 
  "Manchester", 
  "London", 
  "Leeds", 
  "Sheffield", 
  "Birmingham", 
  "Liverpool", 
  "Portsmouth"
 ], 
 "task_distribution": {
  "distance_matrix": [
   [
    0, 
    345, 
    477.8, 
    348, 
    209.9, 
    233, 
    246.5, 
    205.2, 
    115, 
    244.6, 
    307.8
   ], 
   [
    345, 
    0, 
    592.8, 
    463, 
    205.7, 
    348, 
    98.5, 
    139.8, 
    230, 
    171, 
    422.8
   ], 
   [
    477.8, 
    592.8, 
    0, 
    359.8, 
    457.7, 
    244.8, 
    494.3, 
    453, 
    362.8, 
    492.4, 
    170
   ], 
   [
    348, 
    463, 
    359.8, 
    0, 
    327.9, 
    115, 
    364.5, 
    323.2, 
    233, 
    362.6, 
    189.8
   ], 
   [
    209.9, 
    205.7, 
    457.7, 
    327.9, 
    0, 
    212.9, 
    107.2, 
    148.5, 
    94.9, 
    34.7, 
    287.7
   ], 
   [
    233, 
    348, 
    244.8, 
    115, 
    212.9, 
    0, 
    249.5, 
    208.2, 
    118, 
    247.6, 
    74.8
   ], 
   [
    246.5, 
    98.5, 
    494.3, 
    364.5, 
    107.2, 
    249.5, 
    0, 
    41.3, 
    131.5, 
    72.5, 
    324.3
   ], 
   [
    205.2, 
    139.8, 
    453, 
    323.2, 
    148.5, 
    208.2, 
    41.3, 
    0, 
    90.2, 
    113.8, 
    283
   ], 
   [
    115, 
    230, 
    362.8, 
    233, 
    94.9, 
    118, 
    131.5, 
    90.2, 
    0, 
    129.6, 
    192.8
   ], 
   [
    244.6, 
    171, 
    492.4, 
    362.6, 
    34.7, 
    247.6, 
    72.5, 
    113.8, 
    129.6, 
    0, 
    322.4
   ], 
   [
    307.8, 
    422.8, 
    170, 
    189.8, 
    287.7, 
    74.8, 
    324.3, 
    283, 
    192.8, 
    322.4, 
    0
   ]
  ], 
  "weight_matrix": [
   [
    0, 
    3, 
    3, 
    3, 
    3, 
    3, 
    3, 
    3, 
    3, 
    3, 
    3
   ], 
   [
    3, 
    0, 
    3, 
    3, 
    3, 
    3, 
    3, 
    3, 
    3, 
    3, 
    3
   ], 
   [
    3, 
    3, 
    0, 
    3, 
    3, 
    3, 
    3, 
    3, 
    3, 
    3, 
    3
   ], 
   [
    3, 
    3, 
    3, 
    0, 
    3, 
    3, 
    3, 
    3, 
    3, 
    3, 
    3
   ], 
   [
    3, 
    3, 
    3, 
    3, 
    0, 
    3, 
    3, 
    3, 
    3, 
    3, 
    3
   ], 
   [
    3, 
    3, 
    3, 
    3, 
    3, 
    0, 
    3, 
    3, 
    3, 
    3, 
    3
   ], 
   [
    3, 
    3, 
    3, 
    3, 
    3, 
    3, 
    0, 
    3, 
    3, 
    3, 
    3
   ], 
   [
    3, 
    3, 
    3, 
    3, 
    3, 
    3, 
    3, 
    0, 
    3, 
    3, 
    3
   ], 
   [
    3, 
    3, 
    3, 
    3, 
    3, 
    3, 
    3, 
    3, 
    0, 
    3, 
    3
   ], 
   [
    3, 
    3, 
    3, 
    3, 
    3, 
    3, 
    3, 
    3, 
    3, 
    0, 
    3
   ], 
   [
    3, 
    3, 
    3, 
    3, 
    3, 
    3, 
    3, 
    3, 
    3, 
    3, 
    0
   ]
  ], 
  "city_names": [
   "Cardiff", 
   "Newcastle", 
   "Plymouth", 
   "Norwich", 
   "Manchester", 
   "London", 
   "Leeds", 
   "Sheffield", 
   "Birmingham", 
   "Liverpool", 
   "Portsmouth"
  ], 
  "reward_matrix": [
   [
    0, 
    44455, 
    20684, 
    43918, 
    68638, 
    64503, 
    62087, 
    69479, 
    85625, 
    62427, 
    51114
   ], 
   [
    44455, 
    0, 
    100, 
    23333, 
    69390, 
    43918, 
    88578, 
    81186, 
    65040, 
    75601, 
    30529
   ], 
   [
    20684, 
    100, 
    0, 
    41806, 
    24282, 
    62391, 
    17731, 
    25123, 
    41269, 
    18071, 
    75780
   ], 
   [
    43918, 
    23333, 
    41806, 
    0, 
    47516, 
    85625, 
    40965, 
    48357, 
    64503, 
    41305, 
    72236
   ], 
   [
    68638, 
    69390, 
    24282, 
    47516, 
    0, 
    68101, 
    87021, 
    79628, 
    89223, 
    99999, 
    54712
   ], 
   [
    64503, 
    43918, 
    62391, 
    85625, 
    68101, 
    0, 
    61550, 
    68942, 
    85088, 
    61890, 
    92821
   ], 
   [
    62087, 
    88578, 
    17731, 
    40965, 
    87021, 
    61550, 
    0, 
    98817, 
    82671, 
    93232, 
    48161
   ], 
   [
    69479, 
    81186, 
    25123, 
    48357, 
    79628, 
    68942, 
    98817, 
    0, 
    90064, 
    85840, 
    55553
   ], 
   [
    85625, 
    65040, 
    41269, 
    64503, 
    89223, 
    85088, 
    82671, 
    90064, 
    0, 
    83012, 
    71699
   ], 
   [
    62427, 
    75601, 
    18071, 
    41305, 
    99999, 
    61890, 
    93232, 
    85840, 
    83012, 
    0, 
    48501
   ], 
   [
    51114, 
    30529, 
    75780, 
    72236, 
    54712, 
    92821, 
    48161, 
    55553, 
    71699, 
    48501, 
    0
   ]
  ], 
  "probability_matrix": [
   [
    0, 
    0.1598201376487764, 
    0.130137676853242, 
    0.05318740671058504, 
    0.013278249610211077, 
    0.19092811516420893, 
    0.02956001796828557, 
    0.1848148875328269, 
    0.1250486497384821, 
    0.030968965975021547, 
    0.0822558927983603
   ], 
   [
    0.0062219294569975546, 
    0, 
    0.21346259318889846, 
    0.05633808044773633, 
    0.12997739605789613, 
    0.11534827578429592, 
    0.02494943553750632, 
    0.012826863842094976, 
    0.14240258692986454, 
    0.22223241147913916, 
    0.07624042727557055
   ], 
   [
    0.13561544631946593, 
    0.0778927058801565, 
    0, 
    0.08991099367513872, 
    0.13360402167181074, 
    0.03717461787641626, 
    0.11964209087906581, 
    0.14439879465620634, 
    0.03071930383807942, 
    0.09886871229354274, 
    0.1321733129101177
   ], 
   [
    0.04238779800969346, 
    0.15524048132865081, 
    0.14107856915811612, 
    0, 
    0.01391106025292296, 
    0.13031425170256064, 
    0.09029810123816964, 
    0.1314754889761753, 
    0.02545797728564286, 
    0.14799105406344487, 
    0.12184521798462344
   ], 
   [
    0.16369963259254755, 
    0.01548494082115967, 
    0.07974120678156872, 
    0.20285208273589517, 
    0, 
    0.016354672575451167, 
    0.032793389824295145, 
    0.17261611590420545, 
    0.03474299258828904, 
    0.060444240085234704, 
    0.22127072609135334
   ], 
   [
    0.08426823903348005, 
    0.08995914687405004, 
    0.05564995480915401, 
    0.10853515689553696, 
    0.1058940122405, 
    0, 
    0.1241704991203595, 
    0.10836431128044972, 
    0.10457722706731075, 
    0.11955421073757172, 
    0.0990272419415874
   ], 
   [
    0.12264141053827941, 
    0.13403420414487027, 
    0.1390743553584424, 
    0.11188133182341901, 
    0.11270145431205168, 
    0.05414474821253692, 
    0, 
    0.01635199654875763, 
    0.055572956603289106, 
    0.11355372881898068, 
    0.14004381363937296
   ], 
   [
    0.1079661039845913, 
    0.09779121309515544, 
    0.0652209296048467, 
    0.12395928525747008, 
    0.08853765433061118, 
    0.007264651616085699, 
    0.10995256540333957, 
    0, 
    0.07738898363120514, 
    0.14320308606000526, 
    0.1787155270166897
   ], 
   [
    0.12034932310988976, 
    0.014859644851363318, 
    0.10039475275979978, 
    0.09473117628981464, 
    0.20038394306110952, 
    0.12526725862885404, 
    0.005210178391196686, 
    0.03851145642889952, 
    0, 
    0.20884036412883106, 
    0.09145190235024143
   ], 
   [
    0.2231769252007933, 
    0.19041092387653047, 
    0.07611075029372917, 
    0.016995149857746118, 
    0.14847791916670847, 
    0.004770734599514813, 
    0.06729695143697653, 
    0.08968441736428698, 
    0.11286849121662712, 
    0, 
    0.07020773698708699
   ], 
   [
    0.14957865202964546, 
    0.0009946601999865608, 
    0.06675237142454694, 
    0.10687229300758568, 
    0.0071094116927500044, 
    0.16483465190603208, 
    0.24942170161343313, 
    0.044224633787504165, 
    0.1921816454921153, 
    0.01802997884640066, 
    0
   ]
  ]
 }, 
 "vehicle_capacities": [
  10, 
  10, 
  10, 
  30, 
  30, 
  30, 
  30, 
  30, 
  30, 
  30, 
  30
 ]
}