{
 "distance_matrix": [
  [
   0, 
   345, 
   477.8, 
   348, 
   209.9, 
   233, 
   246.5, 
   205.2, 
   115, 
   244.6, 
   307.8
  ], 
  [
   345, 
   0, 
   592.8, 
   463, 
   205.7, 
   348, 
   98.5, 
   139.8, 
   230, 
   171, 
   422.8
  ], 
  [
   477.8, 
   592.8, 
   0, 
   359.8, 
   457.7, 
   244.8, 
   494.3, 
   453, 
   362.8, 
   492.4, 
   170
  ], 
  [
   348, 
   463, 
   359.8, 
   0, 
   327.9, 
   115, 
   364.5, 
   323.2, 
   233, 
   362.6, 
   189.8
  ], 
  [
   209.9, 
   205.7, 
   457.7, 
   327.9, 
   0, 
   212.9, 
   107.2, 
   148.5, 
   94.9, 
   34.7, 
   287.7
  ], 
  [
   233, 
   348, 
   244.8, 
   115, 
   212.9, 
   0, 
   249.5, 
   208.2, 
   118, 
   247.6, 
   74.8
  ], 
  [
   246.5, 
   98.5, 
   494.3, 
   364.5, 
   107.2, 
   249.5, 
   0, 
   41.3, 
   131.5, 
   72.5, 
   324.3
  ], 
  [
   205.2, 
   139.8, 
   453, 
   323.2, 
   148.5, 
   208.2, 
   41.3, 
   0, 
   90.2, 
   113.8, 
   283
  ], 
  [
   115, 
   230, 
   362.8, 
   233, 
   94.9, 
   118, 
   131.5, 
   90.2, 
   0, 
   129.6, 
   192.8
  ], 
  [
   244.6, 
   171, 
   492.4, 
   362.6, 
   34.7, 
   247.6, 
   72.5, 
   113.8, 
   129.6, 
   0, 
   322.4
  ], 
  [
   307.8, 
   422.8, 
   170, 
   189.8, 
   287.7, 
   74.8, 
   324.3, 
   283, 
   192.8, 
   322.4, 
   0
  ]
 ], 
 "runs": [
  {
   "avg_task_cost_vs_number_of_task": [
    2781, 
    1965.5, 
    1559.6666666666667, 
    1262.3749999999998, 
    1084.3, 
    903.5833333333334, 
    878.0714285714286, 
    980.8125, 
    871.8333333333334, 
    784.65, 
    713.3181818181819, 
    751.6666666666666, 
    693.8461538461537, 
    644.2857142857141, 
    647.9333333333332, 
    774.46875, 
    611.2647058823528, 
    556.6388888888889, 
    527.3421052631578, 
    499.8, 
    493.7142857142857, 
    472.340909090909, 
    516.8913043478261, 
    479.91666666666674, 
    444.74, 
    442.6153846153847, 
    384, 
    472.69642857142856, 
    469.0344827586207, 
    457.7
   ], 
   "number_of_vehicles": 2
  }, 
  {
   "avg_task_cost_vs_number_of_task": [
    2781, 
    1965.5, 
    1559.6666666666667, 
    1262.3749999999998, 
    1047.7, 
    873.0833333333334, 
    851.9285714285714, 
    957.9374999999999, 
    871.8333333333334, 
    784.65, 
    713.3181818181819, 
    734.4583333333334, 
    692.0384615384615, 
    656.1071428571429, 
    599.7666666666667, 
    626.2187499999999, 
    707.0294117647059, 
    555.3333333333334, 
    536.9736842105262, 
    500.9749999999999, 
    494.83333333333326, 
    472.340909090909, 
    434.60869565217394, 
    464.4166666666667, 
    422.98, 
    408.28846153846155, 
    384.8703703703703, 
    364.37499999999994, 
    358.8103448275862, 
    448.15
   ], 
   "number_of_vehicles": 3
  }, 
  {
   "avg_task_cost_vs_number_of_task": [
    2781, 
    1965.5, 
    1559.6666666666667, 
    1219, 
    1084.3, 
    873.0833333333334, 
    878.0714285714286, 
    959.125, 
    852.5555555555555, 
    787, 
    713.3181818181819, 
    734.4583333333334, 
    678.6923076923077, 
    642.6071428571429, 
    599.7666666666667, 
    623.84375, 
    649.5882352941175, 
    668.1111111111111, 
    536.9736842105262, 
    606.675, 
    477.1190476190476, 
    455.4318181818181, 
    451.8043478260869, 
    416.5, 
    547.3600000000001, 
    421.86538461538464, 
    397.0740740740741, 
    388.7142857142857, 
    415.3275862068965, 
    395.8
   ], 
   "number_of_vehicles": 4
  }, 
  {
   "avg_task_cost_vs_number_of_task": [
    2114, 
    1632, 
    1088, 
    1219, 
    1047.7, 
    873.0833333333334, 
    851.9285714285714, 
    957.9374999999999, 
    852.5555555555555, 
    837.9999999999998, 
    697.5454545454545, 
    749.7083333333334, 
    678.6923076923077, 
    642.6071428571429, 
    599.7666666666667, 
    677.875, 
    589.3823529411765, 
    556.6388888888888, 
    535.8684210526316, 
    519.5749999999999, 
    494.83333333333326, 
    472.4318181818182, 
    435.6304347826087, 
    416.5, 
    464.86, 
    398.7692307692308, 
    429.33333333333326, 
    399.23214285714295, 
    419.1551724137931, 
    410.70000000000005
   ], 
   "number_of_vehicles": 5
  }
 ], 
 "vehicle_starting_positions": [
  "Manchester", 
  "Sheffield", 
  "Leeds", 
  "Liverpool", 
  "Portsmouth", 
  "Cardiff", 
  "Plymouth", 
  "Newcastle", 
  "Norwich", 
  "Birmingham", 
  "London"
 ], 
 "task_distribution": {
  "weight_matrix": [
   [
    0, 
    3, 
    3, 
    3, 
    3, 
    3, 
    3, 
    3, 
    3, 
    3, 
    3
   ], 
   [
    3, 
    0, 
    3, 
    3, 
    3, 
    3, 
    3, 
    3, 
    3, 
    3, 
    3
   ], 
   [
    3, 
    3, 
    0, 
    3, 
    3, 
    3, 
    3, 
    3, 
    3, 
    3, 
    3
   ], 
   [
    3, 
    3, 
    3, 
    0, 
    3, 
    3, 
    3, 
    3, 
    3, 
    3, 
    3
   ], 
   [
    3, 
    3, 
    3, 
    3, 
    0, 
    3, 
    3, 
    3, 
    3, 
    3, 
    3
   ], 
   [
    3, 
    3, 
    3, 
    3, 
    3, 
    0, 
    3, 
    3, 
    3, 
    3, 
    3
   ], 
   [
    3, 
    3, 
    3, 
    3, 
    3, 
    3, 
    0, 
    3, 
    3, 
    3, 
    3
   ], 
   [
    3, 
    3, 
    3, 
    3, 
    3, 
    3, 
    3, 
    0, 
    3, 
    3, 
    3
   ], 
   [
    3, 
    3, 
    3, 
    3, 
    3, 
    3, 
    3, 
    3, 
    0, 
    3, 
    3
   ], 
   [
    3, 
    3, 
    3, 
    3, 
    3, 
    3, 
    3, 
    3, 
    3, 
    0, 
    3
   ], 
   [
    3, 
    3, 
    3, 
    3, 
    3, 
    3, 
    3, 
    3, 
    3, 
    3, 
    0
   ]
  ], 
  "city_names": [
   "Cardiff", 
   "Newcastle", 
   "Plymouth", 
   "Norwich", 
   "Manchester", 
   "London", 
   "Leeds", 
   "Sheffield", 
   "Birmingham", 
   "Liverpool", 
   "Portsmouth"
  ], 
  "reward_matrix": [
   [
    0, 
    44455, 
    20684, 
    43918, 
    68638, 
    64503, 
    62087, 
    69479, 
    85625, 
    62427, 
    51114
   ], 
   [
    44455, 
    0, 
    100, 
    23333, 
    69390, 
    43918, 
    88578, 
    81186, 
    65040, 
    75601, 
    30529
   ], 
   [
    20684, 
    100, 
    0, 
    41806, 
    24282, 
    62391, 
    17731, 
    25123, 
    41269, 
    18071, 
    75780
   ], 
   [
    43918, 
    23333, 
    41806, 
    0, 
    47516, 
    85625, 
    40965, 
    48357, 
    64503, 
    41305, 
    72236
   ], 
   [
    68638, 
    69390, 
    24282, 
    47516, 
    0, 
    68101, 
    87021, 
    79628, 
    89223, 
    99999, 
    54712
   ], 
   [
    64503, 
    43918, 
    62391, 
    85625, 
    68101, 
    0, 
    61550, 
    68942, 
    85088, 
    61890, 
    92821
   ], 
   [
    62087, 
    88578, 
    17731, 
    40965, 
    87021, 
    61550, 
    0, 
    98817, 
    82671, 
    93232, 
    48161
   ], 
   [
    69479, 
    81186, 
    25123, 
    48357, 
    79628, 
    68942, 
    98817, 
    0, 
    90064, 
    85840, 
    55553
   ], 
   [
    85625, 
    65040, 
    41269, 
    64503, 
    89223, 
    85088, 
    82671, 
    90064, 
    0, 
    83012, 
    71699
   ], 
   [
    62427, 
    75601, 
    18071, 
    41305, 
    99999, 
    61890, 
    93232, 
    85840, 
    83012, 
    0, 
    48501
   ], 
   [
    51114, 
    30529, 
    75780, 
    72236, 
    54712, 
    92821, 
    48161, 
    55553, 
    71699, 
    48501, 
    0
   ]
  ], 
  "probability_matrix": [
   [
    0, 
    0.06468931284636803, 
    0.05390419152828739, 
    0.06938002205832358, 
    0.057641742790818656, 
    0.027232501495847654, 
    0.13981232131803514, 
    0.15105398319939903, 
    0.1057837289404281, 
    0.22719963582289546, 
    0.103302559999597
   ], 
   [
    0.07402081973893392, 
    0, 
    0.16470572755532917, 
    0.08152593141189275, 
    0.12575284026422176, 
    0.1114892933753321, 
    0.06101825854340274, 
    0.02495024127735715, 
    0.13252909939384183, 
    0.1366788047113149, 
    0.08732898372837362
   ], 
   [
    0.029204334222500364, 
    0.11197943228181109, 
    0, 
    0.07860366714005326, 
    0.03983322991836332, 
    0.20859167001404344, 
    0.16653228860261945, 
    0.09321803027016258, 
    0.16537277473665257, 
    0.09237112091515261, 
    0.014293451898641368
   ], 
   [
    0.01662216295931679, 
    0.0852410479985111, 
    0.14473767793336606, 
    0, 
    0.08637519093263579, 
    0.08538149054038423, 
    0.023835946884199245, 
    0.18152247779519953, 
    0.15493706294786624, 
    0.03957631659550539, 
    0.18177062541301559
   ], 
   [
    0.14811404520673566, 
    0.13683113591669532, 
    0.10885549078147659, 
    0.058086896729454184, 
    0, 
    0.09149832074957871, 
    0.1178266200391245, 
    0.0608226243171062, 
    0.1589970405055345, 
    0.006764825278277342, 
    0.1122030004760172
   ], 
   [
    0.04582443641240005, 
    0.17143830530505444, 
    0.015595900784400022, 
    0.12618134069701922, 
    0.10687573868919603, 
    0, 
    0.10849097975072439, 
    0.07347271116410613, 
    0.1144355499736059, 
    0.08162068895470814, 
    0.15606434826878565
   ], 
   [
    0.1065913367524362, 
    0.1195265991189806, 
    0.10421591037978346, 
    0.12016974841203745, 
    0.07146142155271802, 
    0.15579990717852155, 
    0, 
    0.10941189795470596, 
    0.08009351797961857, 
    0.11978204878563704, 
    0.012947611885561185
   ], 
   [
    0.1271872497162381, 
    0.07686643371126628, 
    0.11482649248961424, 
    0.13491655452425802, 
    0.006104977742928368, 
    0.1501804740220709, 
    0.13624439959104678, 
    0, 
    0.0979285192667281, 
    0.13077560125238344, 
    0.024969297683465796
   ], 
   [
    0.16085218886701289, 
    0.002061378983201558, 
    0.05102634227585693, 
    0.06505131929395036, 
    0.1511329368894343, 
    0.16079235097330438, 
    0.04256383444705353, 
    0.15468991345162236, 
    0, 
    0.05554927532116266, 
    0.15628045949740102
   ], 
   [
    0.07232089105807718, 
    0.14308196674821877, 
    0.1726903021702511, 
    0.0375149771925261, 
    0.08480444847940903, 
    0.09968368270970553, 
    0.09933278202211027, 
    0.09208798696274514, 
    0.021485187965764218, 
    0, 
    0.17699777469119274
   ], 
   [
    0.1096842242420592, 
    0.03233466682171367, 
    0.10064045202143895, 
    0.10536692459232833, 
    0.0837507270676452, 
    0.023418973203031053, 
    0.13485809516338132, 
    0.1541940766449371, 
    0.10552712527596021, 
    0.15022473496750496, 
    0
   ]
  ]
 }
}