{
 "vehicle_cost_per_km": [
  5, 
  5, 
  5, 
  5, 
  5
 ], 
 "runs": [
  {
   "avg_task_cost_vs_number_of_task": [
    1740, 
    1334, 
    1136, 
    852, 
    751, 
    692.6666666666666, 
    924.4285714285713, 
    808.875, 
    907.8888888888889, 
    950.9, 
    918.0909090909091, 
    901.5, 
    841.3846153846154, 
    837.1428571428571, 
    860.7333333333335, 
    785.25, 
    759.4705882352941, 
    815.888888888889, 
    784.4736842105264, 
    760.55, 
    751.8095238095239, 
    715.7727272727273, 
    739.5652173913044, 
    703.4583333333334, 
    689.04, 
    663.2307692307693, 
    737.4444444444443, 
    720.9642857142857, 
    655.3448275862069, 
    677.7833333333333
   ], 
   "number_of_vehicles": 3
  }
 ], 
 "vehicle_starting_positions": [
  "Newcastle", 
  "Cardiff", 
  "Plymouth", 
  "Norwich", 
  "Manchester", 
  "London", 
  "Leeds", 
  "Sheffield", 
  "Birmingham", 
  "Liverpool", 
  "Portsmouth"
 ], 
 "task_distribution": {
  "distance_matrix": [
   [
    0, 
    345, 
    477.8, 
    348, 
    209.9, 
    233, 
    246.5, 
    205.2, 
    115, 
    244.6, 
    307.8
   ], 
   [
    345, 
    0, 
    592.8, 
    463, 
    205.7, 
    348, 
    98.5, 
    139.8, 
    230, 
    171, 
    422.8
   ], 
   [
    477.8, 
    592.8, 
    0, 
    359.8, 
    457.7, 
    244.8, 
    494.3, 
    453, 
    362.8, 
    492.4, 
    170
   ], 
   [
    348, 
    463, 
    359.8, 
    0, 
    327.9, 
    115, 
    364.5, 
    323.2, 
    233, 
    362.6, 
    189.8
   ], 
   [
    209.9, 
    205.7, 
    457.7, 
    327.9, 
    0, 
    212.9, 
    107.2, 
    148.5, 
    94.9, 
    34.7, 
    287.7
   ], 
   [
    233, 
    348, 
    244.8, 
    115, 
    212.9, 
    0, 
    249.5, 
    208.2, 
    118, 
    247.6, 
    74.8
   ], 
   [
    246.5, 
    98.5, 
    494.3, 
    364.5, 
    107.2, 
    249.5, 
    0, 
    41.3, 
    131.5, 
    72.5, 
    324.3
   ], 
   [
    205.2, 
    139.8, 
    453, 
    323.2, 
    148.5, 
    208.2, 
    41.3, 
    0, 
    90.2, 
    113.8, 
    283
   ], 
   [
    115, 
    230, 
    362.8, 
    233, 
    94.9, 
    118, 
    131.5, 
    90.2, 
    0, 
    129.6, 
    192.8
   ], 
   [
    244.6, 
    171, 
    492.4, 
    362.6, 
    34.7, 
    247.6, 
    72.5, 
    113.8, 
    129.6, 
    0, 
    322.4
   ], 
   [
    307.8, 
    422.8, 
    170, 
    189.8, 
    287.7, 
    74.8, 
    324.3, 
    283, 
    192.8, 
    322.4, 
    0
   ]
  ], 
  "weight_matrix": [
   [
    0, 
    3, 
    3, 
    3, 
    3, 
    3, 
    3, 
    3, 
    3, 
    3, 
    3
   ], 
   [
    3, 
    0, 
    3, 
    3, 
    3, 
    3, 
    3, 
    3, 
    3, 
    3, 
    3
   ], 
   [
    3, 
    3, 
    0, 
    3, 
    3, 
    3, 
    3, 
    3, 
    3, 
    3, 
    3
   ], 
   [
    3, 
    3, 
    3, 
    0, 
    3, 
    3, 
    3, 
    3, 
    3, 
    3, 
    3
   ], 
   [
    3, 
    3, 
    3, 
    3, 
    0, 
    3, 
    3, 
    3, 
    3, 
    3, 
    3
   ], 
   [
    3, 
    3, 
    3, 
    3, 
    3, 
    0, 
    3, 
    3, 
    3, 
    3, 
    3
   ], 
   [
    3, 
    3, 
    3, 
    3, 
    3, 
    3, 
    0, 
    3, 
    3, 
    3, 
    3
   ], 
   [
    3, 
    3, 
    3, 
    3, 
    3, 
    3, 
    3, 
    0, 
    3, 
    3, 
    3
   ], 
   [
    3, 
    3, 
    3, 
    3, 
    3, 
    3, 
    3, 
    3, 
    0, 
    3, 
    3
   ], 
   [
    3, 
    3, 
    3, 
    3, 
    3, 
    3, 
    3, 
    3, 
    3, 
    0, 
    3
   ], 
   [
    3, 
    3, 
    3, 
    3, 
    3, 
    3, 
    3, 
    3, 
    3, 
    3, 
    0
   ]
  ], 
  "city_names": [
   "Cardiff", 
   "Newcastle", 
   "Plymouth", 
   "Norwich", 
   "Manchester", 
   "London", 
   "Leeds", 
   "Sheffield", 
   "Birmingham", 
   "Liverpool", 
   "Portsmouth"
  ], 
  "reward_matrix": [
   [
    0, 
    44455, 
    20684, 
    43918, 
    68638, 
    64503, 
    62087, 
    69479, 
    85625, 
    62427, 
    51114
   ], 
   [
    44455, 
    0, 
    100, 
    23333, 
    69390, 
    43918, 
    88578, 
    81186, 
    65040, 
    75601, 
    30529
   ], 
   [
    20684, 
    100, 
    0, 
    41806, 
    24282, 
    62391, 
    17731, 
    25123, 
    41269, 
    18071, 
    75780
   ], 
   [
    43918, 
    23333, 
    41806, 
    0, 
    47516, 
    85625, 
    40965, 
    48357, 
    64503, 
    41305, 
    72236
   ], 
   [
    68638, 
    69390, 
    24282, 
    47516, 
    0, 
    68101, 
    87021, 
    79628, 
    89223, 
    99999, 
    54712
   ], 
   [
    64503, 
    43918, 
    62391, 
    85625, 
    68101, 
    0, 
    61550, 
    68942, 
    85088, 
    61890, 
    92821
   ], 
   [
    62087, 
    88578, 
    17731, 
    40965, 
    87021, 
    61550, 
    0, 
    98817, 
    82671, 
    93232, 
    48161
   ], 
   [
    69479, 
    81186, 
    25123, 
    48357, 
    79628, 
    68942, 
    98817, 
    0, 
    90064, 
    85840, 
    55553
   ], 
   [
    85625, 
    65040, 
    41269, 
    64503, 
    89223, 
    85088, 
    82671, 
    90064, 
    0, 
    83012, 
    71699
   ], 
   [
    62427, 
    75601, 
    18071, 
    41305, 
    99999, 
    61890, 
    93232, 
    85840, 
    83012, 
    0, 
    48501
   ], 
   [
    51114, 
    30529, 
    75780, 
    72236, 
    54712, 
    92821, 
    48161, 
    55553, 
    71699, 
    48501, 
    0
   ]
  ], 
  "probability_matrix": [
   [
    0, 
    0.08605492180791215, 
    0.06555676893559276, 
    0.08315713672551335, 
    0.11198580148754612, 
    0.08201755426274003, 
    0.0778357405433835, 
    0.09974134579517506, 
    0.1436177526374374, 
    0.11355745422774965, 
    0.13647552357694992
   ], 
   [
    0.14629113233412874, 
    0, 
    0.09935881825217019, 
    0.016785860861822124, 
    0.09190810944987822, 
    0.06190585502134703, 
    0.09112598386566594, 
    0.04911850380058737, 
    0.18974206163732626, 
    0.044133616880941286, 
    0.2096300578961329
   ], 
   [
    0.07317715016153271, 
    0.020386065173371364, 
    0, 
    0.08120606049564642, 
    0.03782540189293521, 
    0.05547808680944751, 
    0.10106893248821067, 
    0.18816550626923956, 
    0.21019710220926024, 
    0.010737832040290803, 
    0.22175786246006546
   ], 
   [
    0.06346718860575233, 
    0.02923665859733156, 
    0.09336105114839993, 
    0, 
    0.05584445302427061, 
    0.17049111989426857, 
    0.17283479016361342, 
    0.21398569302666348, 
    0.16127109854232527, 
    0.021885604500191214, 
    0.017622342497183627
   ], 
   [
    0.15551310322556944, 
    0.08574374618391369, 
    0.08264764027500515, 
    0.21091692829301836, 
    0, 
    0.021536060832547974, 
    0.07718477892628643, 
    0.019862277010873546, 
    0.0003154051990989573, 
    0.22839616819719413, 
    0.1178838918564925
   ], 
   [
    0.12134048559160555, 
    0.13151653818901557, 
    0.15819389879755139, 
    0.13830067350919706, 
    0.07558135454723776, 
    0, 
    0.08076310793117344, 
    0.13236309577003916, 
    0.06499940648733638, 
    0.044529624973087226, 
    0.05241181420375626
   ], 
   [
    0.13190124484580243, 
    0.09388023399572787, 
    0.08860239522763935, 
    0.07843925663969095, 
    0.17382096723177073, 
    0.14181241479163084, 
    0, 
    0.1152907971367729, 
    0.018406403095592022, 
    0.046254911546502235, 
    0.1115913754888708
   ], 
   [
    0.1275472897113063, 
    0.06602812818928391, 
    0.0006343385796016385, 
    0.1461083493647833, 
    0.13857533068198866, 
    0.12661428223148222, 
    0.18203987966637505, 
    0, 
    0.0022323639055858266, 
    0.1002371268261451, 
    0.1099829108434478
   ], 
   [
    0.10552557522138896, 
    0.19064141861964604, 
    0.1983803093154113, 
    0.08673915311305418, 
    0.1165181643503323, 
    0.002883004828131948, 
    0.07218536357065887, 
    0.014406120957904407, 
    0, 
    0.10145007878148685, 
    0.11127081124198523
   ], 
   [
    0.10692560837703785, 
    0.03548994276770636, 
    0.13273676564499184, 
    0.0775529472058182, 
    0.14861017656805373, 
    0.014634177043366373, 
    0.1720455454335878, 
    0.17544434562538422, 
    0.07878366696654936, 
    0, 
    0.05777682436750452
   ], 
   [
    0.015060689409291096, 
    0.05926051260509034, 
    0.0438154430755099, 
    0.14391297428312216, 
    0.16654948577489895, 
    0.15100960828152363, 
    0.13996987242349543, 
    0.012448548769213542, 
    0.19007832319376802, 
    0.07789454218408684, 
    0
   ]
  ]
 }, 
 "vehicle_capacities": [
  10, 
  10, 
  10, 
  30, 
  30, 
  30, 
  30, 
  30, 
  30, 
  30, 
  30
 ]
}