{
 "vehicle_cost_per_km": [
  5, 
  5, 
  5, 
  5, 
  5
 ], 
 "runs": [
  {
   "avg_task_cost_vs_number_of_task": [
    1814, 
    2958.25, 
    2738.8333333333335, 
    2327.375, 
    1920.9, 
    1711.25, 
    2147.2142857142853, 
    2232.5625, 
    2158.1666666666665, 
    2395.3499999999995, 
    2177.5909090909086, 
    2089.6666666666665, 
    1994.6923076923074, 
    1988.071428571428, 
    1963.4666666666667, 
    1838.1875, 
    1866.235294117647, 
    1804.1111111111106, 
    1811.4210526315785, 
    1779.1, 
    1749.857142857143, 
    1746.8181818181818, 
    1754.695652173913, 
    1737.0000000000002, 
    1744.6399999999996, 
    1696.4807692307693, 
    1686.8148148148148, 
    1711.9464285714282, 
    1692.896551724138, 
    1693.9666666666667
   ], 
   "number_of_vehicles": 3
  }
 ], 
 "vehicle_starting_positions": [
  "Newcastle", 
  "Cardiff", 
  "Plymouth", 
  "Norwich", 
  "Manchester", 
  "London", 
  "Leeds", 
  "Sheffield", 
  "Birmingham", 
  "Liverpool", 
  "Portsmouth"
 ], 
 "task_distribution": {
  "distance_matrix": [
   [
    0, 
    345, 
    477.8, 
    348, 
    209.9, 
    233, 
    246.5, 
    205.2, 
    115, 
    244.6, 
    307.8
   ], 
   [
    345, 
    0, 
    592.8, 
    463, 
    205.7, 
    348, 
    98.5, 
    139.8, 
    230, 
    171, 
    422.8
   ], 
   [
    477.8, 
    592.8, 
    0, 
    359.8, 
    457.7, 
    244.8, 
    494.3, 
    453, 
    362.8, 
    492.4, 
    170
   ], 
   [
    348, 
    463, 
    359.8, 
    0, 
    327.9, 
    115, 
    364.5, 
    323.2, 
    233, 
    362.6, 
    189.8
   ], 
   [
    209.9, 
    205.7, 
    457.7, 
    327.9, 
    0, 
    212.9, 
    107.2, 
    148.5, 
    94.9, 
    34.7, 
    287.7
   ], 
   [
    233, 
    348, 
    244.8, 
    115, 
    212.9, 
    0, 
    249.5, 
    208.2, 
    118, 
    247.6, 
    74.8
   ], 
   [
    246.5, 
    98.5, 
    494.3, 
    364.5, 
    107.2, 
    249.5, 
    0, 
    41.3, 
    131.5, 
    72.5, 
    324.3
   ], 
   [
    205.2, 
    139.8, 
    453, 
    323.2, 
    148.5, 
    208.2, 
    41.3, 
    0, 
    90.2, 
    113.8, 
    283
   ], 
   [
    115, 
    230, 
    362.8, 
    233, 
    94.9, 
    118, 
    131.5, 
    90.2, 
    0, 
    129.6, 
    192.8
   ], 
   [
    244.6, 
    171, 
    492.4, 
    362.6, 
    34.7, 
    247.6, 
    72.5, 
    113.8, 
    129.6, 
    0, 
    322.4
   ], 
   [
    307.8, 
    422.8, 
    170, 
    189.8, 
    287.7, 
    74.8, 
    324.3, 
    283, 
    192.8, 
    322.4, 
    0
   ]
  ], 
  "weight_matrix": [
   [
    0, 
    3, 
    3, 
    3, 
    3, 
    3, 
    3, 
    3, 
    3, 
    3, 
    3
   ], 
   [
    3, 
    0, 
    3, 
    3, 
    3, 
    3, 
    3, 
    3, 
    3, 
    3, 
    3
   ], 
   [
    3, 
    3, 
    0, 
    3, 
    3, 
    3, 
    3, 
    3, 
    3, 
    3, 
    3
   ], 
   [
    3, 
    3, 
    3, 
    0, 
    3, 
    3, 
    3, 
    3, 
    3, 
    3, 
    3
   ], 
   [
    3, 
    3, 
    3, 
    3, 
    0, 
    3, 
    3, 
    3, 
    3, 
    3, 
    3
   ], 
   [
    3, 
    3, 
    3, 
    3, 
    3, 
    0, 
    3, 
    3, 
    3, 
    3, 
    3
   ], 
   [
    3, 
    3, 
    3, 
    3, 
    3, 
    3, 
    0, 
    3, 
    3, 
    3, 
    3
   ], 
   [
    3, 
    3, 
    3, 
    3, 
    3, 
    3, 
    3, 
    0, 
    3, 
    3, 
    3
   ], 
   [
    3, 
    3, 
    3, 
    3, 
    3, 
    3, 
    3, 
    3, 
    0, 
    3, 
    3
   ], 
   [
    3, 
    3, 
    3, 
    3, 
    3, 
    3, 
    3, 
    3, 
    3, 
    0, 
    3
   ], 
   [
    3, 
    3, 
    3, 
    3, 
    3, 
    3, 
    3, 
    3, 
    3, 
    3, 
    0
   ]
  ], 
  "city_names": [
   "Cardiff", 
   "Newcastle", 
   "Plymouth", 
   "Norwich", 
   "Manchester", 
   "London", 
   "Leeds", 
   "Sheffield", 
   "Birmingham", 
   "Liverpool", 
   "Portsmouth"
  ], 
  "reward_matrix": [
   [
    0, 
    44455, 
    20684, 
    43918, 
    68638, 
    64503, 
    62087, 
    69479, 
    85625, 
    62427, 
    51114
   ], 
   [
    44455, 
    0, 
    100, 
    23333, 
    69390, 
    43918, 
    88578, 
    81186, 
    65040, 
    75601, 
    30529
   ], 
   [
    20684, 
    100, 
    0, 
    41806, 
    24282, 
    62391, 
    17731, 
    25123, 
    41269, 
    18071, 
    75780
   ], 
   [
    43918, 
    23333, 
    41806, 
    0, 
    47516, 
    85625, 
    40965, 
    48357, 
    64503, 
    41305, 
    72236
   ], 
   [
    68638, 
    69390, 
    24282, 
    47516, 
    0, 
    68101, 
    87021, 
    79628, 
    89223, 
    99999, 
    54712
   ], 
   [
    64503, 
    43918, 
    62391, 
    85625, 
    68101, 
    0, 
    61550, 
    68942, 
    85088, 
    61890, 
    92821
   ], 
   [
    62087, 
    88578, 
    17731, 
    40965, 
    87021, 
    61550, 
    0, 
    98817, 
    82671, 
    93232, 
    48161
   ], 
   [
    69479, 
    81186, 
    25123, 
    48357, 
    79628, 
    68942, 
    98817, 
    0, 
    90064, 
    85840, 
    55553
   ], 
   [
    85625, 
    65040, 
    41269, 
    64503, 
    89223, 
    85088, 
    82671, 
    90064, 
    0, 
    83012, 
    71699
   ], 
   [
    62427, 
    75601, 
    18071, 
    41305, 
    99999, 
    61890, 
    93232, 
    85840, 
    83012, 
    0, 
    48501
   ], 
   [
    51114, 
    30529, 
    75780, 
    72236, 
    54712, 
    92821, 
    48161, 
    55553, 
    71699, 
    48501, 
    0
   ]
  ], 
  "probability_matrix": [
   [
    0, 
    0.11440686574148158, 
    0.13554728827152068, 
    0.048578500739509145, 
    0.09988063868895428, 
    0.0343840496285273, 
    0.11045395407176622, 
    0.20201200236208605, 
    0.03610110622181254, 
    0.11523963100322601, 
    0.10339596327111633
   ], 
   [
    0.13020940714590534, 
    0, 
    0.13893869664826844, 
    0.09199548451202531, 
    0.07413308703504506, 
    0.1263673114862224, 
    0.06971473749538779, 
    0.05059597186921116, 
    0.11327695642130885, 
    0.12512484128174162, 
    0.07964350610488417
   ], 
   [
    0.03486463600282225, 
    0.1323297218746577, 
    0, 
    0.1374138345597829, 
    0.14545600177349963, 
    0.12030193411155458, 
    0.014544495225507891, 
    0.12016599631636135, 
    0.11675481853128614, 
    0.12920089275053748, 
    0.04896766885399012
   ], 
   [
    0.10980869248733116, 
    0.01871423201784737, 
    0.00022809125555756394, 
    0, 
    0.12819961264562188, 
    0.1714983749108851, 
    0.18271546251747114, 
    0.18373752023037435, 
    0.08547546319381391, 
    0.03731563909032991, 
    0.08230691165076764
   ], 
   [
    0.15411441618363833, 
    0.07281224950514226, 
    0.02349136367521789, 
    0.1823116366063889, 
    0, 
    0.03301421940158026, 
    0.12849324273196364, 
    0.12945687144370632, 
    0.14244649000865614, 
    0.022041053978010615, 
    0.11181845646569594
   ], 
   [
    0.18054658250026634, 
    0.00410824126716584, 
    0.12827331467400058, 
    0.20238737389022926, 
    0.061173972351998715, 
    0, 
    0.07653839814936723, 
    0.04987250049246134, 
    0.03675619698648909, 
    0.15529690526566708, 
    0.10504651442235464
   ], 
   [
    0.030378773051512976, 
    0.14206507758446607, 
    0.15356756911819427, 
    0.1566698036736975, 
    0.12372201562687929, 
    0.10351869600999568, 
    0, 
    0.09187754321156376, 
    0.018373266854062216, 
    0.09492319305213345, 
    0.08490406181749474
   ], 
   [
    0.004954805362969832, 
    0.13518236822973906, 
    0.06383699316587195, 
    0.19844217500092518, 
    0.08035015556021718, 
    0.1415575121676398, 
    0.09988653444366215, 
    0, 
    0.06576795648926034, 
    0.06215383537160871, 
    0.14786766420810582
   ], 
   [
    0.03819045673885011, 
    0.08802184683036537, 
    0.09868633191523592, 
    0.1881769999352595, 
    0.02898918127365881, 
    0.05607931190318656, 
    0.16082349396534623, 
    0.1156755356916023, 
    0, 
    0.1503183940226916, 
    0.07503844772380339
   ], 
   [
    0.01713328879029706, 
    0.07082798972761802, 
    0.03625050976625787, 
    0.07392019313899914, 
    0.22804424276374224, 
    0.2210570541251247, 
    0.2099875808172945, 
    0.03724946380443488, 
    0.10389673436389683, 
    0, 
    0.0016329427023346402
   ], 
   [
    0.1550346734200732, 
    0.07199308387105151, 
    0.031191582366897053, 
    0.1493598732020883, 
    0.15029799433393642, 
    0.13352717287340796, 
    0.13374762366422827, 
    0.04467626618674471, 
    0.1042946851023163, 
    0.02587704497925624, 
    0
   ]
  ]
 }, 
 "vehicle_capacities": [
  5, 
  5, 
  5, 
  30, 
  30, 
  30, 
  30, 
  30, 
  30, 
  30, 
  30
 ]
}