{
 "vehicle_cost_per_km": [
  5, 
  15, 
  10, 
  5, 
  5, 
  5, 
  5, 
  5, 
  5, 
  5, 
  5
 ], 
 "runs": [
  {
   "avg_task_cost_vs_number_of_task": [
    1150, 
    1067.5, 
    1296.6666666666667, 
    972.5, 
    998.2, 
    831.8333333333334, 
    982.9999999999999, 
    860.125, 
    828.4444444444445, 
    790.9499999999999, 
    743.7272727272727, 
    714.0833333333334, 
    769.0769230769231, 
    640.4285714285714, 
    700.9333333333333, 
    679.6875000000001, 
    696.8235294117648, 
    723.7777777777778, 
    690.1052631578947, 
    711.7500000000001, 
    765.6666666666666, 
    729.1363636363637, 
    845.1739130434783, 
    716.9583333333334, 
    887.88, 
    838.9999999999999, 
    846.9629629629628, 
    824.1071428571429, 
    841.2758620689657, 
    821.7333333333335
   ], 
   "number_of_vehicles": 3
  }
 ], 
 "vehicle_starting_positions": [
  "Newcastle", 
  "Cardiff", 
  "Plymouth", 
  "Norwich", 
  "Manchester", 
  "London", 
  "Leeds", 
  "Sheffield", 
  "Birmingham", 
  "Liverpool", 
  "Portsmouth"
 ], 
 "task_distribution": {
  "distance_matrix": [
   [
    0, 
    345, 
    477.8, 
    348, 
    209.9, 
    233, 
    246.5, 
    205.2, 
    115, 
    244.6, 
    307.8
   ], 
   [
    345, 
    0, 
    592.8, 
    463, 
    205.7, 
    348, 
    98.5, 
    139.8, 
    230, 
    171, 
    422.8
   ], 
   [
    477.8, 
    592.8, 
    0, 
    359.8, 
    457.7, 
    244.8, 
    494.3, 
    453, 
    362.8, 
    492.4, 
    170
   ], 
   [
    348, 
    463, 
    359.8, 
    0, 
    327.9, 
    115, 
    364.5, 
    323.2, 
    233, 
    362.6, 
    189.8
   ], 
   [
    209.9, 
    205.7, 
    457.7, 
    327.9, 
    0, 
    212.9, 
    107.2, 
    148.5, 
    94.9, 
    34.7, 
    287.7
   ], 
   [
    233, 
    348, 
    244.8, 
    115, 
    212.9, 
    0, 
    249.5, 
    208.2, 
    118, 
    247.6, 
    74.8
   ], 
   [
    246.5, 
    98.5, 
    494.3, 
    364.5, 
    107.2, 
    249.5, 
    0, 
    41.3, 
    131.5, 
    72.5, 
    324.3
   ], 
   [
    205.2, 
    139.8, 
    453, 
    323.2, 
    148.5, 
    208.2, 
    41.3, 
    0, 
    90.2, 
    113.8, 
    283
   ], 
   [
    115, 
    230, 
    362.8, 
    233, 
    94.9, 
    118, 
    131.5, 
    90.2, 
    0, 
    129.6, 
    192.8
   ], 
   [
    244.6, 
    171, 
    492.4, 
    362.6, 
    34.7, 
    247.6, 
    72.5, 
    113.8, 
    129.6, 
    0, 
    322.4
   ], 
   [
    307.8, 
    422.8, 
    170, 
    189.8, 
    287.7, 
    74.8, 
    324.3, 
    283, 
    192.8, 
    322.4, 
    0
   ]
  ], 
  "weight_matrix": [
   [
    0, 
    3, 
    3, 
    3, 
    3, 
    3, 
    3, 
    3, 
    3, 
    3, 
    3
   ], 
   [
    3, 
    0, 
    3, 
    3, 
    3, 
    3, 
    3, 
    3, 
    3, 
    3, 
    3
   ], 
   [
    3, 
    3, 
    0, 
    3, 
    3, 
    3, 
    3, 
    3, 
    3, 
    3, 
    3
   ], 
   [
    3, 
    3, 
    3, 
    0, 
    3, 
    3, 
    3, 
    3, 
    3, 
    3, 
    3
   ], 
   [
    3, 
    3, 
    3, 
    3, 
    0, 
    3, 
    3, 
    3, 
    3, 
    3, 
    3
   ], 
   [
    3, 
    3, 
    3, 
    3, 
    3, 
    0, 
    3, 
    3, 
    3, 
    3, 
    3
   ], 
   [
    3, 
    3, 
    3, 
    3, 
    3, 
    3, 
    0, 
    3, 
    3, 
    3, 
    3
   ], 
   [
    3, 
    3, 
    3, 
    3, 
    3, 
    3, 
    3, 
    0, 
    3, 
    3, 
    3
   ], 
   [
    3, 
    3, 
    3, 
    3, 
    3, 
    3, 
    3, 
    3, 
    0, 
    3, 
    3
   ], 
   [
    3, 
    3, 
    3, 
    3, 
    3, 
    3, 
    3, 
    3, 
    3, 
    0, 
    3
   ], 
   [
    3, 
    3, 
    3, 
    3, 
    3, 
    3, 
    3, 
    3, 
    3, 
    3, 
    0
   ]
  ], 
  "city_names": [
   "Cardiff", 
   "Newcastle", 
   "Plymouth", 
   "Norwich", 
   "Manchester", 
   "London", 
   "Leeds", 
   "Sheffield", 
   "Birmingham", 
   "Liverpool", 
   "Portsmouth"
  ], 
  "reward_matrix": [
   [
    0, 
    44455, 
    20684, 
    43918, 
    68638, 
    64503, 
    62087, 
    69479, 
    85625, 
    62427, 
    51114
   ], 
   [
    44455, 
    0, 
    100, 
    23333, 
    69390, 
    43918, 
    88578, 
    81186, 
    65040, 
    75601, 
    30529
   ], 
   [
    20684, 
    100, 
    0, 
    41806, 
    24282, 
    62391, 
    17731, 
    25123, 
    41269, 
    18071, 
    75780
   ], 
   [
    43918, 
    23333, 
    41806, 
    0, 
    47516, 
    85625, 
    40965, 
    48357, 
    64503, 
    41305, 
    72236
   ], 
   [
    68638, 
    69390, 
    24282, 
    47516, 
    0, 
    68101, 
    87021, 
    79628, 
    89223, 
    99999, 
    54712
   ], 
   [
    64503, 
    43918, 
    62391, 
    85625, 
    68101, 
    0, 
    61550, 
    68942, 
    85088, 
    61890, 
    92821
   ], 
   [
    62087, 
    88578, 
    17731, 
    40965, 
    87021, 
    61550, 
    0, 
    98817, 
    82671, 
    93232, 
    48161
   ], 
   [
    69479, 
    81186, 
    25123, 
    48357, 
    79628, 
    68942, 
    98817, 
    0, 
    90064, 
    85840, 
    55553
   ], 
   [
    85625, 
    65040, 
    41269, 
    64503, 
    89223, 
    85088, 
    82671, 
    90064, 
    0, 
    83012, 
    71699
   ], 
   [
    62427, 
    75601, 
    18071, 
    41305, 
    99999, 
    61890, 
    93232, 
    85840, 
    83012, 
    0, 
    48501
   ], 
   [
    51114, 
    30529, 
    75780, 
    72236, 
    54712, 
    92821, 
    48161, 
    55553, 
    71699, 
    48501, 
    0
   ]
  ], 
  "probability_matrix": [
   [
    0, 
    0.0949054320152684, 
    0.04013650606319641, 
    0.06101353599315843, 
    0.03131877781328686, 
    0.1523976777452606, 
    0.07589478544358864, 
    0.19294524662739976, 
    0.009461624057355154, 
    0.16628205441096683, 
    0.1756443598305188
   ], 
   [
    0.07110125298198312, 
    0, 
    0.10638304776062601, 
    0.02707317392381349, 
    0.11260310904785255, 
    0.08398532248928996, 
    0.14274086214624368, 
    0.14437847118702443, 
    0.042231423495011716, 
    0.12589747876202967, 
    0.14360585820612548
   ], 
   [
    0.15449134144344057, 
    0.16120903768563455, 
    0, 
    0.07126234272579783, 
    0.11338178068103888, 
    0.07106929565958939, 
    0.020715690065320817, 
    0.14690403493680426, 
    0.14572604510221987, 
    0.04415605259186607, 
    0.07108437910828776
   ], 
   [
    0.01662362407057992, 
    0.04559901108307494, 
    0.19258919815996253, 
    0, 
    0.1091612058268347, 
    0.1282247933591382, 
    0.07737166613332093, 
    0.20384800778891476, 
    0.02233789822754632, 
    0.05427380743839024, 
    0.14997078791223747
   ], 
   [
    0.17212753378307705, 
    0.16593000046695108, 
    0.026118955534251365, 
    0.008880309491891239, 
    0, 
    0.08917052839435032, 
    0.13548403295141978, 
    0.10968192016997423, 
    0.051157087082642834, 
    0.05149271164996151, 
    0.1899569204754806
   ], 
   [
    0.1475347595224201, 
    0.10571643813007582, 
    0.14780431162300886, 
    0.0913243503285432, 
    0.15009191514048142, 
    0, 
    0.014181619937109613, 
    0.11795435975903877, 
    0.06825251739099757, 
    0.09813728366676049, 
    0.0590024445015643
   ], 
   [
    0.030423280074947545, 
    0.11651163447119725, 
    0.1399065115865392, 
    0.11810888238253138, 
    0.041167166786794655, 
    0.13839730787390836, 
    0, 
    0.11101317014494352, 
    0.080682222372897, 
    0.14943601268076398, 
    0.07435381162547736
   ], 
   [
    0.05492643995315162, 
    0.09631249098596371, 
    0.009397595581400424, 
    0.14842819534088134, 
    0.07770916357879168, 
    0.08421896827517748, 
    0.17700123459712752, 
    0, 
    0.023547714984768063, 
    0.15713415949619972, 
    0.17132403720653852
   ], 
   [
    0.15575282054319117, 
    0.07754442424929789, 
    0.06925571833434295, 
    0.034223742874823285, 
    0.16122247190391156, 
    0.135283755239277, 
    0.09012926429012758, 
    0.07208986537378499, 
    0, 
    0.08846208031082463, 
    0.11603585688041897
   ], 
   [
    0.004990132674370846, 
    0.05561275265259626, 
    0.07067184569007882, 
    0.20653334381168004, 
    0.19142531373858665, 
    0.08253602889551755, 
    0.12038059009621896, 
    0.07763807631584785, 
    0.03914969041597835, 
    0, 
    0.15106222570912456
   ], 
   [
    0.004026179938968026, 
    0.1431557261000046, 
    0.1271696147655377, 
    0.1302084132249397, 
    0.1100796531855335, 
    0.28829296066596694, 
    0.04012764920481772, 
    0.007920643435297092, 
    0.08800906598602565, 
    0.06101009349290893, 
    0
   ]
  ]
 }, 
 "vehicle_capacities": [
  15, 
  15, 
  15, 
  30, 
  30, 
  30, 
  30, 
  30, 
  30, 
  30, 
  30
 ]
}