{
 "vehicle_cost_per_km": [
  5, 
  5, 
  5, 
  5, 
  5
 ], 
 "runs": [
  {
   "avg_task_cost_vs_number_of_task": [
    1564.5, 
    782.25, 
    921.8333333333331, 
    994.25, 
    795.4, 
    1061, 
    1147.0714285714287, 
    1047.0625, 
    931.3888888888889, 
    872.95, 
    793.5909090909091, 
    732.375, 
    733.5769230769231, 
    739.8214285714286, 
    675.6666666666666, 
    753.46875, 
    687.9411764705883, 
    644.1388888888889, 
    610.2368421052631, 
    660.275, 
    628.8333333333334, 
    617.1590909090909, 
    665.4130434782609, 
    634.9375000000001, 
    649.7599999999999, 
    617.4423076923077, 
    540.4444444444445, 
    632.5714285714286, 
    580.3793103448276, 
    620.9166666666666
   ], 
   "number_of_vehicles": 3
  }
 ], 
 "vehicle_starting_positions": [
  "Newcastle", 
  "Cardiff", 
  "Plymouth", 
  "Norwich", 
  "Manchester", 
  "London", 
  "Leeds", 
  "Sheffield", 
  "Birmingham", 
  "Liverpool", 
  "Portsmouth"
 ], 
 "task_distribution": {
  "distance_matrix": [
   [
    0, 
    345, 
    477.8, 
    348, 
    209.9, 
    233, 
    246.5, 
    205.2, 
    115, 
    244.6, 
    307.8
   ], 
   [
    345, 
    0, 
    592.8, 
    463, 
    205.7, 
    348, 
    98.5, 
    139.8, 
    230, 
    171, 
    422.8
   ], 
   [
    477.8, 
    592.8, 
    0, 
    359.8, 
    457.7, 
    244.8, 
    494.3, 
    453, 
    362.8, 
    492.4, 
    170
   ], 
   [
    348, 
    463, 
    359.8, 
    0, 
    327.9, 
    115, 
    364.5, 
    323.2, 
    233, 
    362.6, 
    189.8
   ], 
   [
    209.9, 
    205.7, 
    457.7, 
    327.9, 
    0, 
    212.9, 
    107.2, 
    148.5, 
    94.9, 
    34.7, 
    287.7
   ], 
   [
    233, 
    348, 
    244.8, 
    115, 
    212.9, 
    0, 
    249.5, 
    208.2, 
    118, 
    247.6, 
    74.8
   ], 
   [
    246.5, 
    98.5, 
    494.3, 
    364.5, 
    107.2, 
    249.5, 
    0, 
    41.3, 
    131.5, 
    72.5, 
    324.3
   ], 
   [
    205.2, 
    139.8, 
    453, 
    323.2, 
    148.5, 
    208.2, 
    41.3, 
    0, 
    90.2, 
    113.8, 
    283
   ], 
   [
    115, 
    230, 
    362.8, 
    233, 
    94.9, 
    118, 
    131.5, 
    90.2, 
    0, 
    129.6, 
    192.8
   ], 
   [
    244.6, 
    171, 
    492.4, 
    362.6, 
    34.7, 
    247.6, 
    72.5, 
    113.8, 
    129.6, 
    0, 
    322.4
   ], 
   [
    307.8, 
    422.8, 
    170, 
    189.8, 
    287.7, 
    74.8, 
    324.3, 
    283, 
    192.8, 
    322.4, 
    0
   ]
  ], 
  "weight_matrix": [
   [
    0, 
    3, 
    3, 
    3, 
    3, 
    3, 
    3, 
    3, 
    3, 
    3, 
    3
   ], 
   [
    3, 
    0, 
    3, 
    3, 
    3, 
    3, 
    3, 
    3, 
    3, 
    3, 
    3
   ], 
   [
    3, 
    3, 
    0, 
    3, 
    3, 
    3, 
    3, 
    3, 
    3, 
    3, 
    3
   ], 
   [
    3, 
    3, 
    3, 
    0, 
    3, 
    3, 
    3, 
    3, 
    3, 
    3, 
    3
   ], 
   [
    3, 
    3, 
    3, 
    3, 
    0, 
    3, 
    3, 
    3, 
    3, 
    3, 
    3
   ], 
   [
    3, 
    3, 
    3, 
    3, 
    3, 
    0, 
    3, 
    3, 
    3, 
    3, 
    3
   ], 
   [
    3, 
    3, 
    3, 
    3, 
    3, 
    3, 
    0, 
    3, 
    3, 
    3, 
    3
   ], 
   [
    3, 
    3, 
    3, 
    3, 
    3, 
    3, 
    3, 
    0, 
    3, 
    3, 
    3
   ], 
   [
    3, 
    3, 
    3, 
    3, 
    3, 
    3, 
    3, 
    3, 
    0, 
    3, 
    3
   ], 
   [
    3, 
    3, 
    3, 
    3, 
    3, 
    3, 
    3, 
    3, 
    3, 
    0, 
    3
   ], 
   [
    3, 
    3, 
    3, 
    3, 
    3, 
    3, 
    3, 
    3, 
    3, 
    3, 
    0
   ]
  ], 
  "city_names": [
   "Cardiff", 
   "Newcastle", 
   "Plymouth", 
   "Norwich", 
   "Manchester", 
   "London", 
   "Leeds", 
   "Sheffield", 
   "Birmingham", 
   "Liverpool", 
   "Portsmouth"
  ], 
  "reward_matrix": [
   [
    0, 
    44455, 
    20684, 
    43918, 
    68638, 
    64503, 
    62087, 
    69479, 
    85625, 
    62427, 
    51114
   ], 
   [
    44455, 
    0, 
    100, 
    23333, 
    69390, 
    43918, 
    88578, 
    81186, 
    65040, 
    75601, 
    30529
   ], 
   [
    20684, 
    100, 
    0, 
    41806, 
    24282, 
    62391, 
    17731, 
    25123, 
    41269, 
    18071, 
    75780
   ], 
   [
    43918, 
    23333, 
    41806, 
    0, 
    47516, 
    85625, 
    40965, 
    48357, 
    64503, 
    41305, 
    72236
   ], 
   [
    68638, 
    69390, 
    24282, 
    47516, 
    0, 
    68101, 
    87021, 
    79628, 
    89223, 
    99999, 
    54712
   ], 
   [
    64503, 
    43918, 
    62391, 
    85625, 
    68101, 
    0, 
    61550, 
    68942, 
    85088, 
    61890, 
    92821
   ], 
   [
    62087, 
    88578, 
    17731, 
    40965, 
    87021, 
    61550, 
    0, 
    98817, 
    82671, 
    93232, 
    48161
   ], 
   [
    69479, 
    81186, 
    25123, 
    48357, 
    79628, 
    68942, 
    98817, 
    0, 
    90064, 
    85840, 
    55553
   ], 
   [
    85625, 
    65040, 
    41269, 
    64503, 
    89223, 
    85088, 
    82671, 
    90064, 
    0, 
    83012, 
    71699
   ], 
   [
    62427, 
    75601, 
    18071, 
    41305, 
    99999, 
    61890, 
    93232, 
    85840, 
    83012, 
    0, 
    48501
   ], 
   [
    51114, 
    30529, 
    75780, 
    72236, 
    54712, 
    92821, 
    48161, 
    55553, 
    71699, 
    48501, 
    0
   ]
  ], 
  "probability_matrix": [
   [
    0, 
    0.15132955854562122, 
    0.14793350604245256, 
    0.02349520406471666, 
    0.08974846827262678, 
    0.15750659817381302, 
    0.007626196834016423, 
    0.11073016691939017, 
    0.04473375990822424, 
    0.17643898772684669, 
    0.09045755351229201
   ], 
   [
    0.13035932864161195, 
    0, 
    0.10650192291667364, 
    0.14356805192404448, 
    0.13506188780157125, 
    0.032652084082471375, 
    0.11754570689725884, 
    0.05495905446021504, 
    0.13610520504482546, 
    0.13861814677956075, 
    0.004628611451767453
   ], 
   [
    0.00940491908917173, 
    0.17077234171526012, 
    0, 
    0.1126081267463707, 
    0.16878232298978418, 
    0.1621663865888241, 
    0.0712702766882443, 
    0.04177931116226431, 
    0.09003815132590519, 
    0.08092593915582888, 
    0.09225222453834643
   ], 
   [
    0.0024739308792751575, 
    0.1054247161081661, 
    0.07915453619456474, 
    0, 
    0.10520777420019398, 
    0.13850585457200817, 
    0.06412794525727478, 
    0.1609018333371598, 
    0.04450529243415829, 
    0.13486541812456668, 
    0.16483269889263227
   ], 
   [
    0.13401312506053467, 
    0.019560523298146143, 
    0.0548901606629189, 
    0.15566147740023645, 
    0, 
    0.17404080596260144, 
    0.10419480321189588, 
    0.09814380988523937, 
    0.12642096597954766, 
    0.10138447001278471, 
    0.03168985852609466
   ], 
   [
    0.019053100408886345, 
    0.033644772426425586, 
    0.13144384278383858, 
    0.1040251423347594, 
    0.03764590828050335, 
    0, 
    0.1518308409015387, 
    0.12412821173820955, 
    0.228154967884506, 
    0.09829423034883737, 
    0.07177898289249497
   ], 
   [
    0.07814771515245493, 
    0.06258612181210857, 
    0.13886425965526283, 
    0.11587322956561107, 
    0.013505436372995859, 
    0.07130361315988976, 
    0, 
    0.06345888080396915, 
    0.10891947340921992, 
    0.17442083280594153, 
    0.1729204372625464
   ], 
   [
    0.04688944051344645, 
    0.1766209297072477, 
    0.0020009207521412844, 
    0.04902137665528122, 
    0.050701815105856085, 
    0.014266283482368731, 
    0.029019031175821015, 
    0, 
    0.21532493560401345, 
    0.24654099028253407, 
    0.16961427672129
   ], 
   [
    0.14054540877133798, 
    0.0738967609584221, 
    0.1172328123298742, 
    0.07617881921197497, 
    0.1646500536429973, 
    0.1880682752506013, 
    0.15585732694209972, 
    0.017754911585102236, 
    0, 
    0.0033468452589434355, 
    0.06246878604864678
   ], 
   [
    0.14949646689029594, 
    0.09976962464435796, 
    0.16288349317923523, 
    0.06954321512611915, 
    0.13518420305395043, 
    0.01663230603821702, 
    0.16866215901408801, 
    0.12929900214927992, 
    0.05330777246006005, 
    0, 
    0.015221757444396494
   ], 
   [
    0.02840213357909919, 
    0.05178491691417112, 
    0.12223058067763055, 
    0.2331424174311947, 
    0.1451917127775149, 
    0.04410559764659377, 
    0.1652517029188321, 
    0.006796344126045161, 
    0.0560805054882081, 
    0.1470140884407104, 
    0
   ]
  ]
 }, 
 "vehicle_capacities": [
  10, 
  10, 
  10, 
  30, 
  30, 
  30, 
  30, 
  30, 
  30, 
  30, 
  30
 ]
}