{
 "vehicle_cost_per_km": [
  5, 
  5, 
  5, 
  5, 
  5
 ], 
 "runs": [
  {
   "avg_task_cost_vs_number_of_task": [
    3379.5, 
    2834, 
    1889.3333333333333, 
    1857.75, 
    1704.4, 
    1430.1666666666667, 
    1225.857142857143, 
    1116.75, 
    999.3333333333334, 
    943, 
    917.7272727272727, 
    848.1666666666666, 
    923.3846153846152, 
    898.5, 
    833.3333333333334, 
    834.0625, 
    835.1176470588235, 
    794.8333333333334, 
    763.7105263157895, 
    747.8, 
    764.8095238095237, 
    702.9545454545455, 
    721.2608695652174, 
    679.5416666666667, 
    652.1200000000001, 
    688.2884615384615, 
    669.6666666666666, 
    656.5535714285714, 
    627.4827586206897, 
    625.0166666666667
   ], 
   "number_of_vehicles": 3
  }
 ], 
 "vehicle_starting_positions": [
  "Newcastle", 
  "Cardiff", 
  "Plymouth", 
  "Norwich", 
  "Manchester", 
  "London", 
  "Leeds", 
  "Sheffield", 
  "Birmingham", 
  "Liverpool", 
  "Portsmouth"
 ], 
 "task_distribution": {
  "distance_matrix": [
   [
    0, 
    345, 
    477.8, 
    348, 
    209.9, 
    233, 
    246.5, 
    205.2, 
    115, 
    244.6, 
    307.8
   ], 
   [
    345, 
    0, 
    592.8, 
    463, 
    205.7, 
    348, 
    98.5, 
    139.8, 
    230, 
    171, 
    422.8
   ], 
   [
    477.8, 
    592.8, 
    0, 
    359.8, 
    457.7, 
    244.8, 
    494.3, 
    453, 
    362.8, 
    492.4, 
    170
   ], 
   [
    348, 
    463, 
    359.8, 
    0, 
    327.9, 
    115, 
    364.5, 
    323.2, 
    233, 
    362.6, 
    189.8
   ], 
   [
    209.9, 
    205.7, 
    457.7, 
    327.9, 
    0, 
    212.9, 
    107.2, 
    148.5, 
    94.9, 
    34.7, 
    287.7
   ], 
   [
    233, 
    348, 
    244.8, 
    115, 
    212.9, 
    0, 
    249.5, 
    208.2, 
    118, 
    247.6, 
    74.8
   ], 
   [
    246.5, 
    98.5, 
    494.3, 
    364.5, 
    107.2, 
    249.5, 
    0, 
    41.3, 
    131.5, 
    72.5, 
    324.3
   ], 
   [
    205.2, 
    139.8, 
    453, 
    323.2, 
    148.5, 
    208.2, 
    41.3, 
    0, 
    90.2, 
    113.8, 
    283
   ], 
   [
    115, 
    230, 
    362.8, 
    233, 
    94.9, 
    118, 
    131.5, 
    90.2, 
    0, 
    129.6, 
    192.8
   ], 
   [
    244.6, 
    171, 
    492.4, 
    362.6, 
    34.7, 
    247.6, 
    72.5, 
    113.8, 
    129.6, 
    0, 
    322.4
   ], 
   [
    307.8, 
    422.8, 
    170, 
    189.8, 
    287.7, 
    74.8, 
    324.3, 
    283, 
    192.8, 
    322.4, 
    0
   ]
  ], 
  "weight_matrix": [
   [
    0, 
    3, 
    3, 
    3, 
    3, 
    3, 
    3, 
    3, 
    3, 
    3, 
    3
   ], 
   [
    3, 
    0, 
    3, 
    3, 
    3, 
    3, 
    3, 
    3, 
    3, 
    3, 
    3
   ], 
   [
    3, 
    3, 
    0, 
    3, 
    3, 
    3, 
    3, 
    3, 
    3, 
    3, 
    3
   ], 
   [
    3, 
    3, 
    3, 
    0, 
    3, 
    3, 
    3, 
    3, 
    3, 
    3, 
    3
   ], 
   [
    3, 
    3, 
    3, 
    3, 
    0, 
    3, 
    3, 
    3, 
    3, 
    3, 
    3
   ], 
   [
    3, 
    3, 
    3, 
    3, 
    3, 
    0, 
    3, 
    3, 
    3, 
    3, 
    3
   ], 
   [
    3, 
    3, 
    3, 
    3, 
    3, 
    3, 
    0, 
    3, 
    3, 
    3, 
    3
   ], 
   [
    3, 
    3, 
    3, 
    3, 
    3, 
    3, 
    3, 
    0, 
    3, 
    3, 
    3
   ], 
   [
    3, 
    3, 
    3, 
    3, 
    3, 
    3, 
    3, 
    3, 
    0, 
    3, 
    3
   ], 
   [
    3, 
    3, 
    3, 
    3, 
    3, 
    3, 
    3, 
    3, 
    3, 
    0, 
    3
   ], 
   [
    3, 
    3, 
    3, 
    3, 
    3, 
    3, 
    3, 
    3, 
    3, 
    3, 
    0
   ]
  ], 
  "city_names": [
   "Cardiff", 
   "Newcastle", 
   "Plymouth", 
   "Norwich", 
   "Manchester", 
   "London", 
   "Leeds", 
   "Sheffield", 
   "Birmingham", 
   "Liverpool", 
   "Portsmouth"
  ], 
  "reward_matrix": [
   [
    0, 
    44455, 
    20684, 
    43918, 
    68638, 
    64503, 
    62087, 
    69479, 
    85625, 
    62427, 
    51114
   ], 
   [
    44455, 
    0, 
    100, 
    23333, 
    69390, 
    43918, 
    88578, 
    81186, 
    65040, 
    75601, 
    30529
   ], 
   [
    20684, 
    100, 
    0, 
    41806, 
    24282, 
    62391, 
    17731, 
    25123, 
    41269, 
    18071, 
    75780
   ], 
   [
    43918, 
    23333, 
    41806, 
    0, 
    47516, 
    85625, 
    40965, 
    48357, 
    64503, 
    41305, 
    72236
   ], 
   [
    68638, 
    69390, 
    24282, 
    47516, 
    0, 
    68101, 
    87021, 
    79628, 
    89223, 
    99999, 
    54712
   ], 
   [
    64503, 
    43918, 
    62391, 
    85625, 
    68101, 
    0, 
    61550, 
    68942, 
    85088, 
    61890, 
    92821
   ], 
   [
    62087, 
    88578, 
    17731, 
    40965, 
    87021, 
    61550, 
    0, 
    98817, 
    82671, 
    93232, 
    48161
   ], 
   [
    69479, 
    81186, 
    25123, 
    48357, 
    79628, 
    68942, 
    98817, 
    0, 
    90064, 
    85840, 
    55553
   ], 
   [
    85625, 
    65040, 
    41269, 
    64503, 
    89223, 
    85088, 
    82671, 
    90064, 
    0, 
    83012, 
    71699
   ], 
   [
    62427, 
    75601, 
    18071, 
    41305, 
    99999, 
    61890, 
    93232, 
    85840, 
    83012, 
    0, 
    48501
   ], 
   [
    51114, 
    30529, 
    75780, 
    72236, 
    54712, 
    92821, 
    48161, 
    55553, 
    71699, 
    48501, 
    0
   ]
  ], 
  "probability_matrix": [
   [
    0, 
    0.06854046369522082, 
    0.08254222594594555, 
    0.19749856869993462, 
    0.09621328706292784, 
    0.018933038700315298, 
    0.018895225537828783, 
    0.23435376069830466, 
    0.01301955638785012, 
    0.24033026671463747, 
    0.0296736065570348
   ], 
   [
    0.03818009481108927, 
    0, 
    0.02830563926991561, 
    0.1576251602987548, 
    0.11037480609885558, 
    0.15883636219673486, 
    0.14204173720295551, 
    0.15385224700213404, 
    0.05555912164700042, 
    0.0848471397152108, 
    0.07037769175734908
   ], 
   [
    0.11077454343304637, 
    0.15517127153130605, 
    0, 
    0.13364895409346805, 
    0.005613309748856695, 
    0.0031487953434590973, 
    0.00013583823162251375, 
    0.060617888580376, 
    0.19733504296634913, 
    0.15241616463069224, 
    0.1811381914408238
   ], 
   [
    0.11958245144389934, 
    0.1208711233938454, 
    0.107922726479225, 
    0, 
    0.1532938522596669, 
    0.12673271225599705, 
    0.011823921098235043, 
    0.028212532839156337, 
    0.10098197460552942, 
    0.14740075383332, 
    0.08317795179112554
   ], 
   [
    0.04532751433586763, 
    0.18422735045817093, 
    0.06891862384511087, 
    0.02515785355673873, 
    0, 
    0.18851881377739055, 
    0.17162053550199982, 
    0.06296378580188884, 
    0.04040438780451113, 
    0.12107372447702637, 
    0.09178741044129518
   ], 
   [
    0.020045546144345536, 
    0.004745908162512874, 
    0.15327467821822877, 
    0.10307541241927501, 
    0.12789583382444755, 
    0, 
    0.22052916311579895, 
    0.08905544148582467, 
    0.005625838604619833, 
    0.2253911347695202, 
    0.05036104325542673
   ], 
   [
    0.05401737102433343, 
    0.13695486479258914, 
    0.16552740726139642, 
    0.014250344924423387, 
    0.165837947816199, 
    0.035268892056809456, 
    0, 
    0.19636301559799368, 
    0.0587059098959522, 
    0.14309514214823196, 
    0.029979104482071316
   ], 
   [
    0.08145341901516986, 
    0.12898878617357704, 
    0.12394706557078684, 
    0.16776146785249355, 
    0.10127910813516666, 
    0.14560486448815763, 
    0.07538975410967766, 
    0, 
    0.04667322510075551, 
    0.0653543544560475, 
    0.06354795509816778
   ], 
   [
    0.18601432614378566, 
    0.006888112132256065, 
    0.04103301304050478, 
    0.11382159389836997, 
    0.05940148008125332, 
    0.16415755379862584, 
    0.23301368687532853, 
    0.06533636260340077, 
    0, 
    0.04155312570228691, 
    0.08878074572418813
   ], 
   [
    0.07180410480739761, 
    0.04930163861273284, 
    0.18838946727840422, 
    0.10731711249759894, 
    0.024720672610137655, 
    0.026812119989795765, 
    0.1808578883258512, 
    0.07454449580071397, 
    0.09646445505965599, 
    0, 
    0.17978804501771178
   ], 
   [
    0.14653988195276776, 
    0.01593798076549351, 
    0.11214821390493308, 
    0.048185588275116244, 
    0.08493503933597951, 
    0.201746220734259, 
    0.19737168753903947, 
    0.07858348095718981, 
    0.09327153084486388, 
    0.021280375690357765, 
    0
   ]
  ]
 }, 
 "vehicle_capacities": [
  10, 
  10, 
  10, 
  30, 
  30, 
  30, 
  30, 
  30, 
  30, 
  30, 
  30
 ]
}