{
 "vehicle_cost_per_km": [
  5, 
  5, 
  5, 
  5, 
  5
 ], 
 "runs": [
  {
   "avg_task_cost_vs_number_of_task": [
    2229.5, 
    1689.75, 
    1318.1666666666667, 
    1085.125, 
    917.7, 
    805.5, 
    814.2142857142857, 
    858.0625, 
    762.7222222222222, 
    735.7, 
    782.2272727272727, 
    699.8333333333334, 
    719.4230769230769, 
    668.0357142857143, 
    651.0333333333333, 
    643.84375, 
    605.6176470588235, 
    709.6111111111111, 
    672.263157894737, 
    638.65, 
    653.2142857142857, 
    623.5227272727273, 
    596.4130434782609, 
    592.375, 
    647.6199999999999, 
    615.4423076923077, 
    606.425925925926, 
    594.1428571428571, 
    587.8965517241379, 
    570.95
   ], 
   "number_of_vehicles": 3
  }
 ], 
 "vehicle_starting_positions": [
  "Newcastle", 
  "Cardiff", 
  "Plymouth", 
  "Norwich", 
  "Manchester", 
  "London", 
  "Leeds", 
  "Sheffield", 
  "Birmingham", 
  "Liverpool", 
  "Portsmouth"
 ], 
 "task_distribution": {
  "distance_matrix": [
   [
    0, 
    345, 
    477.8, 
    348, 
    209.9, 
    233, 
    246.5, 
    205.2, 
    115, 
    244.6, 
    307.8
   ], 
   [
    345, 
    0, 
    592.8, 
    463, 
    205.7, 
    348, 
    98.5, 
    139.8, 
    230, 
    171, 
    422.8
   ], 
   [
    477.8, 
    592.8, 
    0, 
    359.8, 
    457.7, 
    244.8, 
    494.3, 
    453, 
    362.8, 
    492.4, 
    170
   ], 
   [
    348, 
    463, 
    359.8, 
    0, 
    327.9, 
    115, 
    364.5, 
    323.2, 
    233, 
    362.6, 
    189.8
   ], 
   [
    209.9, 
    205.7, 
    457.7, 
    327.9, 
    0, 
    212.9, 
    107.2, 
    148.5, 
    94.9, 
    34.7, 
    287.7
   ], 
   [
    233, 
    348, 
    244.8, 
    115, 
    212.9, 
    0, 
    249.5, 
    208.2, 
    118, 
    247.6, 
    74.8
   ], 
   [
    246.5, 
    98.5, 
    494.3, 
    364.5, 
    107.2, 
    249.5, 
    0, 
    41.3, 
    131.5, 
    72.5, 
    324.3
   ], 
   [
    205.2, 
    139.8, 
    453, 
    323.2, 
    148.5, 
    208.2, 
    41.3, 
    0, 
    90.2, 
    113.8, 
    283
   ], 
   [
    115, 
    230, 
    362.8, 
    233, 
    94.9, 
    118, 
    131.5, 
    90.2, 
    0, 
    129.6, 
    192.8
   ], 
   [
    244.6, 
    171, 
    492.4, 
    362.6, 
    34.7, 
    247.6, 
    72.5, 
    113.8, 
    129.6, 
    0, 
    322.4
   ], 
   [
    307.8, 
    422.8, 
    170, 
    189.8, 
    287.7, 
    74.8, 
    324.3, 
    283, 
    192.8, 
    322.4, 
    0
   ]
  ], 
  "weight_matrix": [
   [
    0, 
    3, 
    3, 
    3, 
    3, 
    3, 
    3, 
    3, 
    3, 
    3, 
    3
   ], 
   [
    3, 
    0, 
    3, 
    3, 
    3, 
    3, 
    3, 
    3, 
    3, 
    3, 
    3
   ], 
   [
    3, 
    3, 
    0, 
    3, 
    3, 
    3, 
    3, 
    3, 
    3, 
    3, 
    3
   ], 
   [
    3, 
    3, 
    3, 
    0, 
    3, 
    3, 
    3, 
    3, 
    3, 
    3, 
    3
   ], 
   [
    3, 
    3, 
    3, 
    3, 
    0, 
    3, 
    3, 
    3, 
    3, 
    3, 
    3
   ], 
   [
    3, 
    3, 
    3, 
    3, 
    3, 
    0, 
    3, 
    3, 
    3, 
    3, 
    3
   ], 
   [
    3, 
    3, 
    3, 
    3, 
    3, 
    3, 
    0, 
    3, 
    3, 
    3, 
    3
   ], 
   [
    3, 
    3, 
    3, 
    3, 
    3, 
    3, 
    3, 
    0, 
    3, 
    3, 
    3
   ], 
   [
    3, 
    3, 
    3, 
    3, 
    3, 
    3, 
    3, 
    3, 
    0, 
    3, 
    3
   ], 
   [
    3, 
    3, 
    3, 
    3, 
    3, 
    3, 
    3, 
    3, 
    3, 
    0, 
    3
   ], 
   [
    3, 
    3, 
    3, 
    3, 
    3, 
    3, 
    3, 
    3, 
    3, 
    3, 
    0
   ]
  ], 
  "city_names": [
   "Cardiff", 
   "Newcastle", 
   "Plymouth", 
   "Norwich", 
   "Manchester", 
   "London", 
   "Leeds", 
   "Sheffield", 
   "Birmingham", 
   "Liverpool", 
   "Portsmouth"
  ], 
  "reward_matrix": [
   [
    0, 
    44455, 
    20684, 
    43918, 
    68638, 
    64503, 
    62087, 
    69479, 
    85625, 
    62427, 
    51114
   ], 
   [
    44455, 
    0, 
    100, 
    23333, 
    69390, 
    43918, 
    88578, 
    81186, 
    65040, 
    75601, 
    30529
   ], 
   [
    20684, 
    100, 
    0, 
    41806, 
    24282, 
    62391, 
    17731, 
    25123, 
    41269, 
    18071, 
    75780
   ], 
   [
    43918, 
    23333, 
    41806, 
    0, 
    47516, 
    85625, 
    40965, 
    48357, 
    64503, 
    41305, 
    72236
   ], 
   [
    68638, 
    69390, 
    24282, 
    47516, 
    0, 
    68101, 
    87021, 
    79628, 
    89223, 
    99999, 
    54712
   ], 
   [
    64503, 
    43918, 
    62391, 
    85625, 
    68101, 
    0, 
    61550, 
    68942, 
    85088, 
    61890, 
    92821
   ], 
   [
    62087, 
    88578, 
    17731, 
    40965, 
    87021, 
    61550, 
    0, 
    98817, 
    82671, 
    93232, 
    48161
   ], 
   [
    69479, 
    81186, 
    25123, 
    48357, 
    79628, 
    68942, 
    98817, 
    0, 
    90064, 
    85840, 
    55553
   ], 
   [
    85625, 
    65040, 
    41269, 
    64503, 
    89223, 
    85088, 
    82671, 
    90064, 
    0, 
    83012, 
    71699
   ], 
   [
    62427, 
    75601, 
    18071, 
    41305, 
    99999, 
    61890, 
    93232, 
    85840, 
    83012, 
    0, 
    48501
   ], 
   [
    51114, 
    30529, 
    75780, 
    72236, 
    54712, 
    92821, 
    48161, 
    55553, 
    71699, 
    48501, 
    0
   ]
  ], 
  "probability_matrix": [
   [
    0, 
    0.0670516002245668, 
    0.13077893024130333, 
    0.07158845670006968, 
    0.075517495762647, 
    0.13273488486962062, 
    0.07210880391988714, 
    0.10085986475731758, 
    0.1303542772945374, 
    0.08568567534676985, 
    0.13332001088328058
   ], 
   [
    0.01775526832788463, 
    0, 
    0.10562083018808165, 
    0.06797155789395075, 
    0.11667729575992122, 
    0.08748262515349825, 
    0.15000622781033596, 
    0.14506042577949338, 
    0.030761185267763932, 
    0.11164845516486584, 
    0.16701612865420437
   ], 
   [
    0.12174841756519032, 
    0.041057384959690794, 
    0, 
    0.08842409266482083, 
    0.11289730180251115, 
    0.11454109408619381, 
    0.12023728585584437, 
    0.11566505309851914, 
    0.10946021209013948, 
    0.1162774621334722, 
    0.059691695743617865
   ], 
   [
    0.08719984813762466, 
    0.14519632784491637, 
    0.09236611203494428, 
    0, 
    0.027046367840197014, 
    0.10071960811680268, 
    0.13064494723760936, 
    0.13501899050551397, 
    0.10763935883916853, 
    0.03750389745934675, 
    0.13666454198387637
   ], 
   [
    0.15144318640384147, 
    0.17484279310123688, 
    0.11285081108942721, 
    0.06715342498965733, 
    0, 
    0.023834245651010305, 
    0.19831020536380853, 
    0.07887740337504227, 
    0.01837096862874089, 
    0.0057237073801423, 
    0.1685932540170927
   ], 
   [
    0.14444314441360948, 
    0.15951080035968332, 
    0.11815805220273977, 
    0.07332856673896987, 
    0.06905107940167518, 
    0, 
    0.01625202278002397, 
    0.07269400502980203, 
    0.0703254972504122, 
    0.1605125683552336, 
    0.11572426346785064
   ], 
   [
    0.1340819820119175, 
    0.029584988731858674, 
    0.13057376877090707, 
    0.0974464234643865, 
    0.11767461626264872, 
    0.11298105041733873, 
    0, 
    0.06405999877150936, 
    0.0845912543469099, 
    0.1088503095258319, 
    0.12015560769669172
   ], 
   [
    0.050645241862766664, 
    0.027956429152013327, 
    0.01761218805831711, 
    0.15548236753497202, 
    0.1430918559568662, 
    0.15561583479513943, 
    0.14554197945987676, 
    0, 
    0.12383731192727171, 
    0.015736836412933695, 
    0.164479954839843
   ], 
   [
    0.16601375886562664, 
    0.1092845378548077, 
    0.07854082755078602, 
    0.14125994582846518, 
    0.08554531853321627, 
    0.11386017800903643, 
    0.05622748738443802, 
    0.04685530606610628, 
    0, 
    0.135874324575641, 
    0.06653831533187657
   ], 
   [
    0.1621862781289717, 
    0.04807180699150076, 
    0.11132252776394651, 
    0.1279893495920979, 
    0.12516037942992067, 
    0.02365991615035593, 
    0.11441983604504709, 
    0.024110152871847854, 
    0.12432527712210163, 
    0, 
    0.1387544759042098
   ], 
   [
    0.13212869473141556, 
    0.007389753252737883, 
    0.06632965756315737, 
    0.18313154826560354, 
    0.07600275389931721, 
    0.12058571561939654, 
    0.07618717231350558, 
    0.0850975935378873, 
    0.1693042552188465, 
    0.08384285559813265, 
    0
   ]
  ]
 }, 
 "vehicle_capacities": [
  10, 
  10, 
  10, 
  30, 
  30, 
  30, 
  30, 
  30, 
  30, 
  30, 
  30
 ]
}