{
 "distance_matrix": [
  [
   0, 
   345, 
   477.8, 
   348, 
   209.9, 
   233, 
   246.5, 
   205.2, 
   115, 
   244.6, 
   307.8
  ], 
  [
   345, 
   0, 
   592.8, 
   463, 
   205.7, 
   348, 
   98.5, 
   139.8, 
   230, 
   171, 
   422.8
  ], 
  [
   477.8, 
   592.8, 
   0, 
   359.8, 
   457.7, 
   244.8, 
   494.3, 
   453, 
   362.8, 
   492.4, 
   170
  ], 
  [
   348, 
   463, 
   359.8, 
   0, 
   327.9, 
   115, 
   364.5, 
   323.2, 
   233, 
   362.6, 
   189.8
  ], 
  [
   209.9, 
   205.7, 
   457.7, 
   327.9, 
   0, 
   212.9, 
   107.2, 
   148.5, 
   94.9, 
   34.7, 
   287.7
  ], 
  [
   233, 
   348, 
   244.8, 
   115, 
   212.9, 
   0, 
   249.5, 
   208.2, 
   118, 
   247.6, 
   74.8
  ], 
  [
   246.5, 
   98.5, 
   494.3, 
   364.5, 
   107.2, 
   249.5, 
   0, 
   41.3, 
   131.5, 
   72.5, 
   324.3
  ], 
  [
   205.2, 
   139.8, 
   453, 
   323.2, 
   148.5, 
   208.2, 
   41.3, 
   0, 
   90.2, 
   113.8, 
   283
  ], 
  [
   115, 
   230, 
   362.8, 
   233, 
   94.9, 
   118, 
   131.5, 
   90.2, 
   0, 
   129.6, 
   192.8
  ], 
  [
   244.6, 
   171, 
   492.4, 
   362.6, 
   34.7, 
   247.6, 
   72.5, 
   113.8, 
   129.6, 
   0, 
   322.4
  ], 
  [
   307.8, 
   422.8, 
   170, 
   189.8, 
   287.7, 
   74.8, 
   324.3, 
   283, 
   192.8, 
   322.4, 
   0
  ]
 ], 
 "runs": [
  {
   "avg_task_cost_vs_number_of_task": [
    2771.5, 
    1385.75, 
    1611.3333333333333, 
    1514.2499999999998, 
    1519.1999999999998, 
    1265.9999999999998, 
    1326, 
    1068.1249999999998, 
    1032.388888888889, 
    929.15, 
    922.4090909090909, 
    845.5416666666666, 
    746.9230769230768, 
    809.0357142857143, 
    679.1666666666666, 
    648.15625, 
    694.3823529411765, 
    617.1944444444445, 
    652.2631578947369, 
    644.6500000000001, 
    635.047619047619, 
    499.3636363636364, 
    616.913043478261, 
    572.3541666666665, 
    550.38, 
    517.9423076923076, 
    520.5555555555555, 
    569.7142857142857, 
    484.6551724137931, 
    484.36666666666673
   ], 
   "number_of_vehicles": 2
  }, 
  {
   "avg_task_cost_vs_number_of_task": [
    2397.5, 
    1198.75, 
    1611.3333333333333, 
    1514.2499999999998, 
    1519.1999999999998, 
    1265.9999999999998, 
    1326, 
    1068.1249999999998, 
    1032.388888888889, 
    929.15, 
    922.4090909090909, 
    845.5416666666666, 
    780.5, 
    724.75, 
    679.1666666666666, 
    653.125, 
    668.6764705882352, 
    707.7777777777777, 
    536.1842105263158, 
    574.2249999999999, 
    592, 
    626.0227272727271, 
    512.3260869565219, 
    560.8541666666666, 
    505.82, 
    534.6346153846154, 
    443.4444444444445, 
    522.1249999999999, 
    500.6379310344829, 
    504.4666666666668
   ], 
   "number_of_vehicles": 3
  }, 
  {
   "avg_task_cost_vs_number_of_task": [
    1822.5, 
    911.25, 
    1544.3333333333333, 
    1463.9999999999998, 
    1478.9999999999998, 
    1265.9999999999998, 
    1191.9999999999998, 
    1042.9999999999998, 
    1032.388888888889, 
    932.15, 
    925.1363636363636, 
    845.5416666666666, 
    775.6923076923077, 
    727.6785714285714, 
    679.1666666666666, 
    676.40625, 
    630.4411764705883, 
    648.5277777777778, 
    617.421052631579, 
    568.375, 
    518.0714285714286, 
    521.8863636363636, 
    517.5434782608694, 
    476.5208333333333, 
    466.94, 
    540.5, 
    509.6481481481482, 
    474.5714285714286, 
    499.7068965517241, 
    500.58333333333326
   ], 
   "number_of_vehicles": 4
  }, 
  {
   "avg_task_cost_vs_number_of_task": [
    1822.5, 
    911.25, 
    1544.3333333333333, 
    1463.9999999999998, 
    1478.9999999999998, 
    1232.4999999999998, 
    1326, 
    1042.9999999999998, 
    1032.388888888889, 
    924.6, 
    922.4090909090909, 
    845.5416666666666, 
    780.5, 
    724.75, 
    659.7333333333333, 
    639.4375, 
    668.6764705882354, 
    592.3333333333333, 
    622.7105263157893, 
    571.2500000000001, 
    544.8809523809524, 
    559.2954545454545, 
    442.9347826086956, 
    476.20833333333326, 
    472.04, 
    534.5576923076923, 
    538.6851851851852, 
    520.3035714285714, 
    521.4655172413794, 
    463.3
   ], 
   "number_of_vehicles": 5
  }
 ], 
 "vehicle_starting_positions": [
  "Manchester", 
  "Portsmouth", 
  "London", 
  "Norwich", 
  "Birmingham", 
  "Newcastle", 
  "Plymouth", 
  "Liverpool", 
  "Cardiff", 
  "Sheffield", 
  "Leeds"
 ], 
 "task_distribution": {
  "weight_matrix": [
   [
    0, 
    3, 
    3, 
    3, 
    3, 
    3, 
    3, 
    3, 
    3, 
    3, 
    3
   ], 
   [
    3, 
    0, 
    3, 
    3, 
    3, 
    3, 
    3, 
    3, 
    3, 
    3, 
    3
   ], 
   [
    3, 
    3, 
    0, 
    3, 
    3, 
    3, 
    3, 
    3, 
    3, 
    3, 
    3
   ], 
   [
    3, 
    3, 
    3, 
    0, 
    3, 
    3, 
    3, 
    3, 
    3, 
    3, 
    3
   ], 
   [
    3, 
    3, 
    3, 
    3, 
    0, 
    3, 
    3, 
    3, 
    3, 
    3, 
    3
   ], 
   [
    3, 
    3, 
    3, 
    3, 
    3, 
    0, 
    3, 
    3, 
    3, 
    3, 
    3
   ], 
   [
    3, 
    3, 
    3, 
    3, 
    3, 
    3, 
    0, 
    3, 
    3, 
    3, 
    3
   ], 
   [
    3, 
    3, 
    3, 
    3, 
    3, 
    3, 
    3, 
    0, 
    3, 
    3, 
    3
   ], 
   [
    3, 
    3, 
    3, 
    3, 
    3, 
    3, 
    3, 
    3, 
    0, 
    3, 
    3
   ], 
   [
    3, 
    3, 
    3, 
    3, 
    3, 
    3, 
    3, 
    3, 
    3, 
    0, 
    3
   ], 
   [
    3, 
    3, 
    3, 
    3, 
    3, 
    3, 
    3, 
    3, 
    3, 
    3, 
    0
   ]
  ], 
  "city_names": [
   "Cardiff", 
   "Newcastle", 
   "Plymouth", 
   "Norwich", 
   "Manchester", 
   "London", 
   "Leeds", 
   "Sheffield", 
   "Birmingham", 
   "Liverpool", 
   "Portsmouth"
  ], 
  "reward_matrix": [
   [
    0, 
    44455, 
    20684, 
    43918, 
    68638, 
    64503, 
    62087, 
    69479, 
    85625, 
    62427, 
    51114
   ], 
   [
    44455, 
    0, 
    100, 
    23333, 
    69390, 
    43918, 
    88578, 
    81186, 
    65040, 
    75601, 
    30529
   ], 
   [
    20684, 
    100, 
    0, 
    41806, 
    24282, 
    62391, 
    17731, 
    25123, 
    41269, 
    18071, 
    75780
   ], 
   [
    43918, 
    23333, 
    41806, 
    0, 
    47516, 
    85625, 
    40965, 
    48357, 
    64503, 
    41305, 
    72236
   ], 
   [
    68638, 
    69390, 
    24282, 
    47516, 
    0, 
    68101, 
    87021, 
    79628, 
    89223, 
    99999, 
    54712
   ], 
   [
    64503, 
    43918, 
    62391, 
    85625, 
    68101, 
    0, 
    61550, 
    68942, 
    85088, 
    61890, 
    92821
   ], 
   [
    62087, 
    88578, 
    17731, 
    40965, 
    87021, 
    61550, 
    0, 
    98817, 
    82671, 
    93232, 
    48161
   ], 
   [
    69479, 
    81186, 
    25123, 
    48357, 
    79628, 
    68942, 
    98817, 
    0, 
    90064, 
    85840, 
    55553
   ], 
   [
    85625, 
    65040, 
    41269, 
    64503, 
    89223, 
    85088, 
    82671, 
    90064, 
    0, 
    83012, 
    71699
   ], 
   [
    62427, 
    75601, 
    18071, 
    41305, 
    99999, 
    61890, 
    93232, 
    85840, 
    83012, 
    0, 
    48501
   ], 
   [
    51114, 
    30529, 
    75780, 
    72236, 
    54712, 
    92821, 
    48161, 
    55553, 
    71699, 
    48501, 
    0
   ]
  ], 
  "probability_matrix": [
   [
    0, 
    0.07063683261249357, 
    0.15865398238014153, 
    0.11418218614759487, 
    0.04303057144729866, 
    0.13422624555526094, 
    0.14730618988788557, 
    0.07078641558334675, 
    0.057831214399953056, 
    0.048096137785900224, 
    0.15525022420012483
   ], 
   [
    0.1976732047677283, 
    0, 
    0.016660755707323303, 
    0.2251716810473948, 
    0.11709009005690107, 
    0.12226092348197015, 
    0.022815130528601315, 
    0.014419352385740858, 
    0.02271158128113137, 
    0.07495342020392509, 
    0.18624386053928355
   ], 
   [
    0.0861150095084679, 
    0.171384946715498, 
    0, 
    0.16323139031894834, 
    0.16831227860238596, 
    0.045584611823954686, 
    0.016627485428721594, 
    0.0036069118230156023, 
    0.05576572838217596, 
    0.15128405780772045, 
    0.13808757958911153
   ], 
   [
    0.13357443589712054, 
    0.017671167211742573, 
    0.11751060300212858, 
    0, 
    0.17625515266185582, 
    0.040501119152215895, 
    0.17283697708642276, 
    0.14930516932942892, 
    0.12236680085906187, 
    0.05017728218589598, 
    0.019801292614127032
   ], 
   [
    0.050309302952654046, 
    0.18983987634524196, 
    0.08403763025573358, 
    0.15907143949669347, 
    0, 
    0.059901492515319656, 
    0.12187960396050658, 
    0.13959688631009987, 
    0.0073867985421497105, 
    0.08271708006869641, 
    0.10525988955290475
   ], 
   [
    0.07528130546030659, 
    0.0964391569740903, 
    0.13072522553889812, 
    0.12754941401493702, 
    0.047370691691930505, 
    0, 
    0.16393922462736726, 
    0.05143684900575024, 
    0.1312707706838347, 
    0.011302133058503833, 
    0.16468522894438145
   ], 
   [
    0.16308217406427125, 
    0.16892530127182404, 
    0.13042413160466243, 
    0.01686351441572629, 
    0.04385470143877937, 
    0.09444915135882762, 
    0, 
    0.02185490526661169, 
    0.17355249838181058, 
    0.11561486476140122, 
    0.07137875743608564
   ], 
   [
    0.10605485620328164, 
    0.05471978233319061, 
    0.035952780681458456, 
    0.07098684530776399, 
    0.1388729247361355, 
    0.1291868847197778, 
    0.11325540968217776, 
    0, 
    0.13601684268681435, 
    0.08802493300013599, 
    0.12692874064926404
   ], 
   [
    0.026344568494048967, 
    0.16683471072981296, 
    0.1698776257087862, 
    0.08136445767651546, 
    0.13552427786556587, 
    0.08999598970129637, 
    0.16380832979576976, 
    0.02245223872013612, 
    0, 
    0.021066591352489682, 
    0.12273120995557857
   ], 
   [
    0.1522584683402866, 
    0.1276006270832764, 
    0.10929832646074136, 
    0.1343972190843197, 
    0.03883947107956186, 
    0.11569611272638487, 
    0.08929012797287922, 
    0.11185237612097715, 
    0.009293124315374277, 
    0, 
    0.11147414681619848
   ], 
   [
    0.11111384673076875, 
    0.05347104203785506, 
    0.10368600779439319, 
    0.18372794945943216, 
    0.013566702696775255, 
    0.021660511191360577, 
    0.06319759721910256, 
    0.011303633626813253, 
    0.2492702471691048, 
    0.1890024620743944, 
    0
   ]
  ]
 }
}