{
 "distance_matrix": [
  [
   0, 
   345, 
   477.8, 
   348, 
   209.9, 
   233, 
   246.5, 
   205.2, 
   115, 
   244.6, 
   307.8
  ], 
  [
   345, 
   0, 
   592.8, 
   463, 
   205.7, 
   348, 
   98.5, 
   139.8, 
   230, 
   171, 
   422.8
  ], 
  [
   477.8, 
   592.8, 
   0, 
   359.8, 
   457.7, 
   244.8, 
   494.3, 
   453, 
   362.8, 
   492.4, 
   170
  ], 
  [
   348, 
   463, 
   359.8, 
   0, 
   327.9, 
   115, 
   364.5, 
   323.2, 
   233, 
   362.6, 
   189.8
  ], 
  [
   209.9, 
   205.7, 
   457.7, 
   327.9, 
   0, 
   212.9, 
   107.2, 
   148.5, 
   94.9, 
   34.7, 
   287.7
  ], 
  [
   233, 
   348, 
   244.8, 
   115, 
   212.9, 
   0, 
   249.5, 
   208.2, 
   118, 
   247.6, 
   74.8
  ], 
  [
   246.5, 
   98.5, 
   494.3, 
   364.5, 
   107.2, 
   249.5, 
   0, 
   41.3, 
   131.5, 
   72.5, 
   324.3
  ], 
  [
   205.2, 
   139.8, 
   453, 
   323.2, 
   148.5, 
   208.2, 
   41.3, 
   0, 
   90.2, 
   113.8, 
   283
  ], 
  [
   115, 
   230, 
   362.8, 
   233, 
   94.9, 
   118, 
   131.5, 
   90.2, 
   0, 
   129.6, 
   192.8
  ], 
  [
   244.6, 
   171, 
   492.4, 
   362.6, 
   34.7, 
   247.6, 
   72.5, 
   113.8, 
   129.6, 
   0, 
   322.4
  ], 
  [
   307.8, 
   422.8, 
   170, 
   189.8, 
   287.7, 
   74.8, 
   324.3, 
   283, 
   192.8, 
   322.4, 
   0
  ]
 ], 
 "runs": [
  {
   "avg_task_cost_vs_number_of_task": [
    3628, 
    1813.9999999999998, 
    1209.3333333333333, 
    1050.75, 
    1252, 
    1043.3333333333333, 
    979.4285714285714, 
    1000.75, 
    889.5555555555555, 
    800.6, 
    727.8181818181819, 
    667.1666666666666, 
    687.2307692307693, 
    667.4285714285713, 
    581.6666666666666, 
    548.25, 
    617.2941176470588, 
    576.2777777777778, 
    590.1578947368422, 
    551.5, 
    566.5714285714287, 
    583.6818181818182, 
    548.5652173913044, 
    657.6666666666666, 
    470.76000000000016, 
    477.3076923076923, 
    452.6296296296296, 
    421.92857142857144, 
    455.9655172413793, 
    508.8
   ], 
   "number_of_vehicles": 2
  }, 
  {
   "avg_task_cost_vs_number_of_task": [
    3628, 
    1813.9999999999998, 
    1209.3333333333333, 
    1050.75, 
    1081, 
    982.9166666666666, 
    927.6428571428571, 
    955.4375, 
    895.3333333333334, 
    770.4999999999999, 
    700.4545454545454, 
    642.0833333333333, 
    718.7692307692306, 
    646.3571428571429, 
    581.6666666666665, 
    566.6875, 
    568.0588235294117, 
    550.8888888888889, 
    580.2105263157895, 
    542.35, 
    574.1428571428571, 
    548.3181818181819, 
    521.1304347826087, 
    517.0416666666666, 
    448.5200000000001, 
    488.8846153846155, 
    427.14814814814815, 
    550.6428571428572, 
    531.7586206896552, 
    399.9
   ], 
   "number_of_vehicles": 3
  }, 
  {
   "avg_task_cost_vs_number_of_task": [
    3628, 
    1813.9999999999998, 
    1209.3333333333333, 
    1050.75, 
    1196, 
    982.9166666666666, 
    927.6428571428571, 
    965, 
    889.5555555555555, 
    770.4999999999999, 
    700.4545454545454, 
    801.5, 
    718.7692307692306, 
    626.5714285714286, 
    581.6666666666666, 
    564.125, 
    577.5882352941177, 
    487.3333333333333, 
    540.2105263157895, 
    513.2, 
    574.4285714285714, 
    548.3181818181819, 
    549.4782608695652, 
    491.16666666666674, 
    580.3600000000001, 
    470.9615384615385, 
    624.0740740740739, 
    440.2142857142857, 
    440.10344827586215, 
    543.6333333333334
   ], 
   "number_of_vehicles": 4
  }, 
  {
   "avg_task_cost_vs_number_of_task": [
    3613, 
    1813.9999999999998, 
    1209.3333333333333, 
    1050.75, 
    1081, 
    982.9166666666666, 
    927.6428571428571, 
    955.4375, 
    856.111111111111, 
    770.4999999999999, 
    754.0909090909091, 
    667.1666666666666, 
    718.7692307692307, 
    708.5, 
    581.6666666666665, 
    694.625, 
    653.7647058823529, 
    575.7777777777778, 
    556.1578947368421, 
    541.95, 
    545.5238095238095, 
    570.7045454545455, 
    508.30434782608705, 
    499.41666666666674, 
    520.48, 
    490.9807692307692, 
    584.5925925925925, 
    446.9642857142857, 
    469.2413793103449, 
    472.53333333333336
   ], 
   "number_of_vehicles": 5
  }
 ], 
 "vehicle_starting_positions": [
  "Birmingham", 
  "Newcastle", 
  "Liverpool", 
  "Cardiff", 
  "Norwich", 
  "London", 
  "Sheffield", 
  "Manchester", 
  "Portsmouth", 
  "Leeds", 
  "Plymouth"
 ], 
 "task_distribution": {
  "weight_matrix": [
   [
    0, 
    3, 
    3, 
    3, 
    3, 
    3, 
    3, 
    3, 
    3, 
    3, 
    3
   ], 
   [
    3, 
    0, 
    3, 
    3, 
    3, 
    3, 
    3, 
    3, 
    3, 
    3, 
    3
   ], 
   [
    3, 
    3, 
    0, 
    3, 
    3, 
    3, 
    3, 
    3, 
    3, 
    3, 
    3
   ], 
   [
    3, 
    3, 
    3, 
    0, 
    3, 
    3, 
    3, 
    3, 
    3, 
    3, 
    3
   ], 
   [
    3, 
    3, 
    3, 
    3, 
    0, 
    3, 
    3, 
    3, 
    3, 
    3, 
    3
   ], 
   [
    3, 
    3, 
    3, 
    3, 
    3, 
    0, 
    3, 
    3, 
    3, 
    3, 
    3
   ], 
   [
    3, 
    3, 
    3, 
    3, 
    3, 
    3, 
    0, 
    3, 
    3, 
    3, 
    3
   ], 
   [
    3, 
    3, 
    3, 
    3, 
    3, 
    3, 
    3, 
    0, 
    3, 
    3, 
    3
   ], 
   [
    3, 
    3, 
    3, 
    3, 
    3, 
    3, 
    3, 
    3, 
    0, 
    3, 
    3
   ], 
   [
    3, 
    3, 
    3, 
    3, 
    3, 
    3, 
    3, 
    3, 
    3, 
    0, 
    3
   ], 
   [
    3, 
    3, 
    3, 
    3, 
    3, 
    3, 
    3, 
    3, 
    3, 
    3, 
    0
   ]
  ], 
  "city_names": [
   "Cardiff", 
   "Newcastle", 
   "Plymouth", 
   "Norwich", 
   "Manchester", 
   "London", 
   "Leeds", 
   "Sheffield", 
   "Birmingham", 
   "Liverpool", 
   "Portsmouth"
  ], 
  "reward_matrix": [
   [
    0, 
    44455, 
    20684, 
    43918, 
    68638, 
    64503, 
    62087, 
    69479, 
    85625, 
    62427, 
    51114
   ], 
   [
    44455, 
    0, 
    100, 
    23333, 
    69390, 
    43918, 
    88578, 
    81186, 
    65040, 
    75601, 
    30529
   ], 
   [
    20684, 
    100, 
    0, 
    41806, 
    24282, 
    62391, 
    17731, 
    25123, 
    41269, 
    18071, 
    75780
   ], 
   [
    43918, 
    23333, 
    41806, 
    0, 
    47516, 
    85625, 
    40965, 
    48357, 
    64503, 
    41305, 
    72236
   ], 
   [
    68638, 
    69390, 
    24282, 
    47516, 
    0, 
    68101, 
    87021, 
    79628, 
    89223, 
    99999, 
    54712
   ], 
   [
    64503, 
    43918, 
    62391, 
    85625, 
    68101, 
    0, 
    61550, 
    68942, 
    85088, 
    61890, 
    92821
   ], 
   [
    62087, 
    88578, 
    17731, 
    40965, 
    87021, 
    61550, 
    0, 
    98817, 
    82671, 
    93232, 
    48161
   ], 
   [
    69479, 
    81186, 
    25123, 
    48357, 
    79628, 
    68942, 
    98817, 
    0, 
    90064, 
    85840, 
    55553
   ], 
   [
    85625, 
    65040, 
    41269, 
    64503, 
    89223, 
    85088, 
    82671, 
    90064, 
    0, 
    83012, 
    71699
   ], 
   [
    62427, 
    75601, 
    18071, 
    41305, 
    99999, 
    61890, 
    93232, 
    85840, 
    83012, 
    0, 
    48501
   ], 
   [
    51114, 
    30529, 
    75780, 
    72236, 
    54712, 
    92821, 
    48161, 
    55553, 
    71699, 
    48501, 
    0
   ]
  ], 
  "probability_matrix": [
   [
    0, 
    0.11805913977878006, 
    0.1739777218876389, 
    0.15980965998188956, 
    0.16065828053671546, 
    0.07428324848037202, 
    0.027155110447462282, 
    0.06491972212212525, 
    0.03088768898449832, 
    0.059454035235901495, 
    0.1307953925446167
   ], 
   [
    0.04632742094093576, 
    0, 
    0.033136905613710056, 
    0.1409213828919029, 
    0.03754090630663108, 
    0.2170824093617344, 
    0.09624605557229407, 
    0.12587537684889286, 
    0.027675889486323768, 
    0.08437402361075802, 
    0.1908196293668173
   ], 
   [
    0.10555770777166032, 
    0.05233525119107734, 
    0, 
    0.2090178702411767, 
    0.05733029842365538, 
    0.004283322957531274, 
    0.19538397533440088, 
    0.01938427551121231, 
    0.183631090406224, 
    0.08886664108642722, 
    0.08420956707663463
   ], 
   [
    0.04139347397017718, 
    0.055205697835015465, 
    0.18979675418778671, 
    0, 
    0.1586513101314801, 
    0.15589514356095144, 
    0.06293753966137847, 
    0.05683831358462434, 
    0.1397363871009, 
    0.012142786275619773, 
    0.12740259369206638
   ], 
   [
    0.11264542294898174, 
    0.17532985488667885, 
    0.16135982463939583, 
    0.0503294587171024, 
    0, 
    0.08897120601920824, 
    0.021360994422268832, 
    0.11222408808351249, 
    0.013533092870629282, 
    0.16716585737733225, 
    0.0970802000348902
   ], 
   [
    0.13247448907777884, 
    0.11683091606540162, 
    0.10547008252328192, 
    0.08384756656830974, 
    0.06283719989260211, 
    0, 
    0.13367455257520344, 
    0.12859627637144314, 
    0.0553359529665006, 
    0.038938396406220224, 
    0.14199456755325832
   ], 
   [
    0.16293598587336355, 
    0.002127755731713279, 
    0.04940874520246802, 
    0.10582003449906068, 
    0.0036193821036942923, 
    0.19346895520533067, 
    0, 
    0.17653954903638278, 
    0.1573965883431433, 
    0.026347437787571412, 
    0.122335566217272
   ], 
   [
    0.017858658949946756, 
    0.0022677148185773783, 
    0.144507372161812, 
    0.0035138414200808, 
    0.17743319050104447, 
    0.12457782669807894, 
    0.09631368888667878, 
    0, 
    0.12752853906452136, 
    0.11151324586017247, 
    0.19448592163908704
   ], 
   [
    0.1286684661049402, 
    0.0621226413666541, 
    0.13801584568715294, 
    0.09460034439435584, 
    0.11956639018628366, 
    0.09292852592963481, 
    0.020216906430173195, 
    0.13600456510850614, 
    0, 
    0.14309914813064495, 
    0.06477716666165395
   ], 
   [
    0.016648176101827596, 
    0.012040983260544692, 
    0.13781496376276955, 
    0.14875333069219546, 
    0.0767717675567337, 
    0.15546807985228864, 
    0.14928828694365678, 
    0.08693108390629621, 
    0.11457989092916532, 
    0, 
    0.10170343699452214
   ], 
   [
    0.0005599864222045275, 
    0.13358086188098228, 
    0.12789599947412436, 
    0.16643993959776215, 
    0.06270249712113428, 
    0.22969468339223797, 
    0.03410651128560171, 
    0.08033777794591564, 
    0.00553338831921186, 
    0.15914835456082513, 
    0
   ]
  ]
 }
}