{
 "distance_matrix": [
  [
   0, 
   345, 
   477.8, 
   348, 
   209.9, 
   233, 
   246.5, 
   205.2, 
   115, 
   244.6, 
   307.8
  ], 
  [
   345, 
   0, 
   592.8, 
   463, 
   205.7, 
   348, 
   98.5, 
   139.8, 
   230, 
   171, 
   422.8
  ], 
  [
   477.8, 
   592.8, 
   0, 
   359.8, 
   457.7, 
   244.8, 
   494.3, 
   453, 
   362.8, 
   492.4, 
   170
  ], 
  [
   348, 
   463, 
   359.8, 
   0, 
   327.9, 
   115, 
   364.5, 
   323.2, 
   233, 
   362.6, 
   189.8
  ], 
  [
   209.9, 
   205.7, 
   457.7, 
   327.9, 
   0, 
   212.9, 
   107.2, 
   148.5, 
   94.9, 
   34.7, 
   287.7
  ], 
  [
   233, 
   348, 
   244.8, 
   115, 
   212.9, 
   0, 
   249.5, 
   208.2, 
   118, 
   247.6, 
   74.8
  ], 
  [
   246.5, 
   98.5, 
   494.3, 
   364.5, 
   107.2, 
   249.5, 
   0, 
   41.3, 
   131.5, 
   72.5, 
   324.3
  ], 
  [
   205.2, 
   139.8, 
   453, 
   323.2, 
   148.5, 
   208.2, 
   41.3, 
   0, 
   90.2, 
   113.8, 
   283
  ], 
  [
   115, 
   230, 
   362.8, 
   233, 
   94.9, 
   118, 
   131.5, 
   90.2, 
   0, 
   129.6, 
   192.8
  ], 
  [
   244.6, 
   171, 
   492.4, 
   362.6, 
   34.7, 
   247.6, 
   72.5, 
   113.8, 
   129.6, 
   0, 
   322.4
  ], 
  [
   307.8, 
   422.8, 
   170, 
   189.8, 
   287.7, 
   74.8, 
   324.3, 
   283, 
   192.8, 
   322.4, 
   0
  ]
 ], 
 "runs": [
  {
   "avg_task_cost_vs_number_of_task": [
    4429, 
    2214.5, 
    1859.6666666666667, 
    1394.75, 
    1186.4, 
    988.6666666666666, 
    847.4285714285714, 
    741.5, 
    659.1111111111111, 
    683.4, 
    621.2727272727273, 
    569.5, 
    552.3846153846154, 
    548.8571428571429, 
    512.2666666666667, 
    480.25000000000006, 
    452.00000000000006, 
    426.8888888888889, 
    499.10526315789474, 
    609.4999999999999, 
    572.1904761904761, 
    590.7272727272727, 
    543.1739130434783, 
    517.0833333333333, 
    502.94, 
    522.0961538461537, 
    549.6296296296296, 
    468.89285714285717, 
    459.89655172413785, 
    488.29999999999995
   ], 
   "number_of_vehicles": 2
  }, 
  {
   "avg_task_cost_vs_number_of_task": [
    3465, 
    1919.5, 
    1663, 
    1394.75, 
    1186.4, 
    988.6666666666666, 
    847.4285714285714, 
    741.5, 
    659.1111111111111, 
    683.4000000000001, 
    621.2727272727273, 
    569.5, 
    591.0769230769231, 
    548.8571428571429, 
    539.8, 
    480.25, 
    476.29411764705884, 
    449.8333333333333, 
    520.8421052631579, 
    510.4, 
    544.5238095238095, 
    558.9090909090909, 
    531.5652173913044, 
    530.625, 
    533.36, 
    544.5192307692307, 
    457.85185185185185, 
    479.8214285714285, 
    451.3103448275862, 
    498.43333333333334
   ], 
   "number_of_vehicles": 3
  }, 
  {
   "avg_task_cost_vs_number_of_task": [
    3465, 
    1919.5, 
    1663, 
    1394.75, 
    1186.4, 
    988.6666666666666, 
    847.4285714285714, 
    741.5, 
    659.1111111111111, 
    683.4, 
    621.2727272727273, 
    569.5, 
    525.6923076923077, 
    548.8571428571429, 
    512.2666666666667, 
    480.25, 
    502, 
    483.55555555555554, 
    583.8421052631579, 
    474.15, 
    556.4285714285716, 
    583.0454545454545, 
    521.0869565217391, 
    591.4166666666666, 
    522.5200000000001, 
    493.9615384615385, 
    498.962962962963, 
    512.9107142857141, 
    465.0344827586207, 
    473.7666666666665
   ], 
   "number_of_vehicles": 4
  }, 
  {
   "avg_task_cost_vs_number_of_task": [
    3170, 
    1772, 
    1564.6666666666667, 
    1394.75, 
    1186.4, 
    988.6666666666666, 
    847.4285714285714, 
    741.5, 
    659.1111111111111, 
    683.4, 
    621.2727272727273, 
    569.5, 
    640.6923076923077, 
    548.8571428571429, 
    568.9333333333333, 
    506.0625, 
    476.29411764705884, 
    449.8333333333333, 
    581.6842105263158, 
    535.35, 
    590.047619047619, 
    547.7727272727273, 
    528.0869565217392, 
    491.1666666666667, 
    494.52, 
    503.3846153846155, 
    460.5555555555555, 
    439.10714285714283, 
    478.13793103448273, 
    495.33333333333337
   ], 
   "number_of_vehicles": 5
  }
 ], 
 "vehicle_starting_positions": [
  "Portsmouth", 
  "Plymouth", 
  "Birmingham", 
  "London", 
  "Liverpool", 
  "Cardiff", 
  "Newcastle", 
  "Leeds", 
  "Norwich", 
  "Sheffield", 
  "Manchester"
 ], 
 "task_distribution": {
  "weight_matrix": [
   [
    0, 
    3, 
    3, 
    3, 
    3, 
    3, 
    3, 
    3, 
    3, 
    3, 
    3
   ], 
   [
    3, 
    0, 
    3, 
    3, 
    3, 
    3, 
    3, 
    3, 
    3, 
    3, 
    3
   ], 
   [
    3, 
    3, 
    0, 
    3, 
    3, 
    3, 
    3, 
    3, 
    3, 
    3, 
    3
   ], 
   [
    3, 
    3, 
    3, 
    0, 
    3, 
    3, 
    3, 
    3, 
    3, 
    3, 
    3
   ], 
   [
    3, 
    3, 
    3, 
    3, 
    0, 
    3, 
    3, 
    3, 
    3, 
    3, 
    3
   ], 
   [
    3, 
    3, 
    3, 
    3, 
    3, 
    0, 
    3, 
    3, 
    3, 
    3, 
    3
   ], 
   [
    3, 
    3, 
    3, 
    3, 
    3, 
    3, 
    0, 
    3, 
    3, 
    3, 
    3
   ], 
   [
    3, 
    3, 
    3, 
    3, 
    3, 
    3, 
    3, 
    0, 
    3, 
    3, 
    3
   ], 
   [
    3, 
    3, 
    3, 
    3, 
    3, 
    3, 
    3, 
    3, 
    0, 
    3, 
    3
   ], 
   [
    3, 
    3, 
    3, 
    3, 
    3, 
    3, 
    3, 
    3, 
    3, 
    0, 
    3
   ], 
   [
    3, 
    3, 
    3, 
    3, 
    3, 
    3, 
    3, 
    3, 
    3, 
    3, 
    0
   ]
  ], 
  "city_names": [
   "Cardiff", 
   "Newcastle", 
   "Plymouth", 
   "Norwich", 
   "Manchester", 
   "London", 
   "Leeds", 
   "Sheffield", 
   "Birmingham", 
   "Liverpool", 
   "Portsmouth"
  ], 
  "reward_matrix": [
   [
    0, 
    44455, 
    20684, 
    43918, 
    68638, 
    64503, 
    62087, 
    69479, 
    85625, 
    62427, 
    51114
   ], 
   [
    44455, 
    0, 
    100, 
    23333, 
    69390, 
    43918, 
    88578, 
    81186, 
    65040, 
    75601, 
    30529
   ], 
   [
    20684, 
    100, 
    0, 
    41806, 
    24282, 
    62391, 
    17731, 
    25123, 
    41269, 
    18071, 
    75780
   ], 
   [
    43918, 
    23333, 
    41806, 
    0, 
    47516, 
    85625, 
    40965, 
    48357, 
    64503, 
    41305, 
    72236
   ], 
   [
    68638, 
    69390, 
    24282, 
    47516, 
    0, 
    68101, 
    87021, 
    79628, 
    89223, 
    99999, 
    54712
   ], 
   [
    64503, 
    43918, 
    62391, 
    85625, 
    68101, 
    0, 
    61550, 
    68942, 
    85088, 
    61890, 
    92821
   ], 
   [
    62087, 
    88578, 
    17731, 
    40965, 
    87021, 
    61550, 
    0, 
    98817, 
    82671, 
    93232, 
    48161
   ], 
   [
    69479, 
    81186, 
    25123, 
    48357, 
    79628, 
    68942, 
    98817, 
    0, 
    90064, 
    85840, 
    55553
   ], 
   [
    85625, 
    65040, 
    41269, 
    64503, 
    89223, 
    85088, 
    82671, 
    90064, 
    0, 
    83012, 
    71699
   ], 
   [
    62427, 
    75601, 
    18071, 
    41305, 
    99999, 
    61890, 
    93232, 
    85840, 
    83012, 
    0, 
    48501
   ], 
   [
    51114, 
    30529, 
    75780, 
    72236, 
    54712, 
    92821, 
    48161, 
    55553, 
    71699, 
    48501, 
    0
   ]
  ], 
  "probability_matrix": [
   [
    0, 
    0.11914184315186989, 
    0.12361594320813565, 
    0.1773042983817183, 
    0.1535524461934579, 
    0.03863268435104357, 
    0.10133207332462364, 
    0.04464496698981366, 
    0.07873342961433562, 
    0.13084101876912926, 
    0.032201296015872606
   ], 
   [
    0.0837127559175339, 
    0, 
    0.06496367699509707, 
    0.12172866640022187, 
    0.20615780992790936, 
    0.1509227440542485, 
    0.12508188213786764, 
    0.023291374340334178, 
    0.11160013377381726, 
    0.08909177531156438, 
    0.02344918114140564
   ], 
   [
    0.06593233276537841, 
    0.033153551065458316, 
    0, 
    0.02431847079585424, 
    0.1494716762925004, 
    0.0033984689531461726, 
    0.13451479734220373, 
    0.06861267780427502, 
    0.14728946077493435, 
    0.20642381915642363, 
    0.16688474504982562
   ], 
   [
    0.15908414460310083, 
    0.135507364450861, 
    0.053374201704389945, 
    0, 
    0.14447930179090146, 
    0.05667000285007586, 
    0.02641235446897648, 
    0.11035020396148609, 
    0.07896823681376108, 
    0.0998503259670408, 
    0.13530386338940645
   ], 
   [
    0.05999502613071313, 
    0.1030757165515522, 
    0.09400826601350673, 
    0.039118662527107384, 
    0, 
    0.1654508732758627, 
    0.05677345703117731, 
    0.06571576821789897, 
    0.1528158052746114, 
    0.1458913893734957, 
    0.11715503560407448
   ], 
   [
    0.07667263508694529, 
    0.043879830739377707, 
    0.1456140489725306, 
    0.12281927978937167, 
    0.01113681526471952, 
    0, 
    0.046895653386582636, 
    0.10892580110297806, 
    0.11653963586716361, 
    0.1636637925715871, 
    0.16385250721874384
   ], 
   [
    0.11556440730605878, 
    0.1601317201105867, 
    0.08744123591427778, 
    0.02210365233758041, 
    0.13795067826417842, 
    0.07051149659236007, 
    0, 
    0.07991057564006714, 
    0.08688337773940522, 
    0.07765110527092305, 
    0.16185175082456243
   ], 
   [
    0.11016550858814286, 
    0.1449879061812246, 
    0.0792467550836737, 
    0.12947512370710076, 
    0.05957433525795077, 
    0.10724699953099703, 
    0.09594895945678529, 
    0, 
    0.013728948252369323, 
    0.14661854856241688, 
    0.1130069153793389
   ], 
   [
    0.13874539179150489, 
    0.15904002293889716, 
    0.038825125986614445, 
    0.095599094387856, 
    0.04979506750401212, 
    0.08997774516550049, 
    0.1349809391925297, 
    0.12085728669736608, 
    0, 
    0.06693075267510494, 
    0.10524857366061413
   ], 
   [
    0.21578890578009646, 
    0.12716083936257264, 
    0.03913676246777074, 
    0.1502730913449738, 
    0.0821751218364654, 
    0.07812869896438267, 
    0.05874612708869861, 
    0.0033529619249063, 
    0.034275138537199136, 
    0, 
    0.21096235269293437
   ], 
   [
    0.08009282718176894, 
    0.15315145220663257, 
    0.14980502102834822, 
    0.019527705004573646, 
    0.07543565319312005, 
    0.11494900271996951, 
    0.034416156049816266, 
    0.09115901774921001, 
    0.15151756657150994, 
    0.1299455982950511, 
    0
   ]
  ]
 }
}