{
 "vehicle_cost_per_km": [
  5, 
  5, 
  5, 
  5, 
  5
 ], 
 "runs": [
  {
   "avg_task_cost_vs_number_of_task": [
    1799, 
    2180, 
    1798.333333333333, 
    1834.5, 
    1694.4, 
    1673, 
    1777.2857142857142, 
    2020.8749999999998, 
    1837.6666666666667, 
    1746.7, 
    1612.8181818181818, 
    1751.6666666666663, 
    1903.5384615384612, 
    1794.1428571428569, 
    1674.5333333333333, 
    1712.0625, 
    1611.3529411764705, 
    1584.833333333333, 
    1620.8947368421052, 
    1559.75, 
    1512.8571428571424, 
    1459.8636363636363, 
    1432.695652173913, 
    1404.6666666666667, 
    1369.6, 
    1339.0384615384614, 
    1341.4074074074072, 
    1310.75, 
    1297.3103448275863, 
    1329.6
   ], 
   "number_of_vehicles": 3
  }
 ], 
 "vehicle_starting_positions": [
  "Newcastle", 
  "Cardiff", 
  "Plymouth", 
  "Norwich", 
  "Manchester", 
  "London", 
  "Leeds", 
  "Sheffield", 
  "Birmingham", 
  "Liverpool", 
  "Portsmouth"
 ], 
 "task_distribution": {
  "distance_matrix": [
   [
    0, 
    345, 
    477.8, 
    348, 
    209.9, 
    233, 
    246.5, 
    205.2, 
    115, 
    244.6, 
    307.8
   ], 
   [
    345, 
    0, 
    592.8, 
    463, 
    205.7, 
    348, 
    98.5, 
    139.8, 
    230, 
    171, 
    422.8
   ], 
   [
    477.8, 
    592.8, 
    0, 
    359.8, 
    457.7, 
    244.8, 
    494.3, 
    453, 
    362.8, 
    492.4, 
    170
   ], 
   [
    348, 
    463, 
    359.8, 
    0, 
    327.9, 
    115, 
    364.5, 
    323.2, 
    233, 
    362.6, 
    189.8
   ], 
   [
    209.9, 
    205.7, 
    457.7, 
    327.9, 
    0, 
    212.9, 
    107.2, 
    148.5, 
    94.9, 
    34.7, 
    287.7
   ], 
   [
    233, 
    348, 
    244.8, 
    115, 
    212.9, 
    0, 
    249.5, 
    208.2, 
    118, 
    247.6, 
    74.8
   ], 
   [
    246.5, 
    98.5, 
    494.3, 
    364.5, 
    107.2, 
    249.5, 
    0, 
    41.3, 
    131.5, 
    72.5, 
    324.3
   ], 
   [
    205.2, 
    139.8, 
    453, 
    323.2, 
    148.5, 
    208.2, 
    41.3, 
    0, 
    90.2, 
    113.8, 
    283
   ], 
   [
    115, 
    230, 
    362.8, 
    233, 
    94.9, 
    118, 
    131.5, 
    90.2, 
    0, 
    129.6, 
    192.8
   ], 
   [
    244.6, 
    171, 
    492.4, 
    362.6, 
    34.7, 
    247.6, 
    72.5, 
    113.8, 
    129.6, 
    0, 
    322.4
   ], 
   [
    307.8, 
    422.8, 
    170, 
    189.8, 
    287.7, 
    74.8, 
    324.3, 
    283, 
    192.8, 
    322.4, 
    0
   ]
  ], 
  "weight_matrix": [
   [
    0, 
    3, 
    3, 
    3, 
    3, 
    3, 
    3, 
    3, 
    3, 
    3, 
    3
   ], 
   [
    3, 
    0, 
    3, 
    3, 
    3, 
    3, 
    3, 
    3, 
    3, 
    3, 
    3
   ], 
   [
    3, 
    3, 
    0, 
    3, 
    3, 
    3, 
    3, 
    3, 
    3, 
    3, 
    3
   ], 
   [
    3, 
    3, 
    3, 
    0, 
    3, 
    3, 
    3, 
    3, 
    3, 
    3, 
    3
   ], 
   [
    3, 
    3, 
    3, 
    3, 
    0, 
    3, 
    3, 
    3, 
    3, 
    3, 
    3
   ], 
   [
    3, 
    3, 
    3, 
    3, 
    3, 
    0, 
    3, 
    3, 
    3, 
    3, 
    3
   ], 
   [
    3, 
    3, 
    3, 
    3, 
    3, 
    3, 
    0, 
    3, 
    3, 
    3, 
    3
   ], 
   [
    3, 
    3, 
    3, 
    3, 
    3, 
    3, 
    3, 
    0, 
    3, 
    3, 
    3
   ], 
   [
    3, 
    3, 
    3, 
    3, 
    3, 
    3, 
    3, 
    3, 
    0, 
    3, 
    3
   ], 
   [
    3, 
    3, 
    3, 
    3, 
    3, 
    3, 
    3, 
    3, 
    3, 
    0, 
    3
   ], 
   [
    3, 
    3, 
    3, 
    3, 
    3, 
    3, 
    3, 
    3, 
    3, 
    3, 
    0
   ]
  ], 
  "city_names": [
   "Cardiff", 
   "Newcastle", 
   "Plymouth", 
   "Norwich", 
   "Manchester", 
   "London", 
   "Leeds", 
   "Sheffield", 
   "Birmingham", 
   "Liverpool", 
   "Portsmouth"
  ], 
  "reward_matrix": [
   [
    0, 
    44455, 
    20684, 
    43918, 
    68638, 
    64503, 
    62087, 
    69479, 
    85625, 
    62427, 
    51114
   ], 
   [
    44455, 
    0, 
    100, 
    23333, 
    69390, 
    43918, 
    88578, 
    81186, 
    65040, 
    75601, 
    30529
   ], 
   [
    20684, 
    100, 
    0, 
    41806, 
    24282, 
    62391, 
    17731, 
    25123, 
    41269, 
    18071, 
    75780
   ], 
   [
    43918, 
    23333, 
    41806, 
    0, 
    47516, 
    85625, 
    40965, 
    48357, 
    64503, 
    41305, 
    72236
   ], 
   [
    68638, 
    69390, 
    24282, 
    47516, 
    0, 
    68101, 
    87021, 
    79628, 
    89223, 
    99999, 
    54712
   ], 
   [
    64503, 
    43918, 
    62391, 
    85625, 
    68101, 
    0, 
    61550, 
    68942, 
    85088, 
    61890, 
    92821
   ], 
   [
    62087, 
    88578, 
    17731, 
    40965, 
    87021, 
    61550, 
    0, 
    98817, 
    82671, 
    93232, 
    48161
   ], 
   [
    69479, 
    81186, 
    25123, 
    48357, 
    79628, 
    68942, 
    98817, 
    0, 
    90064, 
    85840, 
    55553
   ], 
   [
    85625, 
    65040, 
    41269, 
    64503, 
    89223, 
    85088, 
    82671, 
    90064, 
    0, 
    83012, 
    71699
   ], 
   [
    62427, 
    75601, 
    18071, 
    41305, 
    99999, 
    61890, 
    93232, 
    85840, 
    83012, 
    0, 
    48501
   ], 
   [
    51114, 
    30529, 
    75780, 
    72236, 
    54712, 
    92821, 
    48161, 
    55553, 
    71699, 
    48501, 
    0
   ]
  ], 
  "probability_matrix": [
   [
    0, 
    0.11228116450490089, 
    0.17686112514820412, 
    0.1442951320860417, 
    0.16346517585382203, 
    0.015702916802347224, 
    0.019194229957713693, 
    0.07674947289661467, 
    0.10875767475767484, 
    0.15452082211523105, 
    0.028172285877449903
   ], 
   [
    0.1565613967402614, 
    0, 
    0.19487121530653306, 
    0.03640629209867859, 
    0.16203029493513543, 
    0.07263589544332999, 
    0.11642751620842048, 
    0.10802818643780807, 
    0.03208774414104512, 
    0.07148966699532386, 
    0.04946179169346401
   ], 
   [
    0.20819600414288023, 
    0.08917127069245108, 
    0, 
    0.008744716851320718, 
    0.10689654130985436, 
    0.01640802304642066, 
    0.07616399749691175, 
    0.09872614780127867, 
    0.18934867910682146, 
    0.16205596689227514, 
    0.044288652659786036
   ], 
   [
    0.08174878020362145, 
    0.14002533697207128, 
    0.09376414793701962, 
    0, 
    0.154228745630704, 
    0.024598801095768247, 
    0.0796981453002525, 
    0.08733557320333332, 
    0.112765537621702, 
    0.0607289769128622, 
    0.16510595512266535
   ], 
   [
    0.11867300309209794, 
    0.1346803090321337, 
    0.0008891046297713334, 
    0.13255519926449016, 
    0, 
    0.11027656257756066, 
    0.06578388349231407, 
    0.03554805974279302, 
    0.2009005148553781, 
    0.11880179928707102, 
    0.08189156402638992
   ], 
   [
    0.10334517135022003, 
    0.06492572454715938, 
    0.11246932723791363, 
    0.10740777096901631, 
    0.02623569146226869, 
    0, 
    0.14930488277796905, 
    0.1674486984767973, 
    0.07969504377511066, 
    0.09793912754662086, 
    0.09122856185692428
   ], 
   [
    0.15535453567092888, 
    0.013122232134968069, 
    0.1382003509384149, 
    0.019680835027422586, 
    0.005083511964664934, 
    0.10012682606854818, 
    0, 
    0.0032516843181797724, 
    0.23396669174277232, 
    0.21954924365874873, 
    0.11166408847535161
   ], 
   [
    0.10493676699878256, 
    0.1270269316008809, 
    0.04813345932265456, 
    0.0531653115896175, 
    0.13611659408839374, 
    0.12125468146818748, 
    0.03391612239298955, 
    0, 
    0.1506425227959087, 
    0.13041703066095695, 
    0.09439057908162826
   ], 
   [
    0.10115537305616948, 
    0.09638512394260913, 
    0.03669734740519876, 
    0.09026058047554004, 
    0.044614589867519615, 
    0.06430032029175217, 
    0.11987879543749735, 
    0.05772327994861825, 
    0, 
    0.18287306253984587, 
    0.20611152703524915
   ], 
   [
    0.04359948796029729, 
    0.1315191175054084, 
    0.03995359202219477, 
    0.12955937795316835, 
    0.18576767529791377, 
    0.12969325692000655, 
    0.16026243366967738, 
    0.10496423659972808, 
    0.0032744055830844832, 
    0, 
    0.07140641648852102
   ], 
   [
    0.13125363212792668, 
    0.1754444468391926, 
    0.1315158138498165, 
    0.10906465665097957, 
    0.04768770431379707, 
    0.022390311052883312, 
    0.10146404276578844, 
    0.12834913213857116, 
    0.010577195265402578, 
    0.14225306499564194, 
    0
   ]
  ]
 }, 
 "vehicle_capacities": [
  5, 
  5, 
  5, 
  30, 
  30, 
  30, 
  30, 
  30, 
  30, 
  30, 
  30
 ]
}