{
 "distance_matrix": [
  [
   0, 
   345, 
   477.8, 
   348, 
   209.9, 
   233, 
   246.5, 
   205.2, 
   115, 
   244.6, 
   307.8
  ], 
  [
   345, 
   0, 
   592.8, 
   463, 
   205.7, 
   348, 
   98.5, 
   139.8, 
   230, 
   171, 
   422.8
  ], 
  [
   477.8, 
   592.8, 
   0, 
   359.8, 
   457.7, 
   244.8, 
   494.3, 
   453, 
   362.8, 
   492.4, 
   170
  ], 
  [
   348, 
   463, 
   359.8, 
   0, 
   327.9, 
   115, 
   364.5, 
   323.2, 
   233, 
   362.6, 
   189.8
  ], 
  [
   209.9, 
   205.7, 
   457.7, 
   327.9, 
   0, 
   212.9, 
   107.2, 
   148.5, 
   94.9, 
   34.7, 
   287.7
  ], 
  [
   233, 
   348, 
   244.8, 
   115, 
   212.9, 
   0, 
   249.5, 
   208.2, 
   118, 
   247.6, 
   74.8
  ], 
  [
   246.5, 
   98.5, 
   494.3, 
   364.5, 
   107.2, 
   249.5, 
   0, 
   41.3, 
   131.5, 
   72.5, 
   324.3
  ], 
  [
   205.2, 
   139.8, 
   453, 
   323.2, 
   148.5, 
   208.2, 
   41.3, 
   0, 
   90.2, 
   113.8, 
   283
  ], 
  [
   115, 
   230, 
   362.8, 
   233, 
   94.9, 
   118, 
   131.5, 
   90.2, 
   0, 
   129.6, 
   192.8
  ], 
  [
   244.6, 
   171, 
   492.4, 
   362.6, 
   34.7, 
   247.6, 
   72.5, 
   113.8, 
   129.6, 
   0, 
   322.4
  ], 
  [
   307.8, 
   422.8, 
   170, 
   189.8, 
   287.7, 
   74.8, 
   324.3, 
   283, 
   192.8, 
   322.4, 
   0
  ]
 ], 
 "runs": [
  {
   "avg_task_cost_vs_number_of_task": [
    3279, 
    1740, 
    1476.3333333333333, 
    1788.625, 
    1519.2, 
    1266, 
    1085.142857142857, 
    1072.625, 
    1036.5555555555557, 
    953, 
    866.3636363636364, 
    794.1666666666666, 
    798.4615384615385, 
    741.4285714285714, 
    705.4, 
    661.3125, 
    653.2352941176471, 
    587.8333333333334, 
    628.8421052631579, 
    601.25, 
    539.4761904761905, 
    495.27272727272725, 
    559.7826086956521, 
    542.5416666666666, 
    542.9999999999999, 
    556.5384615384615, 
    557.2592592592592, 
    463.67857142857144, 
    552.3793103448277, 
    536.2333333333332
   ], 
   "number_of_vehicles": 2
  }, 
  {
   "avg_task_cost_vs_number_of_task": [
    1740, 
    1157.5, 
    1126.5, 
    1497.375, 
    1272.7, 
    1170.1666666666667, 
    1003, 
    1072.625, 
    996.6666666666666, 
    897, 
    815.4545454545455, 
    764.25, 
    770.8461538461538, 
    701.4285714285714, 
    654.6666666666666, 
    613.75, 
    577.6470588235294, 
    556.7222222222222, 
    549.9473684210526, 
    639.775, 
    539.6190476190476, 
    536.9090909090909, 
    500.78260869565224, 
    558.5833333333334, 
    509.9200000000001, 
    511.07692307692315, 
    554.1111111111112, 
    469.7857142857142, 
    541.8620689655172, 
    507.73333333333335
   ], 
   "number_of_vehicles": 3
  }, 
  {
   "avg_task_cost_vs_number_of_task": [
    1740, 
    1157.5, 
    1126.5, 
    1497.375, 
    1272.7, 
    1170.1666666666667, 
    1003, 
    1074.5, 
    996.6666666666666, 
    897, 
    833.7272727272727, 
    716.3333333333334, 
    755.3846153846154, 
    701.4285714285714, 
    654.6666666666666, 
    627.25, 
    598.0588235294117, 
    579.5, 
    648.1578947368421, 
    504.2, 
    542.6190476190475, 
    517.6363636363636, 
    545.8260869565217, 
    562.8333333333334, 
    572.6, 
    519.2692307692308, 
    522.6666666666666, 
    529.9285714285714, 
    463.58620689655174, 
    477.43333333333334
   ], 
   "number_of_vehicles": 4
  }, 
  {
   "avg_task_cost_vs_number_of_task": [
    1740, 
    1157.5, 
    1126.5, 
    1497.375, 
    1272.7, 
    1170.1666666666667, 
    1003, 
    1072.625, 
    955.1111111111111, 
    897, 
    833.7272727272727, 
    747.5, 
    755.3846153846154, 
    701.4285714285714, 
    654.6666666666666, 
    613.75, 
    598.0588235294117, 
    545.5555555555555, 
    552.4736842105264, 
    491, 
    501.85714285714283, 
    559.7727272727273, 
    566.5434782608696, 
    571.7083333333334, 
    590.88, 
    508.5769230769229, 
    492.0740740740741, 
    556.6071428571428, 
    488.44827586206895, 
    515.7666666666667
   ], 
   "number_of_vehicles": 5
  }
 ], 
 "vehicle_starting_positions": [
  "Norwich", 
  "Portsmouth", 
  "Cardiff", 
  "Birmingham", 
  "Sheffield", 
  "Liverpool", 
  "Manchester", 
  "Leeds", 
  "London", 
  "Plymouth", 
  "Newcastle"
 ], 
 "task_distribution": {
  "weight_matrix": [
   [
    0, 
    3, 
    3, 
    3, 
    3, 
    3, 
    3, 
    3, 
    3, 
    3, 
    3
   ], 
   [
    3, 
    0, 
    3, 
    3, 
    3, 
    3, 
    3, 
    3, 
    3, 
    3, 
    3
   ], 
   [
    3, 
    3, 
    0, 
    3, 
    3, 
    3, 
    3, 
    3, 
    3, 
    3, 
    3
   ], 
   [
    3, 
    3, 
    3, 
    0, 
    3, 
    3, 
    3, 
    3, 
    3, 
    3, 
    3
   ], 
   [
    3, 
    3, 
    3, 
    3, 
    0, 
    3, 
    3, 
    3, 
    3, 
    3, 
    3
   ], 
   [
    3, 
    3, 
    3, 
    3, 
    3, 
    0, 
    3, 
    3, 
    3, 
    3, 
    3
   ], 
   [
    3, 
    3, 
    3, 
    3, 
    3, 
    3, 
    0, 
    3, 
    3, 
    3, 
    3
   ], 
   [
    3, 
    3, 
    3, 
    3, 
    3, 
    3, 
    3, 
    0, 
    3, 
    3, 
    3
   ], 
   [
    3, 
    3, 
    3, 
    3, 
    3, 
    3, 
    3, 
    3, 
    0, 
    3, 
    3
   ], 
   [
    3, 
    3, 
    3, 
    3, 
    3, 
    3, 
    3, 
    3, 
    3, 
    0, 
    3
   ], 
   [
    3, 
    3, 
    3, 
    3, 
    3, 
    3, 
    3, 
    3, 
    3, 
    3, 
    0
   ]
  ], 
  "city_names": [
   "Cardiff", 
   "Newcastle", 
   "Plymouth", 
   "Norwich", 
   "Manchester", 
   "London", 
   "Leeds", 
   "Sheffield", 
   "Birmingham", 
   "Liverpool", 
   "Portsmouth"
  ], 
  "reward_matrix": [
   [
    0, 
    44455, 
    20684, 
    43918, 
    68638, 
    64503, 
    62087, 
    69479, 
    85625, 
    62427, 
    51114
   ], 
   [
    44455, 
    0, 
    100, 
    23333, 
    69390, 
    43918, 
    88578, 
    81186, 
    65040, 
    75601, 
    30529
   ], 
   [
    20684, 
    100, 
    0, 
    41806, 
    24282, 
    62391, 
    17731, 
    25123, 
    41269, 
    18071, 
    75780
   ], 
   [
    43918, 
    23333, 
    41806, 
    0, 
    47516, 
    85625, 
    40965, 
    48357, 
    64503, 
    41305, 
    72236
   ], 
   [
    68638, 
    69390, 
    24282, 
    47516, 
    0, 
    68101, 
    87021, 
    79628, 
    89223, 
    99999, 
    54712
   ], 
   [
    64503, 
    43918, 
    62391, 
    85625, 
    68101, 
    0, 
    61550, 
    68942, 
    85088, 
    61890, 
    92821
   ], 
   [
    62087, 
    88578, 
    17731, 
    40965, 
    87021, 
    61550, 
    0, 
    98817, 
    82671, 
    93232, 
    48161
   ], 
   [
    69479, 
    81186, 
    25123, 
    48357, 
    79628, 
    68942, 
    98817, 
    0, 
    90064, 
    85840, 
    55553
   ], 
   [
    85625, 
    65040, 
    41269, 
    64503, 
    89223, 
    85088, 
    82671, 
    90064, 
    0, 
    83012, 
    71699
   ], 
   [
    62427, 
    75601, 
    18071, 
    41305, 
    99999, 
    61890, 
    93232, 
    85840, 
    83012, 
    0, 
    48501
   ], 
   [
    51114, 
    30529, 
    75780, 
    72236, 
    54712, 
    92821, 
    48161, 
    55553, 
    71699, 
    48501, 
    0
   ]
  ], 
  "probability_matrix": [
   [
    0, 
    0.12150155814936385, 
    0.01404009109583678, 
    0.31915654520629916, 
    0.07957440539721222, 
    0.0030126721944733785, 
    0.09370503972677277, 
    0.12525403239935953, 
    0.023677705599684296, 
    0.17472395107360128, 
    0.045353999157396734
   ], 
   [
    0.020876770717642382, 
    0, 
    0.01697572724715475, 
    0.06634565004268342, 
    0.09448366907188015, 
    0.16794949605250267, 
    0.18744281240089583, 
    0.02020149731365704, 
    0.08329799109093199, 
    0.16917303268905745, 
    0.17325335337359424
   ], 
   [
    0.010321774454856696, 
    0.10303985920525904, 
    0, 
    0.014252753244161634, 
    0.14490369488062602, 
    0.05693133907103836, 
    0.12613572504421225, 
    0.1996161498387606, 
    0.14625503697385608, 
    0.015496036237632599, 
    0.1830476310495966
   ], 
   [
    0.06057945100251194, 
    0.08776533299296592, 
    0.1612048348462087, 
    0, 
    0.22113370287917983, 
    0.18596574847000497, 
    0.015318081435497254, 
    0.03607790164964939, 
    0.022688560362538173, 
    0.13698783353969318, 
    0.07227855282175044
   ], 
   [
    0.09917307682413001, 
    0.047039886580594624, 
    0.11774700617979884, 
    0.10180061933028108, 
    0, 
    0.14208636969551464, 
    0.010366349264931456, 
    0.13611797061930123, 
    0.08172185507194843, 
    0.10003672720274612, 
    0.1639101392307536
   ], 
   [
    0.062359046437759115, 
    0.13989338010729813, 
    0.042470080416126, 
    0.1387174206322035, 
    0.046725462981393316, 
    0, 
    0.027482349650713875, 
    0.15516639057667264, 
    0.15904354159042977, 
    0.15847509165255286, 
    0.06966723595485098
   ], 
   [
    0.14660774693314305, 
    0.13759618724837105, 
    0.14743857271036098, 
    0.14546245181515732, 
    0.07092488018575875, 
    0.016218030613526085, 
    0, 
    0.09325959892557409, 
    0.025461449260507762, 
    0.07542069638297111, 
    0.14161038592462968
   ], 
   [
    0.1452418223320475, 
    0.02300834344082562, 
    0.06264490819784968, 
    0.15800175685377021, 
    0.051618968656909674, 
    0.10017090838124522, 
    0.001283172337463288, 
    0, 
    0.13881240737326167, 
    0.14934338698795643, 
    0.16987432543867076
   ], 
   [
    0.16962143671401286, 
    0.02833892629817465, 
    0.14479651755979206, 
    0.05763135586843269, 
    0.06803451082925685, 
    0.1715755688085925, 
    0.022614414253554163, 
    0.04816890393956906, 
    0, 
    0.15932462961746452, 
    0.12989373611115043
   ], 
   [
    0.029966571538987196, 
    0.16886417687579483, 
    0.09857775084803158, 
    0.0653474491460883, 
    0.013571294144611834, 
    0.1245161758469033, 
    0.09197765994033241, 
    0.13403612512629112, 
    0.19714150748472115, 
    0, 
    0.07600128904823832
   ], 
   [
    0.14037595347317747, 
    0.07235114647975532, 
    0.15711876923399568, 
    0.14189726644350112, 
    0.16797203669480903, 
    0.01228243435603193, 
    0.0035982888847946853, 
    0.14475407466282403, 
    0.08339686736480115, 
    0.07625316240630964, 
    0
   ]
  ]
 }
}