{
 "vehicle_cost_per_km": [
  5, 
  15, 
  15, 
  5, 
  5, 
  5, 
  5, 
  5, 
  5, 
  5, 
  5
 ], 
 "runs": [
  {
   "avg_task_cost_vs_number_of_task": [
    3063, 
    2689, 
    1910.333333333333, 
    1720.25, 
    1376.2, 
    1146.8333333333333, 
    982.9999999999999, 
    1201.1875, 
    1072.5555555555557, 
    1002.25, 
    959.8636363636364, 
    1004.7500000000003, 
    946.5, 
    895.142857142857, 
    961.5333333333334, 
    967.3125, 
    793.9411764705884, 
    814.1111111111113, 
    961.9736842105265, 
    964.1000000000001, 
    799, 
    793.7272727272727, 
    893.5, 
    845.3749999999999, 
    906.52, 
    872.4615384615385, 
    909.9629629629633, 
    910.5, 
    947.9655172413793, 
    834.5333333333333
   ], 
   "number_of_vehicles": 3
  }
 ], 
 "vehicle_starting_positions": [
  "Newcastle", 
  "Cardiff", 
  "Plymouth", 
  "Norwich", 
  "Manchester", 
  "London", 
  "Leeds", 
  "Sheffield", 
  "Birmingham", 
  "Liverpool", 
  "Portsmouth"
 ], 
 "task_distribution": {
  "distance_matrix": [
   [
    0, 
    345, 
    477.8, 
    348, 
    209.9, 
    233, 
    246.5, 
    205.2, 
    115, 
    244.6, 
    307.8
   ], 
   [
    345, 
    0, 
    592.8, 
    463, 
    205.7, 
    348, 
    98.5, 
    139.8, 
    230, 
    171, 
    422.8
   ], 
   [
    477.8, 
    592.8, 
    0, 
    359.8, 
    457.7, 
    244.8, 
    494.3, 
    453, 
    362.8, 
    492.4, 
    170
   ], 
   [
    348, 
    463, 
    359.8, 
    0, 
    327.9, 
    115, 
    364.5, 
    323.2, 
    233, 
    362.6, 
    189.8
   ], 
   [
    209.9, 
    205.7, 
    457.7, 
    327.9, 
    0, 
    212.9, 
    107.2, 
    148.5, 
    94.9, 
    34.7, 
    287.7
   ], 
   [
    233, 
    348, 
    244.8, 
    115, 
    212.9, 
    0, 
    249.5, 
    208.2, 
    118, 
    247.6, 
    74.8
   ], 
   [
    246.5, 
    98.5, 
    494.3, 
    364.5, 
    107.2, 
    249.5, 
    0, 
    41.3, 
    131.5, 
    72.5, 
    324.3
   ], 
   [
    205.2, 
    139.8, 
    453, 
    323.2, 
    148.5, 
    208.2, 
    41.3, 
    0, 
    90.2, 
    113.8, 
    283
   ], 
   [
    115, 
    230, 
    362.8, 
    233, 
    94.9, 
    118, 
    131.5, 
    90.2, 
    0, 
    129.6, 
    192.8
   ], 
   [
    244.6, 
    171, 
    492.4, 
    362.6, 
    34.7, 
    247.6, 
    72.5, 
    113.8, 
    129.6, 
    0, 
    322.4
   ], 
   [
    307.8, 
    422.8, 
    170, 
    189.8, 
    287.7, 
    74.8, 
    324.3, 
    283, 
    192.8, 
    322.4, 
    0
   ]
  ], 
  "weight_matrix": [
   [
    0, 
    3, 
    3, 
    3, 
    3, 
    3, 
    3, 
    3, 
    3, 
    3, 
    3
   ], 
   [
    3, 
    0, 
    3, 
    3, 
    3, 
    3, 
    3, 
    3, 
    3, 
    3, 
    3
   ], 
   [
    3, 
    3, 
    0, 
    3, 
    3, 
    3, 
    3, 
    3, 
    3, 
    3, 
    3
   ], 
   [
    3, 
    3, 
    3, 
    0, 
    3, 
    3, 
    3, 
    3, 
    3, 
    3, 
    3
   ], 
   [
    3, 
    3, 
    3, 
    3, 
    0, 
    3, 
    3, 
    3, 
    3, 
    3, 
    3
   ], 
   [
    3, 
    3, 
    3, 
    3, 
    3, 
    0, 
    3, 
    3, 
    3, 
    3, 
    3
   ], 
   [
    3, 
    3, 
    3, 
    3, 
    3, 
    3, 
    0, 
    3, 
    3, 
    3, 
    3
   ], 
   [
    3, 
    3, 
    3, 
    3, 
    3, 
    3, 
    3, 
    0, 
    3, 
    3, 
    3
   ], 
   [
    3, 
    3, 
    3, 
    3, 
    3, 
    3, 
    3, 
    3, 
    0, 
    3, 
    3
   ], 
   [
    3, 
    3, 
    3, 
    3, 
    3, 
    3, 
    3, 
    3, 
    3, 
    0, 
    3
   ], 
   [
    3, 
    3, 
    3, 
    3, 
    3, 
    3, 
    3, 
    3, 
    3, 
    3, 
    0
   ]
  ], 
  "city_names": [
   "Cardiff", 
   "Newcastle", 
   "Plymouth", 
   "Norwich", 
   "Manchester", 
   "London", 
   "Leeds", 
   "Sheffield", 
   "Birmingham", 
   "Liverpool", 
   "Portsmouth"
  ], 
  "reward_matrix": [
   [
    0, 
    44455, 
    20684, 
    43918, 
    68638, 
    64503, 
    62087, 
    69479, 
    85625, 
    62427, 
    51114
   ], 
   [
    44455, 
    0, 
    100, 
    23333, 
    69390, 
    43918, 
    88578, 
    81186, 
    65040, 
    75601, 
    30529
   ], 
   [
    20684, 
    100, 
    0, 
    41806, 
    24282, 
    62391, 
    17731, 
    25123, 
    41269, 
    18071, 
    75780
   ], 
   [
    43918, 
    23333, 
    41806, 
    0, 
    47516, 
    85625, 
    40965, 
    48357, 
    64503, 
    41305, 
    72236
   ], 
   [
    68638, 
    69390, 
    24282, 
    47516, 
    0, 
    68101, 
    87021, 
    79628, 
    89223, 
    99999, 
    54712
   ], 
   [
    64503, 
    43918, 
    62391, 
    85625, 
    68101, 
    0, 
    61550, 
    68942, 
    85088, 
    61890, 
    92821
   ], 
   [
    62087, 
    88578, 
    17731, 
    40965, 
    87021, 
    61550, 
    0, 
    98817, 
    82671, 
    93232, 
    48161
   ], 
   [
    69479, 
    81186, 
    25123, 
    48357, 
    79628, 
    68942, 
    98817, 
    0, 
    90064, 
    85840, 
    55553
   ], 
   [
    85625, 
    65040, 
    41269, 
    64503, 
    89223, 
    85088, 
    82671, 
    90064, 
    0, 
    83012, 
    71699
   ], 
   [
    62427, 
    75601, 
    18071, 
    41305, 
    99999, 
    61890, 
    93232, 
    85840, 
    83012, 
    0, 
    48501
   ], 
   [
    51114, 
    30529, 
    75780, 
    72236, 
    54712, 
    92821, 
    48161, 
    55553, 
    71699, 
    48501, 
    0
   ]
  ], 
  "probability_matrix": [
   [
    0, 
    0.29180586088513405, 
    0.15173465467863118, 
    0.057944341233581685, 
    0.006489869440122524, 
    0.014410893515718576, 
    0.1391606941620894, 
    0.049706299945644614, 
    0.06724245451593666, 
    0.0287286138594422, 
    0.19277631776369902
   ], 
   [
    0.057170106893298815, 
    0, 
    0.08970484365138892, 
    0.05813205666494805, 
    0.15482589322572107, 
    0.08835307719950267, 
    0.08196416188136478, 
    0.10865869147540501, 
    0.12995864788541775, 
    0.1004900468870114, 
    0.1307424742359417
   ], 
   [
    0.0037447188748688837, 
    0.025189055961626954, 
    0, 
    0.10006072711716711, 
    0.17220695429635463, 
    0.17278650634119344, 
    0.04542373209945076, 
    0.14802367712736345, 
    0.12853713682044704, 
    0.029887948376250875, 
    0.17413954298527692
   ], 
   [
    0.06051649007852511, 
    0.018086527681959754, 
    0.10554530637544883, 
    0, 
    0.16278158106580967, 
    0.17450175616820485, 
    0.17823632210128562, 
    0.07078892622363873, 
    0.062147969127066945, 
    0.1562419836533079, 
    0.011153137524752872
   ], 
   [
    0.11571972332913712, 
    0.03242278938156992, 
    0.06442120556793351, 
    0.15005965649524253, 
    0, 
    0.10962302815920588, 
    0.15399503419838073, 
    0.15425438315023013, 
    0.023539772171556245, 
    0.0986590454232047, 
    0.09730536212353919
   ], 
   [
    0.11098534726952233, 
    0.13778209236872727, 
    0.047874745485500844, 
    0.11643430465017393, 
    0.19212504288326637, 
    0, 
    0.13824756668787574, 
    0.10424803094494446, 
    0.1229230112738639, 
    0.025017508412679718, 
    0.004362350023445522
   ], 
   [
    0.14146444953561568, 
    0.03945629341849985, 
    0.158192994965096, 
    0.08705936002342254, 
    0.17545414199352946, 
    0.0814093680574123, 
    0, 
    0.015327776039275213, 
    0.04571191670696349, 
    0.1506711157148832, 
    0.10525258354530222
   ], 
   [
    0.01182635767958081, 
    0.008503069835039796, 
    0.3394639889326121, 
    0.04346639409256369, 
    0.03905207118346373, 
    0.07113076643377535, 
    0.010048769210838051, 
    0, 
    0.2021632685789618, 
    0.11751884054517055, 
    0.15682647350799434
   ], 
   [
    0.13039503273295142, 
    0.12943240247924723, 
    0.09789511888621359, 
    0.11819123507040956, 
    0.04685841141909857, 
    0.042965778992998575, 
    0.1234706865554916, 
    0.11618716979748667, 
    0, 
    0.12239025177462959, 
    0.07221391229147309
   ], 
   [
    0.10192655196249581, 
    0.07905877725853853, 
    0.15545575738864925, 
    0.06013615816921813, 
    0.11980600692179097, 
    0.16817127874284696, 
    0.1906365908406534, 
    0.020994817493787763, 
    0.006301895930251209, 
    0, 
    0.09751216529176804
   ], 
   [
    0.1901910101340709, 
    0.016952434045183224, 
    0.015878155716009576, 
    0.10376643010703135, 
    0.04000505993528229, 
    0.12485114533234377, 
    0.1347409464050287, 
    0.1432507903947067, 
    0.15462767070355565, 
    0.07573635722678787, 
    0
   ]
  ]
 }, 
 "vehicle_capacities": [
  15, 
  15, 
  15, 
  30, 
  30, 
  30, 
  30, 
  30, 
  30, 
  30, 
  30
 ]
}