{
 "vehicle_cost_per_km": [
  5, 
  5, 
  10, 
  5, 
  5, 
  5, 
  5, 
  5, 
  5, 
  5, 
  5
 ], 
 "runs": [
  {
   "avg_task_cost_vs_number_of_task": [
    2412.5, 
    1493.75, 
    1721, 
    1819.25, 
    1691.4, 
    1606.1666666666667, 
    1461.857142857143, 
    1368.9999999999998, 
    1484, 
    1543.7999999999997, 
    1660.7272727272723, 
    1551.2499999999993, 
    1592.0769230769224, 
    1522.214285714285, 
    1540.6666666666663, 
    1500.7499999999995, 
    1491.3529411764703, 
    1505.9999999999995, 
    1555.5789473684208, 
    1563.1999999999996, 
    1615.380952380952, 
    1593.7727272727273, 
    1598.8260869565215, 
    1598.7916666666667, 
    1579.2799999999997, 
    1581.307692307692, 
    1548.5925925925924, 
    1556.9285714285713, 
    1558.5862068965514, 
    1517.3999999999994
   ], 
   "number_of_vehicles": 3
  }
 ], 
 "vehicle_starting_positions": [
  "Newcastle", 
  "Cardiff", 
  "Plymouth", 
  "Norwich", 
  "Manchester", 
  "London", 
  "Leeds", 
  "Sheffield", 
  "Birmingham", 
  "Liverpool", 
  "Portsmouth"
 ], 
 "task_distribution": {
  "distance_matrix": [
   [
    0, 
    345, 
    477.8, 
    348, 
    209.9, 
    233, 
    246.5, 
    205.2, 
    115, 
    244.6, 
    307.8
   ], 
   [
    345, 
    0, 
    592.8, 
    463, 
    205.7, 
    348, 
    98.5, 
    139.8, 
    230, 
    171, 
    422.8
   ], 
   [
    477.8, 
    592.8, 
    0, 
    359.8, 
    457.7, 
    244.8, 
    494.3, 
    453, 
    362.8, 
    492.4, 
    170
   ], 
   [
    348, 
    463, 
    359.8, 
    0, 
    327.9, 
    115, 
    364.5, 
    323.2, 
    233, 
    362.6, 
    189.8
   ], 
   [
    209.9, 
    205.7, 
    457.7, 
    327.9, 
    0, 
    212.9, 
    107.2, 
    148.5, 
    94.9, 
    34.7, 
    287.7
   ], 
   [
    233, 
    348, 
    244.8, 
    115, 
    212.9, 
    0, 
    249.5, 
    208.2, 
    118, 
    247.6, 
    74.8
   ], 
   [
    246.5, 
    98.5, 
    494.3, 
    364.5, 
    107.2, 
    249.5, 
    0, 
    41.3, 
    131.5, 
    72.5, 
    324.3
   ], 
   [
    205.2, 
    139.8, 
    453, 
    323.2, 
    148.5, 
    208.2, 
    41.3, 
    0, 
    90.2, 
    113.8, 
    283
   ], 
   [
    115, 
    230, 
    362.8, 
    233, 
    94.9, 
    118, 
    131.5, 
    90.2, 
    0, 
    129.6, 
    192.8
   ], 
   [
    244.6, 
    171, 
    492.4, 
    362.6, 
    34.7, 
    247.6, 
    72.5, 
    113.8, 
    129.6, 
    0, 
    322.4
   ], 
   [
    307.8, 
    422.8, 
    170, 
    189.8, 
    287.7, 
    74.8, 
    324.3, 
    283, 
    192.8, 
    322.4, 
    0
   ]
  ], 
  "weight_matrix": [
   [
    0, 
    3, 
    3, 
    3, 
    3, 
    3, 
    3, 
    3, 
    3, 
    3, 
    3
   ], 
   [
    3, 
    0, 
    3, 
    3, 
    3, 
    3, 
    3, 
    3, 
    3, 
    3, 
    3
   ], 
   [
    3, 
    3, 
    0, 
    3, 
    3, 
    3, 
    3, 
    3, 
    3, 
    3, 
    3
   ], 
   [
    3, 
    3, 
    3, 
    0, 
    3, 
    3, 
    3, 
    3, 
    3, 
    3, 
    3
   ], 
   [
    3, 
    3, 
    3, 
    3, 
    0, 
    3, 
    3, 
    3, 
    3, 
    3, 
    3
   ], 
   [
    3, 
    3, 
    3, 
    3, 
    3, 
    0, 
    3, 
    3, 
    3, 
    3, 
    3
   ], 
   [
    3, 
    3, 
    3, 
    3, 
    3, 
    3, 
    0, 
    3, 
    3, 
    3, 
    3
   ], 
   [
    3, 
    3, 
    3, 
    3, 
    3, 
    3, 
    3, 
    0, 
    3, 
    3, 
    3
   ], 
   [
    3, 
    3, 
    3, 
    3, 
    3, 
    3, 
    3, 
    3, 
    0, 
    3, 
    3
   ], 
   [
    3, 
    3, 
    3, 
    3, 
    3, 
    3, 
    3, 
    3, 
    3, 
    0, 
    3
   ], 
   [
    3, 
    3, 
    3, 
    3, 
    3, 
    3, 
    3, 
    3, 
    3, 
    3, 
    0
   ]
  ], 
  "city_names": [
   "Cardiff", 
   "Newcastle", 
   "Plymouth", 
   "Norwich", 
   "Manchester", 
   "London", 
   "Leeds", 
   "Sheffield", 
   "Birmingham", 
   "Liverpool", 
   "Portsmouth"
  ], 
  "reward_matrix": [
   [
    0, 
    44455, 
    20684, 
    43918, 
    68638, 
    64503, 
    62087, 
    69479, 
    85625, 
    62427, 
    51114
   ], 
   [
    44455, 
    0, 
    100, 
    23333, 
    69390, 
    43918, 
    88578, 
    81186, 
    65040, 
    75601, 
    30529
   ], 
   [
    20684, 
    100, 
    0, 
    41806, 
    24282, 
    62391, 
    17731, 
    25123, 
    41269, 
    18071, 
    75780
   ], 
   [
    43918, 
    23333, 
    41806, 
    0, 
    47516, 
    85625, 
    40965, 
    48357, 
    64503, 
    41305, 
    72236
   ], 
   [
    68638, 
    69390, 
    24282, 
    47516, 
    0, 
    68101, 
    87021, 
    79628, 
    89223, 
    99999, 
    54712
   ], 
   [
    64503, 
    43918, 
    62391, 
    85625, 
    68101, 
    0, 
    61550, 
    68942, 
    85088, 
    61890, 
    92821
   ], 
   [
    62087, 
    88578, 
    17731, 
    40965, 
    87021, 
    61550, 
    0, 
    98817, 
    82671, 
    93232, 
    48161
   ], 
   [
    69479, 
    81186, 
    25123, 
    48357, 
    79628, 
    68942, 
    98817, 
    0, 
    90064, 
    85840, 
    55553
   ], 
   [
    85625, 
    65040, 
    41269, 
    64503, 
    89223, 
    85088, 
    82671, 
    90064, 
    0, 
    83012, 
    71699
   ], 
   [
    62427, 
    75601, 
    18071, 
    41305, 
    99999, 
    61890, 
    93232, 
    85840, 
    83012, 
    0, 
    48501
   ], 
   [
    51114, 
    30529, 
    75780, 
    72236, 
    54712, 
    92821, 
    48161, 
    55553, 
    71699, 
    48501, 
    0
   ]
  ], 
  "probability_matrix": [
   [
    0, 
    0.12387556234063656, 
    0.10850113879080381, 
    0.13639084160012369, 
    0.11339422124103965, 
    0.1141112439969437, 
    0.083324698964648, 
    0.104854760507082, 
    0.09591894987511773, 
    0.04328669955489969, 
    0.07634188312870524
   ], 
   [
    0.13513516661342279, 
    0, 
    0.0562006102582049, 
    0.03306837366553353, 
    0.07395205518753321, 
    0.17951232371041048, 
    0.17478750397778484, 
    0.09265820638440449, 
    0.0243790977784454, 
    0.07689609111055727, 
    0.15341057131370295
   ], 
   [
    0.16663058244045018, 
    0.04486260367075407, 
    0, 
    0.06151622623097513, 
    0.08738706660008282, 
    0.08571406051858674, 
    0.17507075529606558, 
    0.1623351062438993, 
    0.10424771815948046, 
    0.03242620684343096, 
    0.07980967399627464
   ], 
   [
    0.06065295734605672, 
    0.007992075844993151, 
    0.21419152628147378, 
    0, 
    0.008770068041827337, 
    0.30142855040346866, 
    0.051033888244078014, 
    0.07236814049497, 
    0.09586994333263225, 
    0.18494622674582548, 
    0.002746623264674797
   ], 
   [
    0.04234498700752506, 
    0.16109669733656215, 
    0.1528851338328006, 
    0.11631528413938233, 
    0, 
    0.07967194182779441, 
    0.05452386352192648, 
    0.018081612823856875, 
    0.06514641329337996, 
    0.19707021882733008, 
    0.11286384738944218
   ], 
   [
    0.031925591490769886, 
    0.16688353926218416, 
    0.13137846446855048, 
    0.13821628395051652, 
    0.032846349157994455, 
    0, 
    0.17445820066561368, 
    0.1426510065559157, 
    0.037171367320634474, 
    0.07797342027277418, 
    0.06649577685504646
   ], 
   [
    0.02586665307335852, 
    0.09558235845422637, 
    0.06072766614333403, 
    0.11747041962534695, 
    0.17521249157288038, 
    0.21888172620198207, 
    0, 
    0.010708007031519712, 
    0.11029468747510514, 
    0.026707670336297014, 
    0.15854832008594968
   ], 
   [
    0.1580082543963671, 
    0.15516135765801564, 
    0.00802577573167455, 
    0.13585004028782008, 
    0.09401675184832603, 
    0.16400484810801902, 
    0.022752906061954858, 
    0, 
    0.14147319145859383, 
    0.0852169049501416, 
    0.03548996949908734
   ], 
   [
    0.05692877561887471, 
    0.11475071033057585, 
    0.01165774075210954, 
    0.1096590028456363, 
    0.17007635288456854, 
    0.1767512891474754, 
    0.12428069726676833, 
    0.06509330748002846, 
    0, 
    0.09654527422459214, 
    0.07425684944937068
   ], 
   [
    0.0682628688090826, 
    0.16660517620622284, 
    0.09041576517240325, 
    0.08060763604822926, 
    0.028060713526563516, 
    0.1527418620472626, 
    0.15218129003851188, 
    0.05763059362816786, 
    0.1598907140149101, 
    0, 
    0.04360338050864588
   ], 
   [
    0.08052082621013067, 
    0.17836722668759725, 
    0.02807069478204937, 
    0.14426890308612575, 
    0.10196705719482779, 
    0.13719857619572015, 
    0.13960270674609776, 
    0.08215700522266703, 
    0.06807266319274614, 
    0.03977434068203787, 
    0
   ]
  ]
 }, 
 "vehicle_capacities": [
  5, 
  5, 
  5, 
  30, 
  30, 
  30, 
  30, 
  30, 
  30, 
  30, 
  30
 ]
}