{
 "vehicle_cost_per_km": [
  5, 
  5, 
  5, 
  5, 
  5
 ], 
 "runs": [
  {
   "avg_task_cost_vs_number_of_task": [
    1612, 
    1155.5, 
    1337, 
    1002.7500000000001, 
    1032.2, 
    955, 
    961.7142857142857, 
    893.125, 
    907.8888888888889, 
    901.3999999999999, 
    805.8181818181819, 
    763.25, 
    716.5384615384614, 
    669.75, 
    670.8666666666667, 
    642.4375, 
    591.9411764705883, 
    571.0555555555555, 
    616.2894736842104, 
    538.5249999999999, 
    556.047619047619, 
    563.3181818181819, 
    507.7391304347826, 
    493.4166666666667, 
    453, 
    481.9230769230769, 
    523.9629629629629, 
    475.96428571428567, 
    475.3448275862069, 
    442.76666666666665
   ], 
   "number_of_vehicles": 2
  }, 
  {
   "avg_task_cost_vs_number_of_task": [
    1612, 
    1155.5, 
    1337, 
    1002.7500000000001, 
    1032.2, 
    955, 
    961.7142857142857, 
    893.125, 
    907.8888888888888, 
    886.4, 
    805.8181818181819, 
    738.6666666666666, 
    841.6923076923077, 
    723.0714285714284, 
    722.8, 
    654.375, 
    637.7647058823529, 
    571.0555555555555, 
    670.2631578947369, 
    566.25, 
    623.4285714285714, 
    646.1363636363635, 
    630.6521739130435, 
    573.7083333333334, 
    474.12000000000006, 
    538.9230769230769, 
    520.7407407407408, 
    498.23214285714283, 
    516.6896551724138, 
    527.5999999999999
   ], 
   "number_of_vehicles": 3
  }, 
  {
   "avg_task_cost_vs_number_of_task": [
    1612, 
    1155.5, 
    1053.6666666666667, 
    790.25, 
    862.2, 
    955, 
    1020.7142857142856, 
    893.125, 
    907.8888888888889, 
    886.4, 
    884.3636363636361, 
    763.25, 
    704.5384615384614, 
    673.3571428571428, 
    688.6333333333333, 
    751.3125, 
    680.7352941176471, 
    588.75, 
    594.236842105263, 
    607.85, 
    612.3571428571429, 
    520.5681818181819, 
    598.7391304347827, 
    548.4583333333334, 
    528.9200000000001, 
    471.7692307692308, 
    491.1666666666667, 
    512.0714285714286, 
    575.551724137931, 
    536.7333333333333
   ], 
   "number_of_vehicles": 4
  }, 
  {
   "avg_task_cost_vs_number_of_task": [
    1612, 
    1155.5, 
    1053.6666666666667, 
    790.25, 
    862.2, 
    955, 
    967.2857142857141, 
    846.3749999999999, 
    880.111111111111, 
    906.1, 
    824.6363636363636, 
    882.9166666666666, 
    704.5384615384614, 
    723.0714285714286, 
    688.6333333333333, 
    680.1875, 
    612.8235294117648, 
    609.8888888888889, 
    643.8684210526316, 
    514.975, 
    549.5714285714286, 
    557.5454545454546, 
    497.93478260869574, 
    466.4166666666666, 
    590.48, 
    579.2307692307693, 
    513.7037037037037, 
    399.7857142857142, 
    513.4137931034483, 
    493.9666666666666
   ], 
   "number_of_vehicles": 5
  }
 ], 
 "vehicle_starting_positions": [
  "Liverpool", 
  "Newcastle", 
  "Sheffield", 
  "Plymouth", 
  "London", 
  "Birmingham", 
  "Leeds", 
  "Portsmouth", 
  "Norwich", 
  "Manchester", 
  "Cardiff"
 ], 
 "task_distribution": {
  "distance_matrix": [
   [
    0, 
    345, 
    477.8, 
    348, 
    209.9, 
    233, 
    246.5, 
    205.2, 
    115, 
    244.6, 
    307.8
   ], 
   [
    345, 
    0, 
    592.8, 
    463, 
    205.7, 
    348, 
    98.5, 
    139.8, 
    230, 
    171, 
    422.8
   ], 
   [
    477.8, 
    592.8, 
    0, 
    359.8, 
    457.7, 
    244.8, 
    494.3, 
    453, 
    362.8, 
    492.4, 
    170
   ], 
   [
    348, 
    463, 
    359.8, 
    0, 
    327.9, 
    115, 
    364.5, 
    323.2, 
    233, 
    362.6, 
    189.8
   ], 
   [
    209.9, 
    205.7, 
    457.7, 
    327.9, 
    0, 
    212.9, 
    107.2, 
    148.5, 
    94.9, 
    34.7, 
    287.7
   ], 
   [
    233, 
    348, 
    244.8, 
    115, 
    212.9, 
    0, 
    249.5, 
    208.2, 
    118, 
    247.6, 
    74.8
   ], 
   [
    246.5, 
    98.5, 
    494.3, 
    364.5, 
    107.2, 
    249.5, 
    0, 
    41.3, 
    131.5, 
    72.5, 
    324.3
   ], 
   [
    205.2, 
    139.8, 
    453, 
    323.2, 
    148.5, 
    208.2, 
    41.3, 
    0, 
    90.2, 
    113.8, 
    283
   ], 
   [
    115, 
    230, 
    362.8, 
    233, 
    94.9, 
    118, 
    131.5, 
    90.2, 
    0, 
    129.6, 
    192.8
   ], 
   [
    244.6, 
    171, 
    492.4, 
    362.6, 
    34.7, 
    247.6, 
    72.5, 
    113.8, 
    129.6, 
    0, 
    322.4
   ], 
   [
    307.8, 
    422.8, 
    170, 
    189.8, 
    287.7, 
    74.8, 
    324.3, 
    283, 
    192.8, 
    322.4, 
    0
   ]
  ], 
  "weight_matrix": [
   [
    0, 
    3, 
    3, 
    3, 
    3, 
    3, 
    3, 
    3, 
    3, 
    3, 
    3
   ], 
   [
    3, 
    0, 
    3, 
    3, 
    3, 
    3, 
    3, 
    3, 
    3, 
    3, 
    3
   ], 
   [
    3, 
    3, 
    0, 
    3, 
    3, 
    3, 
    3, 
    3, 
    3, 
    3, 
    3
   ], 
   [
    3, 
    3, 
    3, 
    0, 
    3, 
    3, 
    3, 
    3, 
    3, 
    3, 
    3
   ], 
   [
    3, 
    3, 
    3, 
    3, 
    0, 
    3, 
    3, 
    3, 
    3, 
    3, 
    3
   ], 
   [
    3, 
    3, 
    3, 
    3, 
    3, 
    0, 
    3, 
    3, 
    3, 
    3, 
    3
   ], 
   [
    3, 
    3, 
    3, 
    3, 
    3, 
    3, 
    0, 
    3, 
    3, 
    3, 
    3
   ], 
   [
    3, 
    3, 
    3, 
    3, 
    3, 
    3, 
    3, 
    0, 
    3, 
    3, 
    3
   ], 
   [
    3, 
    3, 
    3, 
    3, 
    3, 
    3, 
    3, 
    3, 
    0, 
    3, 
    3
   ], 
   [
    3, 
    3, 
    3, 
    3, 
    3, 
    3, 
    3, 
    3, 
    3, 
    0, 
    3
   ], 
   [
    3, 
    3, 
    3, 
    3, 
    3, 
    3, 
    3, 
    3, 
    3, 
    3, 
    0
   ]
  ], 
  "city_names": [
   "Cardiff", 
   "Newcastle", 
   "Plymouth", 
   "Norwich", 
   "Manchester", 
   "London", 
   "Leeds", 
   "Sheffield", 
   "Birmingham", 
   "Liverpool", 
   "Portsmouth"
  ], 
  "reward_matrix": [
   [
    0, 
    44455, 
    20684, 
    43918, 
    68638, 
    64503, 
    62087, 
    69479, 
    85625, 
    62427, 
    51114
   ], 
   [
    44455, 
    0, 
    100, 
    23333, 
    69390, 
    43918, 
    88578, 
    81186, 
    65040, 
    75601, 
    30529
   ], 
   [
    20684, 
    100, 
    0, 
    41806, 
    24282, 
    62391, 
    17731, 
    25123, 
    41269, 
    18071, 
    75780
   ], 
   [
    43918, 
    23333, 
    41806, 
    0, 
    47516, 
    85625, 
    40965, 
    48357, 
    64503, 
    41305, 
    72236
   ], 
   [
    68638, 
    69390, 
    24282, 
    47516, 
    0, 
    68101, 
    87021, 
    79628, 
    89223, 
    99999, 
    54712
   ], 
   [
    64503, 
    43918, 
    62391, 
    85625, 
    68101, 
    0, 
    61550, 
    68942, 
    85088, 
    61890, 
    92821
   ], 
   [
    62087, 
    88578, 
    17731, 
    40965, 
    87021, 
    61550, 
    0, 
    98817, 
    82671, 
    93232, 
    48161
   ], 
   [
    69479, 
    81186, 
    25123, 
    48357, 
    79628, 
    68942, 
    98817, 
    0, 
    90064, 
    85840, 
    55553
   ], 
   [
    85625, 
    65040, 
    41269, 
    64503, 
    89223, 
    85088, 
    82671, 
    90064, 
    0, 
    83012, 
    71699
   ], 
   [
    62427, 
    75601, 
    18071, 
    41305, 
    99999, 
    61890, 
    93232, 
    85840, 
    83012, 
    0, 
    48501
   ], 
   [
    51114, 
    30529, 
    75780, 
    72236, 
    54712, 
    92821, 
    48161, 
    55553, 
    71699, 
    48501, 
    0
   ]
  ], 
  "probability_matrix": [
   [
    0, 
    0.07076388002469895, 
    0.1397902286505408, 
    0.09204828560224113, 
    0.12669644672294147, 
    0.11959453601384137, 
    0.05965913759320441, 
    0.01800636886162594, 
    0.1464458352224094, 
    0.10976123461689703, 
    0.11723404669159941
   ], 
   [
    0.10942357242245464, 
    0, 
    0.1895515796026149, 
    0.14231270458372658, 
    0.1416264374551431, 
    0.012788234444126172, 
    0.04588567154654339, 
    0.11544083784170732, 
    0.1777213815369985, 
    0.05764996924801709, 
    0.007599611318668188
   ], 
   [
    0.07008064366000522, 
    0.10999176744855274, 
    0, 
    0.11250721265211153, 
    0.06168592337791041, 
    0.08164910400420676, 
    0.144184931472381, 
    0.022168436420017482, 
    0.17227912792244646, 
    0.05634915357263387, 
    0.1691036994697347
   ], 
   [
    0.051910773423655326, 
    0.11168400847707688, 
    0.006898840685484118, 
    0, 
    0.15611360666740737, 
    0.07988227785717289, 
    0.13710182233970644, 
    0.1674359830853183, 
    0.09393799673959842, 
    0.0761166483312248, 
    0.1189180423933554
   ], 
   [
    0.12795846187741364, 
    0.12847436184976324, 
    0.0931802562350543, 
    0.04821490180315538, 
    0, 
    0.0866158507470356, 
    0.14543800926580205, 
    0.09124621015448099, 
    0.14667003170009674, 
    0.0069683664000741745, 
    0.12523354996712394
   ], 
   [
    0.13084566929722266, 
    0.10096749208128604, 
    0.143916322573487, 
    0.19157236863584928, 
    0.0676024848716552, 
    0, 
    0.00024178317293499437, 
    0.17255954717302605, 
    0.10618290015886514, 
    0.01655167923270442, 
    0.06955975280296918
   ], 
   [
    0.09140395534706361, 
    0.05145690826200107, 
    0.056149366964107716, 
    0.1395105507758687, 
    0.016388027737469453, 
    0.14830508025573866, 
    0, 
    0.11897472295809347, 
    0.12413917166254797, 
    0.10297141832561994, 
    0.15070079771148928
   ], 
   [
    0.1537967782649471, 
    0.04037348170737567, 
    0.058361300545025765, 
    0.09977558095977217, 
    0.07911109800029252, 
    0.04403887959106623, 
    0.13773133729359843, 
    0, 
    0.15758949525428162, 
    0.12549147594921464, 
    0.10373057243442597
   ], 
   [
    0.11846376479960007, 
    0.09785062039177199, 
    0.107220565930951, 
    0.09984146787473316, 
    0.03421412315820135, 
    0.058695153985083966, 
    0.14193125870934553, 
    0.13518519851351962, 
    0, 
    0.11888786475061945, 
    0.08770998188617399
   ], 
   [
    0.13001202906702458, 
    0.04426942768394814, 
    0.11253892590804683, 
    0.1249069913840183, 
    0.006832927163269852, 
    0.13070006874925127, 
    0.10703114532600319, 
    0.0764227875540461, 
    0.11482020424294788, 
    0, 
    0.15246549292144396
   ], 
   [
    0.08608550092114954, 
    0.15099263204350497, 
    0.07580465874157505, 
    0.12510898362471518, 
    0.1187462040786187, 
    0.01621619045831072, 
    0.12399629382265198, 
    0.004358903451235503, 
    0.18059351688116906, 
    0.11809711597706941, 
    0
   ]
  ]
 }, 
 "vehicle_capacities": [
  30, 
  30, 
  30, 
  30, 
  30
 ]
}