{
 "vehicle_cost_per_km": [
  5, 
  10, 
  5, 
  5, 
  5, 
  5, 
  5, 
  5, 
  5, 
  5, 
  5
 ], 
 "runs": [
  {
   "avg_task_cost_vs_number_of_task": [
    2964, 
    1482, 
    988, 
    1065, 
    1082, 
    1059.8333333333333, 
    908.4285714285714, 
    1084.25, 
    963.7777777777778, 
    993.9, 
    903.5454545454545, 
    828.25, 
    823.4615384615385, 
    816.0000000000001, 
    911.2666666666667, 
    918.0625, 
    897.8823529411765, 
    899.6388888888889, 
    849.421052631579, 
    936.25, 
    978.7619047619048, 
    915.2272727272727, 
    968.0434782608696, 
    925.0833333333334, 
    900.42, 
    896.6346153846154, 
    941.8888888888889, 
    907.4999999999999, 
    932.4827586206897, 
    856.3500000000001
   ], 
   "number_of_vehicles": 3
  }
 ], 
 "vehicle_starting_positions": [
  "Newcastle", 
  "Cardiff", 
  "Plymouth", 
  "Norwich", 
  "Manchester", 
  "London", 
  "Leeds", 
  "Sheffield", 
  "Birmingham", 
  "Liverpool", 
  "Portsmouth"
 ], 
 "task_distribution": {
  "distance_matrix": [
   [
    0, 
    345, 
    477.8, 
    348, 
    209.9, 
    233, 
    246.5, 
    205.2, 
    115, 
    244.6, 
    307.8
   ], 
   [
    345, 
    0, 
    592.8, 
    463, 
    205.7, 
    348, 
    98.5, 
    139.8, 
    230, 
    171, 
    422.8
   ], 
   [
    477.8, 
    592.8, 
    0, 
    359.8, 
    457.7, 
    244.8, 
    494.3, 
    453, 
    362.8, 
    492.4, 
    170
   ], 
   [
    348, 
    463, 
    359.8, 
    0, 
    327.9, 
    115, 
    364.5, 
    323.2, 
    233, 
    362.6, 
    189.8
   ], 
   [
    209.9, 
    205.7, 
    457.7, 
    327.9, 
    0, 
    212.9, 
    107.2, 
    148.5, 
    94.9, 
    34.7, 
    287.7
   ], 
   [
    233, 
    348, 
    244.8, 
    115, 
    212.9, 
    0, 
    249.5, 
    208.2, 
    118, 
    247.6, 
    74.8
   ], 
   [
    246.5, 
    98.5, 
    494.3, 
    364.5, 
    107.2, 
    249.5, 
    0, 
    41.3, 
    131.5, 
    72.5, 
    324.3
   ], 
   [
    205.2, 
    139.8, 
    453, 
    323.2, 
    148.5, 
    208.2, 
    41.3, 
    0, 
    90.2, 
    113.8, 
    283
   ], 
   [
    115, 
    230, 
    362.8, 
    233, 
    94.9, 
    118, 
    131.5, 
    90.2, 
    0, 
    129.6, 
    192.8
   ], 
   [
    244.6, 
    171, 
    492.4, 
    362.6, 
    34.7, 
    247.6, 
    72.5, 
    113.8, 
    129.6, 
    0, 
    322.4
   ], 
   [
    307.8, 
    422.8, 
    170, 
    189.8, 
    287.7, 
    74.8, 
    324.3, 
    283, 
    192.8, 
    322.4, 
    0
   ]
  ], 
  "weight_matrix": [
   [
    0, 
    3, 
    3, 
    3, 
    3, 
    3, 
    3, 
    3, 
    3, 
    3, 
    3
   ], 
   [
    3, 
    0, 
    3, 
    3, 
    3, 
    3, 
    3, 
    3, 
    3, 
    3, 
    3
   ], 
   [
    3, 
    3, 
    0, 
    3, 
    3, 
    3, 
    3, 
    3, 
    3, 
    3, 
    3
   ], 
   [
    3, 
    3, 
    3, 
    0, 
    3, 
    3, 
    3, 
    3, 
    3, 
    3, 
    3
   ], 
   [
    3, 
    3, 
    3, 
    3, 
    0, 
    3, 
    3, 
    3, 
    3, 
    3, 
    3
   ], 
   [
    3, 
    3, 
    3, 
    3, 
    3, 
    0, 
    3, 
    3, 
    3, 
    3, 
    3
   ], 
   [
    3, 
    3, 
    3, 
    3, 
    3, 
    3, 
    0, 
    3, 
    3, 
    3, 
    3
   ], 
   [
    3, 
    3, 
    3, 
    3, 
    3, 
    3, 
    3, 
    0, 
    3, 
    3, 
    3
   ], 
   [
    3, 
    3, 
    3, 
    3, 
    3, 
    3, 
    3, 
    3, 
    0, 
    3, 
    3
   ], 
   [
    3, 
    3, 
    3, 
    3, 
    3, 
    3, 
    3, 
    3, 
    3, 
    0, 
    3
   ], 
   [
    3, 
    3, 
    3, 
    3, 
    3, 
    3, 
    3, 
    3, 
    3, 
    3, 
    0
   ]
  ], 
  "city_names": [
   "Cardiff", 
   "Newcastle", 
   "Plymouth", 
   "Norwich", 
   "Manchester", 
   "London", 
   "Leeds", 
   "Sheffield", 
   "Birmingham", 
   "Liverpool", 
   "Portsmouth"
  ], 
  "reward_matrix": [
   [
    0, 
    44455, 
    20684, 
    43918, 
    68638, 
    64503, 
    62087, 
    69479, 
    85625, 
    62427, 
    51114
   ], 
   [
    44455, 
    0, 
    100, 
    23333, 
    69390, 
    43918, 
    88578, 
    81186, 
    65040, 
    75601, 
    30529
   ], 
   [
    20684, 
    100, 
    0, 
    41806, 
    24282, 
    62391, 
    17731, 
    25123, 
    41269, 
    18071, 
    75780
   ], 
   [
    43918, 
    23333, 
    41806, 
    0, 
    47516, 
    85625, 
    40965, 
    48357, 
    64503, 
    41305, 
    72236
   ], 
   [
    68638, 
    69390, 
    24282, 
    47516, 
    0, 
    68101, 
    87021, 
    79628, 
    89223, 
    99999, 
    54712
   ], 
   [
    64503, 
    43918, 
    62391, 
    85625, 
    68101, 
    0, 
    61550, 
    68942, 
    85088, 
    61890, 
    92821
   ], 
   [
    62087, 
    88578, 
    17731, 
    40965, 
    87021, 
    61550, 
    0, 
    98817, 
    82671, 
    93232, 
    48161
   ], 
   [
    69479, 
    81186, 
    25123, 
    48357, 
    79628, 
    68942, 
    98817, 
    0, 
    90064, 
    85840, 
    55553
   ], 
   [
    85625, 
    65040, 
    41269, 
    64503, 
    89223, 
    85088, 
    82671, 
    90064, 
    0, 
    83012, 
    71699
   ], 
   [
    62427, 
    75601, 
    18071, 
    41305, 
    99999, 
    61890, 
    93232, 
    85840, 
    83012, 
    0, 
    48501
   ], 
   [
    51114, 
    30529, 
    75780, 
    72236, 
    54712, 
    92821, 
    48161, 
    55553, 
    71699, 
    48501, 
    0
   ]
  ], 
  "probability_matrix": [
   [
    0, 
    0.15325831976754356, 
    0.16320578165237756, 
    0.0510150820154408, 
    0.13195196836492892, 
    0.03361309492193287, 
    0.1747585912046731, 
    0.1581513040423567, 
    0.018784668814740314, 
    0.0726869244902969, 
    0.04257426472570933
   ], 
   [
    0.10041868575007891, 
    0, 
    0.13602189161079678, 
    0.11111672309640314, 
    0.1031120804491738, 
    0.07784402057354564, 
    0.10585051702922488, 
    0.09312247928514303, 
    0.02399777371519453, 
    0.11738091837992923, 
    0.13113491011051012
   ], 
   [
    0.1292675096212542, 
    0.12751789783636522, 
    0, 
    0.06290800808002525, 
    0.20702468526599346, 
    0.1525044135467742, 
    0.021272074820278267, 
    0.149833786301904, 
    0.07863514667316766, 
    0.05540493444858774, 
    0.015631543405650164
   ], 
   [
    0.0742770979682047, 
    0.18873759823873945, 
    0.1331760320263641, 
    0, 
    0.10582902216848301, 
    0.08953685900674146, 
    0.02786480578451215, 
    0.028815412349015, 
    0.12573737701734042, 
    0.04311783316803573, 
    0.18290796227256376
   ], 
   [
    0.06205963988771193, 
    0.1192320937834863, 
    0.17303853526571095, 
    0.0607221005422642, 
    0, 
    0.0751985112111117, 
    0.10586571527651013, 
    0.005841773536006285, 
    0.17730857787525783, 
    0.14047677633675024, 
    0.08025627628519055
   ], 
   [
    0.23694776649900814, 
    0.0036033718139076984, 
    0.17765657535053977, 
    0.05161346710628424, 
    0.14729412366925604, 
    0, 
    0.07197908616839778, 
    0.02881239984006305, 
    0.10220146999030318, 
    0.05491638243813023, 
    0.12497535712410983
   ], 
   [
    0.16508451045053374, 
    0.092721331180324, 
    0.1546192436399932, 
    0.012936978219489713, 
    0.13848169225119833, 
    0.07216724274379564, 
    0, 
    0.13330976379286189, 
    0.08444663964805908, 
    0.004235307599645712, 
    0.1419972904740986
   ], 
   [
    0.15978538214223306, 
    0.12167429716856877, 
    0.029306823524958656, 
    0.16281463770860882, 
    0.0984808991123699, 
    0.11872860785886036, 
    0.03687697035236943, 
    0, 
    0.0730458235338731, 
    0.10379304176678543, 
    0.0954935168313726
   ], 
   [
    0.0949594068284606, 
    0.2462897534890196, 
    0.0010693400141613386, 
    0.1266124913850097, 
    0.030084206761812952, 
    0.0070588022847131, 
    0.05854673168970221, 
    0.0890079821292565, 
    0, 
    0.12256765510769728, 
    0.22380363031016676
   ], 
   [
    0.17006399139009604, 
    0.08391187083574167, 
    0.13808056397381668, 
    0.0837531336310247, 
    0.0544262704827652, 
    0.019930672189829076, 
    0.04775737935927278, 
    0.14690191436069258, 
    0.04797967443164049, 
    0, 
    0.2071945293451209
   ], 
   [
    0.14843332155401243, 
    0.1495016986762775, 
    0.0129128092616937, 
    0.07127093435727405, 
    0.13649866282059073, 
    0.053332759147298445, 
    0.16357002474368842, 
    0.1482383762648225, 
    0.01842436066214099, 
    0.09781705251220127, 
    0
   ]
  ]
 }, 
 "vehicle_capacities": [
  10, 
  10, 
  10, 
  30, 
  30, 
  30, 
  30, 
  30, 
  30, 
  30, 
  30
 ]
}