{
 "distance_matrix": [
  [
   0, 
   345, 
   477.8, 
   348, 
   209.9, 
   233, 
   246.5, 
   205.2, 
   115, 
   244.6, 
   307.8
  ], 
  [
   345, 
   0, 
   592.8, 
   463, 
   205.7, 
   348, 
   98.5, 
   139.8, 
   230, 
   171, 
   422.8
  ], 
  [
   477.8, 
   592.8, 
   0, 
   359.8, 
   457.7, 
   244.8, 
   494.3, 
   453, 
   362.8, 
   492.4, 
   170
  ], 
  [
   348, 
   463, 
   359.8, 
   0, 
   327.9, 
   115, 
   364.5, 
   323.2, 
   233, 
   362.6, 
   189.8
  ], 
  [
   209.9, 
   205.7, 
   457.7, 
   327.9, 
   0, 
   212.9, 
   107.2, 
   148.5, 
   94.9, 
   34.7, 
   287.7
  ], 
  [
   233, 
   348, 
   244.8, 
   115, 
   212.9, 
   0, 
   249.5, 
   208.2, 
   118, 
   247.6, 
   74.8
  ], 
  [
   246.5, 
   98.5, 
   494.3, 
   364.5, 
   107.2, 
   249.5, 
   0, 
   41.3, 
   131.5, 
   72.5, 
   324.3
  ], 
  [
   205.2, 
   139.8, 
   453, 
   323.2, 
   148.5, 
   208.2, 
   41.3, 
   0, 
   90.2, 
   113.8, 
   283
  ], 
  [
   115, 
   230, 
   362.8, 
   233, 
   94.9, 
   118, 
   131.5, 
   90.2, 
   0, 
   129.6, 
   192.8
  ], 
  [
   244.6, 
   171, 
   492.4, 
   362.6, 
   34.7, 
   247.6, 
   72.5, 
   113.8, 
   129.6, 
   0, 
   322.4
  ], 
  [
   307.8, 
   422.8, 
   170, 
   189.8, 
   287.7, 
   74.8, 
   324.3, 
   283, 
   192.8, 
   322.4, 
   0
  ]
 ], 
 "runs": [
  {
   "avg_task_cost_vs_number_of_task": [
    1642.5, 
    1986.25, 
    1707.5, 
    1445, 
    1226.6, 
    1024.6666666666667, 
    1135.2857142857142, 
    1065.25, 
    946.8888888888889, 
    852.2, 
    774.7272727272727, 
    710.1666666666666, 
    684.1538461538462, 
    736.1428571428571, 
    568.1333333333333, 
    627.75, 
    674.7647058823529, 
    648.4444444444443, 
    543.2105263157895, 
    563.4, 
    561.7142857142857, 
    539.4999999999999, 
    607.5652173913044, 
    517.5, 
    581.96, 
    521.9230769230769, 
    574.5555555555557, 
    557.1428571428571, 
    441.1034482758621, 
    453.3333333333333
   ], 
   "number_of_vehicles": 2
  }, 
  {
   "avg_task_cost_vs_number_of_task": [
    1521, 
    1638, 
    1667, 
    1418.375, 
    1205.3, 
    1024.6666666666667, 
    1135.2857142857142, 
    1065.25, 
    946.8888888888889, 
    852.2, 
    774.7272727272727, 
    710.1666666666666, 
    655.5384615384615, 
    608.7142857142857, 
    568.1333333333333, 
    667.375, 
    607.1176470588235, 
    594.0555555555555, 
    543.2105263157895, 
    534.65, 
    534.3333333333334, 
    550.4772727272727, 
    564.1739130434784, 
    549.8333333333334, 
    530.8, 
    544.3846153846154, 
    508.7037037037037, 
    570.4285714285714, 
    524.3103448275862, 
    570.1
   ], 
   "number_of_vehicles": 3
  }, 
  {
   "avg_task_cost_vs_number_of_task": [
    1191.5, 
    1473.25, 
    1557.1666666666667, 
    1336, 
    1139.4, 
    1024.6666666666667, 
    1135.2857142857142, 
    1065.25, 
    946.8888888888889, 
    872.85, 
    774.7272727272727, 
    710.1666666666666, 
    655.5384615384615, 
    608.7142857142857, 
    568.1333333333333, 
    627.75, 
    607.1176470588235, 
    573.3888888888889, 
    619.2894736842105, 
    544.7, 
    558.7619047619048, 
    533.590909090909, 
    599.3913043478261, 
    608.9583333333334, 
    576.36, 
    610.7307692307693, 
    545.5185185185185, 
    443.5, 
    453.34482758620703, 
    484.96666666666664
   ], 
   "number_of_vehicles": 4
  }, 
  {
   "avg_task_cost_vs_number_of_task": [
    1191.5, 
    1178.25, 
    1365.5, 
    1301.25, 
    1111.6, 
    926.3333333333334, 
    1050.9999999999998, 
    1065.25, 
    946.8888888888889, 
    850.7, 
    774.7272727272727, 
    858.8333333333334, 
    655.5384615384615, 
    649.7857142857143, 
    828, 
    645.0625, 
    607.1176470588235, 
    594.0555555555555, 
    553.7894736842104, 
    601.55, 
    595.1190476190476, 
    534.4545454545455, 
    527.195652173913, 
    552.9166666666666, 
    519.8, 
    555.7692307692307, 
    460, 
    515.1071428571429, 
    582.8103448275862, 
    513.6
   ], 
   "number_of_vehicles": 5
  }
 ], 
 "vehicle_starting_positions": [
  "Cardiff", 
  "Birmingham", 
  "Manchester", 
  "Sheffield", 
  "London", 
  "Liverpool", 
  "Portsmouth", 
  "Newcastle", 
  "Plymouth", 
  "Leeds", 
  "Norwich"
 ], 
 "task_distribution": {
  "weight_matrix": [
   [
    0, 
    3, 
    3, 
    3, 
    3, 
    3, 
    3, 
    3, 
    3, 
    3, 
    3
   ], 
   [
    3, 
    0, 
    3, 
    3, 
    3, 
    3, 
    3, 
    3, 
    3, 
    3, 
    3
   ], 
   [
    3, 
    3, 
    0, 
    3, 
    3, 
    3, 
    3, 
    3, 
    3, 
    3, 
    3
   ], 
   [
    3, 
    3, 
    3, 
    0, 
    3, 
    3, 
    3, 
    3, 
    3, 
    3, 
    3
   ], 
   [
    3, 
    3, 
    3, 
    3, 
    0, 
    3, 
    3, 
    3, 
    3, 
    3, 
    3
   ], 
   [
    3, 
    3, 
    3, 
    3, 
    3, 
    0, 
    3, 
    3, 
    3, 
    3, 
    3
   ], 
   [
    3, 
    3, 
    3, 
    3, 
    3, 
    3, 
    0, 
    3, 
    3, 
    3, 
    3
   ], 
   [
    3, 
    3, 
    3, 
    3, 
    3, 
    3, 
    3, 
    0, 
    3, 
    3, 
    3
   ], 
   [
    3, 
    3, 
    3, 
    3, 
    3, 
    3, 
    3, 
    3, 
    0, 
    3, 
    3
   ], 
   [
    3, 
    3, 
    3, 
    3, 
    3, 
    3, 
    3, 
    3, 
    3, 
    0, 
    3
   ], 
   [
    3, 
    3, 
    3, 
    3, 
    3, 
    3, 
    3, 
    3, 
    3, 
    3, 
    0
   ]
  ], 
  "city_names": [
   "Cardiff", 
   "Newcastle", 
   "Plymouth", 
   "Norwich", 
   "Manchester", 
   "London", 
   "Leeds", 
   "Sheffield", 
   "Birmingham", 
   "Liverpool", 
   "Portsmouth"
  ], 
  "reward_matrix": [
   [
    0, 
    44455, 
    20684, 
    43918, 
    68638, 
    64503, 
    62087, 
    69479, 
    85625, 
    62427, 
    51114
   ], 
   [
    44455, 
    0, 
    100, 
    23333, 
    69390, 
    43918, 
    88578, 
    81186, 
    65040, 
    75601, 
    30529
   ], 
   [
    20684, 
    100, 
    0, 
    41806, 
    24282, 
    62391, 
    17731, 
    25123, 
    41269, 
    18071, 
    75780
   ], 
   [
    43918, 
    23333, 
    41806, 
    0, 
    47516, 
    85625, 
    40965, 
    48357, 
    64503, 
    41305, 
    72236
   ], 
   [
    68638, 
    69390, 
    24282, 
    47516, 
    0, 
    68101, 
    87021, 
    79628, 
    89223, 
    99999, 
    54712
   ], 
   [
    64503, 
    43918, 
    62391, 
    85625, 
    68101, 
    0, 
    61550, 
    68942, 
    85088, 
    61890, 
    92821
   ], 
   [
    62087, 
    88578, 
    17731, 
    40965, 
    87021, 
    61550, 
    0, 
    98817, 
    82671, 
    93232, 
    48161
   ], 
   [
    69479, 
    81186, 
    25123, 
    48357, 
    79628, 
    68942, 
    98817, 
    0, 
    90064, 
    85840, 
    55553
   ], 
   [
    85625, 
    65040, 
    41269, 
    64503, 
    89223, 
    85088, 
    82671, 
    90064, 
    0, 
    83012, 
    71699
   ], 
   [
    62427, 
    75601, 
    18071, 
    41305, 
    99999, 
    61890, 
    93232, 
    85840, 
    83012, 
    0, 
    48501
   ], 
   [
    51114, 
    30529, 
    75780, 
    72236, 
    54712, 
    92821, 
    48161, 
    55553, 
    71699, 
    48501, 
    0
   ]
  ], 
  "probability_matrix": [
   [
    0, 
    0.08165430670117382, 
    0.026750203004135324, 
    0.090470374968669, 
    0.006969590125644814, 
    0.1977339840757897, 
    0.10334924110600695, 
    0.13861445604737946, 
    0.15453291089935636, 
    0.19009828578431148, 
    0.009826647287533014
   ], 
   [
    0.19240053519628642, 
    0, 
    0.019678644177544752, 
    0.1282707950932638, 
    0.17123509673424187, 
    0.1454118038452665, 
    0.1458287321018278, 
    0.10381964642540153, 
    0.03938618484533245, 
    0.0079769236526345, 
    0.04599163792820047
   ], 
   [
    0.010185157645325205, 
    0.17657003301769547, 
    0, 
    0.01350830676894267, 
    0.08805190050034926, 
    0.12886884465281304, 
    0.1871250054449722, 
    0.14903568135189274, 
    0.023280535477129254, 
    0.11092384267106957, 
    0.11245069246981064
   ], 
   [
    0.15062126230843392, 
    0.11848015313587643, 
    0.10170813603427592, 
    0, 
    0.06564259333989649, 
    0.0350422229022358, 
    0.08647853490659871, 
    0.1285094563912733, 
    0.12903280508371862, 
    0.10884098863167525, 
    0.07564384726601563
   ], 
   [
    0.027817666001436592, 
    0.02688993275361112, 
    0.0019045665331855707, 
    0.04833061852166804, 
    0, 
    0.2641597783710533, 
    0.2398219141872821, 
    0.005893489790353164, 
    0.1440837285932858, 
    0.04962715980921256, 
    0.19147114543891186
   ], 
   [
    0.13474110734253575, 
    0.029852620478934774, 
    0.1602596281773906, 
    0.12741160353986436, 
    0.14436327907592958, 
    0, 
    0.05192399997105994, 
    0.15606394200705556, 
    0.07619442494506722, 
    0.08332323455271538, 
    0.03586615990944678
   ], 
   [
    0.12397377370761088, 
    0.1252630988878457, 
    0.1221408771427621, 
    0.10889091473425322, 
    0.1695418472072645, 
    0.11370176356187041, 
    0, 
    0.015657914788058582, 
    0.058437055882963454, 
    0.12224884081588881, 
    0.04014391327148229
   ], 
   [
    0.030605668699638686, 
    0.0223652736734527, 
    0.09889595220168954, 
    0.12654985692023116, 
    0.025886706353079953, 
    0.03639243802379805, 
    0.18671251146891962, 
    0, 
    0.15825692214710385, 
    0.13147053712635134, 
    0.18286413338573512
   ], 
   [
    0.008015534991005765, 
    0.14338666472796416, 
    0.011715547519838465, 
    0.14295874844532835, 
    0.15211277805418583, 
    0.09050304494178994, 
    0.10571548207207891, 
    0.16432998346205765, 
    0, 
    0.03803356945027555, 
    0.1432286463354753
   ], 
   [
    0.06415380487899769, 
    0.03697470787703107, 
    0.13123192201041586, 
    0.05456341329986925, 
    0.024646389272463955, 
    0.2150754418756582, 
    0.002178593878369808, 
    0.12401220857695586, 
    0.1710413590393222, 
    0, 
    0.1761221592909162
   ], 
   [
    0.26237100857854684, 
    0.22188695438160666, 
    0.13431753033714686, 
    0.009256661324577904, 
    0.005701743486098595, 
    0.012054987834594981, 
    0.08613955068792314, 
    0.03506202305236992, 
    0.10571547229986891, 
    0.127494068017266, 
    0
   ]
  ]
 }
}