{
 "vehicle_cost_per_km": [
  10, 
  15, 
  10, 
  5, 
  5, 
  5, 
  5, 
  5, 
  5, 
  5, 
  5
 ], 
 "runs": [
  {
   "avg_task_cost_vs_number_of_task": [
    4530, 
    3415, 
    3441.6666666666665, 
    2581.25, 
    2472.7999999999997, 
    2060.6666666666665, 
    1766.285714285714, 
    1597.1249999999998, 
    1419.6666666666665, 
    1617.7, 
    1470.6363636363637, 
    1348.0833333333333, 
    1244.3846153846155, 
    1155.5, 
    1078.4666666666667, 
    1093.25, 
    1050.3529411764705, 
    1023.6666666666666, 
    1000.7894736842105, 
    909.9, 
    1010.1904761904761, 
    1161.8181818181818, 
    1111.7391304347825, 
    1037.7916666666667, 
    1107.6, 
    1094, 
    1091.3703703703704, 
    1038.5, 
    1004.6896551724138, 
    1133.1
   ], 
   "number_of_vehicles": 3
  }
 ], 
 "vehicle_starting_positions": [
  "Newcastle", 
  "Cardiff", 
  "Plymouth", 
  "Norwich", 
  "Manchester", 
  "London", 
  "Leeds", 
  "Sheffield", 
  "Birmingham", 
  "Liverpool", 
  "Portsmouth"
 ], 
 "task_distribution": {
  "distance_matrix": [
   [
    0, 
    345, 
    477.8, 
    348, 
    209.9, 
    233, 
    246.5, 
    205.2, 
    115, 
    244.6, 
    307.8
   ], 
   [
    345, 
    0, 
    592.8, 
    463, 
    205.7, 
    348, 
    98.5, 
    139.8, 
    230, 
    171, 
    422.8
   ], 
   [
    477.8, 
    592.8, 
    0, 
    359.8, 
    457.7, 
    244.8, 
    494.3, 
    453, 
    362.8, 
    492.4, 
    170
   ], 
   [
    348, 
    463, 
    359.8, 
    0, 
    327.9, 
    115, 
    364.5, 
    323.2, 
    233, 
    362.6, 
    189.8
   ], 
   [
    209.9, 
    205.7, 
    457.7, 
    327.9, 
    0, 
    212.9, 
    107.2, 
    148.5, 
    94.9, 
    34.7, 
    287.7
   ], 
   [
    233, 
    348, 
    244.8, 
    115, 
    212.9, 
    0, 
    249.5, 
    208.2, 
    118, 
    247.6, 
    74.8
   ], 
   [
    246.5, 
    98.5, 
    494.3, 
    364.5, 
    107.2, 
    249.5, 
    0, 
    41.3, 
    131.5, 
    72.5, 
    324.3
   ], 
   [
    205.2, 
    139.8, 
    453, 
    323.2, 
    148.5, 
    208.2, 
    41.3, 
    0, 
    90.2, 
    113.8, 
    283
   ], 
   [
    115, 
    230, 
    362.8, 
    233, 
    94.9, 
    118, 
    131.5, 
    90.2, 
    0, 
    129.6, 
    192.8
   ], 
   [
    244.6, 
    171, 
    492.4, 
    362.6, 
    34.7, 
    247.6, 
    72.5, 
    113.8, 
    129.6, 
    0, 
    322.4
   ], 
   [
    307.8, 
    422.8, 
    170, 
    189.8, 
    287.7, 
    74.8, 
    324.3, 
    283, 
    192.8, 
    322.4, 
    0
   ]
  ], 
  "weight_matrix": [
   [
    0, 
    3, 
    3, 
    3, 
    3, 
    3, 
    3, 
    3, 
    3, 
    3, 
    3
   ], 
   [
    3, 
    0, 
    3, 
    3, 
    3, 
    3, 
    3, 
    3, 
    3, 
    3, 
    3
   ], 
   [
    3, 
    3, 
    0, 
    3, 
    3, 
    3, 
    3, 
    3, 
    3, 
    3, 
    3
   ], 
   [
    3, 
    3, 
    3, 
    0, 
    3, 
    3, 
    3, 
    3, 
    3, 
    3, 
    3
   ], 
   [
    3, 
    3, 
    3, 
    3, 
    0, 
    3, 
    3, 
    3, 
    3, 
    3, 
    3
   ], 
   [
    3, 
    3, 
    3, 
    3, 
    3, 
    0, 
    3, 
    3, 
    3, 
    3, 
    3
   ], 
   [
    3, 
    3, 
    3, 
    3, 
    3, 
    3, 
    0, 
    3, 
    3, 
    3, 
    3
   ], 
   [
    3, 
    3, 
    3, 
    3, 
    3, 
    3, 
    3, 
    0, 
    3, 
    3, 
    3
   ], 
   [
    3, 
    3, 
    3, 
    3, 
    3, 
    3, 
    3, 
    3, 
    0, 
    3, 
    3
   ], 
   [
    3, 
    3, 
    3, 
    3, 
    3, 
    3, 
    3, 
    3, 
    3, 
    0, 
    3
   ], 
   [
    3, 
    3, 
    3, 
    3, 
    3, 
    3, 
    3, 
    3, 
    3, 
    3, 
    0
   ]
  ], 
  "city_names": [
   "Cardiff", 
   "Newcastle", 
   "Plymouth", 
   "Norwich", 
   "Manchester", 
   "London", 
   "Leeds", 
   "Sheffield", 
   "Birmingham", 
   "Liverpool", 
   "Portsmouth"
  ], 
  "reward_matrix": [
   [
    0, 
    44455, 
    20684, 
    43918, 
    68638, 
    64503, 
    62087, 
    69479, 
    85625, 
    62427, 
    51114
   ], 
   [
    44455, 
    0, 
    100, 
    23333, 
    69390, 
    43918, 
    88578, 
    81186, 
    65040, 
    75601, 
    30529
   ], 
   [
    20684, 
    100, 
    0, 
    41806, 
    24282, 
    62391, 
    17731, 
    25123, 
    41269, 
    18071, 
    75780
   ], 
   [
    43918, 
    23333, 
    41806, 
    0, 
    47516, 
    85625, 
    40965, 
    48357, 
    64503, 
    41305, 
    72236
   ], 
   [
    68638, 
    69390, 
    24282, 
    47516, 
    0, 
    68101, 
    87021, 
    79628, 
    89223, 
    99999, 
    54712
   ], 
   [
    64503, 
    43918, 
    62391, 
    85625, 
    68101, 
    0, 
    61550, 
    68942, 
    85088, 
    61890, 
    92821
   ], 
   [
    62087, 
    88578, 
    17731, 
    40965, 
    87021, 
    61550, 
    0, 
    98817, 
    82671, 
    93232, 
    48161
   ], 
   [
    69479, 
    81186, 
    25123, 
    48357, 
    79628, 
    68942, 
    98817, 
    0, 
    90064, 
    85840, 
    55553
   ], 
   [
    85625, 
    65040, 
    41269, 
    64503, 
    89223, 
    85088, 
    82671, 
    90064, 
    0, 
    83012, 
    71699
   ], 
   [
    62427, 
    75601, 
    18071, 
    41305, 
    99999, 
    61890, 
    93232, 
    85840, 
    83012, 
    0, 
    48501
   ], 
   [
    51114, 
    30529, 
    75780, 
    72236, 
    54712, 
    92821, 
    48161, 
    55553, 
    71699, 
    48501, 
    0
   ]
  ], 
  "probability_matrix": [
   [
    0, 
    0.11481296820712403, 
    0.11974314168472466, 
    0.011791428163556246, 
    0.06510162486054741, 
    0.12476213398938524, 
    0.1230089057062365, 
    0.14692675410360279, 
    0.030403605988044025, 
    0.13888125738221627, 
    0.12456817991456294
   ], 
   [
    0.08972708656499727, 
    0, 
    0.014523858034947072, 
    0.03505902296608478, 
    0.08748398958993231, 
    0.15455647930716962, 
    0.171207418878894, 
    0.003835827485741772, 
    0.1706356959328038, 
    0.15044631688291596, 
    0.12252430435651349
   ], 
   [
    0.14727843440132493, 
    0.06313696046920253, 
    0, 
    0.04638149305383133, 
    0.1454622279656689, 
    0.07115033183371774, 
    0.15910257529140479, 
    0.13774451951470082, 
    0.18436481261976737, 
    0.014828095406915395, 
    0.030550549443466173
   ], 
   [
    0.018010264269184884, 
    0.05264065298441797, 
    0.05400595962364627, 
    0, 
    0.06396911444083257, 
    0.1777038675022684, 
    0.17250119268133943, 
    0.05464620357802111, 
    0.13515687175670016, 
    0.19348218915405743, 
    0.0778836840095317
   ], 
   [
    0.09586148708567326, 
    0.08730366578049233, 
    0.08065549952233797, 
    0.05946057973523814, 
    0, 
    0.12172449556491091, 
    0.15218519657532895, 
    0.05769434959612262, 
    0.19326817901221216, 
    0.07504714915975354, 
    0.07679939796792996
   ], 
   [
    0.1373775174654669, 
    0.18909301899751352, 
    0.027208541627068584, 
    0.14902605856091553, 
    0.09612478401883867, 
    0, 
    0.09699301302781188, 
    0.08654813401118851, 
    0.08379240045115431, 
    0.07768345663878419, 
    0.05615307520125801
   ], 
   [
    0.08150481506983481, 
    0.19722332478881394, 
    0.0024587012189144445, 
    0.018471669954702393, 
    0.19167458685444377, 
    0.03678731570248153, 
    0, 
    0.09540101898992523, 
    0.1771791002660417, 
    0.11138681637912247, 
    0.08791265077571984
   ], 
   [
    0.03560117411725368, 
    0.11139028265520828, 
    0.08437204572618552, 
    0.09325114536740693, 
    0.06472449248855724, 
    0.0573698447311, 
    0.1958779366625446, 
    0, 
    0.05809424358759344, 
    0.14119159706013582, 
    0.1581272376040144
   ], 
   [
    0.21538347623765464, 
    0.019042998740530243, 
    0.16488758571911502, 
    0.18741802153883177, 
    0.05678156114380474, 
    0.2657257704312548, 
    0.01719623941122195, 
    0.05335006266482455, 
    0, 
    0.009147187203893174, 
    0.011067096908869105
   ], 
   [
    0.20680110586319445, 
    0.016157047510229446, 
    0.05834463665683584, 
    0.03137704099292585, 
    0.03867810925375501, 
    0.139000432484052, 
    0.09823193521895594, 
    0.03869270973384881, 
    0.206982054941537, 
    0, 
    0.16573492734466547
   ], 
   [
    0.13512685358666723, 
    0.06013156935796166, 
    0.05057537239761542, 
    0.16428551216078777, 
    0.16244277305139201, 
    0.07937498387266419, 
    0.03630319582181444, 
    0.15162099918956648, 
    0.02561687896007372, 
    0.13452186160145702, 
    0
   ]
  ]
 }, 
 "vehicle_capacities": [
  15, 
  15, 
  15, 
  30, 
  30, 
  30, 
  30, 
  30, 
  30, 
  30, 
  30
 ]
}