{
 "distance_matrix": [
  [
   0, 
   345, 
   477.8, 
   348, 
   209.9, 
   233, 
   246.5, 
   205.2, 
   115, 
   244.6, 
   307.8
  ], 
  [
   345, 
   0, 
   592.8, 
   463, 
   205.7, 
   348, 
   98.5, 
   139.8, 
   230, 
   171, 
   422.8
  ], 
  [
   477.8, 
   592.8, 
   0, 
   359.8, 
   457.7, 
   244.8, 
   494.3, 
   453, 
   362.8, 
   492.4, 
   170
  ], 
  [
   348, 
   463, 
   359.8, 
   0, 
   327.9, 
   115, 
   364.5, 
   323.2, 
   233, 
   362.6, 
   189.8
  ], 
  [
   209.9, 
   205.7, 
   457.7, 
   327.9, 
   0, 
   212.9, 
   107.2, 
   148.5, 
   94.9, 
   34.7, 
   287.7
  ], 
  [
   233, 
   348, 
   244.8, 
   115, 
   212.9, 
   0, 
   249.5, 
   208.2, 
   118, 
   247.6, 
   74.8
  ], 
  [
   246.5, 
   98.5, 
   494.3, 
   364.5, 
   107.2, 
   249.5, 
   0, 
   41.3, 
   131.5, 
   72.5, 
   324.3
  ], 
  [
   205.2, 
   139.8, 
   453, 
   323.2, 
   148.5, 
   208.2, 
   41.3, 
   0, 
   90.2, 
   113.8, 
   283
  ], 
  [
   115, 
   230, 
   362.8, 
   233, 
   94.9, 
   118, 
   131.5, 
   90.2, 
   0, 
   129.6, 
   192.8
  ], 
  [
   244.6, 
   171, 
   492.4, 
   362.6, 
   34.7, 
   247.6, 
   72.5, 
   113.8, 
   129.6, 
   0, 
   322.4
  ], 
  [
   307.8, 
   422.8, 
   170, 
   189.8, 
   287.7, 
   74.8, 
   324.3, 
   283, 
   192.8, 
   322.4, 
   0
  ]
 ], 
 "runs": [
  {
   "avg_task_cost_vs_number_of_task": [
    1454, 
    1831.5, 
    1412.6666666666667, 
    1347, 
    1263.2, 
    1399.6666666666667, 
    1307.142857142857, 
    1143.75, 
    1016.6666666666666, 
    989.6, 
    909.5454545454545, 
    824.6666666666666, 
    772.7692307692307, 
    706.8571428571429, 
    781.9999999999999, 
    640.5624999999999, 
    598.5882352941177, 
    569.3888888888889, 
    599.8421052631578, 
    534.8249999999999, 
    594.7619047619048, 
    550.3636363636365, 
    596.9130434782608, 
    526.5833333333334, 
    479.76, 
    485.84615384615387, 
    643.0370370370371, 
    563.4642857142857, 
    558.4827586206898, 
    491.03333333333336
   ], 
   "number_of_vehicles": 2
  }, 
  {
   "avg_task_cost_vs_number_of_task": [
    1454, 
    1831.5, 
    1412.6666666666667, 
    1347, 
    1263.2, 
    1399.6666666666667, 
    1307.142857142857, 
    1072.625, 
    1016.6666666666666, 
    915, 
    899.6363636363636, 
    824.6666666666666, 
    855.6153846153846, 
    803.5, 
    900.9333333333333, 
    744.6875, 
    648.8823529411765, 
    616.2777777777778, 
    583.8421052631579, 
    559.8, 
    544.5238095238095, 
    524.0681818181819, 
    622.5434782608696, 
    601, 
    457.6, 
    446.15384615384613, 
    565.7407407407408, 
    547.2500000000001, 
    493.2413793103448, 
    437.46666666666664
   ], 
   "number_of_vehicles": 3
  }, 
  {
   "avg_task_cost_vs_number_of_task": [
    1454, 
    1831.5, 
    1412.6666666666667, 
    1347, 
    1258.5, 
    1344.75, 
    1307.142857142857, 
    1072.625, 
    1016.6666666666666, 
    915, 
    1024.8181818181818, 
    833.75, 
    867.1538461538458, 
    823.5357142857141, 
    746.4000000000001, 
    712.3124999999999, 
    641.3529411764704, 
    670.9444444444443, 
    628.8421052631579, 
    535.3, 
    601.8095238095239, 
    624.0454545454546, 
    499.9782608695652, 
    579.6666666666666, 
    602.58, 
    507.34615384615387, 
    596.9259259259261, 
    534.8392857142857, 
    465.55172413793105, 
    513.75
   ], 
   "number_of_vehicles": 4
  }, 
  {
   "avg_task_cost_vs_number_of_task": [
    1247.5, 
    1728.25, 
    1343.8333333333333, 
    1295.375, 
    1221.9, 
    1344.7499999999998, 
    1303.7857142857142, 
    1117.9375, 
    1016.6666666666666, 
    915, 
    1006.0454545454544, 
    833.75, 
    772.7692307692307, 
    799.7142857142859, 
    805.9, 
    759.65625, 
    674.0294117647059, 
    569.3888888888889, 
    693.421052631579, 
    648.1500000000001, 
    582.7857142857143, 
    601.9090909090909, 
    589.7391304347826, 
    523.9583333333334, 
    524.5, 
    545.1153846153846, 
    507.0740740740741, 
    589.8392857142857, 
    532.4827586206897, 
    582.3333333333334
   ], 
   "number_of_vehicles": 5
  }
 ], 
 "vehicle_starting_positions": [
  "Sheffield", 
  "Cardiff", 
  "Plymouth", 
  "Manchester", 
  "Leeds", 
  "London", 
  "Norwich", 
  "Newcastle", 
  "Portsmouth", 
  "Birmingham", 
  "Liverpool"
 ], 
 "task_distribution": {
  "weight_matrix": [
   [
    0, 
    3, 
    3, 
    3, 
    3, 
    3, 
    3, 
    3, 
    3, 
    3, 
    3
   ], 
   [
    3, 
    0, 
    3, 
    3, 
    3, 
    3, 
    3, 
    3, 
    3, 
    3, 
    3
   ], 
   [
    3, 
    3, 
    0, 
    3, 
    3, 
    3, 
    3, 
    3, 
    3, 
    3, 
    3
   ], 
   [
    3, 
    3, 
    3, 
    0, 
    3, 
    3, 
    3, 
    3, 
    3, 
    3, 
    3
   ], 
   [
    3, 
    3, 
    3, 
    3, 
    0, 
    3, 
    3, 
    3, 
    3, 
    3, 
    3
   ], 
   [
    3, 
    3, 
    3, 
    3, 
    3, 
    0, 
    3, 
    3, 
    3, 
    3, 
    3
   ], 
   [
    3, 
    3, 
    3, 
    3, 
    3, 
    3, 
    0, 
    3, 
    3, 
    3, 
    3
   ], 
   [
    3, 
    3, 
    3, 
    3, 
    3, 
    3, 
    3, 
    0, 
    3, 
    3, 
    3
   ], 
   [
    3, 
    3, 
    3, 
    3, 
    3, 
    3, 
    3, 
    3, 
    0, 
    3, 
    3
   ], 
   [
    3, 
    3, 
    3, 
    3, 
    3, 
    3, 
    3, 
    3, 
    3, 
    0, 
    3
   ], 
   [
    3, 
    3, 
    3, 
    3, 
    3, 
    3, 
    3, 
    3, 
    3, 
    3, 
    0
   ]
  ], 
  "city_names": [
   "Cardiff", 
   "Newcastle", 
   "Plymouth", 
   "Norwich", 
   "Manchester", 
   "London", 
   "Leeds", 
   "Sheffield", 
   "Birmingham", 
   "Liverpool", 
   "Portsmouth"
  ], 
  "reward_matrix": [
   [
    0, 
    44455, 
    20684, 
    43918, 
    68638, 
    64503, 
    62087, 
    69479, 
    85625, 
    62427, 
    51114
   ], 
   [
    44455, 
    0, 
    100, 
    23333, 
    69390, 
    43918, 
    88578, 
    81186, 
    65040, 
    75601, 
    30529
   ], 
   [
    20684, 
    100, 
    0, 
    41806, 
    24282, 
    62391, 
    17731, 
    25123, 
    41269, 
    18071, 
    75780
   ], 
   [
    43918, 
    23333, 
    41806, 
    0, 
    47516, 
    85625, 
    40965, 
    48357, 
    64503, 
    41305, 
    72236
   ], 
   [
    68638, 
    69390, 
    24282, 
    47516, 
    0, 
    68101, 
    87021, 
    79628, 
    89223, 
    99999, 
    54712
   ], 
   [
    64503, 
    43918, 
    62391, 
    85625, 
    68101, 
    0, 
    61550, 
    68942, 
    85088, 
    61890, 
    92821
   ], 
   [
    62087, 
    88578, 
    17731, 
    40965, 
    87021, 
    61550, 
    0, 
    98817, 
    82671, 
    93232, 
    48161
   ], 
   [
    69479, 
    81186, 
    25123, 
    48357, 
    79628, 
    68942, 
    98817, 
    0, 
    90064, 
    85840, 
    55553
   ], 
   [
    85625, 
    65040, 
    41269, 
    64503, 
    89223, 
    85088, 
    82671, 
    90064, 
    0, 
    83012, 
    71699
   ], 
   [
    62427, 
    75601, 
    18071, 
    41305, 
    99999, 
    61890, 
    93232, 
    85840, 
    83012, 
    0, 
    48501
   ], 
   [
    51114, 
    30529, 
    75780, 
    72236, 
    54712, 
    92821, 
    48161, 
    55553, 
    71699, 
    48501, 
    0
   ]
  ], 
  "probability_matrix": [
   [
    0, 
    0.0959008659776347, 
    0.07788841020118828, 
    0.08716961773670703, 
    0.13045614188331164, 
    0.12627046799174957, 
    0.11704844436080103, 
    0.14101151629342612, 
    0.1505642571413674, 
    0.05279358197368117, 
    0.020896696440133155
   ], 
   [
    0.13700676060935368, 
    0, 
    0.13436185683851906, 
    0.16837359879692246, 
    0.14919049749319307, 
    0.06859449288728649, 
    0.12810039997878417, 
    0.08783008077710641, 
    0.010896691267900332, 
    0.006842291410673412, 
    0.10880332994026091
   ], 
   [
    0.057646671788994915, 
    0.16266511568696196, 
    0, 
    0.09190587744309475, 
    0.1466060028365318, 
    0.15722254508063402, 
    0.04815476530654968, 
    0.02280913380210155, 
    0.11507719819260682, 
    0.16445980085394085, 
    0.033452889008583675
   ], 
   [
    0.07998767312427041, 
    0.03074794442275275, 
    0.01584703667652423, 
    0, 
    0.08706703448482679, 
    0.1590744196654319, 
    0.2079844276328089, 
    0.13708753159363057, 
    0.030846878120765624, 
    0.12396824253527211, 
    0.12738881174371658
   ], 
   [
    0.19988102588456064, 
    0.13743146407152054, 
    0.1653001837976006, 
    0.07600916099941847, 
    0, 
    0.11801429548277925, 
    0.008462624902656197, 
    0.07233245164046051, 
    0.02992678873688952, 
    0.13138786626957868, 
    0.061254138214535354
   ], 
   [
    0.07178411082748494, 
    0.03913590618611689, 
    0.01452525430679038, 
    0.1733659705996046, 
    0.1709979715733966, 
    0, 
    0.16864589360445076, 
    0.08507479478641451, 
    0.057709237830704564, 
    0.1143569210447277, 
    0.104403939240309
   ], 
   [
    0.08497269207356355, 
    0.06484590253243964, 
    0.08417577042178058, 
    0.0869119537888088, 
    0.0497248105484692, 
    0.13516954577074705, 
    0, 
    0.15319562876889442, 
    0.15860461518660585, 
    0.07831524255527379, 
    0.10408383835341706
   ], 
   [
    0.13772458566253515, 
    0.18880663854435178, 
    0.1107674278697016, 
    0.007640074047705163, 
    0.02219699355150952, 
    0.11517228393304928, 
    0.13323728657727577, 
    0, 
    0.09987136926843053, 
    0.15295045206204938, 
    0.03163288848339189
   ], 
   [
    0.15391046798528107, 
    0.07613418102863646, 
    0.023300645549382073, 
    0.11044029890051198, 
    0.08518289379722144, 
    0.10568704857572846, 
    0.12058623896097499, 
    0.09385985223108115, 
    0, 
    0.07367493967545477, 
    0.1572234332957277
   ], 
   [
    0.002650206356827009, 
    0.05506784244764916, 
    0.18184892947389286, 
    0.1459597041454272, 
    0.013434711132399286, 
    0.14740772165758181, 
    0.17722084252398124, 
    0.22075157545099272, 
    0.007351591593847886, 
    0, 
    0.048306875217400846
   ], 
   [
    0.012137285990418205, 
    0.26269525383082404, 
    0.006609223460730283, 
    0.10074386484009942, 
    0.02606507347690385, 
    0.1335799282666067, 
    0.10545213086249174, 
    0.18241903246496152, 
    0.12332752308418907, 
    0.046970683722775096, 
    0
   ]
  ]
 }
}