{
 "distance_matrix": [
  [
   0, 
   345, 
   477.8, 
   348, 
   209.9, 
   233, 
   246.5, 
   205.2, 
   115, 
   244.6, 
   307.8
  ], 
  [
   345, 
   0, 
   592.8, 
   463, 
   205.7, 
   348, 
   98.5, 
   139.8, 
   230, 
   171, 
   422.8
  ], 
  [
   477.8, 
   592.8, 
   0, 
   359.8, 
   457.7, 
   244.8, 
   494.3, 
   453, 
   362.8, 
   492.4, 
   170
  ], 
  [
   348, 
   463, 
   359.8, 
   0, 
   327.9, 
   115, 
   364.5, 
   323.2, 
   233, 
   362.6, 
   189.8
  ], 
  [
   209.9, 
   205.7, 
   457.7, 
   327.9, 
   0, 
   212.9, 
   107.2, 
   148.5, 
   94.9, 
   34.7, 
   287.7
  ], 
  [
   233, 
   348, 
   244.8, 
   115, 
   212.9, 
   0, 
   249.5, 
   208.2, 
   118, 
   247.6, 
   74.8
  ], 
  [
   246.5, 
   98.5, 
   494.3, 
   364.5, 
   107.2, 
   249.5, 
   0, 
   41.3, 
   131.5, 
   72.5, 
   324.3
  ], 
  [
   205.2, 
   139.8, 
   453, 
   323.2, 
   148.5, 
   208.2, 
   41.3, 
   0, 
   90.2, 
   113.8, 
   283
  ], 
  [
   115, 
   230, 
   362.8, 
   233, 
   94.9, 
   118, 
   131.5, 
   90.2, 
   0, 
   129.6, 
   192.8
  ], 
  [
   244.6, 
   171, 
   492.4, 
   362.6, 
   34.7, 
   247.6, 
   72.5, 
   113.8, 
   129.6, 
   0, 
   322.4
  ], 
  [
   307.8, 
   422.8, 
   170, 
   189.8, 
   287.7, 
   74.8, 
   324.3, 
   283, 
   192.8, 
   322.4, 
   0
  ]
 ], 
 "runs": [
  {
   "avg_task_cost_vs_number_of_task": [
    2379, 
    1518.25, 
    1170.3333333333333, 
    1330.2499999999998, 
    1404.2, 
    1334.3333333333333, 
    1143.7142857142858, 
    1146.375, 
    1019, 
    901.65, 
    901.7272727272727, 
    751.375, 
    744.1538461538462, 
    644.0357142857143, 
    644.9333333333333, 
    655.125, 
    611.4705882352941, 
    631.1944444444445, 
    474.55263157894734, 
    603.1500000000001, 
    667.452380952381, 
    519.4999999999999, 
    502.7826086956521, 
    550.2916666666666, 
    457.1599999999999, 
    391.0192307692308, 
    469.24074074074076, 
    473.8571428571427, 
    425.99999999999994, 
    510.01666666666665
   ], 
   "number_of_vehicles": 2
  }, 
  {
   "avg_task_cost_vs_number_of_task": [
    1789, 
    1223.25, 
    973.6666666666666, 
    1182.75, 
    1286.1999999999998, 
    1235.9999999999998, 
    1059.4285714285713, 
    1146.375, 
    953.4444444444445, 
    901.65, 
    819.6818181818181, 
    806.1666666666666, 
    744.1538461538462, 
    691, 
    693, 
    604.625, 
    569.0588235294117, 
    537.4444444444445, 
    573.421052631579, 
    545.3249999999999, 
    519.3571428571428, 
    529.7499999999999, 
    506.7173913043478, 
    529.25, 
    508.82, 
    457.25, 
    556.0370370370371, 
    530.1785714285714, 
    442.05172413793105, 
    588.4666666666667
   ], 
   "number_of_vehicles": 3
  }, 
  {
   "avg_task_cost_vs_number_of_task": [
    1789, 
    1223.25, 
    973.6666666666666, 
    1182.75, 
    1286.1999999999998, 
    1235.9999999999998, 
    1059.4285714285713, 
    1146.375, 
    1019, 
    902.6, 
    879.4545454545455, 
    806.1666666666666, 
    744.1538461538462, 
    747.642857142857, 
    601.7333333333333, 
    637.28125, 
    578.4705882352941, 
    501.44444444444446, 
    517.578947368421, 
    603.3749999999999, 
    519.3571428571428, 
    495.74999999999994, 
    474.19565217391306, 
    468.4791666666667, 
    531.24, 
    522.5, 
    492.6296296296297, 
    504.0892857142857, 
    553.0344827586207, 
    491.55
   ], 
   "number_of_vehicles": 4
  }, 
  {
   "avg_task_cost_vs_number_of_task": [
    1789, 
    1223.25, 
    973.6666666666666, 
    1182.75, 
    1286.1999999999998, 
    1235.9999999999998, 
    1059.4285714285713, 
    1072.625, 
    953.4444444444445, 
    934.4, 
    879.4545454545455, 
    751.375, 
    744.1538461538462, 
    644.7142857142857, 
    644.9333333333333, 
    604.625, 
    650.4117647058823, 
    501.44444444444446, 
    496.7894736842105, 
    545.3249999999999, 
    513.7380952380952, 
    485.06818181818176, 
    571.304347826087, 
    480.1666666666667, 
    406.66, 
    450.5576923076923, 
    458.22222222222223, 
    421.9464285714285, 
    526.0344827586207, 
    547.1666666666666
   ], 
   "number_of_vehicles": 5
  }
 ], 
 "vehicle_starting_positions": [
  "Birmingham", 
  "Leeds", 
  "London", 
  "Liverpool", 
  "Cardiff", 
  "Norwich", 
  "Sheffield", 
  "Newcastle", 
  "Portsmouth", 
  "Plymouth", 
  "Manchester"
 ], 
 "task_distribution": {
  "weight_matrix": [
   [
    0, 
    3, 
    3, 
    3, 
    3, 
    3, 
    3, 
    3, 
    3, 
    3, 
    3
   ], 
   [
    3, 
    0, 
    3, 
    3, 
    3, 
    3, 
    3, 
    3, 
    3, 
    3, 
    3
   ], 
   [
    3, 
    3, 
    0, 
    3, 
    3, 
    3, 
    3, 
    3, 
    3, 
    3, 
    3
   ], 
   [
    3, 
    3, 
    3, 
    0, 
    3, 
    3, 
    3, 
    3, 
    3, 
    3, 
    3
   ], 
   [
    3, 
    3, 
    3, 
    3, 
    0, 
    3, 
    3, 
    3, 
    3, 
    3, 
    3
   ], 
   [
    3, 
    3, 
    3, 
    3, 
    3, 
    0, 
    3, 
    3, 
    3, 
    3, 
    3
   ], 
   [
    3, 
    3, 
    3, 
    3, 
    3, 
    3, 
    0, 
    3, 
    3, 
    3, 
    3
   ], 
   [
    3, 
    3, 
    3, 
    3, 
    3, 
    3, 
    3, 
    0, 
    3, 
    3, 
    3
   ], 
   [
    3, 
    3, 
    3, 
    3, 
    3, 
    3, 
    3, 
    3, 
    0, 
    3, 
    3
   ], 
   [
    3, 
    3, 
    3, 
    3, 
    3, 
    3, 
    3, 
    3, 
    3, 
    0, 
    3
   ], 
   [
    3, 
    3, 
    3, 
    3, 
    3, 
    3, 
    3, 
    3, 
    3, 
    3, 
    0
   ]
  ], 
  "city_names": [
   "Cardiff", 
   "Newcastle", 
   "Plymouth", 
   "Norwich", 
   "Manchester", 
   "London", 
   "Leeds", 
   "Sheffield", 
   "Birmingham", 
   "Liverpool", 
   "Portsmouth"
  ], 
  "reward_matrix": [
   [
    0, 
    44455, 
    20684, 
    43918, 
    68638, 
    64503, 
    62087, 
    69479, 
    85625, 
    62427, 
    51114
   ], 
   [
    44455, 
    0, 
    100, 
    23333, 
    69390, 
    43918, 
    88578, 
    81186, 
    65040, 
    75601, 
    30529
   ], 
   [
    20684, 
    100, 
    0, 
    41806, 
    24282, 
    62391, 
    17731, 
    25123, 
    41269, 
    18071, 
    75780
   ], 
   [
    43918, 
    23333, 
    41806, 
    0, 
    47516, 
    85625, 
    40965, 
    48357, 
    64503, 
    41305, 
    72236
   ], 
   [
    68638, 
    69390, 
    24282, 
    47516, 
    0, 
    68101, 
    87021, 
    79628, 
    89223, 
    99999, 
    54712
   ], 
   [
    64503, 
    43918, 
    62391, 
    85625, 
    68101, 
    0, 
    61550, 
    68942, 
    85088, 
    61890, 
    92821
   ], 
   [
    62087, 
    88578, 
    17731, 
    40965, 
    87021, 
    61550, 
    0, 
    98817, 
    82671, 
    93232, 
    48161
   ], 
   [
    69479, 
    81186, 
    25123, 
    48357, 
    79628, 
    68942, 
    98817, 
    0, 
    90064, 
    85840, 
    55553
   ], 
   [
    85625, 
    65040, 
    41269, 
    64503, 
    89223, 
    85088, 
    82671, 
    90064, 
    0, 
    83012, 
    71699
   ], 
   [
    62427, 
    75601, 
    18071, 
    41305, 
    99999, 
    61890, 
    93232, 
    85840, 
    83012, 
    0, 
    48501
   ], 
   [
    51114, 
    30529, 
    75780, 
    72236, 
    54712, 
    92821, 
    48161, 
    55553, 
    71699, 
    48501, 
    0
   ]
  ], 
  "probability_matrix": [
   [
    0, 
    0.09127794010601649, 
    0.032464157321779825, 
    0.00012092429910056757, 
    0.01766326594721087, 
    0.10195421275443547, 
    0.1522397990951797, 
    0.11423176217670479, 
    0.13288679863994646, 
    0.16000299847534025, 
    0.1971581411842855
   ], 
   [
    0.1375727265761211, 
    0, 
    0.00962658923592648, 
    0.08410461739817915, 
    0.1471725998520011, 
    0.14664837928339805, 
    0.12913699752857025, 
    0.13237502694957434, 
    0.05475832834116924, 
    0.09114365257154229, 
    0.06746108226351806
   ], 
   [
    0.05567954736730397, 
    0.1390462408149039, 
    0, 
    0.1561799213944002, 
    0.15324170415992855, 
    0.15528512541712555, 
    0.0016481948884441387, 
    0.11862925908775901, 
    0.05219732663404174, 
    0.15986554273188436, 
    0.00822713750420857
   ], 
   [
    0.18366055964936656, 
    0.20373067347954196, 
    0.09317611465014645, 
    0, 
    0.0714323508707575, 
    0.06207261592078773, 
    0.13880295281014202, 
    0.0010957321265370012, 
    0.06377815008643276, 
    0.06666321284469068, 
    0.11558763756159737
   ], 
   [
    0.17216753985757707, 
    0.01659144996822046, 
    0.10738401492888094, 
    0.10378284140210695, 
    0, 
    0.051459448604563994, 
    0.17598977618360928, 
    0.07250515187238708, 
    0.15957660992534628, 
    0.12468096277671135, 
    0.015862204480596796
   ], 
   [
    0.16825177881658995, 
    0.08219891618622434, 
    0.14262830294440357, 
    0.029542802475603532, 
    0.07121986762813173, 
    0, 
    0.16468953803010733, 
    0.08559638392221267, 
    0.08339847977209877, 
    0.04232186280247742, 
    0.1301520674221509
   ], 
   [
    0.09214178142019212, 
    0.025846589030022248, 
    0.12965728505587332, 
    0.0923307197056701, 
    0.08799125283985747, 
    0.1719758268289757, 
    0, 
    0.12395391519587834, 
    0.15563642406605394, 
    0.10989264690166478, 
    0.010573558955812171
   ], 
   [
    0.025929721870719586, 
    0.04494257561679483, 
    0.17693592168097014, 
    0.020931067260757746, 
    0.0729304077027334, 
    0.05916454182296291, 
    0.19044470752716078, 
    0, 
    0.11685537210640487, 
    0.14580205704187854, 
    0.14606362736961712
   ], 
   [
    0.035516514793148345, 
    0.15593089993729436, 
    0.1786618577863134, 
    0.07801764120499102, 
    0.16404240816235874, 
    0.049958454758351464, 
    0.15887451656852675, 
    0.0874004439971972, 
    0, 
    0.0213054909078877, 
    0.07029177188393111
   ], 
   [
    0.1475002486084803, 
    0.18243664279466648, 
    0.06689492184680039, 
    0.1338501367329275, 
    0.0947893772985535, 
    0.054079397743238146, 
    0.06841368308236823, 
    0.15122581279374706, 
    0.06937053180739278, 
    0, 
    0.031439247291825616
   ], 
   [
    0.10615937447322951, 
    0.1414583948192502, 
    0.1432163591000331, 
    0.02391047022880236, 
    0.12180731476089274, 
    0.09484255787553209, 
    0.08509677253787123, 
    0.037900047954251496, 
    0.09417654857188984, 
    0.15143215967824747, 
    0
   ]
  ]
 }
}