{
 "vehicle_cost_per_km": [
  10, 
  5, 
  5, 
  5, 
  5, 
  5, 
  5, 
  5, 
  5
 ], 
 "runs": [
  {
   "avg_task_cost_vs_number_of_task": [
    6010, 
    5942.5, 
    4646.666666666667, 
    3857.5, 
    3460, 
    3210, 
    2935.714285714286, 
    2692.5, 
    2395, 
    2155.5, 
    2083.181818181818, 
    1796.25, 
    1807.3076923076924, 
    1952.5, 
    1767.6666666666667, 
    1836.875, 
    1861.1764705882354, 
    1819.7222222222222, 
    1802.3684210526317, 
    1648, 
    1852.6190476190477, 
    1733.8636363636363, 
    1865, 
    1767.9166666666667, 
    1658.4, 
    1677.8846153846155, 
    1731.2962962962963, 
    1702.3214285714287, 
    1836.3793103448277, 
    1509.1666666666667
   ], 
   "number_of_vehicles": 3
  }
 ], 
 "vehicle_starting_positions": [
  "Brest", 
  "Paris", 
  "Marseille", 
  "Gen\u00c3\u00a8ve", 
  "Monaco", 
  "Le Havre", 
  "Bordeaux", 
  "Lyon", 
  "Strasbourg"
 ], 
 "task_distribution": {
  "distance_matrix": [
   [
    0, 
    591, 
    1373, 
    1206, 
    1598, 
    787, 
    1175, 
    1057, 
    1078
   ], 
   [
    591, 
    0, 
    782, 
    615, 
    1007, 
    196, 
    584, 
    466, 
    487
   ], 
   [
    1373, 
    782, 
    0, 
    465, 
    225, 
    978, 
    646, 
    316, 
    854
   ], 
   [
    1206, 
    615, 
    465, 
    0, 
    521, 
    811, 
    737, 
    149, 
    389
   ], 
   [
    1598, 
    1007, 
    225, 
    521, 
    0, 
    1203, 
    871, 
    541, 
    910
   ], 
   [
    787, 
    196, 
    978, 
    811, 
    1203, 
    0, 
    780, 
    662, 
    683
   ], 
   [
    1175, 
    584, 
    646, 
    737, 
    871, 
    780, 
    0, 
    588, 
    1071
   ], 
   [
    1057, 
    466, 
    316, 
    149, 
    541, 
    662, 
    588, 
    0, 
    538
   ], 
   [
    1078, 
    487, 
    854, 
    389, 
    910, 
    683, 
    1071, 
    538, 
    0
   ]
  ], 
  "weight_matrix": [
   [
    0, 
    3, 
    3, 
    3, 
    3, 
    3, 
    3, 
    3, 
    3
   ], 
   [
    3, 
    0, 
    3, 
    3, 
    3, 
    3, 
    3, 
    3, 
    3
   ], 
   [
    3, 
    3, 
    0, 
    3, 
    3, 
    3, 
    3, 
    3, 
    3
   ], 
   [
    3, 
    3, 
    3, 
    0, 
    3, 
    3, 
    3, 
    3, 
    3
   ], 
   [
    3, 
    3, 
    3, 
    3, 
    0, 
    3, 
    3, 
    3, 
    3
   ], 
   [
    3, 
    3, 
    3, 
    3, 
    3, 
    0, 
    3, 
    3, 
    3
   ], 
   [
    3, 
    3, 
    3, 
    3, 
    3, 
    3, 
    0, 
    3, 
    3
   ], 
   [
    3, 
    3, 
    3, 
    3, 
    3, 
    3, 
    3, 
    0, 
    3
   ], 
   [
    3, 
    3, 
    3, 
    3, 
    3, 
    3, 
    3, 
    3, 
    0
   ]
  ], 
  "city_names": [
   "Brest", 
   "Paris", 
   "Marseille", 
   "Gen\u00c3\u00a8ve", 
   "Monaco", 
   "Le Havre", 
   "Bordeaux", 
   "Lyon", 
   "Strasbourg"
  ], 
  "reward_matrix": [
   [
    0, 
    69526, 
    15612, 
    27125, 
    100, 
    56013, 
    29263, 
    37398, 
    35950
   ], 
   [
    69526, 
    0, 
    56357, 
    67871, 
    40845, 
    96758, 
    70008, 
    78143, 
    76696
   ], 
   [
    15612, 
    56357, 
    0, 
    78212, 
    94759, 
    42844, 
    65734, 
    88485, 
    51393
   ], 
   [
    27125, 
    67871, 
    78212, 
    0, 
    74352, 
    54358, 
    59460, 
    99999, 
    83452
   ], 
   [
    100, 
    40845, 
    94759, 
    74352, 
    0, 
    27332, 
    50221, 
    72973, 
    47533
   ], 
   [
    56013, 
    96758, 
    42844, 
    54358, 
    27332, 
    0, 
    56495, 
    64631, 
    63183
   ], 
   [
    29263, 
    70008, 
    65734, 
    59460, 
    50221, 
    56495, 
    0, 
    69732, 
    36433
   ], 
   [
    37398, 
    78143, 
    88485, 
    99999, 
    72973, 
    64631, 
    69732, 
    0, 
    73180
   ], 
   [
    35950, 
    76696, 
    51393, 
    83452, 
    47533, 
    63183, 
    36433, 
    73180, 
    0
   ]
  ], 
  "probability_matrix": [
   [
    0, 
    0.14322462499836577, 
    0.12213434831808072, 
    0.08908358639675676, 
    0.19407340323662278, 
    0.16449535345080876, 
    0.04952225301922015, 
    0.13532880936005218, 
    0.10213762122009289
   ], 
   [
    0.1636851357973689, 
    0, 
    0.01947455067304028, 
    0.16582414007266388, 
    0.17706379407260206, 
    0.08416812758748306, 
    0.1812525637974566, 
    0.03556307192050913, 
    0.17296861607887626
   ], 
   [
    0.1209789044292167, 
    0.08021822125591423, 
    0, 
    0.07963199997444764, 
    0.1741611784399405, 
    0.16434632635334867, 
    0.1946875880818424, 
    0.1276941295568661, 
    0.05828165190842402
   ], 
   [
    0.11361315621734833, 
    0.21729624556670876, 
    0.13623207375860666, 
    0, 
    0.01039685211454447, 
    0.025487984874267622, 
    0.13961987343309737, 
    0.19663359393004343, 
    0.16072022010538345
   ], 
   [
    0.01174669116990328, 
    0.11813431103311638, 
    0.20696963898426005, 
    0.17419847615435421, 
    0, 
    0.03267292044788477, 
    0.1867858457302132, 
    0.09239867781934806, 
    0.1770934386609198
   ], 
   [
    0.1338076726705264, 
    0.05443173391411413, 
    0.03772256786860331, 
    0.13475177201141006, 
    0.08868475671519, 
    0, 
    0.08804947029562217, 
    0.20103675205632382, 
    0.26151527446821016
   ], 
   [
    0.1512836550396155, 
    0.0004394502706984093, 
    0.2019648376327127, 
    0.16812140313984214, 
    0.1256356906167805, 
    0.08520296520921795, 
    0, 
    0.26095724527914294, 
    0.00639475281198967
   ], 
   [
    0.15081502252029516, 
    0.10862807958549704, 
    0.11506690963738263, 
    0.15054566185287552, 
    0.2085150080896161, 
    0.177041361246902, 
    0.06554009575594111, 
    0, 
    0.02384786131149041
   ], 
   [
    0.2343241359126614, 
    0.04572898905408337, 
    0.34874639234420796, 
    0.1264390252855797, 
    0.019001166266963413, 
    0.11394694894528357, 
    0.11144771658347079, 
    0.0003656256077497972, 
    0
   ]
  ]
 }, 
 "vehicle_capacities": [
  15, 
  15, 
  15, 
  30, 
  30, 
  30, 
  30, 
  30, 
  30
 ]
}