{
 "vehicle_cost_per_km": [
  10, 
  5, 
  5, 
  5, 
  5, 
  5, 
  5, 
  5, 
  5
 ], 
 "runs": [
  {
   "avg_task_cost_vs_number_of_task": [
    6010, 
    4032.5, 
    3991.6666666666665, 
    3766.25, 
    4017, 
    4424.166666666667, 
    4169.285714285715, 
    4013.125, 
    4400.555555555556, 
    4462.5, 
    4655.909090909091, 
    4267.916666666667, 
    4245.7692307692305, 
    4538.571428571428, 
    4546.666666666667, 
    4631.875, 
    4871.764705882353, 
    4663.888888888889, 
    4600, 
    4718.75, 
    4798.571428571428, 
    4707.954545454545, 
    4568.04347826087, 
    4568.958333333333, 
    4476.2, 
    4632.5, 
    4745.925925925926, 
    4650.535714285715, 
    4648.448275862069, 
    4754.166666666667
   ], 
   "number_of_vehicles": 3
  }
 ], 
 "vehicle_starting_positions": [
  "Brest", 
  "Paris", 
  "Marseille", 
  "Gen\u00c3\u00a8ve", 
  "Monaco", 
  "Le Havre", 
  "Bordeaux", 
  "Lyon", 
  "Strasbourg"
 ], 
 "task_distribution": {
  "distance_matrix": [
   [
    0, 
    591, 
    1373, 
    1206, 
    1598, 
    787, 
    1175, 
    1057, 
    1078
   ], 
   [
    591, 
    0, 
    782, 
    615, 
    1007, 
    196, 
    584, 
    466, 
    487
   ], 
   [
    1373, 
    782, 
    0, 
    465, 
    225, 
    978, 
    646, 
    316, 
    854
   ], 
   [
    1206, 
    615, 
    465, 
    0, 
    521, 
    811, 
    737, 
    149, 
    389
   ], 
   [
    1598, 
    1007, 
    225, 
    521, 
    0, 
    1203, 
    871, 
    541, 
    910
   ], 
   [
    787, 
    196, 
    978, 
    811, 
    1203, 
    0, 
    780, 
    662, 
    683
   ], 
   [
    1175, 
    584, 
    646, 
    737, 
    871, 
    780, 
    0, 
    588, 
    1071
   ], 
   [
    1057, 
    466, 
    316, 
    149, 
    541, 
    662, 
    588, 
    0, 
    538
   ], 
   [
    1078, 
    487, 
    854, 
    389, 
    910, 
    683, 
    1071, 
    538, 
    0
   ]
  ], 
  "weight_matrix": [
   [
    0, 
    3, 
    3, 
    3, 
    3, 
    3, 
    3, 
    3, 
    3
   ], 
   [
    3, 
    0, 
    3, 
    3, 
    3, 
    3, 
    3, 
    3, 
    3
   ], 
   [
    3, 
    3, 
    0, 
    3, 
    3, 
    3, 
    3, 
    3, 
    3
   ], 
   [
    3, 
    3, 
    3, 
    0, 
    3, 
    3, 
    3, 
    3, 
    3
   ], 
   [
    3, 
    3, 
    3, 
    3, 
    0, 
    3, 
    3, 
    3, 
    3
   ], 
   [
    3, 
    3, 
    3, 
    3, 
    3, 
    0, 
    3, 
    3, 
    3
   ], 
   [
    3, 
    3, 
    3, 
    3, 
    3, 
    3, 
    0, 
    3, 
    3
   ], 
   [
    3, 
    3, 
    3, 
    3, 
    3, 
    3, 
    3, 
    0, 
    3
   ], 
   [
    3, 
    3, 
    3, 
    3, 
    3, 
    3, 
    3, 
    3, 
    0
   ]
  ], 
  "city_names": [
   "Brest", 
   "Paris", 
   "Marseille", 
   "Gen\u00c3\u00a8ve", 
   "Monaco", 
   "Le Havre", 
   "Bordeaux", 
   "Lyon", 
   "Strasbourg"
  ], 
  "reward_matrix": [
   [
    0, 
    69526, 
    15612, 
    27125, 
    100, 
    56013, 
    29263, 
    37398, 
    35950
   ], 
   [
    69526, 
    0, 
    56357, 
    67871, 
    40845, 
    96758, 
    70008, 
    78143, 
    76696
   ], 
   [
    15612, 
    56357, 
    0, 
    78212, 
    94759, 
    42844, 
    65734, 
    88485, 
    51393
   ], 
   [
    27125, 
    67871, 
    78212, 
    0, 
    74352, 
    54358, 
    59460, 
    99999, 
    83452
   ], 
   [
    100, 
    40845, 
    94759, 
    74352, 
    0, 
    27332, 
    50221, 
    72973, 
    47533
   ], 
   [
    56013, 
    96758, 
    42844, 
    54358, 
    27332, 
    0, 
    56495, 
    64631, 
    63183
   ], 
   [
    29263, 
    70008, 
    65734, 
    59460, 
    50221, 
    56495, 
    0, 
    69732, 
    36433
   ], 
   [
    37398, 
    78143, 
    88485, 
    99999, 
    72973, 
    64631, 
    69732, 
    0, 
    73180
   ], 
   [
    35950, 
    76696, 
    51393, 
    83452, 
    47533, 
    63183, 
    36433, 
    73180, 
    0
   ]
  ], 
  "probability_matrix": [
   [
    0, 
    0.166133394584989, 
    0.14872970800001076, 
    0.1668186609762846, 
    0.1389392140606199, 
    0.009593614815057447, 
    0.05272456712770124, 
    0.15121733830098102, 
    0.16584350213435575
   ], 
   [
    0.09386436202973052, 
    0, 
    0.06844170679362026, 
    0.18669650733524007, 
    0.13630144268993177, 
    0.10603817468129056, 
    0.17979634528652702, 
    0.1826401168602792, 
    0.046221344323380646
   ], 
   [
    0.1465023530352459, 
    0.13495786600758194, 
    0, 
    0.11321019291137141, 
    0.12819924333585273, 
    0.10606927678182604, 
    0.15236971124691742, 
    0.1034253601441676, 
    0.11526599653703692
   ], 
   [
    0.1950763531370675, 
    0.14352916079982905, 
    0.18591873153789323, 
    0, 
    0.03161526936071062, 
    0.1504261649106881, 
    0.19693602630463483, 
    0.08321350167475373, 
    0.013284792274422995
   ], 
   [
    0.17040546440454432, 
    0.0736270253391968, 
    0.09586153193997192, 
    0.01870850612678984, 
    0, 
    0.15307576251636956, 
    0.22361852248699665, 
    0.22255499822817082, 
    0.04214818895796012
   ], 
   [
    0.0942052753926573, 
    0.0459446949001514, 
    0.04944962531048652, 
    0.22644824202056804, 
    0.14544779358585674, 
    0, 
    0.18824067143522955, 
    0.22537480746825653, 
    0.024888889886793934
   ], 
   [
    0.231933025525053, 
    0.24634919121838889, 
    0.06962420462505166, 
    0.029048358316414967, 
    0.008388026738851988, 
    0.17673450072751287, 
    0, 
    0.013359068147559315, 
    0.22456362470116722
   ], 
   [
    0.21741671133428486, 
    0.16360530092000874, 
    0.08247775201519494, 
    0.1512419725468726, 
    0.08857846883799364, 
    0.07602653681821502, 
    0.0318442100996182, 
    0, 
    0.18880904742781215
   ], 
   [
    0.11711126095595335, 
    0.005093296124520536, 
    0.055570403273971704, 
    0.20826253679129275, 
    0.12111015368049653, 
    0.21511567510607593, 
    0.17658344869335663, 
    0.10115322537433243, 
    0
   ]
  ]
 }, 
 "vehicle_capacities": [
  5, 
  5, 
  5, 
  30, 
  30, 
  30, 
  30, 
  30, 
  30
 ]
}