{
 "distance_matrix": [
  [
   0, 
   591, 
   1373, 
   1206, 
   1598, 
   787, 
   1175, 
   1057, 
   1078
  ], 
  [
   591, 
   0, 
   782, 
   615, 
   1007, 
   196, 
   584, 
   466, 
   487
  ], 
  [
   1373, 
   782, 
   0, 
   465, 
   225, 
   978, 
   646, 
   316, 
   854
  ], 
  [
   1206, 
   615, 
   465, 
   0, 
   521, 
   811, 
   737, 
   149, 
   389
  ], 
  [
   1598, 
   1007, 
   225, 
   521, 
   0, 
   1203, 
   871, 
   541, 
   910
  ], 
  [
   787, 
   196, 
   978, 
   811, 
   1203, 
   0, 
   780, 
   662, 
   683
  ], 
  [
   1175, 
   584, 
   646, 
   737, 
   871, 
   780, 
   0, 
   588, 
   1071
  ], 
  [
   1057, 
   466, 
   316, 
   149, 
   541, 
   662, 
   588, 
   0, 
   538
  ], 
  [
   1078, 
   487, 
   854, 
   389, 
   910, 
   683, 
   1071, 
   538, 
   0
  ]
 ], 
 "runs": [
  {
   "avg_task_cost_vs_number_of_task": [
    5510, 
    6547.5, 
    4973.333333333333, 
    5181.25, 
    4145, 
    3454.1666666666665, 
    3296.4285714285716, 
    3040.625, 
    2702.777777777778, 
    2432.5, 
    2442.7272727272725, 
    2239.1666666666665, 
    2093.846153846154, 
    1944.2857142857142, 
    1989.3333333333333, 
    1823.75, 
    1650.8823529411766, 
    1559.1666666666667, 
    1823.6842105263158, 
    1780.25, 
    1894.047619047619, 
    1827.5, 
    1706.0869565217392, 
    1632.5, 
    1660.6, 
    1555.9615384615386, 
    1528.148148148148, 
    1350.7142857142858, 
    1568.103448275862, 
    1673.5
   ], 
   "number_of_vehicles": 2
  }, 
  {
   "avg_task_cost_vs_number_of_task": [
    5510, 
    5592.5, 
    4821.666666666667, 
    4600, 
    4145, 
    3454.1666666666665, 
    2960.714285714286, 
    2590.625, 
    2302.777777777778, 
    2432.5, 
    2442.7272727272725, 
    2183.75, 
    2015.7692307692307, 
    1944.2857142857142, 
    1847.6666666666667, 
    1732.1875, 
    1601.1764705882354, 
    1598.611111111111, 
    1477.1052631578948, 
    1549.5, 
    1510, 
    1544.090909090909, 
    1379.1304347826087, 
    1542.0833333333333, 
    1350, 
    1482.5, 
    1684.2592592592594, 
    1473.5714285714287, 
    1238.103448275862, 
    1494.6666666666667
   ], 
   "number_of_vehicles": 3
  }, 
  {
   "avg_task_cost_vs_number_of_task": [
    3075, 
    5102.5, 
    4718.333333333333, 
    4600, 
    4145, 
    3454.1666666666665, 
    2960.714285714286, 
    2590.625, 
    2302.777777777778, 
    2432.5, 
    2442.7272727272725, 
    2239.1666666666665, 
    2093.846153846154, 
    1944.2857142857142, 
    1969, 
    1701.25, 
    1601.1764705882354, 
    1559.1666666666667, 
    1521.0526315789473, 
    1459, 
    1504.5238095238096, 
    1733.409090909091, 
    1593.2608695652175, 
    1704.1666666666667, 
    1375.8, 
    1398.8461538461538, 
    1552.5925925925926, 
    1438.0357142857142, 
    1445.5172413793102, 
    1559.5
   ], 
   "number_of_vehicles": 4
  }, 
  {
   "avg_task_cost_vs_number_of_task": [
    3075, 
    5102.5, 
    4718.333333333333, 
    4600, 
    4145, 
    3454.1666666666665, 
    2960.714285714286, 
    2590.625, 
    2302.777777777778, 
    2432.5, 
    2448.181818181818, 
    2239.1666666666665, 
    2071.5384615384614, 
    1919.2857142857142, 
    2204.6666666666665, 
    1683.75, 
    1584.7058823529412, 
    1735.5555555555557, 
    1648.9473684210527, 
    1590, 
    1785.7142857142858, 
    1776.3636363636363, 
    1478.9130434782608, 
    1504.375, 
    1461.8, 
    1370.3846153846155, 
    1440.5555555555557, 
    1448.5714285714287, 
    1397.2413793103449, 
    1316.3333333333333
   ], 
   "number_of_vehicles": 5
  }
 ], 
 "vehicle_starting_positions": [
  "Brest", 
  "Strasbourg", 
  "Marseille", 
  "Paris", 
  "Monaco", 
  "Bordeaux", 
  "Le Havre", 
  "Gen\u00e8ve", 
  "Lyon"
 ], 
 "task_distribution": {
  "weight_matrix": [
   [
    0, 
    3, 
    3, 
    3, 
    3, 
    3, 
    3, 
    3, 
    3
   ], 
   [
    3, 
    0, 
    3, 
    3, 
    3, 
    3, 
    3, 
    3, 
    3
   ], 
   [
    3, 
    3, 
    0, 
    3, 
    3, 
    3, 
    3, 
    3, 
    3
   ], 
   [
    3, 
    3, 
    3, 
    0, 
    3, 
    3, 
    3, 
    3, 
    3
   ], 
   [
    3, 
    3, 
    3, 
    3, 
    0, 
    3, 
    3, 
    3, 
    3
   ], 
   [
    3, 
    3, 
    3, 
    3, 
    3, 
    0, 
    3, 
    3, 
    3
   ], 
   [
    3, 
    3, 
    3, 
    3, 
    3, 
    3, 
    0, 
    3, 
    3
   ], 
   [
    3, 
    3, 
    3, 
    3, 
    3, 
    3, 
    3, 
    0, 
    3
   ], 
   [
    3, 
    3, 
    3, 
    3, 
    3, 
    3, 
    3, 
    3, 
    0
   ]
  ], 
  "city_names": [
   "Brest", 
   "Paris", 
   "Marseille", 
   "Gen\u00e8ve", 
   "Monaco", 
   "Le Havre", 
   "Bordeaux", 
   "Lyon", 
   "Strasbourg"
  ], 
  "reward_matrix": [
   [
    0, 
    69526, 
    15612, 
    27125, 
    100, 
    56013, 
    29263, 
    37398, 
    35950
   ], 
   [
    69526, 
    0, 
    56357, 
    67871, 
    40845, 
    96758, 
    70008, 
    78143, 
    76696
   ], 
   [
    15612, 
    56357, 
    0, 
    78212, 
    94759, 
    42844, 
    65734, 
    88485, 
    51393
   ], 
   [
    27125, 
    67871, 
    78212, 
    0, 
    74352, 
    54358, 
    59460, 
    99999, 
    83452
   ], 
   [
    100, 
    40845, 
    94759, 
    74352, 
    0, 
    27332, 
    50221, 
    72973, 
    47533
   ], 
   [
    56013, 
    96758, 
    42844, 
    54358, 
    27332, 
    0, 
    56495, 
    64631, 
    63183
   ], 
   [
    29263, 
    70008, 
    65734, 
    59460, 
    50221, 
    56495, 
    0, 
    69732, 
    36433
   ], 
   [
    37398, 
    78143, 
    88485, 
    99999, 
    72973, 
    64631, 
    69732, 
    0, 
    73180
   ], 
   [
    35950, 
    76696, 
    51393, 
    83452, 
    47533, 
    63183, 
    36433, 
    73180, 
    0
   ]
  ], 
  "probability_matrix": [
   [
    0, 
    0.18435215721870798, 
    0.1340785283724643, 
    0.10539631471585845, 
    0.1158880994598822, 
    0.08360937325108543, 
    0.17686796534050941, 
    0.09656326585463579, 
    0.10324429578685641
   ], 
   [
    0.1625842751988772, 
    0, 
    0.05179553370620046, 
    0.0541139104661005, 
    0.17675799642727955, 
    0.159843890828234, 
    0.0385702818302979, 
    0.14900291580110778, 
    0.20733119574190254
   ], 
   [
    0.14320076412627905, 
    0.13842761618350266, 
    0, 
    0.016631332415310146, 
    0.20554551602669627, 
    0.13312254979701577, 
    0.09596489532193803, 
    0.09608402542192908, 
    0.17102330070732902
   ], 
   [
    0.1077304546603117, 
    0.04946561166731063, 
    0.1877137390470392, 
    0, 
    0.12802632146693782, 
    0.19732468703579958, 
    0.18920856598866762, 
    0.12660567260436642, 
    0.013924947529566988
   ], 
   [
    0.0031907184693924515, 
    0.05684310869828511, 
    0.15230244890954198, 
    0.11972118043045847, 
    0, 
    0.14555122955934513, 
    0.22106016794405653, 
    0.20512699184210145, 
    0.09620415414681882
   ], 
   [
    0.021446466653941294, 
    0.03784479852177449, 
    0.2597471206834233, 
    0.05815234573276599, 
    0.22835614009047395, 
    0, 
    0.2081732409011032, 
    0.0268285234085678, 
    0.15945136400794985
   ], 
   [
    0.2136778855359121, 
    0.10536629832721005, 
    0.08888067911085203, 
    0.13455703863355628, 
    0.023570336826318573, 
    0.19870402248391442, 
    0, 
    0.13845860613355607, 
    0.09678513294868048
   ], 
   [
    0.030041307215601262, 
    0.23280119034702199, 
    0.1355636172572444, 
    0.04136255756165337, 
    0.14320903890754927, 
    0.29358171009079714, 
    0.08275730130656467, 
    0, 
    0.04068327731356791
   ], 
   [
    0.2354576842205039, 
    0.013678489381973873, 
    0.10658291252501667, 
    0.059481487633929214, 
    0.06152403974431476, 
    0.21046946480905881, 
    0.024870546881763742, 
    0.28793537480343895, 
    0
   ]
  ]
 }
}