{
 "distance_matrix": [
  [
   0, 
   591, 
   1373, 
   1206, 
   1598, 
   787, 
   1175, 
   1057, 
   1078
  ], 
  [
   591, 
   0, 
   782, 
   615, 
   1007, 
   196, 
   584, 
   466, 
   487
  ], 
  [
   1373, 
   782, 
   0, 
   465, 
   225, 
   978, 
   646, 
   316, 
   854
  ], 
  [
   1206, 
   615, 
   465, 
   0, 
   521, 
   811, 
   737, 
   149, 
   389
  ], 
  [
   1598, 
   1007, 
   225, 
   521, 
   0, 
   1203, 
   871, 
   541, 
   910
  ], 
  [
   787, 
   196, 
   978, 
   811, 
   1203, 
   0, 
   780, 
   662, 
   683
  ], 
  [
   1175, 
   584, 
   646, 
   737, 
   871, 
   780, 
   0, 
   588, 
   1071
  ], 
  [
   1057, 
   466, 
   316, 
   149, 
   541, 
   662, 
   588, 
   0, 
   538
  ], 
  [
   1078, 
   487, 
   854, 
   389, 
   910, 
   683, 
   1071, 
   538, 
   0
  ]
 ], 
 "runs": [
  {
   "avg_task_cost_vs_number_of_task": [
    4550, 
    3000, 
    3176.6666666666665, 
    2382.5, 
    2280, 
    1900, 
    2398.5714285714284, 
    2098.75, 
    1865.5555555555557, 
    1904, 
    1730.909090909091, 
    1616.25, 
    1661.923076923077, 
    1638.2142857142858, 
    1578.6666666666667, 
    1764.375, 
    1573.5294117647059, 
    1472.2222222222222, 
    1391.842105263158, 
    1481.75, 
    1447.142857142857, 
    1385.4545454545455, 
    1443.695652173913, 
    1465.4166666666667, 
    1095.8, 
    1481.923076923077, 
    1284.8148148148148, 
    1256.607142857143, 
    1371.2068965517242, 
    1487.8333333333333
   ], 
   "number_of_vehicles": 2
  }, 
  {
   "avg_task_cost_vs_number_of_task": [
    4550, 
    3000, 
    2980, 
    2235, 
    2162, 
    1801.6666666666667, 
    2299.285714285714, 
    2011.875, 
    1865.5555555555557, 
    1904, 
    1730.909090909091, 
    1708.3333333333333, 
    1642.6923076923076, 
    1638.2142857142858, 
    1553.6666666666667, 
    1508.4375, 
    1478.8235294117646, 
    1361.388888888889, 
    1345.5263157894738, 
    1343.5, 
    1375.2380952380952, 
    1325.6818181818182, 
    1226.5217391304348, 
    1271.0416666666667, 
    1180, 
    1000.3846153846154, 
    1092.5925925925926, 
    1061.607142857143, 
    1253.103448275862, 
    1162
   ], 
   "number_of_vehicles": 3
  }, 
  {
   "avg_task_cost_vs_number_of_task": [
    4550, 
    3000, 
    2980, 
    2235, 
    2162, 
    1801.6666666666667, 
    2299.285714285714, 
    2011.875, 
    1865.5555555555557, 
    2024, 
    1863.6363636363637, 
    1616.25, 
    1642.6923076923076, 
    1691.4285714285713, 
    1810.6666666666667, 
    1520.625, 
    1510.5882352941176, 
    1469.4444444444443, 
    1440, 
    1412, 
    1217.3809523809523, 
    1162.0454545454545, 
    1269.7826086956522, 
    1121.0416666666667, 
    1076.2, 
    1034.8076923076924, 
    1264.2592592592594, 
    1246.25, 
    1025, 
    1303.8333333333333
   ], 
   "number_of_vehicles": 4
  }, 
  {
   "avg_task_cost_vs_number_of_task": [
    1945, 
    3000, 
    2980, 
    2235, 
    2162, 
    1801.6666666666667, 
    2299.285714285714, 
    2011.875, 
    1865.5555555555557, 
    2002, 
    1730.909090909091, 
    1721.6666666666667, 
    1741.923076923077, 
    1737.857142857143, 
    1622, 
    1599.6875, 
    1532.0588235294117, 
    1449.7222222222222, 
    1431.3157894736842, 
    1481.75, 
    1217.3809523809523, 
    1312.7272727272727, 
    1220, 
    1271.0416666666667, 
    1170.4, 
    1141.7307692307693, 
    1128.888888888889, 
    1235.357142857143, 
    1269.1379310344828, 
    1243.6666666666667
   ], 
   "number_of_vehicles": 5
  }
 ], 
 "vehicle_starting_positions": [
  "Monaco", 
  "Le Havre", 
  "Bordeaux", 
  "Paris", 
  "Gen\u00e8ve", 
  "Lyon", 
  "Strasbourg", 
  "Brest", 
  "Marseille"
 ], 
 "task_distribution": {
  "weight_matrix": [
   [
    0, 
    3, 
    3, 
    3, 
    3, 
    3, 
    3, 
    3, 
    3
   ], 
   [
    3, 
    0, 
    3, 
    3, 
    3, 
    3, 
    3, 
    3, 
    3
   ], 
   [
    3, 
    3, 
    0, 
    3, 
    3, 
    3, 
    3, 
    3, 
    3
   ], 
   [
    3, 
    3, 
    3, 
    0, 
    3, 
    3, 
    3, 
    3, 
    3
   ], 
   [
    3, 
    3, 
    3, 
    3, 
    0, 
    3, 
    3, 
    3, 
    3
   ], 
   [
    3, 
    3, 
    3, 
    3, 
    3, 
    0, 
    3, 
    3, 
    3
   ], 
   [
    3, 
    3, 
    3, 
    3, 
    3, 
    3, 
    0, 
    3, 
    3
   ], 
   [
    3, 
    3, 
    3, 
    3, 
    3, 
    3, 
    3, 
    0, 
    3
   ], 
   [
    3, 
    3, 
    3, 
    3, 
    3, 
    3, 
    3, 
    3, 
    0
   ]
  ], 
  "city_names": [
   "Brest", 
   "Paris", 
   "Marseille", 
   "Gen\u00e8ve", 
   "Monaco", 
   "Le Havre", 
   "Bordeaux", 
   "Lyon", 
   "Strasbourg"
  ], 
  "reward_matrix": [
   [
    0, 
    69526, 
    15612, 
    27125, 
    100, 
    56013, 
    29263, 
    37398, 
    35950
   ], 
   [
    69526, 
    0, 
    56357, 
    67871, 
    40845, 
    96758, 
    70008, 
    78143, 
    76696
   ], 
   [
    15612, 
    56357, 
    0, 
    78212, 
    94759, 
    42844, 
    65734, 
    88485, 
    51393
   ], 
   [
    27125, 
    67871, 
    78212, 
    0, 
    74352, 
    54358, 
    59460, 
    99999, 
    83452
   ], 
   [
    100, 
    40845, 
    94759, 
    74352, 
    0, 
    27332, 
    50221, 
    72973, 
    47533
   ], 
   [
    56013, 
    96758, 
    42844, 
    54358, 
    27332, 
    0, 
    56495, 
    64631, 
    63183
   ], 
   [
    29263, 
    70008, 
    65734, 
    59460, 
    50221, 
    56495, 
    0, 
    69732, 
    36433
   ], 
   [
    37398, 
    78143, 
    88485, 
    99999, 
    72973, 
    64631, 
    69732, 
    0, 
    73180
   ], 
   [
    35950, 
    76696, 
    51393, 
    83452, 
    47533, 
    63183, 
    36433, 
    73180, 
    0
   ]
  ], 
  "probability_matrix": [
   [
    0, 
    0.0074760555615765445, 
    0.0006326628004003133, 
    0.3292299234845878, 
    0.15432100504450383, 
    0.2822777376200184, 
    0.004083376165063776, 
    0.150396120618954, 
    0.07158311870489527
   ], 
   [
    0.19287814601610795, 
    0, 
    0.06130042136826238, 
    0.07640012960197272, 
    0.19223701962085113, 
    0.08326510342617638, 
    0.05384502091017059, 
    0.17682136480703084, 
    0.163252794249428
   ], 
   [
    0.1397416476394998, 
    0.040973976682708704, 
    0, 
    0.13994932889133027, 
    0.06783036051923437, 
    0.21179457705168567, 
    0.057857859352755156, 
    0.20903554756415915, 
    0.13281670229862685
   ], 
   [
    0.03177721781361687, 
    0.1623255392945478, 
    0.12975300093484438, 
    0, 
    0.07957727454721412, 
    0.039324669352734994, 
    0.15820854709927692, 
    0.22922974677344957, 
    0.1698040041843152
   ], 
   [
    0.009399954966341184, 
    0.23702223106172357, 
    0.04016004630359082, 
    0.22945613255879885, 
    0, 
    0.14285378856116196, 
    0.0989766461549183, 
    0.006912799134419975, 
    0.23521840125904536
   ], 
   [
    0.12285038819198169, 
    0.17529375431718436, 
    0.13903188345130502, 
    0.22449165910097357, 
    0.0011614417656093687, 
    0, 
    0.0024505610946589313, 
    0.14343445264480395, 
    0.1912858594334832
   ], 
   [
    0.0641116629221917, 
    0.12177877889999951, 
    0.08540951757916503, 
    0.13044849224429347, 
    0.17003273068143446, 
    0.15087918964595856, 
    0, 
    0.10673735319234315, 
    0.1706022748346143
   ], 
   [
    0.044513651184824914, 
    0.06629509413395095, 
    0.09030633265992245, 
    0.15490758556945136, 
    0.20931138441604288, 
    0.04794110035337916, 
    0.19802990804462609, 
    0, 
    0.18869494363780204
   ], 
   [
    0.1982014248858317, 
    0.09191292033800098, 
    0.1420936935637263, 
    0.2006604472594403, 
    0.06453553639348218, 
    0.0782233675522606, 
    0.0015215772786673417, 
    0.22285103272859066, 
    0
   ]
  ]
 }
}