{
 "distance_matrix": [
  [
   0, 
   591, 
   1373, 
   1206, 
   1598, 
   787, 
   1175, 
   1057, 
   1078
  ], 
  [
   591, 
   0, 
   782, 
   615, 
   1007, 
   196, 
   584, 
   466, 
   487
  ], 
  [
   1373, 
   782, 
   0, 
   465, 
   225, 
   978, 
   646, 
   316, 
   854
  ], 
  [
   1206, 
   615, 
   465, 
   0, 
   521, 
   811, 
   737, 
   149, 
   389
  ], 
  [
   1598, 
   1007, 
   225, 
   521, 
   0, 
   1203, 
   871, 
   541, 
   910
  ], 
  [
   787, 
   196, 
   978, 
   811, 
   1203, 
   0, 
   780, 
   662, 
   683
  ], 
  [
   1175, 
   584, 
   646, 
   737, 
   871, 
   780, 
   0, 
   588, 
   1071
  ], 
  [
   1057, 
   466, 
   316, 
   149, 
   541, 
   662, 
   588, 
   0, 
   538
  ], 
  [
   1078, 
   487, 
   854, 
   389, 
   910, 
   683, 
   1071, 
   538, 
   0
  ]
 ], 
 "runs": [
  {
   "avg_task_cost_vs_number_of_task": [
    2250, 
    3687.5, 
    3163.3333333333335, 
    3200, 
    2560, 
    2133.3333333333335, 
    1828.5714285714287, 
    2076.25, 
    1845.5555555555557, 
    2252, 
    2047.2727272727273, 
    1914.5833333333333, 
    1987.3076923076924, 
    1825.7142857142858, 
    1735.6666666666667, 
    1802.1875, 
    1857.0588235294117, 
    1609.1666666666667, 
    1495.7894736842106, 
    1475.25, 
    1355.952380952381, 
    1444.7727272727273, 
    1493.4782608695652, 
    1368.75, 
    1398.6, 
    1425.9615384615386, 
    1285.3703703703704, 
    1466.0714285714287, 
    1331.0344827586207, 
    1189.3333333333333
   ], 
   "number_of_vehicles": 2
  }, 
  {
   "avg_task_cost_vs_number_of_task": [
    2250, 
    3442.5, 
    3163.3333333333335, 
    3200, 
    2560, 
    2133.3333333333335, 
    2000, 
    2076.25, 
    1977.7777777777778, 
    2252, 
    2047.2727272727273, 
    2252.5, 
    1824.6153846153845, 
    1825.7142857142858, 
    1631, 
    1749.6875, 
    1577.6470588235295, 
    1532.5, 
    1706.0526315789473, 
    1325.75, 
    1410, 
    1437.2727272727273, 
    1437.1739130434783, 
    1316.0416666666667, 
    1432.8, 
    1184.0384615384614, 
    1338.148148148148, 
    1446.9642857142858, 
    1241.896551724138, 
    1283.3333333333333
   ], 
   "number_of_vehicles": 3
  }, 
  {
   "avg_task_cost_vs_number_of_task": [
    2250, 
    2470, 
    2515, 
    2900, 
    2320, 
    2133.3333333333335, 
    1657.142857142857, 
    2076.25, 
    1932.2222222222222, 
    2372, 
    2047.2727272727273, 
    1976.6666666666667, 
    1816.5384615384614, 
    1913.9285714285713, 
    1661.3333333333333, 
    1597.5, 
    1713.235294117647, 
    1529.1666666666667, 
    1439.4736842105262, 
    1522.75, 
    1559.047619047619, 
    1541.3636363636363, 
    1385.2173913043478, 
    1323.125, 
    1415.6, 
    1443.4615384615386, 
    1338.148148148148, 
    1300.5357142857142, 
    1294.3103448275863, 
    1220.5
   ], 
   "number_of_vehicles": 4
  }, 
  {
   "avg_task_cost_vs_number_of_task": [
    2250, 
    2470, 
    2515, 
    2900, 
    2320, 
    1933.3333333333333, 
    1828.5714285714287, 
    2076.25, 
    1845.5555555555557, 
    2372, 
    2048.6363636363635, 
    1914.5833333333333, 
    1855, 
    2069.6428571428573, 
    1661.3333333333333, 
    1880, 
    1662.9411764705883, 
    1793.611111111111, 
    1558.9473684210527, 
    1480.5, 
    1442.857142857143, 
    1421.3636363636363, 
    1362.1739130434783, 
    1547.9166666666667, 
    1367.6, 
    1417.3076923076924, 
    1247.962962962963, 
    1378.392857142857, 
    1226.2068965517242, 
    1152.6666666666667
   ], 
   "number_of_vehicles": 5
  }
 ], 
 "vehicle_starting_positions": [
  "Monaco", 
  "Paris", 
  "Gen\u00e8ve", 
  "Strasbourg", 
  "Le Havre", 
  "Bordeaux", 
  "Brest", 
  "Lyon", 
  "Marseille"
 ], 
 "task_distribution": {
  "weight_matrix": [
   [
    0, 
    3, 
    3, 
    3, 
    3, 
    3, 
    3, 
    3, 
    3
   ], 
   [
    3, 
    0, 
    3, 
    3, 
    3, 
    3, 
    3, 
    3, 
    3
   ], 
   [
    3, 
    3, 
    0, 
    3, 
    3, 
    3, 
    3, 
    3, 
    3
   ], 
   [
    3, 
    3, 
    3, 
    0, 
    3, 
    3, 
    3, 
    3, 
    3
   ], 
   [
    3, 
    3, 
    3, 
    3, 
    0, 
    3, 
    3, 
    3, 
    3
   ], 
   [
    3, 
    3, 
    3, 
    3, 
    3, 
    0, 
    3, 
    3, 
    3
   ], 
   [
    3, 
    3, 
    3, 
    3, 
    3, 
    3, 
    0, 
    3, 
    3
   ], 
   [
    3, 
    3, 
    3, 
    3, 
    3, 
    3, 
    3, 
    0, 
    3
   ], 
   [
    3, 
    3, 
    3, 
    3, 
    3, 
    3, 
    3, 
    3, 
    0
   ]
  ], 
  "city_names": [
   "Brest", 
   "Paris", 
   "Marseille", 
   "Gen\u00e8ve", 
   "Monaco", 
   "Le Havre", 
   "Bordeaux", 
   "Lyon", 
   "Strasbourg"
  ], 
  "reward_matrix": [
   [
    0, 
    69526, 
    15612, 
    27125, 
    100, 
    56013, 
    29263, 
    37398, 
    35950
   ], 
   [
    69526, 
    0, 
    56357, 
    67871, 
    40845, 
    96758, 
    70008, 
    78143, 
    76696
   ], 
   [
    15612, 
    56357, 
    0, 
    78212, 
    94759, 
    42844, 
    65734, 
    88485, 
    51393
   ], 
   [
    27125, 
    67871, 
    78212, 
    0, 
    74352, 
    54358, 
    59460, 
    99999, 
    83452
   ], 
   [
    100, 
    40845, 
    94759, 
    74352, 
    0, 
    27332, 
    50221, 
    72973, 
    47533
   ], 
   [
    56013, 
    96758, 
    42844, 
    54358, 
    27332, 
    0, 
    56495, 
    64631, 
    63183
   ], 
   [
    29263, 
    70008, 
    65734, 
    59460, 
    50221, 
    56495, 
    0, 
    69732, 
    36433
   ], 
   [
    37398, 
    78143, 
    88485, 
    99999, 
    72973, 
    64631, 
    69732, 
    0, 
    73180
   ], 
   [
    35950, 
    76696, 
    51393, 
    83452, 
    47533, 
    63183, 
    36433, 
    73180, 
    0
   ]
  ], 
  "probability_matrix": [
   [
    0, 
    0.004622270746901419, 
    0.16726627536808178, 
    0.14364037117968761, 
    0.17117251110576576, 
    0.15568742746389466, 
    0.2069615823829659, 
    0.09134665749645067, 
    0.05930290425625203
   ], 
   [
    0.14108103401938013, 
    0, 
    0.0837549265526615, 
    0.06271195050764326, 
    0.16964413884462587, 
    0.11781273665551693, 
    0.14270231948813902, 
    0.11734769049312256, 
    0.16494520343891078
   ], 
   [
    0.11736261882758114, 
    0.07962336196438258, 
    0, 
    0.14736229202420045, 
    0.20417894129527905, 
    0.23082912167335823, 
    0.022969019817169596, 
    0.1165813602853614, 
    0.08109328411266778
   ], 
   [
    0.15894965938640124, 
    0.15677617263682372, 
    0.16450533778216817, 
    0, 
    0.13150382842154837, 
    0.01221171619984957, 
    0.15049796117123757, 
    0.09852521128472659, 
    0.12703011311724494
   ], 
   [
    0.011515517435132183, 
    0.17613059192135352, 
    0.07930533841650549, 
    0.20843528274073153, 
    0, 
    0.21763175291119022, 
    0.0588125008110655, 
    0.21498561602688906, 
    0.033183399737132545
   ], 
   [
    0.11854954831103692, 
    0.03798558864142997, 
    0.29780659778054314, 
    0.1930793694445434, 
    0.173416566494303, 
    0, 
    0.10558690185611941, 
    0.03254248654507134, 
    0.04103294092695256
   ], 
   [
    0.007024633735631568, 
    0.029579410157712455, 
    0.2144894338861596, 
    0.24291470169781648, 
    0.020558928833845868, 
    0.10899817469201209, 
    0, 
    0.06272290243234337, 
    0.3137118145644786
   ], 
   [
    0.13923535032222495, 
    0.20958419595074626, 
    0.1759863780375728, 
    0.08623919688590684, 
    0.13104905570970932, 
    0.08241737218581156, 
    0.14802069959890252, 
    0, 
    0.02746775130912573
   ], 
   [
    0.16600912334344023, 
    0.04966962484361723, 
    0.16847673342692981, 
    0.16240799348218257, 
    0.07174738725489196, 
    0.11041953305075035, 
    0.11992947721453844, 
    0.15134012738364944, 
    0
   ]
  ]
 }
}