{
 "vehicle_cost_per_km": [
  5, 
  10, 
  5, 
  5, 
  5, 
  5, 
  5, 
  5, 
  5
 ], 
 "runs": [
  {
   "avg_task_cost_vs_number_of_task": [
    7990, 
    5217.5, 
    3478.3333333333335, 
    3190, 
    2833, 
    2768.3333333333335, 
    2372.8571428571427, 
    2076.25, 
    1845.5555555555557, 
    2163, 
    1790.4545454545455, 
    1924.5833333333333, 
    1776.5384615384614, 
    1776.7857142857142, 
    1839.6666666666667, 
    2117.1875, 
    2000.8823529411766, 
    1836.6666666666667, 
    1925, 
    1885.5, 
    1905, 
    1954.3181818181818, 
    1841.9565217391305, 
    1887.2916666666667, 
    1840.8, 
    1820.7692307692307, 
    1833.7037037037037, 
    1601.4285714285713, 
    1707.5862068965516, 
    1751
   ], 
   "number_of_vehicles": 3
  }
 ], 
 "vehicle_starting_positions": [
  "Brest", 
  "Paris", 
  "Marseille", 
  "Gen\u00c3\u00a8ve", 
  "Monaco", 
  "Le Havre", 
  "Bordeaux", 
  "Lyon", 
  "Strasbourg"
 ], 
 "task_distribution": {
  "distance_matrix": [
   [
    0, 
    591, 
    1373, 
    1206, 
    1598, 
    787, 
    1175, 
    1057, 
    1078
   ], 
   [
    591, 
    0, 
    782, 
    615, 
    1007, 
    196, 
    584, 
    466, 
    487
   ], 
   [
    1373, 
    782, 
    0, 
    465, 
    225, 
    978, 
    646, 
    316, 
    854
   ], 
   [
    1206, 
    615, 
    465, 
    0, 
    521, 
    811, 
    737, 
    149, 
    389
   ], 
   [
    1598, 
    1007, 
    225, 
    521, 
    0, 
    1203, 
    871, 
    541, 
    910
   ], 
   [
    787, 
    196, 
    978, 
    811, 
    1203, 
    0, 
    780, 
    662, 
    683
   ], 
   [
    1175, 
    584, 
    646, 
    737, 
    871, 
    780, 
    0, 
    588, 
    1071
   ], 
   [
    1057, 
    466, 
    316, 
    149, 
    541, 
    662, 
    588, 
    0, 
    538
   ], 
   [
    1078, 
    487, 
    854, 
    389, 
    910, 
    683, 
    1071, 
    538, 
    0
   ]
  ], 
  "weight_matrix": [
   [
    0, 
    3, 
    3, 
    3, 
    3, 
    3, 
    3, 
    3, 
    3
   ], 
   [
    3, 
    0, 
    3, 
    3, 
    3, 
    3, 
    3, 
    3, 
    3
   ], 
   [
    3, 
    3, 
    0, 
    3, 
    3, 
    3, 
    3, 
    3, 
    3
   ], 
   [
    3, 
    3, 
    3, 
    0, 
    3, 
    3, 
    3, 
    3, 
    3
   ], 
   [
    3, 
    3, 
    3, 
    3, 
    0, 
    3, 
    3, 
    3, 
    3
   ], 
   [
    3, 
    3, 
    3, 
    3, 
    3, 
    0, 
    3, 
    3, 
    3
   ], 
   [
    3, 
    3, 
    3, 
    3, 
    3, 
    3, 
    0, 
    3, 
    3
   ], 
   [
    3, 
    3, 
    3, 
    3, 
    3, 
    3, 
    3, 
    0, 
    3
   ], 
   [
    3, 
    3, 
    3, 
    3, 
    3, 
    3, 
    3, 
    3, 
    0
   ]
  ], 
  "city_names": [
   "Brest", 
   "Paris", 
   "Marseille", 
   "Gen\u00c3\u00a8ve", 
   "Monaco", 
   "Le Havre", 
   "Bordeaux", 
   "Lyon", 
   "Strasbourg"
  ], 
  "reward_matrix": [
   [
    0, 
    69526, 
    15612, 
    27125, 
    100, 
    56013, 
    29263, 
    37398, 
    35950
   ], 
   [
    69526, 
    0, 
    56357, 
    67871, 
    40845, 
    96758, 
    70008, 
    78143, 
    76696
   ], 
   [
    15612, 
    56357, 
    0, 
    78212, 
    94759, 
    42844, 
    65734, 
    88485, 
    51393
   ], 
   [
    27125, 
    67871, 
    78212, 
    0, 
    74352, 
    54358, 
    59460, 
    99999, 
    83452
   ], 
   [
    100, 
    40845, 
    94759, 
    74352, 
    0, 
    27332, 
    50221, 
    72973, 
    47533
   ], 
   [
    56013, 
    96758, 
    42844, 
    54358, 
    27332, 
    0, 
    56495, 
    64631, 
    63183
   ], 
   [
    29263, 
    70008, 
    65734, 
    59460, 
    50221, 
    56495, 
    0, 
    69732, 
    36433
   ], 
   [
    37398, 
    78143, 
    88485, 
    99999, 
    72973, 
    64631, 
    69732, 
    0, 
    73180
   ], 
   [
    35950, 
    76696, 
    51393, 
    83452, 
    47533, 
    63183, 
    36433, 
    73180, 
    0
   ]
  ], 
  "probability_matrix": [
   [
    0, 
    0.1545666964897784, 
    0.1215479415837734, 
    0.06432344078513061, 
    0.08180781703331051, 
    0.16223592799090886, 
    0.15943797955051472, 
    0.11647228973509555, 
    0.13960790683148813
   ], 
   [
    0.19824281919844738, 
    0, 
    0.18707051291078086, 
    0.17796849781824978, 
    0.17238103754402218, 
    0.051394456578699364, 
    0.12008267294963441, 
    0.0320195918501728, 
    0.060840411149993265
   ], 
   [
    0.23409333381884992, 
    0.25122291833981464, 
    0, 
    0.08778510658074978, 
    0.03459509585039569, 
    0.07005018905778224, 
    0.06990972158207338, 
    0.22004670810557447, 
    0.032296926664759765
   ], 
   [
    0.17612359189346724, 
    0.08359760892658882, 
    0.18636014692884006, 
    0, 
    0.09077260876898967, 
    0.17104559310765935, 
    0.07724443073401777, 
    0.04085238150820647, 
    0.17400363813223058
   ], 
   [
    0.03831896947179287, 
    0.17695408627804346, 
    0.16305646025474452, 
    0.12121064743336901, 
    0, 
    0.1406028966653288, 
    0.17933676911824145, 
    0.05789741054608636, 
    0.1226227602323935
   ], 
   [
    0.03505499731544268, 
    0.049025487018146074, 
    0.15648591848743387, 
    0.1740007669083848, 
    0.22892239091520852, 
    0, 
    0.09862945360151287, 
    0.17935219100117045, 
    0.07852879475270053
   ], 
   [
    0.05785718263719908, 
    0.060018961378020985, 
    0.29377132284101176, 
    0.1867442256761214, 
    0.0017082823313583474, 
    0.10924290147815148, 
    0, 
    0.02587090219128732, 
    0.2647862214668496
   ], 
   [
    0.04855499053862768, 
    0.09785697457428082, 
    0.17317455373245047, 
    0.06821222716321929, 
    0.16528924013720325, 
    0.0842543190401276, 
    0.15620321734348883, 
    0, 
    0.20645447747060203
   ], 
   [
    0.07488860458706535, 
    0.2652264044669003, 
    0.024788038949548438, 
    0.0097626766690167, 
    0.011620497996213017, 
    0.080941554924106, 
    0.14103930441102455, 
    0.3917329179961256, 
    0
   ]
  ]
 }, 
 "vehicle_capacities": [
  15, 
  15, 
  15, 
  30, 
  30, 
  30, 
  30, 
  30, 
  30
 ]
}