{
 "vehicle_cost_per_km": [
  5, 
  5, 
  5, 
  5, 
  5
 ], 
 "runs": [
  {
   "avg_task_cost_vs_number_of_task": [
    1960, 
    2445, 
    2806.6666666666665, 
    2105, 
    2471, 
    2444.1666666666665, 
    2416.4285714285716, 
    2463.75, 
    2552.777777777778, 
    2297.5, 
    2175.4545454545455, 
    2210.4166666666665, 
    2248.076923076923, 
    2081.0714285714284, 
    1991.6666666666667, 
    1861.25, 
    1817.3529411764705, 
    1655.8333333333333, 
    1672.3684210526317, 
    1499, 
    1592.6190476190477, 
    1632.0454545454545, 
    1352.391304347826, 
    1413.5416666666667, 
    1304, 
    1234.0384615384614, 
    1448.148148148148, 
    1389.4642857142858, 
    1510.5172413793102, 
    1323.8333333333333
   ], 
   "number_of_vehicles": 2
  }, 
  {
   "avg_task_cost_vs_number_of_task": [
    980, 
    2445, 
    2603.3333333333335, 
    1952.5, 
    2275, 
    2444.1666666666665, 
    2416.4285714285716, 
    2463.75, 
    2583.3333333333335, 
    2325, 
    2113.6363636363635, 
    2210.4166666666665, 
    2068.076923076923, 
    2017.5, 
    1900.6666666666667, 
    1826.5625, 
    1713.8235294117646, 
    1710.8333333333333, 
    1813.6842105263158, 
    1499, 
    1480.7142857142858, 
    1538.1818181818182, 
    1367.608695652174, 
    1552.2916666666667, 
    1387.8, 
    1307.3076923076924, 
    1269.0740740740741, 
    1099.8214285714287, 
    1354.655172413793, 
    1285
   ], 
   "number_of_vehicles": 3
  }, 
  {
   "avg_task_cost_vs_number_of_task": [
    980, 
    2445, 
    2603.3333333333335, 
    1952.5, 
    2275, 
    2444.1666666666665, 
    2255.714285714286, 
    2323.125, 
    2458.3333333333335, 
    2212.5, 
    2011.3636363636363, 
    2275.4166666666665, 
    2130.769230769231, 
    1978.5714285714287, 
    1948.3333333333333, 
    1867.1875, 
    1563.235294117647, 
    1476.388888888889, 
    1647.1052631578948, 
    1619.25, 
    1490.2380952380952, 
    1413.409090909091, 
    1313.695652173913, 
    1288.75, 
    1231.8, 
    1372.5, 
    1351.6666666666667, 
    1260.892857142857, 
    1432.7586206896551, 
    1349.1666666666667
   ], 
   "number_of_vehicles": 4
  }, 
  {
   "avg_task_cost_vs_number_of_task": [
    980, 
    2445, 
    2603.3333333333335, 
    1952.5, 
    2275, 
    2444.1666666666665, 
    2255.714285714286, 
    2323.125, 
    2427.777777777778, 
    2212.5, 
    2011.3636363636363, 
    2171.6666666666665, 
    2044.2307692307693, 
    1966.4285714285713, 
    1948.3333333333333, 
    1826.5625, 
    1753.235294117647, 
    1610.5555555555557, 
    1673.421052631579, 
    1490.25, 
    1480.7142857142858, 
    1382.5, 
    1492.391304347826, 
    1465.4166666666667, 
    1541.4, 
    1346.7307692307693, 
    1352.037037037037, 
    1398.0357142857142, 
    1428.103448275862, 
    1390.1666666666667
   ], 
   "number_of_vehicles": 5
  }
 ], 
 "vehicle_starting_positions": [
  "Le Havre", 
  "Marseille", 
  "Paris", 
  "Monaco", 
  "Strasbourg", 
  "Lyon", 
  "Gen\u00e8ve", 
  "Brest", 
  "Bordeaux"
 ], 
 "task_distribution": {
  "distance_matrix": [
   [
    0, 
    591, 
    1373, 
    1206, 
    1598, 
    787, 
    1175, 
    1057, 
    1078
   ], 
   [
    591, 
    0, 
    782, 
    615, 
    1007, 
    196, 
    584, 
    466, 
    487
   ], 
   [
    1373, 
    782, 
    0, 
    465, 
    225, 
    978, 
    646, 
    316, 
    854
   ], 
   [
    1206, 
    615, 
    465, 
    0, 
    521, 
    811, 
    737, 
    149, 
    389
   ], 
   [
    1598, 
    1007, 
    225, 
    521, 
    0, 
    1203, 
    871, 
    541, 
    910
   ], 
   [
    787, 
    196, 
    978, 
    811, 
    1203, 
    0, 
    780, 
    662, 
    683
   ], 
   [
    1175, 
    584, 
    646, 
    737, 
    871, 
    780, 
    0, 
    588, 
    1071
   ], 
   [
    1057, 
    466, 
    316, 
    149, 
    541, 
    662, 
    588, 
    0, 
    538
   ], 
   [
    1078, 
    487, 
    854, 
    389, 
    910, 
    683, 
    1071, 
    538, 
    0
   ]
  ], 
  "weight_matrix": [
   [
    0, 
    3, 
    3, 
    3, 
    3, 
    3, 
    3, 
    3, 
    3
   ], 
   [
    3, 
    0, 
    3, 
    3, 
    3, 
    3, 
    3, 
    3, 
    3
   ], 
   [
    3, 
    3, 
    0, 
    3, 
    3, 
    3, 
    3, 
    3, 
    3
   ], 
   [
    3, 
    3, 
    3, 
    0, 
    3, 
    3, 
    3, 
    3, 
    3
   ], 
   [
    3, 
    3, 
    3, 
    3, 
    0, 
    3, 
    3, 
    3, 
    3
   ], 
   [
    3, 
    3, 
    3, 
    3, 
    3, 
    0, 
    3, 
    3, 
    3
   ], 
   [
    3, 
    3, 
    3, 
    3, 
    3, 
    3, 
    0, 
    3, 
    3
   ], 
   [
    3, 
    3, 
    3, 
    3, 
    3, 
    3, 
    3, 
    0, 
    3
   ], 
   [
    3, 
    3, 
    3, 
    3, 
    3, 
    3, 
    3, 
    3, 
    0
   ]
  ], 
  "city_names": [
   "Brest", 
   "Paris", 
   "Marseille", 
   "Gen\u00e8ve", 
   "Monaco", 
   "Le Havre", 
   "Bordeaux", 
   "Lyon", 
   "Strasbourg"
  ], 
  "reward_matrix": [
   [
    0, 
    69526, 
    15612, 
    27125, 
    100, 
    56013, 
    29263, 
    37398, 
    35950
   ], 
   [
    69526, 
    0, 
    56357, 
    67871, 
    40845, 
    96758, 
    70008, 
    78143, 
    76696
   ], 
   [
    15612, 
    56357, 
    0, 
    78212, 
    94759, 
    42844, 
    65734, 
    88485, 
    51393
   ], 
   [
    27125, 
    67871, 
    78212, 
    0, 
    74352, 
    54358, 
    59460, 
    99999, 
    83452
   ], 
   [
    100, 
    40845, 
    94759, 
    74352, 
    0, 
    27332, 
    50221, 
    72973, 
    47533
   ], 
   [
    56013, 
    96758, 
    42844, 
    54358, 
    27332, 
    0, 
    56495, 
    64631, 
    63183
   ], 
   [
    29263, 
    70008, 
    65734, 
    59460, 
    50221, 
    56495, 
    0, 
    69732, 
    36433
   ], 
   [
    37398, 
    78143, 
    88485, 
    99999, 
    72973, 
    64631, 
    69732, 
    0, 
    73180
   ], 
   [
    35950, 
    76696, 
    51393, 
    83452, 
    47533, 
    63183, 
    36433, 
    73180, 
    0
   ]
  ], 
  "probability_matrix": [
   [
    0, 
    0.22436612426320363, 
    0.00926879691284709, 
    0.06036325970209972, 
    0.026354391208225973, 
    0.20104831408897653, 
    0.08496277417210585, 
    0.1728755906437552, 
    0.22076074900878603
   ], 
   [
    0.09353753158531196, 
    0, 
    0.20556818909254154, 
    0.21629785577425462, 
    0.08921524642941461, 
    0.11371268939879033, 
    0.056183983140383274, 
    0.14052104254171688, 
    0.08496346203758673
   ], 
   [
    0.13436577233233438, 
    0.038963790851227226, 
    0, 
    0.15684588222281082, 
    0.19127925490857817, 
    0.057360434032791716, 
    0.19814061344016046, 
    0.10566467282834852, 
    0.11737957938374867
   ], 
   [
    0.019208377031546757, 
    0.15996220137670294, 
    0.0182552683383857, 
    0, 
    0.21543129378040293, 
    0.15157910122125978, 
    0.08859517767649124, 
    0.1485165110605252, 
    0.19845206951468547
   ], 
   [
    0.14163315667013235, 
    0.00893236749970786, 
    0.06730494886402041, 
    0.11685768408654018, 
    0, 
    0.1532324815312982, 
    0.1699053463004174, 
    0.16549914276186845, 
    0.1766348722860151
   ], 
   [
    0.16642201764745898, 
    0.12952160122463782, 
    0.10356505509167893, 
    0.15118897390415353, 
    0.06919574689700755, 
    0, 
    0.17921149552578566, 
    0.08924083543010349, 
    0.11165427427917415
   ], 
   [
    0.17108089802822904, 
    0.20483373641111746, 
    0.15484479904078263, 
    0.008467279275587034, 
    0.027955508161029766, 
    0.2006803748469297, 
    0, 
    0.16849397630534496, 
    0.06364342793097932
   ], 
   [
    0.23995398629949916, 
    0.11075256526502172, 
    0.09463942048064598, 
    0.0009073921949640366, 
    0.05004179985080518, 
    0.030237462101270263, 
    0.22498849045985655, 
    0, 
    0.24847888334793705
   ], 
   [
    0.18304016699843761, 
    0.06384403795788093, 
    0.21125294054298804, 
    0.1991376815933798, 
    0.0709602223174313, 
    0.16712657684566315, 
    0.07033538388748604, 
    0.03430298985673287, 
    0
   ]
  ]
 }, 
 "vehicle_capacities": [
  30, 
  30, 
  30, 
  30, 
  30
 ]
}