{
 "vehicle_cost_per_km": [
  10, 
  15, 
  10, 
  5, 
  5, 
  5, 
  5, 
  5, 
  5
 ], 
 "runs": [
  {
   "avg_task_cost_vs_number_of_task": [
    12760, 
    7360, 
    7260, 
    5445, 
    5330, 
    5865, 
    5357.142857142857, 
    5250, 
    4222.222222222223, 
    3800, 
    3741.818181818182, 
    3557.9166666666665, 
    3296.153846153846, 
    2714.285714285714, 
    2533.3333333333335, 
    2843.75, 
    3003.529411764706, 
    3176.6666666666665, 
    2875.2631578947367, 
    2989, 
    3159.0476190476193, 
    3029.5454545454545, 
    3110, 
    2995, 
    2792, 
    3123.076923076923, 
    3316.6666666666665, 
    3501.785714285714, 
    3389.655172413793, 
    3036.6666666666665
   ], 
   "number_of_vehicles": 3
  }
 ], 
 "vehicle_starting_positions": [
  "Brest", 
  "Paris", 
  "Marseille", 
  "Gen\u00c3\u00a8ve", 
  "Monaco", 
  "Le Havre", 
  "Bordeaux", 
  "Lyon", 
  "Strasbourg"
 ], 
 "task_distribution": {
  "distance_matrix": [
   [
    0, 
    591, 
    1373, 
    1206, 
    1598, 
    787, 
    1175, 
    1057, 
    1078
   ], 
   [
    591, 
    0, 
    782, 
    615, 
    1007, 
    196, 
    584, 
    466, 
    487
   ], 
   [
    1373, 
    782, 
    0, 
    465, 
    225, 
    978, 
    646, 
    316, 
    854
   ], 
   [
    1206, 
    615, 
    465, 
    0, 
    521, 
    811, 
    737, 
    149, 
    389
   ], 
   [
    1598, 
    1007, 
    225, 
    521, 
    0, 
    1203, 
    871, 
    541, 
    910
   ], 
   [
    787, 
    196, 
    978, 
    811, 
    1203, 
    0, 
    780, 
    662, 
    683
   ], 
   [
    1175, 
    584, 
    646, 
    737, 
    871, 
    780, 
    0, 
    588, 
    1071
   ], 
   [
    1057, 
    466, 
    316, 
    149, 
    541, 
    662, 
    588, 
    0, 
    538
   ], 
   [
    1078, 
    487, 
    854, 
    389, 
    910, 
    683, 
    1071, 
    538, 
    0
   ]
  ], 
  "weight_matrix": [
   [
    0, 
    3, 
    3, 
    3, 
    3, 
    3, 
    3, 
    3, 
    3
   ], 
   [
    3, 
    0, 
    3, 
    3, 
    3, 
    3, 
    3, 
    3, 
    3
   ], 
   [
    3, 
    3, 
    0, 
    3, 
    3, 
    3, 
    3, 
    3, 
    3
   ], 
   [
    3, 
    3, 
    3, 
    0, 
    3, 
    3, 
    3, 
    3, 
    3
   ], 
   [
    3, 
    3, 
    3, 
    3, 
    0, 
    3, 
    3, 
    3, 
    3
   ], 
   [
    3, 
    3, 
    3, 
    3, 
    3, 
    0, 
    3, 
    3, 
    3
   ], 
   [
    3, 
    3, 
    3, 
    3, 
    3, 
    3, 
    0, 
    3, 
    3
   ], 
   [
    3, 
    3, 
    3, 
    3, 
    3, 
    3, 
    3, 
    0, 
    3
   ], 
   [
    3, 
    3, 
    3, 
    3, 
    3, 
    3, 
    3, 
    3, 
    0
   ]
  ], 
  "city_names": [
   "Brest", 
   "Paris", 
   "Marseille", 
   "Gen\u00c3\u00a8ve", 
   "Monaco", 
   "Le Havre", 
   "Bordeaux", 
   "Lyon", 
   "Strasbourg"
  ], 
  "reward_matrix": [
   [
    0, 
    69526, 
    15612, 
    27125, 
    100, 
    56013, 
    29263, 
    37398, 
    35950
   ], 
   [
    69526, 
    0, 
    56357, 
    67871, 
    40845, 
    96758, 
    70008, 
    78143, 
    76696
   ], 
   [
    15612, 
    56357, 
    0, 
    78212, 
    94759, 
    42844, 
    65734, 
    88485, 
    51393
   ], 
   [
    27125, 
    67871, 
    78212, 
    0, 
    74352, 
    54358, 
    59460, 
    99999, 
    83452
   ], 
   [
    100, 
    40845, 
    94759, 
    74352, 
    0, 
    27332, 
    50221, 
    72973, 
    47533
   ], 
   [
    56013, 
    96758, 
    42844, 
    54358, 
    27332, 
    0, 
    56495, 
    64631, 
    63183
   ], 
   [
    29263, 
    70008, 
    65734, 
    59460, 
    50221, 
    56495, 
    0, 
    69732, 
    36433
   ], 
   [
    37398, 
    78143, 
    88485, 
    99999, 
    72973, 
    64631, 
    69732, 
    0, 
    73180
   ], 
   [
    35950, 
    76696, 
    51393, 
    83452, 
    47533, 
    63183, 
    36433, 
    73180, 
    0
   ]
  ], 
  "probability_matrix": [
   [
    0, 
    0.06012072027466213, 
    0.1344734629803325, 
    0.05392452627307892, 
    0.2048805549488715, 
    0.16103472752454293, 
    0.19030757326960393, 
    0.01728635517507031, 
    0.17797207955383773
   ], 
   [
    0.07258678933885168, 
    0, 
    0.15498389626394612, 
    0.07567366609947525, 
    0.0289192747788058, 
    0.13150898509720343, 
    0.19470427516398725, 
    0.17268952401096035, 
    0.16893358924677
   ], 
   [
    0.2531635689562901, 
    0.028831826639537175, 
    0, 
    0.09993105773285593, 
    0.1646690806842425, 
    0.02995916563016772, 
    0.23147020791791853, 
    0.126838440108298, 
    0.06513665233069012
   ], 
   [
    0.04560268027043563, 
    0.03986542944923315, 
    0.1445020901055547, 
    0, 
    0.035986260149418824, 
    0.2584536589928428, 
    0.16490407099341656, 
    0.24006850348576678, 
    0.07061730655333162
   ], 
   [
    0.10160907770058032, 
    0.10525355522797285, 
    0.08317056741962349, 
    0.05320034693108794, 
    0, 
    0.08203552223447547, 
    0.1378371455099602, 
    0.18519175690497208, 
    0.2517020280713275
   ], 
   [
    0.058342979659250664, 
    0.09470209350256323, 
    0.15121310814651948, 
    0.22325052653100702, 
    0.16711740721785404, 
    0, 
    0.03703759349082042, 
    0.20108395175277502, 
    0.06725233969921013
   ], 
   [
    0.03400325025737381, 
    0.19813164202570283, 
    0.07874465810753932, 
    0.12498258601131418, 
    0.14431319357901448, 
    0.23931473119162738, 
    0, 
    0.06686236441209553, 
    0.11364757441533256
   ], 
   [
    0.21933032512337355, 
    0.05290363943982706, 
    0.05662244449611088, 
    0.057161812830204245, 
    0.3125419662548621, 
    0.15826414105552183, 
    0.1343524923354852, 
    0, 
    0.008823178464615026
   ], 
   [
    0.06882187411142927, 
    0.17542337972079253, 
    0.1786114295749876, 
    0.13524073034810377, 
    0.151431202933922, 
    0.12282585696563636, 
    0.04020242748842131, 
    0.12744309885670735, 
    0
   ]
  ]
 }, 
 "vehicle_capacities": [
  15, 
  15, 
  15, 
  30, 
  30, 
  30, 
  30, 
  30, 
  30
 ]
}