{
 "distance_matrix": [
  [
   0, 
   591, 
   1373, 
   1206, 
   1598, 
   787, 
   1175, 
   1057, 
   1078
  ], 
  [
   591, 
   0, 
   782, 
   615, 
   1007, 
   196, 
   584, 
   466, 
   487
  ], 
  [
   1373, 
   782, 
   0, 
   465, 
   225, 
   978, 
   646, 
   316, 
   854
  ], 
  [
   1206, 
   615, 
   465, 
   0, 
   521, 
   811, 
   737, 
   149, 
   389
  ], 
  [
   1598, 
   1007, 
   225, 
   521, 
   0, 
   1203, 
   871, 
   541, 
   910
  ], 
  [
   787, 
   196, 
   978, 
   811, 
   1203, 
   0, 
   780, 
   662, 
   683
  ], 
  [
   1175, 
   584, 
   646, 
   737, 
   871, 
   780, 
   0, 
   588, 
   1071
  ], 
  [
   1057, 
   466, 
   316, 
   149, 
   541, 
   662, 
   588, 
   0, 
   538
  ], 
  [
   1078, 
   487, 
   854, 
   389, 
   910, 
   683, 
   1071, 
   538, 
   0
  ]
 ], 
 "runs": [
  {
   "avg_task_cost_vs_number_of_task": [
    2605, 
    6702.5, 
    4468.333333333333, 
    3562.5, 
    2906, 
    2421.6666666666665, 
    2353.5714285714284, 
    2059.375, 
    2340.5555555555557, 
    2106.5, 
    2380, 
    2072.0833333333335, 
    2016.923076923077, 
    1776.0714285714287, 
    1748, 
    1638.75, 
    1542.3529411764705, 
    1537.2222222222222, 
    1421.0526315789473, 
    1341.25, 
    1380.952380952381, 
    1316.3636363636363, 
    1250.6521739130435, 
    1227.2916666666667, 
    1539.8, 
    1138.8461538461538, 
    1205.5555555555557, 
    1161.7857142857142, 
    1208.448275862069, 
    1097.3333333333333
   ], 
   "number_of_vehicles": 2
  }, 
  {
   "avg_task_cost_vs_number_of_task": [
    2605, 
    6212.5, 
    4468.333333333333, 
    3562.5, 
    2906, 
    2421.6666666666665, 
    2353.5714285714284, 
    2059.375, 
    2340.5555555555557, 
    2183, 
    2380, 
    2072.0833333333335, 
    1912.6923076923076, 
    1776.0714285714287, 
    1657.6666666666667, 
    1638.75, 
    1568.5294117647059, 
    1619.4444444444443, 
    1543.9473684210527, 
    1311, 
    1352.6190476190477, 
    1174.7727272727273, 
    1414.1304347826087, 
    1258.9583333333333, 
    1305.8, 
    1178.2692307692307, 
    1244.6296296296296, 
    1087.5, 
    1172.9310344827586, 
    987
   ], 
   "number_of_vehicles": 3
  }, 
  {
   "avg_task_cost_vs_number_of_task": [
    2605, 
    6212.5, 
    4468.333333333333, 
    3562.5, 
    2906, 
    2421.6666666666665, 
    2353.5714285714284, 
    2059.375, 
    2332.777777777778, 
    2197.5, 
    2341.3636363636365, 
    2072.0833333333335, 
    2029.6153846153845, 
    1945, 
    1729.3333333333333, 
    1554.0625, 
    1554.4117647058824, 
    1501.388888888889, 
    1388.6842105263158, 
    1385.5, 
    1385.7142857142858, 
    1304.5454545454545, 
    1238.4782608695652, 
    1246.875, 
    1257.2, 
    1184.0384615384614, 
    1308.5185185185185, 
    1172.5, 
    1093.7931034482758, 
    1187.8333333333333
   ], 
   "number_of_vehicles": 4
  }, 
  {
   "avg_task_cost_vs_number_of_task": [
    2605, 
    6212.5, 
    4468.333333333333, 
    3562.5, 
    2906, 
    2421.6666666666665, 
    2353.5714285714284, 
    2059.375, 
    2441.6666666666665, 
    2099.5, 
    2358.181818181818, 
    2224.1666666666665, 
    1927.6923076923076, 
    1884.642857142857, 
    1727, 
    1638.75, 
    1750.5882352941176, 
    1611.111111111111, 
    1513.9473684210527, 
    1424.25, 
    1396.904761904762, 
    1416.1363636363637, 
    1287.391304347826, 
    1363.5416666666667, 
    1310.6, 
    1319.6153846153845, 
    1072.5925925925926, 
    1245.7142857142858, 
    1181.551724137931, 
    1215.6666666666667
   ], 
   "number_of_vehicles": 5
  }
 ], 
 "vehicle_starting_positions": [
  "Le Havre", 
  "Monaco", 
  "Paris", 
  "Marseille", 
  "Bordeaux", 
  "Brest", 
  "Lyon", 
  "Strasbourg", 
  "Gen\u00e8ve"
 ], 
 "task_distribution": {
  "weight_matrix": [
   [
    0, 
    3, 
    3, 
    3, 
    3, 
    3, 
    3, 
    3, 
    3
   ], 
   [
    3, 
    0, 
    3, 
    3, 
    3, 
    3, 
    3, 
    3, 
    3
   ], 
   [
    3, 
    3, 
    0, 
    3, 
    3, 
    3, 
    3, 
    3, 
    3
   ], 
   [
    3, 
    3, 
    3, 
    0, 
    3, 
    3, 
    3, 
    3, 
    3
   ], 
   [
    3, 
    3, 
    3, 
    3, 
    0, 
    3, 
    3, 
    3, 
    3
   ], 
   [
    3, 
    3, 
    3, 
    3, 
    3, 
    0, 
    3, 
    3, 
    3
   ], 
   [
    3, 
    3, 
    3, 
    3, 
    3, 
    3, 
    0, 
    3, 
    3
   ], 
   [
    3, 
    3, 
    3, 
    3, 
    3, 
    3, 
    3, 
    0, 
    3
   ], 
   [
    3, 
    3, 
    3, 
    3, 
    3, 
    3, 
    3, 
    3, 
    0
   ]
  ], 
  "city_names": [
   "Brest", 
   "Paris", 
   "Marseille", 
   "Gen\u00e8ve", 
   "Monaco", 
   "Le Havre", 
   "Bordeaux", 
   "Lyon", 
   "Strasbourg"
  ], 
  "reward_matrix": [
   [
    0, 
    69526, 
    15612, 
    27125, 
    100, 
    56013, 
    29263, 
    37398, 
    35950
   ], 
   [
    69526, 
    0, 
    56357, 
    67871, 
    40845, 
    96758, 
    70008, 
    78143, 
    76696
   ], 
   [
    15612, 
    56357, 
    0, 
    78212, 
    94759, 
    42844, 
    65734, 
    88485, 
    51393
   ], 
   [
    27125, 
    67871, 
    78212, 
    0, 
    74352, 
    54358, 
    59460, 
    99999, 
    83452
   ], 
   [
    100, 
    40845, 
    94759, 
    74352, 
    0, 
    27332, 
    50221, 
    72973, 
    47533
   ], 
   [
    56013, 
    96758, 
    42844, 
    54358, 
    27332, 
    0, 
    56495, 
    64631, 
    63183
   ], 
   [
    29263, 
    70008, 
    65734, 
    59460, 
    50221, 
    56495, 
    0, 
    69732, 
    36433
   ], 
   [
    37398, 
    78143, 
    88485, 
    99999, 
    72973, 
    64631, 
    69732, 
    0, 
    73180
   ], 
   [
    35950, 
    76696, 
    51393, 
    83452, 
    47533, 
    63183, 
    36433, 
    73180, 
    0
   ]
  ], 
  "probability_matrix": [
   [
    0, 
    0.044078290953980186, 
    0.12495598972891107, 
    0.12230805783595264, 
    0.1003398505261832, 
    0.17147056002185623, 
    0.1641574011603558, 
    0.12190717507526981, 
    0.15078267469749115
   ], 
   [
    0.1964802991552184, 
    0, 
    0.19434054041673882, 
    0.14613628573326876, 
    0.16315317200476995, 
    0.04627567862500841, 
    0.09864775592774823, 
    0.0513558441585556, 
    0.10361042397869177
   ], 
   [
    0.03913168460252989, 
    0.017620595871614287, 
    0, 
    0.3140037501807213, 
    0.056824320073164465, 
    0.2776499159876918, 
    0.05430294849244141, 
    0.024951115690272828, 
    0.21551566910156392
   ], 
   [
    0.20297210252909562, 
    0.02462726900671244, 
    0.01960151601662851, 
    0, 
    0.07556412737812516, 
    0.01934904971693841, 
    0.26537232094196067, 
    0.07054991847819625, 
    0.32196369593234303
   ], 
   [
    0.13048145078422016, 
    0.17561489680612125, 
    0.17453469431065446, 
    0.16451015571918187, 
    0, 
    0.11834970350215887, 
    0.0736517229340238, 
    0.022009231872112477, 
    0.14084814407152707
   ], 
   [
    0.14319386481079274, 
    0.08114492576294097, 
    0.1452508160111684, 
    0.1588675352960588, 
    0.03688201368202653, 
    0, 
    0.12072997325448483, 
    0.18294591984952752, 
    0.13098495133300012
   ], 
   [
    0.06340553684493472, 
    0.2267996830965772, 
    0.012401778094954716, 
    0.03370858817909887, 
    0.24511583818573826, 
    0.06199749210157182, 
    0, 
    0.22650494993472348, 
    0.13006613356240082
   ], 
   [
    0.1580539321933116, 
    0.19319276822254244, 
    0.20436573049908602, 
    0.12054969151935309, 
    0.025465359380290285, 
    0.07103408453656612, 
    0.19489793863757593, 
    0, 
    0.03244049501127455
   ], 
   [
    0.17438715911660158, 
    0.024043275592984217, 
    0.005537979716276054, 
    0.13763966432012434, 
    0.36439177528418265, 
    0.088038139291864, 
    0.05910990065254833, 
    0.14685210602541884, 
    0
   ]
  ]
 }
}