{
 "vehicle_cost_per_km": [
  5, 
  5, 
  5, 
  5, 
  5
 ], 
 "runs": [
  {
   "avg_task_cost_vs_number_of_task": [
    6605, 
    4465, 
    5315, 
    4647.5, 
    3718, 
    4362.5, 
    3997.1428571428573, 
    3892.5, 
    3811.1111111111113, 
    4288.5, 
    4343.181818181818, 
    4473.75, 
    4215, 
    4423.928571428572, 
    4519, 
    4777.5, 
    4840.588235294118, 
    4571.666666666667, 
    4614.210526315789, 
    4572.5, 
    4837.142857142857, 
    4883.181818181818, 
    5013.04347826087, 
    5226.25, 
    5214.8, 
    5120.192307692308, 
    4984.444444444444, 
    4886.785714285715, 
    4919.6551724137935, 
    4875.666666666667
   ], 
   "number_of_vehicles": 3
  }
 ], 
 "vehicle_starting_positions": [
  "Brest", 
  "Paris", 
  "Marseille", 
  "Gen\u00e8ve", 
  "Monaco", 
  "Le Havre", 
  "Bordeaux", 
  "Lyon", 
  "Strasbourg"
 ], 
 "task_distribution": {
  "distance_matrix": [
   [
    0, 
    591, 
    1373, 
    1206, 
    1598, 
    787, 
    1175, 
    1057, 
    1078
   ], 
   [
    591, 
    0, 
    782, 
    615, 
    1007, 
    196, 
    584, 
    466, 
    487
   ], 
   [
    1373, 
    782, 
    0, 
    465, 
    225, 
    978, 
    646, 
    316, 
    854
   ], 
   [
    1206, 
    615, 
    465, 
    0, 
    521, 
    811, 
    737, 
    149, 
    389
   ], 
   [
    1598, 
    1007, 
    225, 
    521, 
    0, 
    1203, 
    871, 
    541, 
    910
   ], 
   [
    787, 
    196, 
    978, 
    811, 
    1203, 
    0, 
    780, 
    662, 
    683
   ], 
   [
    1175, 
    584, 
    646, 
    737, 
    871, 
    780, 
    0, 
    588, 
    1071
   ], 
   [
    1057, 
    466, 
    316, 
    149, 
    541, 
    662, 
    588, 
    0, 
    538
   ], 
   [
    1078, 
    487, 
    854, 
    389, 
    910, 
    683, 
    1071, 
    538, 
    0
   ]
  ], 
  "weight_matrix": [
   [
    0, 
    3, 
    3, 
    3, 
    3, 
    3, 
    3, 
    3, 
    3
   ], 
   [
    3, 
    0, 
    3, 
    3, 
    3, 
    3, 
    3, 
    3, 
    3
   ], 
   [
    3, 
    3, 
    0, 
    3, 
    3, 
    3, 
    3, 
    3, 
    3
   ], 
   [
    3, 
    3, 
    3, 
    0, 
    3, 
    3, 
    3, 
    3, 
    3
   ], 
   [
    3, 
    3, 
    3, 
    3, 
    0, 
    3, 
    3, 
    3, 
    3
   ], 
   [
    3, 
    3, 
    3, 
    3, 
    3, 
    0, 
    3, 
    3, 
    3
   ], 
   [
    3, 
    3, 
    3, 
    3, 
    3, 
    3, 
    0, 
    3, 
    3
   ], 
   [
    3, 
    3, 
    3, 
    3, 
    3, 
    3, 
    3, 
    0, 
    3
   ], 
   [
    3, 
    3, 
    3, 
    3, 
    3, 
    3, 
    3, 
    3, 
    0
   ]
  ], 
  "city_names": [
   "Brest", 
   "Paris", 
   "Marseille", 
   "Gen\u00e8ve", 
   "Monaco", 
   "Le Havre", 
   "Bordeaux", 
   "Lyon", 
   "Strasbourg"
  ], 
  "reward_matrix": [
   [
    0, 
    69526, 
    15612, 
    27125, 
    100, 
    56013, 
    29263, 
    37398, 
    35950
   ], 
   [
    69526, 
    0, 
    56357, 
    67871, 
    40845, 
    96758, 
    70008, 
    78143, 
    76696
   ], 
   [
    15612, 
    56357, 
    0, 
    78212, 
    94759, 
    42844, 
    65734, 
    88485, 
    51393
   ], 
   [
    27125, 
    67871, 
    78212, 
    0, 
    74352, 
    54358, 
    59460, 
    99999, 
    83452
   ], 
   [
    100, 
    40845, 
    94759, 
    74352, 
    0, 
    27332, 
    50221, 
    72973, 
    47533
   ], 
   [
    56013, 
    96758, 
    42844, 
    54358, 
    27332, 
    0, 
    56495, 
    64631, 
    63183
   ], 
   [
    29263, 
    70008, 
    65734, 
    59460, 
    50221, 
    56495, 
    0, 
    69732, 
    36433
   ], 
   [
    37398, 
    78143, 
    88485, 
    99999, 
    72973, 
    64631, 
    69732, 
    0, 
    73180
   ], 
   [
    35950, 
    76696, 
    51393, 
    83452, 
    47533, 
    63183, 
    36433, 
    73180, 
    0
   ]
  ], 
  "probability_matrix": [
   [
    0, 
    0.17961900153527424, 
    0.14124334849886505, 
    0.07035679792800639, 
    0.17022561333262679, 
    0.12506242749647525, 
    0.04450496778725374, 
    0.18771721651882198, 
    0.08127062690267654
   ], 
   [
    0.07940410735794122, 
    0, 
    0.1401982443686084, 
    0.05697413861654992, 
    0.15214485421488028, 
    0.2688812733830352, 
    0.1717634995588042, 
    0.1276997427418096, 
    0.0029341397583712283
   ], 
   [
    0.17352744072202714, 
    0.094977554049473, 
    0, 
    0.032716217053204454, 
    0.13688092075450659, 
    0.21206114047923394, 
    0.05434400765107052, 
    0.23714435697169586, 
    0.058348362318788545
   ], 
   [
    0.080164787088131, 
    0.17719805328775992, 
    0.09415712641110427, 
    0, 
    0.10815925910341694, 
    0.2074888738846528, 
    0.17751532286488547, 
    0.10041235533669077, 
    0.05490422202335884
   ], 
   [
    0.13328952954645645, 
    0.21365328857578997, 
    0.014474957939508126, 
    0.0015831137726078982, 
    0, 
    0.22671965477067083, 
    0.06788998081446274, 
    0.18217908105514508, 
    0.1602103935253589
   ], 
   [
    0.05270852805462854, 
    0.16042727402634377, 
    0.09020069805907034, 
    0.09089393415179171, 
    0.28997064063802186, 
    0, 
    0.13403540411129197, 
    0.03168014758375499, 
    0.15008337337509706
   ], 
   [
    0.04953316745784007, 
    0.20805220693784907, 
    0.03798325769676068, 
    0.16702773798115259, 
    0.13214245447373837, 
    0.054634854325072195, 
    0, 
    0.15809504610601888, 
    0.1925312750215682
   ], 
   [
    0.004137279566498285, 
    0.22306465945613377, 
    0.12555788877767943, 
    0.16203876465212344, 
    0.11185401105168706, 
    0.1568832860606026, 
    0.0018753245985318515, 
    0, 
    0.21458878583674362
   ], 
   [
    0.10589494375143846, 
    0.10012058883545831, 
    0.26582632360904207, 
    0.12821036092851268, 
    0.1356419115141114, 
    0.036847705259183544, 
    0.005969212713164364, 
    0.2214889533890891, 
    0
   ]
  ]
 }, 
 "vehicle_capacities": [
  5, 
  5, 
  5, 
  30, 
  30, 
  30, 
  30, 
  30, 
  30
 ]
}