{
 "vehicle_cost_per_km": [
  10, 
  5, 
  10, 
  5, 
  5, 
  5, 
  5, 
  5, 
  5
 ], 
 "runs": [
  {
   "avg_task_cost_vs_number_of_task": [
    2435, 
    2797.5, 
    3835, 
    4390, 
    3512, 
    3050, 
    2614.285714285714, 
    2287.5, 
    2033.3333333333333, 
    2054, 
    2177.7272727272725, 
    1914.5833333333333, 
    2005, 
    2047.142857142857, 
    2182.3333333333335, 
    2035, 
    2112.3529411764707, 
    1923.3333333333333, 
    1920, 
    2158.75, 
    1816.4285714285713, 
    2384.090909090909, 
    2125.4347826086955, 
    2270, 
    1937, 
    2083.269230769231, 
    1899.4444444444443, 
    1878.2142857142858, 
    2208.103448275862, 
    2000.5
   ], 
   "number_of_vehicles": 3
  }
 ], 
 "vehicle_starting_positions": [
  "Brest", 
  "Paris", 
  "Marseille", 
  "Gen\u00c3\u00a8ve", 
  "Monaco", 
  "Le Havre", 
  "Bordeaux", 
  "Lyon", 
  "Strasbourg"
 ], 
 "task_distribution": {
  "distance_matrix": [
   [
    0, 
    591, 
    1373, 
    1206, 
    1598, 
    787, 
    1175, 
    1057, 
    1078
   ], 
   [
    591, 
    0, 
    782, 
    615, 
    1007, 
    196, 
    584, 
    466, 
    487
   ], 
   [
    1373, 
    782, 
    0, 
    465, 
    225, 
    978, 
    646, 
    316, 
    854
   ], 
   [
    1206, 
    615, 
    465, 
    0, 
    521, 
    811, 
    737, 
    149, 
    389
   ], 
   [
    1598, 
    1007, 
    225, 
    521, 
    0, 
    1203, 
    871, 
    541, 
    910
   ], 
   [
    787, 
    196, 
    978, 
    811, 
    1203, 
    0, 
    780, 
    662, 
    683
   ], 
   [
    1175, 
    584, 
    646, 
    737, 
    871, 
    780, 
    0, 
    588, 
    1071
   ], 
   [
    1057, 
    466, 
    316, 
    149, 
    541, 
    662, 
    588, 
    0, 
    538
   ], 
   [
    1078, 
    487, 
    854, 
    389, 
    910, 
    683, 
    1071, 
    538, 
    0
   ]
  ], 
  "weight_matrix": [
   [
    0, 
    3, 
    3, 
    3, 
    3, 
    3, 
    3, 
    3, 
    3
   ], 
   [
    3, 
    0, 
    3, 
    3, 
    3, 
    3, 
    3, 
    3, 
    3
   ], 
   [
    3, 
    3, 
    0, 
    3, 
    3, 
    3, 
    3, 
    3, 
    3
   ], 
   [
    3, 
    3, 
    3, 
    0, 
    3, 
    3, 
    3, 
    3, 
    3
   ], 
   [
    3, 
    3, 
    3, 
    3, 
    0, 
    3, 
    3, 
    3, 
    3
   ], 
   [
    3, 
    3, 
    3, 
    3, 
    3, 
    0, 
    3, 
    3, 
    3
   ], 
   [
    3, 
    3, 
    3, 
    3, 
    3, 
    3, 
    0, 
    3, 
    3
   ], 
   [
    3, 
    3, 
    3, 
    3, 
    3, 
    3, 
    3, 
    0, 
    3
   ], 
   [
    3, 
    3, 
    3, 
    3, 
    3, 
    3, 
    3, 
    3, 
    0
   ]
  ], 
  "city_names": [
   "Brest", 
   "Paris", 
   "Marseille", 
   "Gen\u00c3\u00a8ve", 
   "Monaco", 
   "Le Havre", 
   "Bordeaux", 
   "Lyon", 
   "Strasbourg"
  ], 
  "reward_matrix": [
   [
    0, 
    69526, 
    15612, 
    27125, 
    100, 
    56013, 
    29263, 
    37398, 
    35950
   ], 
   [
    69526, 
    0, 
    56357, 
    67871, 
    40845, 
    96758, 
    70008, 
    78143, 
    76696
   ], 
   [
    15612, 
    56357, 
    0, 
    78212, 
    94759, 
    42844, 
    65734, 
    88485, 
    51393
   ], 
   [
    27125, 
    67871, 
    78212, 
    0, 
    74352, 
    54358, 
    59460, 
    99999, 
    83452
   ], 
   [
    100, 
    40845, 
    94759, 
    74352, 
    0, 
    27332, 
    50221, 
    72973, 
    47533
   ], 
   [
    56013, 
    96758, 
    42844, 
    54358, 
    27332, 
    0, 
    56495, 
    64631, 
    63183
   ], 
   [
    29263, 
    70008, 
    65734, 
    59460, 
    50221, 
    56495, 
    0, 
    69732, 
    36433
   ], 
   [
    37398, 
    78143, 
    88485, 
    99999, 
    72973, 
    64631, 
    69732, 
    0, 
    73180
   ], 
   [
    35950, 
    76696, 
    51393, 
    83452, 
    47533, 
    63183, 
    36433, 
    73180, 
    0
   ]
  ], 
  "probability_matrix": [
   [
    0, 
    0.16698365661916245, 
    0.10045896172344079, 
    0.059910932194672195, 
    0.20006506324063147, 
    0.16842079505809385, 
    0.12716721526297123, 
    0.05386163298931655, 
    0.12313174291171157
   ], 
   [
    0.04672957619374369, 
    0, 
    0.06876774733393498, 
    0.25575342867920486, 
    0.15942406767810396, 
    0.2049242960634072, 
    0.10074439785196446, 
    0.021578952330661556, 
    0.14207753386897937
   ], 
   [
    0.10916129968273781, 
    0.10431013528424019, 
    0, 
    0.04793759217845222, 
    0.18259288848223884, 
    0.23197836510762354, 
    0.1033557613717531, 
    0.1629898788270163, 
    0.0576740790659381
   ], 
   [
    0.047637385787555324, 
    0.14796127739728374, 
    0.17141127198236444, 
    0, 
    0.16588145931937442, 
    0.2545154424146294, 
    0.08752042169659, 
    0.07137748894891223, 
    0.05369525245329043
   ], 
   [
    0.1380006141143412, 
    0.08667177270348592, 
    0.1638695353430486, 
    0.12119067880303631, 
    0, 
    0.17299137304067622, 
    0.10496451535411372, 
    0.1341250500377506, 
    0.07818646060354742
   ], 
   [
    0.08072790538751083, 
    0.07990666230915733, 
    0.16896944700598712, 
    0.19480943358146957, 
    0.14172879543540676, 
    0, 
    0.1562260569637803, 
    0.0008892090087453331, 
    0.17674249030794273
   ], 
   [
    0.0179051736830061, 
    0.2169543527680374, 
    0.11557332494568533, 
    0.06523714455456095, 
    0.1551905375708366, 
    0.15267681830648752, 
    0, 
    0.07214255740440596, 
    0.20432009076698013
   ], 
   [
    0.18245194888373692, 
    0.0014517153202845748, 
    0.19008496528985727, 
    0.024861973145198366, 
    0.1151813999929164, 
    0.03465536089101331, 
    0.1486960060840955, 
    0, 
    0.30261663039289766
   ], 
   [
    0.21105922194911547, 
    0.016165970246388668, 
    0.11850240841758536, 
    0.13277674661154285, 
    0.13835812366322298, 
    0.10837890036668685, 
    0.23685106136939532, 
    0.037907567376062636, 
    0
   ]
  ]
 }, 
 "vehicle_capacities": [
  15, 
  15, 
  15, 
  30, 
  30, 
  30, 
  30, 
  30, 
  30
 ]
}