{
 "distance_matrix": [
  [
   0, 
   591, 
   1373, 
   1206, 
   1598, 
   787, 
   1175, 
   1057, 
   1078
  ], 
  [
   591, 
   0, 
   782, 
   615, 
   1007, 
   196, 
   584, 
   466, 
   487
  ], 
  [
   1373, 
   782, 
   0, 
   465, 
   225, 
   978, 
   646, 
   316, 
   854
  ], 
  [
   1206, 
   615, 
   465, 
   0, 
   521, 
   811, 
   737, 
   149, 
   389
  ], 
  [
   1598, 
   1007, 
   225, 
   521, 
   0, 
   1203, 
   871, 
   541, 
   910
  ], 
  [
   787, 
   196, 
   978, 
   811, 
   1203, 
   0, 
   780, 
   662, 
   683
  ], 
  [
   1175, 
   584, 
   646, 
   737, 
   871, 
   780, 
   0, 
   588, 
   1071
  ], 
  [
   1057, 
   466, 
   316, 
   149, 
   541, 
   662, 
   588, 
   0, 
   538
  ], 
  [
   1078, 
   487, 
   854, 
   389, 
   910, 
   683, 
   1071, 
   538, 
   0
  ]
 ], 
 "runs": [
  {
   "avg_task_cost_vs_number_of_task": [
    5020, 
    7420, 
    5878.333333333333, 
    4985, 
    4269, 
    3638.3333333333335, 
    3118.5714285714284, 
    2728.75, 
    2425.5555555555557, 
    2267.5, 
    2061.3636363636365, 
    2052.9166666666665, 
    2043.8461538461538, 
    1850, 
    1771.3333333333333, 
    1730.9375, 
    1551.4705882352941, 
    1548.611111111111, 
    1552.6315789473683, 
    1371.5, 
    1495, 
    1423.8636363636363, 
    1348.4782608695652, 
    1303.125, 
    1319.2, 
    1381.5384615384614, 
    1479.2592592592594, 
    1570, 
    1315.344827586207, 
    1336.5
   ], 
   "number_of_vehicles": 2
  }, 
  {
   "avg_task_cost_vs_number_of_task": [
    3075, 
    6447.5, 
    5230, 
    4985, 
    4269, 
    3638.3333333333335, 
    3118.5714285714284, 
    2728.75, 
    2425.5555555555557, 
    2267.5, 
    2061.3636363636365, 
    2052.9166666666665, 
    1895, 
    1759.642857142857, 
    1642.3333333333333, 
    1660.625, 
    1551.4705882352941, 
    1465.2777777777778, 
    1653.6842105263158, 
    1620.25, 
    1401.6666666666667, 
    1369.3181818181818, 
    1575.2173913043478, 
    1350.8333333333333, 
    1594.4, 
    1359.423076923077, 
    1381.2962962962963, 
    1521.4285714285713, 
    1460, 
    1349
   ], 
   "number_of_vehicles": 3
  }, 
  {
   "avg_task_cost_vs_number_of_task": [
    3075, 
    6447.5, 
    5230, 
    4993.75, 
    4276, 
    3638.3333333333335, 
    3054.285714285714, 
    2728.75, 
    2425.5555555555557, 
    2267.5, 
    2061.3636363636365, 
    2214.1666666666665, 
    1895, 
    1759.642857142857, 
    1642.3333333333333, 
    1770.9375, 
    1551.4705882352941, 
    1548.611111111111, 
    1552.6315789473683, 
    1522.5, 
    1628.5714285714287, 
    1267.0454545454545, 
    1468.9130434782608, 
    1402.2916666666667, 
    1581.6, 
    1517.3076923076924, 
    1477.4074074074074, 
    1284.8214285714287, 
    1280.6896551724137, 
    1208.1666666666667
   ], 
   "number_of_vehicles": 4
  }, 
  {
   "avg_task_cost_vs_number_of_task": [
    3075, 
    4970, 
    4125, 
    3637.5, 
    3191, 
    2659.1666666666665, 
    2279.285714285714, 
    2380, 
    2256.6666666666665, 
    1904, 
    1730.909090909091, 
    2052.9166666666665, 
    1767.3076923076924, 
    1759.642857142857, 
    1642.3333333333333, 
    1660.625, 
    1639.7058823529412, 
    1595.5555555555557, 
    1432.6315789473683, 
    1555.75, 
    1296.1904761904761, 
    1305.4545454545455, 
    1266.304347826087, 
    1370.2083333333333, 
    1357, 
    1366.5384615384614, 
    1259.8148148148148, 
    1206.25, 
    1059.3103448275863, 
    1370.3333333333333
   ], 
   "number_of_vehicles": 5
  }
 ], 
 "vehicle_starting_positions": [
  "Bordeaux", 
  "Strasbourg", 
  "Gen\u00e8ve", 
  "Marseille", 
  "Brest", 
  "Monaco", 
  "Le Havre", 
  "Lyon", 
  "Paris"
 ], 
 "task_distribution": {
  "weight_matrix": [
   [
    0, 
    3, 
    3, 
    3, 
    3, 
    3, 
    3, 
    3, 
    3
   ], 
   [
    3, 
    0, 
    3, 
    3, 
    3, 
    3, 
    3, 
    3, 
    3
   ], 
   [
    3, 
    3, 
    0, 
    3, 
    3, 
    3, 
    3, 
    3, 
    3
   ], 
   [
    3, 
    3, 
    3, 
    0, 
    3, 
    3, 
    3, 
    3, 
    3
   ], 
   [
    3, 
    3, 
    3, 
    3, 
    0, 
    3, 
    3, 
    3, 
    3
   ], 
   [
    3, 
    3, 
    3, 
    3, 
    3, 
    0, 
    3, 
    3, 
    3
   ], 
   [
    3, 
    3, 
    3, 
    3, 
    3, 
    3, 
    0, 
    3, 
    3
   ], 
   [
    3, 
    3, 
    3, 
    3, 
    3, 
    3, 
    3, 
    0, 
    3
   ], 
   [
    3, 
    3, 
    3, 
    3, 
    3, 
    3, 
    3, 
    3, 
    0
   ]
  ], 
  "city_names": [
   "Brest", 
   "Paris", 
   "Marseille", 
   "Gen\u00e8ve", 
   "Monaco", 
   "Le Havre", 
   "Bordeaux", 
   "Lyon", 
   "Strasbourg"
  ], 
  "reward_matrix": [
   [
    0, 
    69526, 
    15612, 
    27125, 
    100, 
    56013, 
    29263, 
    37398, 
    35950
   ], 
   [
    69526, 
    0, 
    56357, 
    67871, 
    40845, 
    96758, 
    70008, 
    78143, 
    76696
   ], 
   [
    15612, 
    56357, 
    0, 
    78212, 
    94759, 
    42844, 
    65734, 
    88485, 
    51393
   ], 
   [
    27125, 
    67871, 
    78212, 
    0, 
    74352, 
    54358, 
    59460, 
    99999, 
    83452
   ], 
   [
    100, 
    40845, 
    94759, 
    74352, 
    0, 
    27332, 
    50221, 
    72973, 
    47533
   ], 
   [
    56013, 
    96758, 
    42844, 
    54358, 
    27332, 
    0, 
    56495, 
    64631, 
    63183
   ], 
   [
    29263, 
    70008, 
    65734, 
    59460, 
    50221, 
    56495, 
    0, 
    69732, 
    36433
   ], 
   [
    37398, 
    78143, 
    88485, 
    99999, 
    72973, 
    64631, 
    69732, 
    0, 
    73180
   ], 
   [
    35950, 
    76696, 
    51393, 
    83452, 
    47533, 
    63183, 
    36433, 
    73180, 
    0
   ]
  ], 
  "probability_matrix": [
   [
    0, 
    0.055648892311120815, 
    0.19747615884000153, 
    0.20289305886084655, 
    0.11365720461170992, 
    0.17758886571100374, 
    0.12869694121340428, 
    0.003515026981810291, 
    0.12052385147010301
   ], 
   [
    0.16628445248445053, 
    0, 
    0.09534057861498008, 
    0.12997380409512793, 
    0.15431197884009926, 
    0.15252736705163852, 
    0.13881144085872996, 
    0.020063123076431922, 
    0.142687254978542
   ], 
   [
    0.13428583913936923, 
    0.05642337684437544, 
    0, 
    0.11358676862628568, 
    0.20031478089976454, 
    0.08810012513733148, 
    0.16052377229202822, 
    0.02751876387953766, 
    0.2192465731813076
   ], 
   [
    0.031685216925450614, 
    0.19264479253174488, 
    0.05062240746379465, 
    0, 
    0.0585919823706917, 
    0.19334196874662768, 
    0.18273683493096723, 
    0.18893728973048746, 
    0.10143950730023578
   ], 
   [
    0.026655544461883802, 
    0.0654799127552246, 
    0.1280637584274803, 
    0.11969007975912849, 
    0, 
    0.15407890834431204, 
    0.0994146442464936, 
    0.22154030244915748, 
    0.18507684955631978
   ], 
   [
    0.2017799524772518, 
    0.14990823587095797, 
    0.07631862210458437, 
    0.11837320989920407, 
    0.00902892102383971, 
    0, 
    0.15751061166841673, 
    0.1985384634760556, 
    0.08854198347968961
   ], 
   [
    0.06420570781859443, 
    0.10703481797245475, 
    0.21777211003662944, 
    0.011533050495004573, 
    0.10184915767796839, 
    0.1983321956652123, 
    0, 
    0.050266236761702374, 
    0.24900672357243378
   ], 
   [
    0.05335821159108036, 
    0.07016531449252493, 
    0.18042864513257623, 
    0.2266321753246466, 
    0.10518057958369503, 
    0.23156155649169877, 
    0.08848349741518814, 
    0, 
    0.04419001996858994
   ], 
   [
    0.014310972980168559, 
    0.25519253198674907, 
    0.0006030119757449688, 
    0.10165784763388634, 
    0.1342739764585874, 
    0.13739306935926818, 
    0.17828400362375177, 
    0.17828458598184385, 
    0
   ]
  ]
 }
}