{
 "vehicle_cost_per_km": [
  5, 
  5, 
  5, 
  5, 
  5
 ], 
 "runs": [
  {
   "avg_task_cost_vs_number_of_task": [
    2325, 
    4812.5, 
    3676.6666666666665, 
    2826.25, 
    3132, 
    2610, 
    2237.1428571428573, 
    2900.625, 
    2578.3333333333335, 
    2812, 
    2685, 
    2427.9166666666665, 
    2079.6153846153848, 
    2142.1428571428573, 
    2204.6666666666665, 
    1916.5625, 
    1666.1764705882354, 
    1692.2222222222222, 
    1671.0526315789473, 
    1547, 
    1555.7142857142858, 
    1625.4545454545455, 
    1695.6521739130435, 
    1588.75, 
    1668.4, 
    1587.3076923076924, 
    1443.3333333333333, 
    1401.0714285714287, 
    1613.6206896551723, 
    1499.5
   ], 
   "number_of_vehicles": 3
  }
 ], 
 "vehicle_starting_positions": [
  "Brest", 
  "Paris", 
  "Marseille", 
  "Gen\u00e8ve", 
  "Monaco", 
  "Le Havre", 
  "Bordeaux", 
  "Lyon", 
  "Strasbourg"
 ], 
 "task_distribution": {
  "distance_matrix": [
   [
    0, 
    591, 
    1373, 
    1206, 
    1598, 
    787, 
    1175, 
    1057, 
    1078
   ], 
   [
    591, 
    0, 
    782, 
    615, 
    1007, 
    196, 
    584, 
    466, 
    487
   ], 
   [
    1373, 
    782, 
    0, 
    465, 
    225, 
    978, 
    646, 
    316, 
    854
   ], 
   [
    1206, 
    615, 
    465, 
    0, 
    521, 
    811, 
    737, 
    149, 
    389
   ], 
   [
    1598, 
    1007, 
    225, 
    521, 
    0, 
    1203, 
    871, 
    541, 
    910
   ], 
   [
    787, 
    196, 
    978, 
    811, 
    1203, 
    0, 
    780, 
    662, 
    683
   ], 
   [
    1175, 
    584, 
    646, 
    737, 
    871, 
    780, 
    0, 
    588, 
    1071
   ], 
   [
    1057, 
    466, 
    316, 
    149, 
    541, 
    662, 
    588, 
    0, 
    538
   ], 
   [
    1078, 
    487, 
    854, 
    389, 
    910, 
    683, 
    1071, 
    538, 
    0
   ]
  ], 
  "weight_matrix": [
   [
    0, 
    3, 
    3, 
    3, 
    3, 
    3, 
    3, 
    3, 
    3
   ], 
   [
    3, 
    0, 
    3, 
    3, 
    3, 
    3, 
    3, 
    3, 
    3
   ], 
   [
    3, 
    3, 
    0, 
    3, 
    3, 
    3, 
    3, 
    3, 
    3
   ], 
   [
    3, 
    3, 
    3, 
    0, 
    3, 
    3, 
    3, 
    3, 
    3
   ], 
   [
    3, 
    3, 
    3, 
    3, 
    0, 
    3, 
    3, 
    3, 
    3
   ], 
   [
    3, 
    3, 
    3, 
    3, 
    3, 
    0, 
    3, 
    3, 
    3
   ], 
   [
    3, 
    3, 
    3, 
    3, 
    3, 
    3, 
    0, 
    3, 
    3
   ], 
   [
    3, 
    3, 
    3, 
    3, 
    3, 
    3, 
    3, 
    0, 
    3
   ], 
   [
    3, 
    3, 
    3, 
    3, 
    3, 
    3, 
    3, 
    3, 
    0
   ]
  ], 
  "city_names": [
   "Brest", 
   "Paris", 
   "Marseille", 
   "Gen\u00e8ve", 
   "Monaco", 
   "Le Havre", 
   "Bordeaux", 
   "Lyon", 
   "Strasbourg"
  ], 
  "reward_matrix": [
   [
    0, 
    69526, 
    15612, 
    27125, 
    100, 
    56013, 
    29263, 
    37398, 
    35950
   ], 
   [
    69526, 
    0, 
    56357, 
    67871, 
    40845, 
    96758, 
    70008, 
    78143, 
    76696
   ], 
   [
    15612, 
    56357, 
    0, 
    78212, 
    94759, 
    42844, 
    65734, 
    88485, 
    51393
   ], 
   [
    27125, 
    67871, 
    78212, 
    0, 
    74352, 
    54358, 
    59460, 
    99999, 
    83452
   ], 
   [
    100, 
    40845, 
    94759, 
    74352, 
    0, 
    27332, 
    50221, 
    72973, 
    47533
   ], 
   [
    56013, 
    96758, 
    42844, 
    54358, 
    27332, 
    0, 
    56495, 
    64631, 
    63183
   ], 
   [
    29263, 
    70008, 
    65734, 
    59460, 
    50221, 
    56495, 
    0, 
    69732, 
    36433
   ], 
   [
    37398, 
    78143, 
    88485, 
    99999, 
    72973, 
    64631, 
    69732, 
    0, 
    73180
   ], 
   [
    35950, 
    76696, 
    51393, 
    83452, 
    47533, 
    63183, 
    36433, 
    73180, 
    0
   ]
  ], 
  "probability_matrix": [
   [
    0, 
    0.14111653973149926, 
    0.16617740777662243, 
    0.15934310053963752, 
    0.007100157730408701, 
    0.1773354355232062, 
    0.22035219930579447, 
    0.11977058111607557, 
    0.008804578276755747
   ], 
   [
    0.13998404049529625, 
    0, 
    0.15297691861610963, 
    0.16256032954908378, 
    0.1766417555727057, 
    0.15680513553386305, 
    0.012488173548976512, 
    0.05782396134013773, 
    0.1407196853438272
   ], 
   [
    0.10325267278102586, 
    0.051635972785341745, 
    0, 
    0.07302789259399119, 
    0.2170980609396838, 
    0.18256083472719867, 
    0.08022044884077087, 
    0.08283988034494483, 
    0.2093642369870429
   ], 
   [
    0.1781589697924497, 
    0.13785853001953965, 
    0.10616281778423928, 
    0, 
    0.20029264386336734, 
    0.10352250849690708, 
    0.04857090591115515, 
    0.16262507144020782, 
    0.06280855269213394
   ], 
   [
    0.08079595479092934, 
    0.24756250716455067, 
    0.010856631228446717, 
    0.051960958834085955, 
    0, 
    0.12671323337594506, 
    0.08403277740032153, 
    0.2340996620594363, 
    0.16397827514628438
   ], 
   [
    0.054864022455513306, 
    0.02385424785655945, 
    0.018359524943157485, 
    0.1717265572265044, 
    0.1799613469282946, 
    0, 
    0.19273213602609318, 
    0.18632673579569195, 
    0.17217542876818556
   ], 
   [
    0.04006630747182622, 
    0.02324433907214111, 
    0.15464587620889253, 
    0.2256081425384314, 
    0.13496796839633815, 
    0.12533442768870087, 
    0, 
    0.09380534574456229, 
    0.20232759287910748
   ], 
   [
    0.09527394145064577, 
    0.04327208827460409, 
    0.24753881875960682, 
    0.12990894001236764, 
    0.0914401967258981, 
    0.20829165690152351, 
    0.12782716310405084, 
    0, 
    0.0564471947713032
   ], 
   [
    0.05887742616162516, 
    0.2018582747224486, 
    0.04660993192918661, 
    0.04546281106895802, 
    0.17475382236675355, 
    0.1889927747303022, 
    0.07654288244463515, 
    0.20690207657609086, 
    0
   ]
  ]
 }, 
 "vehicle_capacities": [
  15, 
  15, 
  15, 
  30, 
  30, 
  30, 
  30, 
  30, 
  30
 ]
}