{
 "vehicle_cost_per_km": [
  10, 
  5, 
  5, 
  5, 
  5, 
  5, 
  5, 
  5, 
  5
 ], 
 "runs": [
  {
   "avg_task_cost_vs_number_of_task": [
    5035, 
    3497.5, 
    4131.666666666667, 
    3098.75, 
    3179, 
    3981.6666666666665, 
    3412.8571428571427, 
    3033.75, 
    2696.6666666666665, 
    2389, 
    2206.3636363636365, 
    2145.8333333333335, 
    2095.3846153846152, 
    1955.7142857142858, 
    1923, 
    1895.3125, 
    1849.1176470588234, 
    1668.3333333333333, 
    1996.578947368421, 
    1911.25, 
    1993.5714285714287, 
    1975.4545454545455, 
    1953.0434782608695, 
    1842.9166666666667, 
    1760.2, 
    1650.7692307692307, 
    1880.5555555555557, 
    1856.9642857142858, 
    1739.655172413793, 
    1700
   ], 
   "number_of_vehicles": 3
  }
 ], 
 "vehicle_starting_positions": [
  "Brest", 
  "Paris", 
  "Marseille", 
  "Gen\u00c3\u00a8ve", 
  "Monaco", 
  "Le Havre", 
  "Bordeaux", 
  "Lyon", 
  "Strasbourg"
 ], 
 "task_distribution": {
  "distance_matrix": [
   [
    0, 
    591, 
    1373, 
    1206, 
    1598, 
    787, 
    1175, 
    1057, 
    1078
   ], 
   [
    591, 
    0, 
    782, 
    615, 
    1007, 
    196, 
    584, 
    466, 
    487
   ], 
   [
    1373, 
    782, 
    0, 
    465, 
    225, 
    978, 
    646, 
    316, 
    854
   ], 
   [
    1206, 
    615, 
    465, 
    0, 
    521, 
    811, 
    737, 
    149, 
    389
   ], 
   [
    1598, 
    1007, 
    225, 
    521, 
    0, 
    1203, 
    871, 
    541, 
    910
   ], 
   [
    787, 
    196, 
    978, 
    811, 
    1203, 
    0, 
    780, 
    662, 
    683
   ], 
   [
    1175, 
    584, 
    646, 
    737, 
    871, 
    780, 
    0, 
    588, 
    1071
   ], 
   [
    1057, 
    466, 
    316, 
    149, 
    541, 
    662, 
    588, 
    0, 
    538
   ], 
   [
    1078, 
    487, 
    854, 
    389, 
    910, 
    683, 
    1071, 
    538, 
    0
   ]
  ], 
  "weight_matrix": [
   [
    0, 
    3, 
    3, 
    3, 
    3, 
    3, 
    3, 
    3, 
    3
   ], 
   [
    3, 
    0, 
    3, 
    3, 
    3, 
    3, 
    3, 
    3, 
    3
   ], 
   [
    3, 
    3, 
    0, 
    3, 
    3, 
    3, 
    3, 
    3, 
    3
   ], 
   [
    3, 
    3, 
    3, 
    0, 
    3, 
    3, 
    3, 
    3, 
    3
   ], 
   [
    3, 
    3, 
    3, 
    3, 
    0, 
    3, 
    3, 
    3, 
    3
   ], 
   [
    3, 
    3, 
    3, 
    3, 
    3, 
    0, 
    3, 
    3, 
    3
   ], 
   [
    3, 
    3, 
    3, 
    3, 
    3, 
    3, 
    0, 
    3, 
    3
   ], 
   [
    3, 
    3, 
    3, 
    3, 
    3, 
    3, 
    3, 
    0, 
    3
   ], 
   [
    3, 
    3, 
    3, 
    3, 
    3, 
    3, 
    3, 
    3, 
    0
   ]
  ], 
  "city_names": [
   "Brest", 
   "Paris", 
   "Marseille", 
   "Gen\u00c3\u00a8ve", 
   "Monaco", 
   "Le Havre", 
   "Bordeaux", 
   "Lyon", 
   "Strasbourg"
  ], 
  "reward_matrix": [
   [
    0, 
    69526, 
    15612, 
    27125, 
    100, 
    56013, 
    29263, 
    37398, 
    35950
   ], 
   [
    69526, 
    0, 
    56357, 
    67871, 
    40845, 
    96758, 
    70008, 
    78143, 
    76696
   ], 
   [
    15612, 
    56357, 
    0, 
    78212, 
    94759, 
    42844, 
    65734, 
    88485, 
    51393
   ], 
   [
    27125, 
    67871, 
    78212, 
    0, 
    74352, 
    54358, 
    59460, 
    99999, 
    83452
   ], 
   [
    100, 
    40845, 
    94759, 
    74352, 
    0, 
    27332, 
    50221, 
    72973, 
    47533
   ], 
   [
    56013, 
    96758, 
    42844, 
    54358, 
    27332, 
    0, 
    56495, 
    64631, 
    63183
   ], 
   [
    29263, 
    70008, 
    65734, 
    59460, 
    50221, 
    56495, 
    0, 
    69732, 
    36433
   ], 
   [
    37398, 
    78143, 
    88485, 
    99999, 
    72973, 
    64631, 
    69732, 
    0, 
    73180
   ], 
   [
    35950, 
    76696, 
    51393, 
    83452, 
    47533, 
    63183, 
    36433, 
    73180, 
    0
   ]
  ], 
  "probability_matrix": [
   [
    0, 
    0.14600331248622547, 
    0.13054137852076278, 
    0.16744891792608765, 
    0.12296686040238819, 
    0.15033226454938667, 
    0.03485374887555087, 
    0.09431011523748598, 
    0.15354340200211244
   ], 
   [
    0.23476980517050405, 
    0, 
    0.27585671510284854, 
    0.0002461238508248605, 
    0.0803589004131308, 
    0.1978234994023639, 
    0.05694027350040665, 
    0.09095184253136215, 
    0.06305284002855899
   ], 
   [
    0.1254061760257843, 
    0.1866118741229529, 
    0, 
    0.1713866311243116, 
    0.20192875929791718, 
    0.1420479933028828, 
    7.772203857990479e-05, 
    0.03328951327289309, 
    0.1392513308146781
   ], 
   [
    0.07100596474820894, 
    0.05365970590646449, 
    0.19483861545801281, 
    0, 
    0.020093308764991765, 
    0.20583684497788668, 
    0.09678964099387324, 
    0.1555519125934383, 
    0.20222400655712383
   ], 
   [
    0.02850888249061185, 
    0.2713934806276528, 
    0.05558974443735811, 
    0.12139412103850908, 
    0, 
    0.06595599458559952, 
    0.032308465011603095, 
    0.21871126470490024, 
    0.2061380471037654
   ], 
   [
    0.07767546182453887, 
    0.21552303978966567, 
    0.20892259458366041, 
    0.01703143503114961, 
    0.04409989846206234, 
    0, 
    0.12315826786660282, 
    0.1900184882210481, 
    0.12357081422127214
   ], 
   [
    0.05126778924465506, 
    0.1739655947475157, 
    0.07861014361621921, 
    0.18012436677033855, 
    0.06625774149249064, 
    0.13983463163966312, 
    0, 
    0.1390417175012191, 
    0.17089801498789864
   ], 
   [
    0.15565631238996086, 
    0.019806798983051436, 
    0.12817729766721012, 
    0.04895024981419809, 
    0.12772266800747717, 
    0.15608386669602473, 
    0.13798233624472714, 
    0, 
    0.22562047019735043
   ], 
   [
    0.04462219773378483, 
    0.07616686300721927, 
    0.10903865792194403, 
    0.2146077812009728, 
    0.12328762193624393, 
    0.21986187422165326, 
    0.04676014600706272, 
    0.16565485797111928, 
    0
   ]
  ]
 }, 
 "vehicle_capacities": [
  15, 
  15, 
  15, 
  30, 
  30, 
  30, 
  30, 
  30, 
  30
 ]
}