{
 "vehicle_cost_per_km": [
  5, 
  5, 
  5, 
  5, 
  5
 ], 
 "runs": [
  {
   "avg_task_cost_vs_number_of_task": [
    3730, 
    5345, 
    4536.666666666667, 
    3402.5, 
    3483, 
    4312.5, 
    3788.5714285714284, 
    3710, 
    3463.3333333333335, 
    3878.5, 
    3968.6363636363635, 
    4012.0833333333335, 
    4161.538461538462, 
    4136.071428571428, 
    4074.3333333333335, 
    4207.5, 
    4477.941176470588, 
    4297.777777777777, 
    4382.631578947368, 
    4521, 
    4345.952380952381, 
    4265.909090909091, 
    4492.391304347826, 
    4657.5, 
    4692.2, 
    4537.884615384615, 
    4369.814814814815, 
    4424.821428571428, 
    4361.379310344828, 
    4443.666666666667
   ], 
   "number_of_vehicles": 3
  }
 ], 
 "vehicle_starting_positions": [
  "Brest", 
  "Paris", 
  "Marseille", 
  "Gen\u00e8ve", 
  "Monaco", 
  "Le Havre", 
  "Bordeaux", 
  "Lyon", 
  "Strasbourg"
 ], 
 "task_distribution": {
  "distance_matrix": [
   [
    0, 
    591, 
    1373, 
    1206, 
    1598, 
    787, 
    1175, 
    1057, 
    1078
   ], 
   [
    591, 
    0, 
    782, 
    615, 
    1007, 
    196, 
    584, 
    466, 
    487
   ], 
   [
    1373, 
    782, 
    0, 
    465, 
    225, 
    978, 
    646, 
    316, 
    854
   ], 
   [
    1206, 
    615, 
    465, 
    0, 
    521, 
    811, 
    737, 
    149, 
    389
   ], 
   [
    1598, 
    1007, 
    225, 
    521, 
    0, 
    1203, 
    871, 
    541, 
    910
   ], 
   [
    787, 
    196, 
    978, 
    811, 
    1203, 
    0, 
    780, 
    662, 
    683
   ], 
   [
    1175, 
    584, 
    646, 
    737, 
    871, 
    780, 
    0, 
    588, 
    1071
   ], 
   [
    1057, 
    466, 
    316, 
    149, 
    541, 
    662, 
    588, 
    0, 
    538
   ], 
   [
    1078, 
    487, 
    854, 
    389, 
    910, 
    683, 
    1071, 
    538, 
    0
   ]
  ], 
  "weight_matrix": [
   [
    0, 
    3, 
    3, 
    3, 
    3, 
    3, 
    3, 
    3, 
    3
   ], 
   [
    3, 
    0, 
    3, 
    3, 
    3, 
    3, 
    3, 
    3, 
    3
   ], 
   [
    3, 
    3, 
    0, 
    3, 
    3, 
    3, 
    3, 
    3, 
    3
   ], 
   [
    3, 
    3, 
    3, 
    0, 
    3, 
    3, 
    3, 
    3, 
    3
   ], 
   [
    3, 
    3, 
    3, 
    3, 
    0, 
    3, 
    3, 
    3, 
    3
   ], 
   [
    3, 
    3, 
    3, 
    3, 
    3, 
    0, 
    3, 
    3, 
    3
   ], 
   [
    3, 
    3, 
    3, 
    3, 
    3, 
    3, 
    0, 
    3, 
    3
   ], 
   [
    3, 
    3, 
    3, 
    3, 
    3, 
    3, 
    3, 
    0, 
    3
   ], 
   [
    3, 
    3, 
    3, 
    3, 
    3, 
    3, 
    3, 
    3, 
    0
   ]
  ], 
  "city_names": [
   "Brest", 
   "Paris", 
   "Marseille", 
   "Gen\u00e8ve", 
   "Monaco", 
   "Le Havre", 
   "Bordeaux", 
   "Lyon", 
   "Strasbourg"
  ], 
  "reward_matrix": [
   [
    0, 
    69526, 
    15612, 
    27125, 
    100, 
    56013, 
    29263, 
    37398, 
    35950
   ], 
   [
    69526, 
    0, 
    56357, 
    67871, 
    40845, 
    96758, 
    70008, 
    78143, 
    76696
   ], 
   [
    15612, 
    56357, 
    0, 
    78212, 
    94759, 
    42844, 
    65734, 
    88485, 
    51393
   ], 
   [
    27125, 
    67871, 
    78212, 
    0, 
    74352, 
    54358, 
    59460, 
    99999, 
    83452
   ], 
   [
    100, 
    40845, 
    94759, 
    74352, 
    0, 
    27332, 
    50221, 
    72973, 
    47533
   ], 
   [
    56013, 
    96758, 
    42844, 
    54358, 
    27332, 
    0, 
    56495, 
    64631, 
    63183
   ], 
   [
    29263, 
    70008, 
    65734, 
    59460, 
    50221, 
    56495, 
    0, 
    69732, 
    36433
   ], 
   [
    37398, 
    78143, 
    88485, 
    99999, 
    72973, 
    64631, 
    69732, 
    0, 
    73180
   ], 
   [
    35950, 
    76696, 
    51393, 
    83452, 
    47533, 
    63183, 
    36433, 
    73180, 
    0
   ]
  ], 
  "probability_matrix": [
   [
    0, 
    0.05035956810842382, 
    0.03689842288853163, 
    0.06125175303317228, 
    0.1516557816627307, 
    0.029814341943112676, 
    0.3064935796105163, 
    0.036049440012304895, 
    0.32747711274120767
   ], 
   [
    0.1132387258987896, 
    0, 
    0.09538363318799258, 
    0.3134516115883977, 
    0.238793137447467, 
    0.021426701707700117, 
    0.004800479651765213, 
    0.19727987249169893, 
    0.015625838026189047
   ], 
   [
    0.1839444034684489, 
    0.12071442762696687, 
    0, 
    0.20681367279400886, 
    0.025522004907753023, 
    0.011760751401403997, 
    0.22566397114059195, 
    0.06727481967741497, 
    0.1583059489834113
   ], 
   [
    0.11780006909094512, 
    0.19184279589765801, 
    0.04888271877148706, 
    0, 
    0.07903305617630182, 
    0.19761663430261384, 
    0.07755559460771533, 
    0.056358567631678534, 
    0.23091056352160017
   ], 
   [
    0.10892965733961202, 
    0.07436235874947923, 
    0.026260395697889353, 
    0.27715911026346196, 
    0, 
    0.06857093086254495, 
    0.25087172434394617, 
    0.0993844390559822, 
    0.09446138368708423
   ], 
   [
    0.16725318590419772, 
    0.14795572245322852, 
    0.11264238138219967, 
    0.12985218190651196, 
    0.08675118677353619, 
    0, 
    0.18188602077866375, 
    0.169847878286671, 
    0.003811442514991224
   ], 
   [
    0.1218193435531661, 
    0.21140191996761057, 
    0.043432137474310024, 
    0.08096790037649555, 
    0.2247855635143019, 
    0.21073684463618153, 
    0, 
    0.025632989726031598, 
    0.08122330075190254
   ], 
   [
    0.026781953466457887, 
    0.20229337151614923, 
    0.21202221795567827, 
    0.1319679211227724, 
    0.056779571528711215, 
    0.050514381640169755, 
    0.209493628131119, 
    0, 
    0.11014695463894227
   ], 
   [
    0.035738463848735365, 
    0.21127355406033654, 
    0.056089188796106894, 
    0.17318057471218984, 
    0.20317939654878736, 
    0.18149501543610824, 
    0.03249639112361856, 
    0.10654741547411732, 
    0
   ]
  ]
 }, 
 "vehicle_capacities": [
  5, 
  5, 
  5, 
  30, 
  30, 
  30, 
  30, 
  30, 
  30
 ]
}