{
 "vehicle_cost_per_km": [
  5, 
  5, 
  5, 
  5, 
  5
 ], 
 "runs": [
  {
   "avg_task_cost_vs_number_of_task": [
    5870, 
    3680, 
    3756.6666666666665, 
    3622.5, 
    3179, 
    2649.1666666666665, 
    2577.8571428571427, 
    2497.5, 
    2054.4444444444443, 
    2205.5, 
    2035.4545454545455, 
    2016.6666666666667, 
    1937.3076923076924, 
    1987.5, 
    2106.3333333333335, 
    2087.5, 
    2093.529411764706, 
    2118.8888888888887, 
    2057.8947368421054, 
    1992.75, 
    1993.8095238095239, 
    1880.2272727272727, 
    1959.7826086956522, 
    1937.9166666666667, 
    1878.8, 
    1837.6923076923076, 
    1714.0740740740741, 
    1651.607142857143, 
    1824.655172413793, 
    1738.1666666666667
   ], 
   "number_of_vehicles": 3
  }
 ], 
 "vehicle_starting_positions": [
  "Brest", 
  "Paris", 
  "Marseille", 
  "Gen\u00e8ve", 
  "Monaco", 
  "Le Havre", 
  "Bordeaux", 
  "Lyon", 
  "Strasbourg"
 ], 
 "task_distribution": {
  "distance_matrix": [
   [
    0, 
    591, 
    1373, 
    1206, 
    1598, 
    787, 
    1175, 
    1057, 
    1078
   ], 
   [
    591, 
    0, 
    782, 
    615, 
    1007, 
    196, 
    584, 
    466, 
    487
   ], 
   [
    1373, 
    782, 
    0, 
    465, 
    225, 
    978, 
    646, 
    316, 
    854
   ], 
   [
    1206, 
    615, 
    465, 
    0, 
    521, 
    811, 
    737, 
    149, 
    389
   ], 
   [
    1598, 
    1007, 
    225, 
    521, 
    0, 
    1203, 
    871, 
    541, 
    910
   ], 
   [
    787, 
    196, 
    978, 
    811, 
    1203, 
    0, 
    780, 
    662, 
    683
   ], 
   [
    1175, 
    584, 
    646, 
    737, 
    871, 
    780, 
    0, 
    588, 
    1071
   ], 
   [
    1057, 
    466, 
    316, 
    149, 
    541, 
    662, 
    588, 
    0, 
    538
   ], 
   [
    1078, 
    487, 
    854, 
    389, 
    910, 
    683, 
    1071, 
    538, 
    0
   ]
  ], 
  "weight_matrix": [
   [
    0, 
    3, 
    3, 
    3, 
    3, 
    3, 
    3, 
    3, 
    3
   ], 
   [
    3, 
    0, 
    3, 
    3, 
    3, 
    3, 
    3, 
    3, 
    3
   ], 
   [
    3, 
    3, 
    0, 
    3, 
    3, 
    3, 
    3, 
    3, 
    3
   ], 
   [
    3, 
    3, 
    3, 
    0, 
    3, 
    3, 
    3, 
    3, 
    3
   ], 
   [
    3, 
    3, 
    3, 
    3, 
    0, 
    3, 
    3, 
    3, 
    3
   ], 
   [
    3, 
    3, 
    3, 
    3, 
    3, 
    0, 
    3, 
    3, 
    3
   ], 
   [
    3, 
    3, 
    3, 
    3, 
    3, 
    3, 
    0, 
    3, 
    3
   ], 
   [
    3, 
    3, 
    3, 
    3, 
    3, 
    3, 
    3, 
    0, 
    3
   ], 
   [
    3, 
    3, 
    3, 
    3, 
    3, 
    3, 
    3, 
    3, 
    0
   ]
  ], 
  "city_names": [
   "Brest", 
   "Paris", 
   "Marseille", 
   "Gen\u00e8ve", 
   "Monaco", 
   "Le Havre", 
   "Bordeaux", 
   "Lyon", 
   "Strasbourg"
  ], 
  "reward_matrix": [
   [
    0, 
    69526, 
    15612, 
    27125, 
    100, 
    56013, 
    29263, 
    37398, 
    35950
   ], 
   [
    69526, 
    0, 
    56357, 
    67871, 
    40845, 
    96758, 
    70008, 
    78143, 
    76696
   ], 
   [
    15612, 
    56357, 
    0, 
    78212, 
    94759, 
    42844, 
    65734, 
    88485, 
    51393
   ], 
   [
    27125, 
    67871, 
    78212, 
    0, 
    74352, 
    54358, 
    59460, 
    99999, 
    83452
   ], 
   [
    100, 
    40845, 
    94759, 
    74352, 
    0, 
    27332, 
    50221, 
    72973, 
    47533
   ], 
   [
    56013, 
    96758, 
    42844, 
    54358, 
    27332, 
    0, 
    56495, 
    64631, 
    63183
   ], 
   [
    29263, 
    70008, 
    65734, 
    59460, 
    50221, 
    56495, 
    0, 
    69732, 
    36433
   ], 
   [
    37398, 
    78143, 
    88485, 
    99999, 
    72973, 
    64631, 
    69732, 
    0, 
    73180
   ], 
   [
    35950, 
    76696, 
    51393, 
    83452, 
    47533, 
    63183, 
    36433, 
    73180, 
    0
   ]
  ], 
  "probability_matrix": [
   [
    0, 
    0.024804171338131148, 
    0.06103852745921662, 
    0.004352679619334936, 
    0.10576576126615189, 
    0.11401692470540825, 
    0.2641907423547041, 
    0.2886238527561557, 
    0.13720734050089733
   ], 
   [
    0.030206957864679175, 
    0, 
    0.18836178928238137, 
    0.20127900143075814, 
    0.08411803260522756, 
    0.20462319875979032, 
    0.0506527699016542, 
    0.027779622659829674, 
    0.2129786274956794
   ], 
   [
    0.12190361653516431, 
    0.22868667178275728, 
    0, 
    0.1113166649411431, 
    0.04621004737941083, 
    0.29160036984769594, 
    0.051393092054896186, 
    0.04522170730774843, 
    0.10366783015118403
   ], 
   [
    0.20958511733292404, 
    0.13334857426109134, 
    0.23208124359018076, 
    0, 
    0.028351595659911105, 
    0.08176891255723374, 
    0.026218503163397713, 
    0.05642027465396952, 
    0.23222577878129202
   ], 
   [
    0.13851818988667272, 
    0.006967027296220303, 
    0.00025334783687296276, 
    0.03769352102828756, 
    0, 
    0.16439976170104711, 
    0.22904373814449344, 
    0.19331487309173825, 
    0.2298095410146678
   ], 
   [
    0.06896730104463639, 
    0.1136711374074771, 
    0.12846552287897095, 
    0.0705752891807188, 
    0.08826886945686706, 
    0, 
    0.13031050835318708, 
    0.18944572264213447, 
    0.2102956490360082
   ], 
   [
    0.2073042360120786, 
    0.13382212125077877, 
    0.08920335187864632, 
    0.17857816194587095, 
    0.10543772555741981, 
    0.0676362380489531, 
    0, 
    0.035216606195546576, 
    0.18280155911070575
   ], 
   [
    0.14452134953581006, 
    0.03774439869986542, 
    0.03470515734199353, 
    0.14437560968118762, 
    0.22231619656335788, 
    0.018637718015006195, 
    0.16161496539089804, 
    0, 
    0.2360846047718812
   ], 
   [
    0.11166826258412112, 
    0.17526478980553065, 
    0.04974894049707748, 
    0.10872742145744264, 
    0.08443119775109653, 
    0.1329412377841033, 
    0.1650338286550288, 
    0.17218432146559923, 
    0
   ]
  ]
 }, 
 "vehicle_capacities": [
  15, 
  15, 
  15, 
  30, 
  30, 
  30, 
  30, 
  30, 
  30
 ]
}