{
 "vehicle_cost_per_km": [
  5, 
  5, 
  5, 
  5, 
  5
 ], 
 "runs": [
  {
   "avg_task_cost_vs_number_of_task": [
    5035, 
    4360, 
    3998.3333333333335, 
    4016.25, 
    3727, 
    3600.8333333333335, 
    2662.1428571428573, 
    2329.375, 
    2310, 
    2289.5, 
    2081.3636363636365, 
    2104.1666666666665, 
    2017.6923076923076, 
    1910, 
    1886, 
    1734.6875, 
    1743.5294117647059, 
    1668.888888888889, 
    1603.421052631579, 
    1742, 
    1667.3809523809523, 
    1685.909090909091, 
    1610.4347826086957, 
    1503.125, 
    1602.8, 
    1752.3076923076924, 
    1697.4074074074074, 
    1623.2142857142858, 
    1829.3103448275863, 
    1685.6666666666667
   ], 
   "number_of_vehicles": 3
  }
 ], 
 "vehicle_starting_positions": [
  "Brest", 
  "Paris", 
  "Marseille", 
  "Gen\u00e8ve", 
  "Monaco", 
  "Le Havre", 
  "Bordeaux", 
  "Lyon", 
  "Strasbourg"
 ], 
 "task_distribution": {
  "distance_matrix": [
   [
    0, 
    591, 
    1373, 
    1206, 
    1598, 
    787, 
    1175, 
    1057, 
    1078
   ], 
   [
    591, 
    0, 
    782, 
    615, 
    1007, 
    196, 
    584, 
    466, 
    487
   ], 
   [
    1373, 
    782, 
    0, 
    465, 
    225, 
    978, 
    646, 
    316, 
    854
   ], 
   [
    1206, 
    615, 
    465, 
    0, 
    521, 
    811, 
    737, 
    149, 
    389
   ], 
   [
    1598, 
    1007, 
    225, 
    521, 
    0, 
    1203, 
    871, 
    541, 
    910
   ], 
   [
    787, 
    196, 
    978, 
    811, 
    1203, 
    0, 
    780, 
    662, 
    683
   ], 
   [
    1175, 
    584, 
    646, 
    737, 
    871, 
    780, 
    0, 
    588, 
    1071
   ], 
   [
    1057, 
    466, 
    316, 
    149, 
    541, 
    662, 
    588, 
    0, 
    538
   ], 
   [
    1078, 
    487, 
    854, 
    389, 
    910, 
    683, 
    1071, 
    538, 
    0
   ]
  ], 
  "weight_matrix": [
   [
    0, 
    3, 
    3, 
    3, 
    3, 
    3, 
    3, 
    3, 
    3
   ], 
   [
    3, 
    0, 
    3, 
    3, 
    3, 
    3, 
    3, 
    3, 
    3
   ], 
   [
    3, 
    3, 
    0, 
    3, 
    3, 
    3, 
    3, 
    3, 
    3
   ], 
   [
    3, 
    3, 
    3, 
    0, 
    3, 
    3, 
    3, 
    3, 
    3
   ], 
   [
    3, 
    3, 
    3, 
    3, 
    0, 
    3, 
    3, 
    3, 
    3
   ], 
   [
    3, 
    3, 
    3, 
    3, 
    3, 
    0, 
    3, 
    3, 
    3
   ], 
   [
    3, 
    3, 
    3, 
    3, 
    3, 
    3, 
    0, 
    3, 
    3
   ], 
   [
    3, 
    3, 
    3, 
    3, 
    3, 
    3, 
    3, 
    0, 
    3
   ], 
   [
    3, 
    3, 
    3, 
    3, 
    3, 
    3, 
    3, 
    3, 
    0
   ]
  ], 
  "city_names": [
   "Brest", 
   "Paris", 
   "Marseille", 
   "Gen\u00e8ve", 
   "Monaco", 
   "Le Havre", 
   "Bordeaux", 
   "Lyon", 
   "Strasbourg"
  ], 
  "reward_matrix": [
   [
    0, 
    69526, 
    15612, 
    27125, 
    100, 
    56013, 
    29263, 
    37398, 
    35950
   ], 
   [
    69526, 
    0, 
    56357, 
    67871, 
    40845, 
    96758, 
    70008, 
    78143, 
    76696
   ], 
   [
    15612, 
    56357, 
    0, 
    78212, 
    94759, 
    42844, 
    65734, 
    88485, 
    51393
   ], 
   [
    27125, 
    67871, 
    78212, 
    0, 
    74352, 
    54358, 
    59460, 
    99999, 
    83452
   ], 
   [
    100, 
    40845, 
    94759, 
    74352, 
    0, 
    27332, 
    50221, 
    72973, 
    47533
   ], 
   [
    56013, 
    96758, 
    42844, 
    54358, 
    27332, 
    0, 
    56495, 
    64631, 
    63183
   ], 
   [
    29263, 
    70008, 
    65734, 
    59460, 
    50221, 
    56495, 
    0, 
    69732, 
    36433
   ], 
   [
    37398, 
    78143, 
    88485, 
    99999, 
    72973, 
    64631, 
    69732, 
    0, 
    73180
   ], 
   [
    35950, 
    76696, 
    51393, 
    83452, 
    47533, 
    63183, 
    36433, 
    73180, 
    0
   ]
  ], 
  "probability_matrix": [
   [
    0, 
    0.12771375602842086, 
    0.2062868413410043, 
    0.11063885065482905, 
    0.03453965370306724, 
    0.23829579130398698, 
    0.015960218691908726, 
    0.11820463449348828, 
    0.14836025378329465
   ], 
   [
    0.2502780236861364, 
    0, 
    0.12410351640152321, 
    0.0031860093450974776, 
    0.16020720812362133, 
    0.1269392189189743, 
    0.07082259748428921, 
    0.19827933347178495, 
    0.06618409256857308
   ], 
   [
    0.10923910463848076, 
    0.12366084996726263, 
    0, 
    0.1581630088420753, 
    0.12009213533745633, 
    0.09507538301642242, 
    0.12343784353200137, 
    0.15089380043271436, 
    0.1194378742335869
   ], 
   [
    0.03854982604521207, 
    0.1997910926968385, 
    0.14383138461453981, 
    0, 
    0.14518836689582576, 
    0.09316748379961502, 
    0.12225839843935206, 
    0.19459121824304082, 
    0.06262222926557592
   ], 
   [
    0.07711996533457499, 
    0.1330926921813518, 
    0.2292543441902884, 
    0.04925311627603593, 
    0, 
    0.1432299423261769, 
    0.15265151349522635, 
    0.18436884119354438, 
    0.031029585002801365
   ], 
   [
    0.07478492737126036, 
    0.1097196617632064, 
    0.1823382039453683, 
    0.16676652697486602, 
    0.07011617176946111, 
    0, 
    0.05978027520954558, 
    0.08130986033605149, 
    0.2551843726302408
   ], 
   [
    0.23477354699589997, 
    0.011725461926338655, 
    0.08061929179627769, 
    0.13457074995781473, 
    0.09775342348191406, 
    0.1533421575699079, 
    0, 
    0.15576973877617825, 
    0.1314456294956686
   ], 
   [
    0.03300181370573767, 
    0.22797849717234647, 
    0.11382746575301894, 
    0.22630861640238334, 
    0.012207230030910404, 
    0.12291971052610966, 
    0.15103163830590408, 
    0, 
    0.1127250281035893
   ], 
   [
    0.1905079788244258, 
    0.039603793817506824, 
    0.26845014580192544, 
    0.09457643698507757, 
    0.13437102443973922, 
    0.14318609828384807, 
    0.03327434420072482, 
    0.09603017764675216, 
    0
   ]
  ]
 }, 
 "vehicle_capacities": [
  15, 
  15, 
  15, 
  30, 
  30, 
  30, 
  30, 
  30, 
  30
 ]
}