{
 "vehicle_cost_per_km": [
  5, 
  5, 
  5, 
  5, 
  5
 ], 
 "runs": [
  {
   "avg_task_cost_vs_number_of_task": [
    5355, 
    5692.5, 
    5420, 
    4316.25, 
    3453, 
    3298.3333333333335, 
    3023.5714285714284, 
    2645.625, 
    2423.3333333333335, 
    2265.5, 
    2219.090909090909, 
    1980.8333333333333, 
    1992.3076923076924, 
    1697.857142857143, 
    1754.3333333333333, 
    1686.25, 
    1918.5294117647059, 
    1742.2222222222222, 
    1634.7368421052631, 
    1955.25, 
    1720.952380952381, 
    1548.8636363636363, 
    1706.7391304347825, 
    1596.25, 
    1667.4, 
    1640.7692307692307, 
    1607.2222222222222, 
    1523.9285714285713, 
    1401.551724137931, 
    1345.5
   ], 
   "number_of_vehicles": 2
  }, 
  {
   "avg_task_cost_vs_number_of_task": [
    3900, 
    4965, 
    5108.333333333333, 
    4222.5, 
    3378, 
    3298.3333333333335, 
    3023.5714285714284, 
    2645.625, 
    2423.3333333333335, 
    2265.5, 
    2219.090909090909, 
    1990.4166666666667, 
    1955.7692307692307, 
    1798.2142857142858, 
    1678.3333333333333, 
    1686.25, 
    1740, 
    1733.0555555555557, 
    1556.842105263158, 
    1647.5, 
    1769.7619047619048, 
    1593.8636363636363, 
    1556.0869565217392, 
    1561.0416666666667, 
    1447.6, 
    1480.1923076923076, 
    1527.5925925925926, 
    1789.4642857142858, 
    1375.344827586207, 
    1412
   ], 
   "number_of_vehicles": 3
  }, 
  {
   "avg_task_cost_vs_number_of_task": [
    2920, 
    4475, 
    4781.666666666667, 
    3977.5, 
    3182, 
    3298.3333333333335, 
    3023.5714285714284, 
    2645.625, 
    2423.3333333333335, 
    2265.5, 
    2160.909090909091, 
    2034.1666666666667, 
    1877.6923076923076, 
    1798.2142857142858, 
    1754.3333333333333, 
    1807.1875, 
    1827.0588235294117, 
    1643.3333333333333, 
    1523.157894736842, 
    1751.75, 
    1633.8095238095239, 
    1655.2272727272727, 
    1687.1739130434783, 
    1419.7916666666667, 
    1428.4, 
    1417.3076923076924, 
    1498.148148148148, 
    1527.5, 
    1429.4827586206898, 
    1496
   ], 
   "number_of_vehicles": 4
  }, 
  {
   "avg_task_cost_vs_number_of_task": [
    2920, 
    4475, 
    4781.666666666667, 
    3977.5, 
    3182, 
    3285, 
    3023.5714285714284, 
    2645.625, 
    2423.3333333333335, 
    2265.5, 
    2086.3636363636365, 
    1980.8333333333333, 
    1765.3846153846155, 
    1697.857142857143, 
    1678.3333333333333, 
    1726.25, 
    1740, 
    1726.388888888889, 
    1556.3157894736842, 
    1298.5, 
    1669.7619047619048, 
    1680.909090909091, 
    1552.608695652174, 
    1576.875, 
    1539.6, 
    1449.2307692307693, 
    1487.4074074074074, 
    1320.357142857143, 
    1327.4137931034484, 
    1292.8333333333333
   ], 
   "number_of_vehicles": 5
  }
 ], 
 "vehicle_starting_positions": [
  "Strasbourg", 
  "Gen\u00e8ve", 
  "Le Havre", 
  "Paris", 
  "Brest", 
  "Monaco", 
  "Lyon", 
  "Bordeaux", 
  "Marseille"
 ], 
 "task_distribution": {
  "distance_matrix": [
   [
    0, 
    591, 
    1373, 
    1206, 
    1598, 
    787, 
    1175, 
    1057, 
    1078
   ], 
   [
    591, 
    0, 
    782, 
    615, 
    1007, 
    196, 
    584, 
    466, 
    487
   ], 
   [
    1373, 
    782, 
    0, 
    465, 
    225, 
    978, 
    646, 
    316, 
    854
   ], 
   [
    1206, 
    615, 
    465, 
    0, 
    521, 
    811, 
    737, 
    149, 
    389
   ], 
   [
    1598, 
    1007, 
    225, 
    521, 
    0, 
    1203, 
    871, 
    541, 
    910
   ], 
   [
    787, 
    196, 
    978, 
    811, 
    1203, 
    0, 
    780, 
    662, 
    683
   ], 
   [
    1175, 
    584, 
    646, 
    737, 
    871, 
    780, 
    0, 
    588, 
    1071
   ], 
   [
    1057, 
    466, 
    316, 
    149, 
    541, 
    662, 
    588, 
    0, 
    538
   ], 
   [
    1078, 
    487, 
    854, 
    389, 
    910, 
    683, 
    1071, 
    538, 
    0
   ]
  ], 
  "weight_matrix": [
   [
    0, 
    3, 
    3, 
    3, 
    3, 
    3, 
    3, 
    3, 
    3
   ], 
   [
    3, 
    0, 
    3, 
    3, 
    3, 
    3, 
    3, 
    3, 
    3
   ], 
   [
    3, 
    3, 
    0, 
    3, 
    3, 
    3, 
    3, 
    3, 
    3
   ], 
   [
    3, 
    3, 
    3, 
    0, 
    3, 
    3, 
    3, 
    3, 
    3
   ], 
   [
    3, 
    3, 
    3, 
    3, 
    0, 
    3, 
    3, 
    3, 
    3
   ], 
   [
    3, 
    3, 
    3, 
    3, 
    3, 
    0, 
    3, 
    3, 
    3
   ], 
   [
    3, 
    3, 
    3, 
    3, 
    3, 
    3, 
    0, 
    3, 
    3
   ], 
   [
    3, 
    3, 
    3, 
    3, 
    3, 
    3, 
    3, 
    0, 
    3
   ], 
   [
    3, 
    3, 
    3, 
    3, 
    3, 
    3, 
    3, 
    3, 
    0
   ]
  ], 
  "city_names": [
   "Brest", 
   "Paris", 
   "Marseille", 
   "Gen\u00e8ve", 
   "Monaco", 
   "Le Havre", 
   "Bordeaux", 
   "Lyon", 
   "Strasbourg"
  ], 
  "reward_matrix": [
   [
    0, 
    69526, 
    15612, 
    27125, 
    100, 
    56013, 
    29263, 
    37398, 
    35950
   ], 
   [
    69526, 
    0, 
    56357, 
    67871, 
    40845, 
    96758, 
    70008, 
    78143, 
    76696
   ], 
   [
    15612, 
    56357, 
    0, 
    78212, 
    94759, 
    42844, 
    65734, 
    88485, 
    51393
   ], 
   [
    27125, 
    67871, 
    78212, 
    0, 
    74352, 
    54358, 
    59460, 
    99999, 
    83452
   ], 
   [
    100, 
    40845, 
    94759, 
    74352, 
    0, 
    27332, 
    50221, 
    72973, 
    47533
   ], 
   [
    56013, 
    96758, 
    42844, 
    54358, 
    27332, 
    0, 
    56495, 
    64631, 
    63183
   ], 
   [
    29263, 
    70008, 
    65734, 
    59460, 
    50221, 
    56495, 
    0, 
    69732, 
    36433
   ], 
   [
    37398, 
    78143, 
    88485, 
    99999, 
    72973, 
    64631, 
    69732, 
    0, 
    73180
   ], 
   [
    35950, 
    76696, 
    51393, 
    83452, 
    47533, 
    63183, 
    36433, 
    73180, 
    0
   ]
  ], 
  "probability_matrix": [
   [
    0, 
    0.02068165339815061, 
    0.09568436000172394, 
    0.1867219461129144, 
    0.15230489545389486, 
    0.08102463323979367, 
    0.11451411600906217, 
    0.18129059928398997, 
    0.1677777965004705
   ], 
   [
    0.17649090240556853, 
    0, 
    0.0835082919998851, 
    0.1489796996952304, 
    0.11269750072456934, 
    0.1843458931512569, 
    0.16629454517162165, 
    0.04472370279878508, 
    0.08295946405308297
   ], 
   [
    0.12936170473916234, 
    0.006316749977136337, 
    0, 
    0.20803739998034584, 
    0.12823109963688736, 
    0.3233400744814993, 
    0.05339398808041569, 
    0.04292865056050799, 
    0.10839033254404515
   ], 
   [
    0.14614497006285573, 
    0.13067616911111732, 
    0.1286164265013121, 
    0, 
    0.10628939464379494, 
    0.15968213468329712, 
    0.09635169291925655, 
    0.14753020265014455, 
    0.0847090094282217
   ], 
   [
    0.26364726449735426, 
    0.20611300776235458, 
    0.052645351768076436, 
    0.16556663219913684, 
    0, 
    0.010391393740100244, 
    0.20949189049405592, 
    0.024940187219439927, 
    0.06720427231948181
   ], 
   [
    0.047664967283660736, 
    0.002081891701022305, 
    0.1950330051847189, 
    0.08036669844510307, 
    0.20545473636303163, 
    0, 
    0.06014878878343116, 
    0.27835085563059303, 
    0.1308990566084393
   ], 
   [
    0.19149513361753015, 
    0.24856595000617743, 
    0.022749390931865156, 
    0.009789854853564293, 
    0.15614264859034027, 
    0.29310534435223073, 
    0, 
    0.01599537318846741, 
    0.06215630445982477
   ], 
   [
    0.10198121883187806, 
    0.17335908599389885, 
    0.1105257919475456, 
    0.22107557545439355, 
    0.12905740112528094, 
    0.027713986358377032, 
    0.12770441091651766, 
    0, 
    0.10858252937210842
   ], 
   [
    0.1133500541350837, 
    0.1254940344054774, 
    0.15745794591452467, 
    0.010705365742447901, 
    0.19200680174252113, 
    0.19386418672267808, 
    0.1401068783473222, 
    0.06701473298994488, 
    0
   ]
  ]
 }, 
 "vehicle_capacities": [
  30, 
  30, 
  30, 
  30, 
  30
 ]
}