{
 "vehicle_cost_per_km": [
  5, 
  15, 
  10, 
  5, 
  5, 
  5, 
  5, 
  5, 
  5
 ], 
 "runs": [
  {
   "avg_task_cost_vs_number_of_task": [
    7975, 
    5385, 
    5335, 
    5340, 
    4904, 
    4461.666666666667, 
    4592.857142857143, 
    4719.375, 
    4402.777777777777, 
    4449.5, 
    4575.909090909091, 
    4357.916666666667, 
    4203.461538461538, 
    4174.642857142857, 
    4327, 
    4086.875, 
    4274.117647058823, 
    4467.222222222223, 
    4469.473684210527, 
    4539.75, 
    4372.619047619048, 
    4334.090909090909, 
    4462.391304347826, 
    4555.208333333333, 
    4632.2, 
    4509.2307692307695, 
    4500.37037037037, 
    4378.214285714285, 
    4807.068965517241, 
    4767.5
   ], 
   "number_of_vehicles": 3
  }
 ], 
 "vehicle_starting_positions": [
  "Brest", 
  "Paris", 
  "Marseille", 
  "Gen\u00c3\u00a8ve", 
  "Monaco", 
  "Le Havre", 
  "Bordeaux", 
  "Lyon", 
  "Strasbourg"
 ], 
 "task_distribution": {
  "distance_matrix": [
   [
    0, 
    591, 
    1373, 
    1206, 
    1598, 
    787, 
    1175, 
    1057, 
    1078
   ], 
   [
    591, 
    0, 
    782, 
    615, 
    1007, 
    196, 
    584, 
    466, 
    487
   ], 
   [
    1373, 
    782, 
    0, 
    465, 
    225, 
    978, 
    646, 
    316, 
    854
   ], 
   [
    1206, 
    615, 
    465, 
    0, 
    521, 
    811, 
    737, 
    149, 
    389
   ], 
   [
    1598, 
    1007, 
    225, 
    521, 
    0, 
    1203, 
    871, 
    541, 
    910
   ], 
   [
    787, 
    196, 
    978, 
    811, 
    1203, 
    0, 
    780, 
    662, 
    683
   ], 
   [
    1175, 
    584, 
    646, 
    737, 
    871, 
    780, 
    0, 
    588, 
    1071
   ], 
   [
    1057, 
    466, 
    316, 
    149, 
    541, 
    662, 
    588, 
    0, 
    538
   ], 
   [
    1078, 
    487, 
    854, 
    389, 
    910, 
    683, 
    1071, 
    538, 
    0
   ]
  ], 
  "weight_matrix": [
   [
    0, 
    3, 
    3, 
    3, 
    3, 
    3, 
    3, 
    3, 
    3
   ], 
   [
    3, 
    0, 
    3, 
    3, 
    3, 
    3, 
    3, 
    3, 
    3
   ], 
   [
    3, 
    3, 
    0, 
    3, 
    3, 
    3, 
    3, 
    3, 
    3
   ], 
   [
    3, 
    3, 
    3, 
    0, 
    3, 
    3, 
    3, 
    3, 
    3
   ], 
   [
    3, 
    3, 
    3, 
    3, 
    0, 
    3, 
    3, 
    3, 
    3
   ], 
   [
    3, 
    3, 
    3, 
    3, 
    3, 
    0, 
    3, 
    3, 
    3
   ], 
   [
    3, 
    3, 
    3, 
    3, 
    3, 
    3, 
    0, 
    3, 
    3
   ], 
   [
    3, 
    3, 
    3, 
    3, 
    3, 
    3, 
    3, 
    0, 
    3
   ], 
   [
    3, 
    3, 
    3, 
    3, 
    3, 
    3, 
    3, 
    3, 
    0
   ]
  ], 
  "city_names": [
   "Brest", 
   "Paris", 
   "Marseille", 
   "Gen\u00c3\u00a8ve", 
   "Monaco", 
   "Le Havre", 
   "Bordeaux", 
   "Lyon", 
   "Strasbourg"
  ], 
  "reward_matrix": [
   [
    0, 
    69526, 
    15612, 
    27125, 
    100, 
    56013, 
    29263, 
    37398, 
    35950
   ], 
   [
    69526, 
    0, 
    56357, 
    67871, 
    40845, 
    96758, 
    70008, 
    78143, 
    76696
   ], 
   [
    15612, 
    56357, 
    0, 
    78212, 
    94759, 
    42844, 
    65734, 
    88485, 
    51393
   ], 
   [
    27125, 
    67871, 
    78212, 
    0, 
    74352, 
    54358, 
    59460, 
    99999, 
    83452
   ], 
   [
    100, 
    40845, 
    94759, 
    74352, 
    0, 
    27332, 
    50221, 
    72973, 
    47533
   ], 
   [
    56013, 
    96758, 
    42844, 
    54358, 
    27332, 
    0, 
    56495, 
    64631, 
    63183
   ], 
   [
    29263, 
    70008, 
    65734, 
    59460, 
    50221, 
    56495, 
    0, 
    69732, 
    36433
   ], 
   [
    37398, 
    78143, 
    88485, 
    99999, 
    72973, 
    64631, 
    69732, 
    0, 
    73180
   ], 
   [
    35950, 
    76696, 
    51393, 
    83452, 
    47533, 
    63183, 
    36433, 
    73180, 
    0
   ]
  ], 
  "probability_matrix": [
   [
    0, 
    0.13399363625129712, 
    0.1530921498089936, 
    0.018543940475184543, 
    0.10240470099940799, 
    0.16709177941308143, 
    0.03692150789692223, 
    0.1774342980995146, 
    0.2105179870555984
   ], 
   [
    0.1442891717871565, 
    0, 
    0.14366911577798186, 
    0.020828269312525925, 
    0.16486188511515373, 
    0.19255555383741085, 
    0.1266634879292144, 
    0.14850778447493304, 
    0.058624731765623765
   ], 
   [
    0.18177333809233645, 
    0.08391294100491398, 
    0, 
    0.11655079559393551, 
    0.06070952071585198, 
    0.027987437494299716, 
    0.15194219070621537, 
    0.20419023545051418, 
    0.17293354094193306
   ], 
   [
    0.16232719344662863, 
    0.1270956275466911, 
    0.15228816666408673, 
    0, 
    0.13920147201457878, 
    0.14852511183534145, 
    0.044076351218813876, 
    0.15166270863288073, 
    0.07482336864097877
   ], 
   [
    0.13007016972163063, 
    0.05147407203405566, 
    0.24971946403316286, 
    0.24314818122447662, 
    0, 
    0.032882071475219016, 
    0.01270842078558709, 
    0.23989070301727072, 
    0.04010691770859728
   ], 
   [
    0.05155645060977011, 
    0.15297824671476196, 
    0.1265713334074594, 
    0.14979245637357602, 
    0.04801336216513039, 
    0, 
    0.24284197908359176, 
    0.1932184610610845, 
    0.03502771058462576
   ], 
   [
    0.0517282394075637, 
    0.07748787199135654, 
    0.1841753717409662, 
    0.05143828412008528, 
    0.2112400204737318, 
    0.02614695606111782, 
    0, 
    0.2538606031614468, 
    0.14392265304373195
   ], 
   [
    0.15933323319953918, 
    0.08014673490778776, 
    0.08229065330744793, 
    0.198545504513065, 
    0.1456032170929265, 
    0.08501641940251346, 
    0.10676063854688282, 
    0, 
    0.14230359902983725
   ], 
   [
    0.04031961183398426, 
    0.01564180248685577, 
    0.26942972316674424, 
    0.11090227931573925, 
    0.026619593153191172, 
    0.16573732197744376, 
    0.29447557940223096, 
    0.07687408866381061, 
    0
   ]
  ]
 }, 
 "vehicle_capacities": [
  5, 
  5, 
  5, 
  30, 
  30, 
  30, 
  30, 
  30, 
  30
 ]
}