{
 "vehicle_cost_per_km": [
  5, 
  5, 
  5, 
  5, 
  5
 ], 
 "runs": [
  {
   "avg_task_cost_vs_number_of_task": [
    5480, 
    6322.5, 
    5741.666666666667, 
    5045, 
    4036, 
    3363.3333333333335, 
    3230.714285714286, 
    2826.875, 
    2602.222222222222, 
    2673, 
    2430, 
    2460.4166666666665, 
    2415, 
    2312.5, 
    2196, 
    2310.3125, 
    2288.529411764706, 
    2161.3888888888887, 
    2047.6315789473683, 
    2119.25, 
    2078.3333333333335, 
    2135.909090909091, 
    2218.695652173913, 
    2128.9583333333335, 
    2060, 
    2193.653846153846, 
    1992.037037037037, 
    2038.5714285714287, 
    2184.4827586206898, 
    2009.5
   ], 
   "number_of_vehicles": 3
  }
 ], 
 "vehicle_starting_positions": [
  "Brest", 
  "Paris", 
  "Marseille", 
  "Gen\u00e8ve", 
  "Monaco", 
  "Le Havre", 
  "Bordeaux", 
  "Lyon", 
  "Strasbourg"
 ], 
 "task_distribution": {
  "distance_matrix": [
   [
    0, 
    591, 
    1373, 
    1206, 
    1598, 
    787, 
    1175, 
    1057, 
    1078
   ], 
   [
    591, 
    0, 
    782, 
    615, 
    1007, 
    196, 
    584, 
    466, 
    487
   ], 
   [
    1373, 
    782, 
    0, 
    465, 
    225, 
    978, 
    646, 
    316, 
    854
   ], 
   [
    1206, 
    615, 
    465, 
    0, 
    521, 
    811, 
    737, 
    149, 
    389
   ], 
   [
    1598, 
    1007, 
    225, 
    521, 
    0, 
    1203, 
    871, 
    541, 
    910
   ], 
   [
    787, 
    196, 
    978, 
    811, 
    1203, 
    0, 
    780, 
    662, 
    683
   ], 
   [
    1175, 
    584, 
    646, 
    737, 
    871, 
    780, 
    0, 
    588, 
    1071
   ], 
   [
    1057, 
    466, 
    316, 
    149, 
    541, 
    662, 
    588, 
    0, 
    538
   ], 
   [
    1078, 
    487, 
    854, 
    389, 
    910, 
    683, 
    1071, 
    538, 
    0
   ]
  ], 
  "weight_matrix": [
   [
    0, 
    3, 
    3, 
    3, 
    3, 
    3, 
    3, 
    3, 
    3
   ], 
   [
    3, 
    0, 
    3, 
    3, 
    3, 
    3, 
    3, 
    3, 
    3
   ], 
   [
    3, 
    3, 
    0, 
    3, 
    3, 
    3, 
    3, 
    3, 
    3
   ], 
   [
    3, 
    3, 
    3, 
    0, 
    3, 
    3, 
    3, 
    3, 
    3
   ], 
   [
    3, 
    3, 
    3, 
    3, 
    0, 
    3, 
    3, 
    3, 
    3
   ], 
   [
    3, 
    3, 
    3, 
    3, 
    3, 
    0, 
    3, 
    3, 
    3
   ], 
   [
    3, 
    3, 
    3, 
    3, 
    3, 
    3, 
    0, 
    3, 
    3
   ], 
   [
    3, 
    3, 
    3, 
    3, 
    3, 
    3, 
    3, 
    0, 
    3
   ], 
   [
    3, 
    3, 
    3, 
    3, 
    3, 
    3, 
    3, 
    3, 
    0
   ]
  ], 
  "city_names": [
   "Brest", 
   "Paris", 
   "Marseille", 
   "Gen\u00e8ve", 
   "Monaco", 
   "Le Havre", 
   "Bordeaux", 
   "Lyon", 
   "Strasbourg"
  ], 
  "reward_matrix": [
   [
    0, 
    69526, 
    15612, 
    27125, 
    100, 
    56013, 
    29263, 
    37398, 
    35950
   ], 
   [
    69526, 
    0, 
    56357, 
    67871, 
    40845, 
    96758, 
    70008, 
    78143, 
    76696
   ], 
   [
    15612, 
    56357, 
    0, 
    78212, 
    94759, 
    42844, 
    65734, 
    88485, 
    51393
   ], 
   [
    27125, 
    67871, 
    78212, 
    0, 
    74352, 
    54358, 
    59460, 
    99999, 
    83452
   ], 
   [
    100, 
    40845, 
    94759, 
    74352, 
    0, 
    27332, 
    50221, 
    72973, 
    47533
   ], 
   [
    56013, 
    96758, 
    42844, 
    54358, 
    27332, 
    0, 
    56495, 
    64631, 
    63183
   ], 
   [
    29263, 
    70008, 
    65734, 
    59460, 
    50221, 
    56495, 
    0, 
    69732, 
    36433
   ], 
   [
    37398, 
    78143, 
    88485, 
    99999, 
    72973, 
    64631, 
    69732, 
    0, 
    73180
   ], 
   [
    35950, 
    76696, 
    51393, 
    83452, 
    47533, 
    63183, 
    36433, 
    73180, 
    0
   ]
  ], 
  "probability_matrix": [
   [
    0, 
    0.15862538204774818, 
    0.14214916635759997, 
    0.040102579187527326, 
    0.16136669833406542, 
    0.12847286355600115, 
    0.14937644258493524, 
    0.08007112464415918, 
    0.13983574328796355
   ], 
   [
    0.22907472401707227, 
    0, 
    0.12269737588532506, 
    0.04034100916726111, 
    0.10495210984797557, 
    0.24363550550459576, 
    0.19104287414955984, 
    0.06285795154673797, 
    0.005398449881472405
   ], 
   [
    0.14968429082976303, 
    0.265176068084427, 
    0, 
    0.11459512396290186, 
    0.00829312367815612, 
    0.1060747386483087, 
    0.09945720729114105, 
    0.25366344503946325, 
    0.0030560024658391576
   ], 
   [
    0.03192455461495037, 
    0.18128592302572982, 
    0.009468426150413612, 
    0, 
    0.11822523494374257, 
    0.18469894250525865, 
    0.240826538846859, 
    0.22986960831662315, 
    0.0037007715964227244
   ], 
   [
    0.12080525138557592, 
    0.1799648191890255, 
    0.15598586086351143, 
    0.10434642600576456, 
    0, 
    0.15086520417263832, 
    0.12521748948342407, 
    0.08221140693385529, 
    0.08060354196620491
   ], 
   [
    0.04872588660162149, 
    0.15232216317499134, 
    0.000357650014669377, 
    0.16591605255364875, 
    0.19654019641783713, 
    0, 
    0.09937117769427758, 
    0.131715508931147, 
    0.20505136461180745
   ], 
   [
    0.1739470928548284, 
    0.1906229217735239, 
    0.14036155124823166, 
    0.19508347518089528, 
    0.0019041270001182392, 
    0.10221411962563458, 
    0, 
    0.06732101540960797, 
    0.12854569690716
   ], 
   [
    0.2125670970259071, 
    0.11534795556858918, 
    0.0688458744125328, 
    0.22776134651361182, 
    0.22024702742846936, 
    0.10322371125154223, 
    0.008425350181221529, 
    0, 
    0.043581637618125973
   ], 
   [
    0.0812182905447447, 
    0.058668035286485794, 
    0.1522197947045342, 
    0.2078410042963973, 
    0.1282076046296662, 
    0.16071704361463238, 
    0.08490650861120931, 
    0.12622171831233028, 
    0
   ]
  ]
 }, 
 "vehicle_capacities": [
  10, 
  10, 
  10, 
  30, 
  30, 
  30, 
  30, 
  30, 
  30
 ]
}