{
 "vehicle_cost_per_km": [
  5, 
  5, 
  5, 
  5, 
  5, 
  5, 
  5, 
  5, 
  5, 
  5, 
  5, 
  5
 ], 
 "runs": [
  {
   "avg_task_cost_vs_number_of_task": [
    1450, 
    1200, 
    1266.6666666666667, 
    1150, 
    1020, 
    916.6666666666666, 
    1014.2857142857143, 
    887.5, 
    816.6666666666666, 
    745, 
    677.2727272727273, 
    620.8333333333334, 
    573.0769230769231, 
    564.2857142857143, 
    560, 
    565.625, 
    582.3529411764706, 
    541.6666666666666, 
    539.4736842105264, 
    565, 
    542.8571428571429, 
    500, 
    517.3913043478261, 
    595.8333333333334, 
    600, 
    536.5384615384615, 
    627.7777777777778, 
    558.9285714285714, 
    593.1034482758621, 
    586.6666666666666
   ], 
   "number_of_vehicles": 3
  }
 ], 
 "vehicle_starting_positions": [
  "Lausanne", 
  "Gen\u00c3\u00a8ve", 
  "Sion", 
  "Neuch\u00c3\u00a2tel", 
  "Bern", 
  "Basel", 
  "Fribourg", 
  "Z\u00c3\u00bcrich", 
  "Aarau", 
  "Luzern", 
  "St-Gallen", 
  "Thun"
 ], 
 "task_distribution": {
  "distance_matrix": [
   [
    0, 
    90, 
    150, 
    100, 
    150, 
    290, 
    100, 
    320, 
    260, 
    350, 
    440, 
    190
   ], 
   [
    90, 
    0, 
    240, 
    190, 
    240, 
    380, 
    190, 
    410, 
    350, 
    440, 
    530, 
    280
   ], 
   [
    150, 
    240, 
    0, 
    220, 
    160, 
    300, 
    210, 
    330, 
    270, 
    360, 
    450, 
    120
   ], 
   [
    100, 
    190, 
    220, 
    0, 
    60, 
    200, 
    110, 
    230, 
    170, 
    260, 
    350, 
    100
   ], 
   [
    150, 
    240, 
    160, 
    60, 
    0, 
    140, 
    50, 
    170, 
    110, 
    200, 
    290, 
    40
   ], 
   [
    290, 
    380, 
    300, 
    200, 
    140, 
    0, 
    190, 
    120, 
    180, 
    190, 
    240, 
    180
   ], 
   [
    100, 
    190, 
    210, 
    110, 
    50, 
    190, 
    0, 
    220, 
    160, 
    250, 
    340, 
    90
   ], 
   [
    320, 
    410, 
    330, 
    230, 
    170, 
    120, 
    220, 
    0, 
    60, 
    70, 
    120, 
    210
   ], 
   [
    260, 
    350, 
    270, 
    170, 
    110, 
    180, 
    160, 
    60, 
    0, 
    90, 
    180, 
    150
   ], 
   [
    350, 
    440, 
    360, 
    260, 
    200, 
    190, 
    250, 
    70, 
    90, 
    0, 
    190, 
    240
   ], 
   [
    440, 
    530, 
    450, 
    350, 
    290, 
    240, 
    340, 
    120, 
    180, 
    190, 
    0, 
    330
   ], 
   [
    190, 
    280, 
    120, 
    100, 
    40, 
    180, 
    90, 
    210, 
    150, 
    240, 
    330, 
    0
   ]
  ], 
  "weight_matrix": [
   [
    0, 
    3, 
    3, 
    3, 
    3, 
    3, 
    3, 
    3, 
    3, 
    3, 
    3, 
    3
   ], 
   [
    3, 
    0, 
    3, 
    3, 
    3, 
    3, 
    3, 
    3, 
    3, 
    3, 
    3, 
    3
   ], 
   [
    3, 
    3, 
    0, 
    3, 
    3, 
    3, 
    3, 
    3, 
    3, 
    3, 
    3, 
    3
   ], 
   [
    3, 
    3, 
    3, 
    0, 
    3, 
    3, 
    3, 
    3, 
    3, 
    3, 
    3, 
    3
   ], 
   [
    3, 
    3, 
    3, 
    3, 
    0, 
    3, 
    3, 
    3, 
    3, 
    3, 
    3, 
    3
   ], 
   [
    3, 
    3, 
    3, 
    3, 
    3, 
    0, 
    3, 
    3, 
    3, 
    3, 
    3, 
    3
   ], 
   [
    3, 
    3, 
    3, 
    3, 
    3, 
    3, 
    0, 
    3, 
    3, 
    3, 
    3, 
    3
   ], 
   [
    3, 
    3, 
    3, 
    3, 
    3, 
    3, 
    3, 
    0, 
    3, 
    3, 
    3, 
    3
   ], 
   [
    3, 
    3, 
    3, 
    3, 
    3, 
    3, 
    3, 
    3, 
    0, 
    3, 
    3, 
    3
   ], 
   [
    3, 
    3, 
    3, 
    3, 
    3, 
    3, 
    3, 
    3, 
    3, 
    0, 
    3, 
    3
   ], 
   [
    3, 
    3, 
    3, 
    3, 
    3, 
    3, 
    3, 
    3, 
    3, 
    3, 
    0, 
    3
   ], 
   [
    3, 
    3, 
    3, 
    3, 
    3, 
    3, 
    3, 
    3, 
    3, 
    3, 
    3, 
    0
   ]
  ], 
  "city_names": [
   "Lausanne", 
   "Gen\u00c3\u00a8ve", 
   "Sion", 
   "Neuch\u00c3\u00a2tel", 
   "Bern", 
   "Basel", 
   "Fribourg", 
   "Z\u00c3\u00bcrich", 
   "Aarau", 
   "Luzern", 
   "St-Gallen", 
   "Thun"
  ], 
  "reward_matrix": [
   [
    0, 
    89805, 
    77572, 
    87766, 
    77572, 
    49030, 
    87766, 
    42913, 
    55146, 
    36797, 
    18448, 
    69417
   ], 
   [
    89805, 
    0, 
    59223, 
    69417, 
    59223, 
    30681, 
    69417, 
    24565, 
    36797, 
    18448, 
    100, 
    51068
   ], 
   [
    77572, 
    59223, 
    0, 
    63301, 
    75533, 
    46991, 
    65340, 
    40875, 
    53107, 
    34758, 
    16410, 
    83688
   ], 
   [
    87766, 
    69417, 
    63301, 
    0, 
    95921, 
    67378, 
    85727, 
    61262, 
    73495, 
    55146, 
    36797, 
    87766
   ], 
   [
    77572, 
    59223, 
    75533, 
    95921, 
    0, 
    79611, 
    97960, 
    73495, 
    85727, 
    67378, 
    49030, 
    99999
   ], 
   [
    49030, 
    30681, 
    46991, 
    67378, 
    79611, 
    0, 
    69417, 
    83688, 
    71456, 
    69417, 
    59223, 
    71456
   ], 
   [
    87766, 
    69417, 
    65340, 
    85727, 
    97960, 
    69417, 
    0, 
    63301, 
    75533, 
    57185, 
    38836, 
    89805
   ], 
   [
    42913, 
    24565, 
    40875, 
    61262, 
    73495, 
    83688, 
    63301, 
    0, 
    95921, 
    93882, 
    83688, 
    65340
   ], 
   [
    55146, 
    36797, 
    53107, 
    73495, 
    85727, 
    71456, 
    75533, 
    95921, 
    0, 
    89805, 
    71456, 
    77572
   ], 
   [
    36797, 
    18448, 
    34758, 
    55146, 
    67378, 
    69417, 
    57185, 
    93882, 
    89805, 
    0, 
    69417, 
    59223
   ], 
   [
    18448, 
    100, 
    16410, 
    36797, 
    49030, 
    59223, 
    38836, 
    83688, 
    71456, 
    69417, 
    0, 
    40875
   ], 
   [
    69417, 
    51068, 
    83688, 
    87766, 
    99999, 
    71456, 
    89805, 
    65340, 
    77572, 
    59223, 
    40875, 
    0
   ]
  ], 
  "probability_matrix": [
   [
    0, 
    0.07065830755165599, 
    0.0019499943663820857, 
    0.2007032951570166, 
    0.05583337256989351, 
    0.06000224940730849, 
    0.06430603298622628, 
    0.10997175159180332, 
    0.1107973285340986, 
    0.05732414790800726, 
    0.1248704919859033, 
    0.14358302794170447
   ], 
   [
    0.1442625550416853, 
    0, 
    0.05583777268641129, 
    0.07459520286627311, 
    0.13047971935512803, 
    0.11292566842461702, 
    0.09691379038655219, 
    0.10442221632596457, 
    0.06911046361599639, 
    0.061490935616646036, 
    0.059947372524905694, 
    0.09001430315582044
   ], 
   [
    0.08528730239587201, 
    0.0044760951893653735, 
    0, 
    0.052712909635112756, 
    0.13536227679028584, 
    0.11395551291456976, 
    0.08842580292842596, 
    0.12235652151789159, 
    0.1272849166180206, 
    0.07012841856993514, 
    0.15498317416593846, 
    0.04502706927458274
   ], 
   [
    0.09597255765447797, 
    0.03168409676059783, 
    0.1532671885191216, 
    0, 
    0.14649817250461894, 
    0.03369556461633756, 
    0.16256727771689114, 
    0.0677549967398746, 
    0.07388275484126806, 
    0.06339974760179087, 
    0.11994337649355744, 
    0.05133426655146397
   ], 
   [
    0.0860648372969999, 
    0.1403049920618721, 
    0.12718832102446337, 
    0.01090870653453996, 
    0, 
    0.038652380087987034, 
    0.024737408211884235, 
    0.1696238001968282, 
    0.055880397214977916, 
    0.14771986069608548, 
    0.13520370700660053, 
    0.06371558966776127
   ], 
   [
    0.12440853938914984, 
    0.023319888193084677, 
    0.0884935029009333, 
    0.08172593522240784, 
    0.08861144948000967, 
    0, 
    0.12657521498801816, 
    0.15934723441383594, 
    0.10525101200302603, 
    0.029751658424671635, 
    0.14359004749882723, 
    0.028925517486035706
   ], 
   [
    0.14263526118538253, 
    0.17187390650324744, 
    0.11069225100737556, 
    0.09675314059842524, 
    0.14140772317421632, 
    0.12056426567215554, 
    0, 
    0.11986943145416656, 
    0.01042763233440398, 
    0.008280901977351582, 
    0.07611383534743037, 
    0.0013816507458449536
   ], 
   [
    0.06736101877449231, 
    0.14202245083994572, 
    0.026727963338731967, 
    0.09229390552176645, 
    0.14695206850094822, 
    0.07473561850906796, 
    0.17939369615449113, 
    0, 
    0.042392150252704625, 
    0.15407538084913633, 
    0.003165873563624246, 
    0.07087987369509105
   ], 
   [
    0.09542303389541909, 
    0.10790152268500579, 
    0.09064191559018175, 
    0.052427327719802866, 
    0.07937934771851106, 
    0.05514881481138749, 
    0.12802635896652123, 
    0.06309321006543304, 
    0, 
    0.0685804244756631, 
    0.12405585223769987, 
    0.1353221918343747
   ], 
   [
    0.16502062549683277, 
    0.07384817505953523, 
    0.15305188478301104, 
    0.1278173885241421, 
    0.004516277085110212, 
    0.07918003140843913, 
    0.09372062411212669, 
    0.14765965905886042, 
    0.01409610667663367, 
    0, 
    0.13264567682560688, 
    0.008443550969701815
   ], 
   [
    0.14012505725443639, 
    0.11309783963459141, 
    0.07371331541287306, 
    0.09855793953559064, 
    0.1511743241193868, 
    0.005004385497833814, 
    0.1520994498068075, 
    0.12701509597174734, 
    0.1079092529244322, 
    0.01387768241487128, 
    0, 
    0.01742565742742965
   ], 
   [
    0.15100087692949313, 
    0.06472940432176963, 
    0.06264557144296842, 
    0.16115573381078868, 
    0.046670395291678955, 
    0.1092767612534065, 
    0.01793251943906779, 
    0.13871009209139093, 
    0.0013391835326529982, 
    0.1448288496225701, 
    0.10171061226421264, 
    0
   ]
  ]
 }, 
 "vehicle_capacities": [
  15, 
  15, 
  15, 
  30, 
  30, 
  30, 
  30, 
  30, 
  30, 
  30, 
  30, 
  30
 ]
}