{
 "vehicle_cost_per_km": [
  5, 
  5, 
  5, 
  5, 
  5
 ], 
 "runs": [
  {
   "avg_task_cost_vs_number_of_task": [
    2150, 
    1825, 
    1350, 
    1412.5, 
    1330, 
    1391.6666666666667, 
    1578.5714285714287, 
    1512.5, 
    1844.4444444444443, 
    1740, 
    1718.1818181818182, 
    1612.5, 
    1534.6153846153845, 
    1453.5714285714287, 
    1366.6666666666667, 
    1368.75, 
    1458.8235294117646, 
    1466.6666666666667, 
    1494.7368421052631, 
    1440, 
    1409.5238095238096, 
    1384.090909090909, 
    1363.0434782608695, 
    1343.75, 
    1350, 
    1378.8461538461538, 
    1327.7777777777778, 
    1400, 
    1393.103448275862, 
    1451.6666666666667
   ], 
   "number_of_vehicles": 3
  }
 ], 
 "vehicle_starting_positions": [
  "Lausanne", 
  "Gen\u00e8ve", 
  "Sion", 
  "Neuch\u00e2tel", 
  "Bern", 
  "Basel", 
  "Fribourg", 
  "Z\u00fcrich", 
  "Aarau", 
  "Luzern", 
  "St-Gallen", 
  "Thun"
 ], 
 "task_distribution": {
  "distance_matrix": [
   [
    0, 
    90, 
    150, 
    100, 
    150, 
    290, 
    100, 
    320, 
    260, 
    350, 
    440, 
    190
   ], 
   [
    90, 
    0, 
    240, 
    190, 
    240, 
    380, 
    190, 
    410, 
    350, 
    440, 
    530, 
    280
   ], 
   [
    150, 
    240, 
    0, 
    220, 
    160, 
    300, 
    210, 
    330, 
    270, 
    360, 
    450, 
    120
   ], 
   [
    100, 
    190, 
    220, 
    0, 
    60, 
    200, 
    110, 
    230, 
    170, 
    260, 
    350, 
    100
   ], 
   [
    150, 
    240, 
    160, 
    60, 
    0, 
    140, 
    50, 
    170, 
    110, 
    200, 
    290, 
    40
   ], 
   [
    290, 
    380, 
    300, 
    200, 
    140, 
    0, 
    190, 
    120, 
    180, 
    190, 
    240, 
    180
   ], 
   [
    100, 
    190, 
    210, 
    110, 
    50, 
    190, 
    0, 
    220, 
    160, 
    250, 
    340, 
    90
   ], 
   [
    320, 
    410, 
    330, 
    230, 
    170, 
    120, 
    220, 
    0, 
    60, 
    70, 
    120, 
    210
   ], 
   [
    260, 
    350, 
    270, 
    170, 
    110, 
    180, 
    160, 
    60, 
    0, 
    90, 
    180, 
    150
   ], 
   [
    350, 
    440, 
    360, 
    260, 
    200, 
    190, 
    250, 
    70, 
    90, 
    0, 
    190, 
    240
   ], 
   [
    440, 
    530, 
    450, 
    350, 
    290, 
    240, 
    340, 
    120, 
    180, 
    190, 
    0, 
    330
   ], 
   [
    190, 
    280, 
    120, 
    100, 
    40, 
    180, 
    90, 
    210, 
    150, 
    240, 
    330, 
    0
   ]
  ], 
  "weight_matrix": [
   [
    0, 
    3, 
    3, 
    3, 
    3, 
    3, 
    3, 
    3, 
    3, 
    3, 
    3, 
    3
   ], 
   [
    3, 
    0, 
    3, 
    3, 
    3, 
    3, 
    3, 
    3, 
    3, 
    3, 
    3, 
    3
   ], 
   [
    3, 
    3, 
    0, 
    3, 
    3, 
    3, 
    3, 
    3, 
    3, 
    3, 
    3, 
    3
   ], 
   [
    3, 
    3, 
    3, 
    0, 
    3, 
    3, 
    3, 
    3, 
    3, 
    3, 
    3, 
    3
   ], 
   [
    3, 
    3, 
    3, 
    3, 
    0, 
    3, 
    3, 
    3, 
    3, 
    3, 
    3, 
    3
   ], 
   [
    3, 
    3, 
    3, 
    3, 
    3, 
    0, 
    3, 
    3, 
    3, 
    3, 
    3, 
    3
   ], 
   [
    3, 
    3, 
    3, 
    3, 
    3, 
    3, 
    0, 
    3, 
    3, 
    3, 
    3, 
    3
   ], 
   [
    3, 
    3, 
    3, 
    3, 
    3, 
    3, 
    3, 
    0, 
    3, 
    3, 
    3, 
    3
   ], 
   [
    3, 
    3, 
    3, 
    3, 
    3, 
    3, 
    3, 
    3, 
    0, 
    3, 
    3, 
    3
   ], 
   [
    3, 
    3, 
    3, 
    3, 
    3, 
    3, 
    3, 
    3, 
    3, 
    0, 
    3, 
    3
   ], 
   [
    3, 
    3, 
    3, 
    3, 
    3, 
    3, 
    3, 
    3, 
    3, 
    3, 
    0, 
    3
   ], 
   [
    3, 
    3, 
    3, 
    3, 
    3, 
    3, 
    3, 
    3, 
    3, 
    3, 
    3, 
    0
   ]
  ], 
  "city_names": [
   "Lausanne", 
   "Gen\u00e8ve", 
   "Sion", 
   "Neuch\u00e2tel", 
   "Bern", 
   "Basel", 
   "Fribourg", 
   "Z\u00fcrich", 
   "Aarau", 
   "Luzern", 
   "St-Gallen", 
   "Thun"
  ], 
  "reward_matrix": [
   [
    0, 
    89805, 
    77572, 
    87766, 
    77572, 
    49030, 
    87766, 
    42913, 
    55146, 
    36797, 
    18448, 
    69417
   ], 
   [
    89805, 
    0, 
    59223, 
    69417, 
    59223, 
    30681, 
    69417, 
    24565, 
    36797, 
    18448, 
    100, 
    51068
   ], 
   [
    77572, 
    59223, 
    0, 
    63301, 
    75533, 
    46991, 
    65340, 
    40875, 
    53107, 
    34758, 
    16410, 
    83688
   ], 
   [
    87766, 
    69417, 
    63301, 
    0, 
    95921, 
    67378, 
    85727, 
    61262, 
    73495, 
    55146, 
    36797, 
    87766
   ], 
   [
    77572, 
    59223, 
    75533, 
    95921, 
    0, 
    79611, 
    97960, 
    73495, 
    85727, 
    67378, 
    49030, 
    99999
   ], 
   [
    49030, 
    30681, 
    46991, 
    67378, 
    79611, 
    0, 
    69417, 
    83688, 
    71456, 
    69417, 
    59223, 
    71456
   ], 
   [
    87766, 
    69417, 
    65340, 
    85727, 
    97960, 
    69417, 
    0, 
    63301, 
    75533, 
    57185, 
    38836, 
    89805
   ], 
   [
    42913, 
    24565, 
    40875, 
    61262, 
    73495, 
    83688, 
    63301, 
    0, 
    95921, 
    93882, 
    83688, 
    65340
   ], 
   [
    55146, 
    36797, 
    53107, 
    73495, 
    85727, 
    71456, 
    75533, 
    95921, 
    0, 
    89805, 
    71456, 
    77572
   ], 
   [
    36797, 
    18448, 
    34758, 
    55146, 
    67378, 
    69417, 
    57185, 
    93882, 
    89805, 
    0, 
    69417, 
    59223
   ], 
   [
    18448, 
    100, 
    16410, 
    36797, 
    49030, 
    59223, 
    38836, 
    83688, 
    71456, 
    69417, 
    0, 
    40875
   ], 
   [
    69417, 
    51068, 
    83688, 
    87766, 
    99999, 
    71456, 
    89805, 
    65340, 
    77572, 
    59223, 
    40875, 
    0
   ]
  ], 
  "probability_matrix": [
   [
    0, 
    0.1726661208150005, 
    0.006410105766525564, 
    0.06859073979456458, 
    0.08636205656741876, 
    0.14008760741885645, 
    0.054867773014662294, 
    0.11361290920803609, 
    0.11987352895901711, 
    0.057165157746894554, 
    0.14606628854321677, 
    0.03429771216580739
   ], 
   [
    0.06173724426568401, 
    0, 
    0.085078482983553, 
    0.08577854090534463, 
    0.06732916690612219, 
    0.07811460641614287, 
    0.07076521406981814, 
    0.1690893258889381, 
    0.08826318767148263, 
    0.13183803701868133, 
    0.003982451467538372, 
    0.15802374240669465
   ], 
   [
    0.06225974779116936, 
    0.047448959236416746, 
    0, 
    0.12757299201524636, 
    0.051645288972462663, 
    0.1354426675212555, 
    0.14956719054668188, 
    0.03247714648435428, 
    0.017704783916420313, 
    0.042272977699164556, 
    0.2172722516850709, 
    0.11633599413175762
   ], 
   [
    0.0006190549306662254, 
    0.1668497404184791, 
    0.07649952223331023, 
    0, 
    0.05159331125234421, 
    0.11191190946529397, 
    0.13024176394433978, 
    0.044733936004453675, 
    0.0618333281088709, 
    0.05935671528763445, 
    0.12744751203627294, 
    0.16891320631833442
   ], 
   [
    0.03379279515280379, 
    0.190272606829621, 
    0.06924342599984812, 
    0.14499345127404184, 
    0, 
    0.15890316903206714, 
    0.062130480677946395, 
    0.10016115812675536, 
    0.0598613494359583, 
    0.09734953018969367, 
    0.08249474259670467, 
    0.0007972906845597986
   ], 
   [
    0.1338094823319584, 
    0.10924741835301459, 
    0.15250410881437018, 
    0.14053547967651883, 
    0.1370326115766866, 
    0, 
    0.04774093614880864, 
    0.06909303510460656, 
    0.04327912761534552, 
    0.0009477486205970899, 
    0.0675951389092994, 
    0.09821491284879443
   ], 
   [
    0.06878271201220658, 
    0.1197314963094858, 
    0.19473945990910244, 
    0.10559157003388303, 
    0.018244826415834782, 
    0.028960661480580786, 
    0, 
    0.01361307293390069, 
    0.1553269493151178, 
    0.05403639808696933, 
    0.09382006228107526, 
    0.14715279122184355
   ], 
   [
    0.05288199207681659, 
    0.005872668814806212, 
    0.17080541368086574, 
    0.13859673627552233, 
    0.07054779913190327, 
    0.09370722402744264, 
    0.09740423281153773, 
    0, 
    0.08431918782772072, 
    0.09867434529407342, 
    0.08475513516630225, 
    0.10243526489300904
   ], 
   [
    0.02394983401776497, 
    0.15287734361340674, 
    0.02657130133190063, 
    0.16283966954887527, 
    0.1335713014767886, 
    0.028868485089387712, 
    0.12274791442713992, 
    0.01778588026652398, 
    0, 
    0.13557826658693653, 
    0.05295329788050475, 
    0.142256705760771
   ], 
   [
    0.08477446707414969, 
    0.12626132162322742, 
    0.08614952930270031, 
    0.07320775832378543, 
    0.026342447328160705, 
    0.14012749895544122, 
    0.0598731378824018, 
    0.0001519857445043841, 
    0.11451578195174457, 
    0, 
    0.01595386969557513, 
    0.27264220211830936
   ], 
   [
    0.08927760742197555, 
    0.1350585868130989, 
    0.14269754031282472, 
    0.08239790654080978, 
    0.09152063989421089, 
    0.039919570006807785, 
    0.04242131119706575, 
    0.08667202728369111, 
    0.08113405741009123, 
    0.09960793133300855, 
    0, 
    0.10929282178641582
   ], 
   [
    0.1532812021900439, 
    0.09051517820484091, 
    0.125712910851859, 
    0.02698181486594847, 
    0.05145211457867522, 
    0.1358992670396946, 
    0.029787133571968674, 
    0.03798337934384959, 
    0.08636076032398338, 
    0.14450263738939828, 
    0.11752360163973792, 
    0
   ]
  ]
 }, 
 "vehicle_capacities": [
  5, 
  5, 
  5, 
  30, 
  30, 
  30, 
  30, 
  30, 
  30, 
  30, 
  30, 
  30
 ]
}