{
 "distance_matrix": [
  [
   0, 
   90, 
   150, 
   100, 
   150, 
   290, 
   100, 
   320, 
   260, 
   350, 
   440, 
   190
  ], 
  [
   90, 
   0, 
   240, 
   190, 
   240, 
   380, 
   190, 
   410, 
   350, 
   440, 
   530, 
   280
  ], 
  [
   150, 
   240, 
   0, 
   220, 
   160, 
   300, 
   210, 
   330, 
   270, 
   360, 
   450, 
   120
  ], 
  [
   100, 
   190, 
   220, 
   0, 
   60, 
   200, 
   110, 
   230, 
   170, 
   260, 
   350, 
   100
  ], 
  [
   150, 
   240, 
   160, 
   60, 
   0, 
   140, 
   50, 
   170, 
   110, 
   200, 
   290, 
   40
  ], 
  [
   290, 
   380, 
   300, 
   200, 
   140, 
   0, 
   190, 
   120, 
   180, 
   190, 
   240, 
   180
  ], 
  [
   100, 
   190, 
   210, 
   110, 
   50, 
   190, 
   0, 
   220, 
   160, 
   250, 
   340, 
   90
  ], 
  [
   320, 
   410, 
   330, 
   230, 
   170, 
   120, 
   220, 
   0, 
   60, 
   70, 
   120, 
   210
  ], 
  [
   260, 
   350, 
   270, 
   170, 
   110, 
   180, 
   160, 
   60, 
   0, 
   90, 
   180, 
   150
  ], 
  [
   350, 
   440, 
   360, 
   260, 
   200, 
   190, 
   250, 
   70, 
   90, 
   0, 
   190, 
   240
  ], 
  [
   440, 
   530, 
   450, 
   350, 
   290, 
   240, 
   340, 
   120, 
   180, 
   190, 
   0, 
   330
  ], 
  [
   190, 
   280, 
   120, 
   100, 
   40, 
   180, 
   90, 
   210, 
   150, 
   240, 
   330, 
   0
  ]
 ], 
 "runs": [
  {
   "avg_task_cost_vs_number_of_task": [
    1600, 
    1250, 
    1766.6666666666667, 
    1375, 
    1260, 
    1100, 
    1021.4285714285714, 
    893.75, 
    794.4444444444445, 
    860, 
    650, 
    716.6666666666666, 
    550, 
    510.7142857142857, 
    546.6666666666666, 
    662.5, 
    600, 
    533.3333333333334, 
    607.8947368421053, 
    465, 
    471.42857142857144, 
    531.8181818181819, 
    463.04347826086956, 
    539.5833333333334, 
    486, 
    517.3076923076923, 
    433.3333333333333, 
    485.7142857142857, 
    462.0689655172414, 
    446.6666666666667
   ], 
   "number_of_vehicles": 2
  }, 
  {
   "avg_task_cost_vs_number_of_task": [
    1250, 
    1075, 
    1650, 
    1375, 
    1260, 
    1100, 
    1021.4285714285714, 
    893.75, 
    794.4444444444445, 
    715, 
    781.8181818181819, 
    595.8333333333334, 
    661.5384615384615, 
    567.8571428571429, 
    603.3333333333334, 
    596.875, 
    500, 
    594.4444444444445, 
    476.3157894736842, 
    505, 
    459.5238095238095, 
    590.9090909090909, 
    469.5652173913044, 
    506.25, 
    538, 
    446.15384615384613, 
    446.2962962962963, 
    451.7857142857143, 
    474.13793103448273, 
    425
   ], 
   "number_of_vehicles": 3
  }, 
  {
   "avg_task_cost_vs_number_of_task": [
    800, 
    850, 
    1500, 
    1375, 
    1260, 
    1100, 
    985.7142857142857, 
    893.75, 
    794.4444444444445, 
    715, 
    836.3636363636364, 
    595.8333333333334, 
    592.3076923076923, 
    510.7142857142857, 
    556.6666666666666, 
    587.5, 
    532.3529411764706, 
    522.2222222222222, 
    581.578947368421, 
    515, 
    528.5714285714286, 
    504.54545454545456, 
    493.4782608695652, 
    475, 
    474, 
    517.3076923076923, 
    474.0740740740741, 
    432.14285714285717, 
    362.0689655172414, 
    470
   ], 
   "number_of_vehicles": 4
  }, 
  {
   "avg_task_cost_vs_number_of_task": [
    800, 
    800, 
    1466.6666666666667, 
    1300, 
    1200, 
    1100, 
    985.7142857142857, 
    893.75, 
    833.3333333333334, 
    860, 
    650, 
    716.6666666666666, 
    661.5384615384615, 
    535.7142857142857, 
    620, 
    631.25, 
    629.4117647058823, 
    533.3333333333334, 
    478.94736842105266, 
    430, 
    535.7142857142857, 
    543.1818181818181, 
    539.1304347826087, 
    547.9166666666666, 
    524, 
    467.3076923076923, 
    485.18518518518516, 
    483.92857142857144, 
    405.17241379310343, 
    396.6666666666667
   ], 
   "number_of_vehicles": 5
  }
 ], 
 "vehicle_starting_positions": [
  "St-Gallen", 
  "Aarau", 
  "Thun", 
  "Fribourg", 
  "Z\u00fcrich", 
  "Basel", 
  "Luzern", 
  "Sion", 
  "Bern", 
  "Lausanne", 
  "Gen\u00e8ve", 
  "Neuch\u00e2tel"
 ], 
 "task_distribution": {
  "weight_matrix": [
   [
    0, 
    3, 
    3, 
    3, 
    3, 
    3, 
    3, 
    3, 
    3, 
    3, 
    3, 
    3
   ], 
   [
    3, 
    0, 
    3, 
    3, 
    3, 
    3, 
    3, 
    3, 
    3, 
    3, 
    3, 
    3
   ], 
   [
    3, 
    3, 
    0, 
    3, 
    3, 
    3, 
    3, 
    3, 
    3, 
    3, 
    3, 
    3
   ], 
   [
    3, 
    3, 
    3, 
    0, 
    3, 
    3, 
    3, 
    3, 
    3, 
    3, 
    3, 
    3
   ], 
   [
    3, 
    3, 
    3, 
    3, 
    0, 
    3, 
    3, 
    3, 
    3, 
    3, 
    3, 
    3
   ], 
   [
    3, 
    3, 
    3, 
    3, 
    3, 
    0, 
    3, 
    3, 
    3, 
    3, 
    3, 
    3
   ], 
   [
    3, 
    3, 
    3, 
    3, 
    3, 
    3, 
    0, 
    3, 
    3, 
    3, 
    3, 
    3
   ], 
   [
    3, 
    3, 
    3, 
    3, 
    3, 
    3, 
    3, 
    0, 
    3, 
    3, 
    3, 
    3
   ], 
   [
    3, 
    3, 
    3, 
    3, 
    3, 
    3, 
    3, 
    3, 
    0, 
    3, 
    3, 
    3
   ], 
   [
    3, 
    3, 
    3, 
    3, 
    3, 
    3, 
    3, 
    3, 
    3, 
    0, 
    3, 
    3
   ], 
   [
    3, 
    3, 
    3, 
    3, 
    3, 
    3, 
    3, 
    3, 
    3, 
    3, 
    0, 
    3
   ], 
   [
    3, 
    3, 
    3, 
    3, 
    3, 
    3, 
    3, 
    3, 
    3, 
    3, 
    3, 
    0
   ]
  ], 
  "city_names": [
   "Lausanne", 
   "Gen\u00e8ve", 
   "Sion", 
   "Neuch\u00e2tel", 
   "Bern", 
   "Basel", 
   "Fribourg", 
   "Z\u00fcrich", 
   "Aarau", 
   "Luzern", 
   "St-Gallen", 
   "Thun"
  ], 
  "reward_matrix": [
   [
    0, 
    89805, 
    77572, 
    87766, 
    77572, 
    49030, 
    87766, 
    42913, 
    55146, 
    36797, 
    18448, 
    69417
   ], 
   [
    89805, 
    0, 
    59223, 
    69417, 
    59223, 
    30681, 
    69417, 
    24565, 
    36797, 
    18448, 
    100, 
    51068
   ], 
   [
    77572, 
    59223, 
    0, 
    63301, 
    75533, 
    46991, 
    65340, 
    40875, 
    53107, 
    34758, 
    16410, 
    83688
   ], 
   [
    87766, 
    69417, 
    63301, 
    0, 
    95921, 
    67378, 
    85727, 
    61262, 
    73495, 
    55146, 
    36797, 
    87766
   ], 
   [
    77572, 
    59223, 
    75533, 
    95921, 
    0, 
    79611, 
    97960, 
    73495, 
    85727, 
    67378, 
    49030, 
    99999
   ], 
   [
    49030, 
    30681, 
    46991, 
    67378, 
    79611, 
    0, 
    69417, 
    83688, 
    71456, 
    69417, 
    59223, 
    71456
   ], 
   [
    87766, 
    69417, 
    65340, 
    85727, 
    97960, 
    69417, 
    0, 
    63301, 
    75533, 
    57185, 
    38836, 
    89805
   ], 
   [
    42913, 
    24565, 
    40875, 
    61262, 
    73495, 
    83688, 
    63301, 
    0, 
    95921, 
    93882, 
    83688, 
    65340
   ], 
   [
    55146, 
    36797, 
    53107, 
    73495, 
    85727, 
    71456, 
    75533, 
    95921, 
    0, 
    89805, 
    71456, 
    77572
   ], 
   [
    36797, 
    18448, 
    34758, 
    55146, 
    67378, 
    69417, 
    57185, 
    93882, 
    89805, 
    0, 
    69417, 
    59223
   ], 
   [
    18448, 
    100, 
    16410, 
    36797, 
    49030, 
    59223, 
    38836, 
    83688, 
    71456, 
    69417, 
    0, 
    40875
   ], 
   [
    69417, 
    51068, 
    83688, 
    87766, 
    99999, 
    71456, 
    89805, 
    65340, 
    77572, 
    59223, 
    40875, 
    0
   ]
  ], 
  "probability_matrix": [
   [
    0, 
    0.10248735327105998, 
    0.10453928541070426, 
    0.11770290978380922, 
    0.1119919133889014, 
    0.04984482739378214, 
    0.11713317934171912, 
    0.12700810989821815, 
    0.04016033148272667, 
    0.10050281994613738, 
    0.1146312765759316, 
    0.013997993507010233
   ], 
   [
    0.11737726799677385, 
    0, 
    0.11906616789348907, 
    0.12178751171519814, 
    0.02708058606052696, 
    0.03334205286984861, 
    0.09174334185109112, 
    0.1028212292629018, 
    0.07423804854611717, 
    0.09681117320251241, 
    0.05281664620712925, 
    0.1629159743944118
   ], 
   [
    0.036933232451665146, 
    0.07333895973968552, 
    0, 
    0.03235943252613494, 
    0.15707884017844828, 
    0.07160879416455693, 
    0.034740695051669775, 
    0.13169249928520074, 
    0.11470461973002134, 
    0.13912916283440066, 
    0.06326610278057729, 
    0.14514766125763923
   ], 
   [
    0.09710919902679706, 
    0.030389714019308442, 
    0.12501195601020404, 
    0, 
    0.12510313971112338, 
    0.08946504236475727, 
    0.0038539553427497856, 
    0.055633649166161106, 
    0.1388251746897182, 
    0.1355733667551462, 
    0.06048893507791397, 
    0.1385458678361204
   ], 
   [
    0.1005426511700219, 
    0.028452057990759814, 
    0.12466838153129844, 
    0.1485568568529419, 
    0, 
    0.14972936297008785, 
    0.012614662149958222, 
    0.12393360456130117, 
    0.12273785728667522, 
    0.052778582387631445, 
    0.09459026368479488, 
    0.04139571941452898
   ], 
   [
    0.14202487204138542, 
    0.01960322037228398, 
    0.11725648948363873, 
    0.02315365899613901, 
    0.12749316861660756, 
    0, 
    0.044372032898086076, 
    0.06139547126173839, 
    0.1146273712908192, 
    0.11350448030699853, 
    0.1136867680222287, 
    0.12288246671007441
   ], 
   [
    0.125771918332079, 
    0.05588052514754506, 
    0.06695347657227321, 
    0.15095015049930896, 
    0.05739565627985374, 
    0.13027676318667003, 
    0, 
    0.05752429409842965, 
    0.12565051207658465, 
    0.080183723478998, 
    0.09637111933854318, 
    0.05304186098971448
   ], 
   [
    0.1016828592769296, 
    0.11003406174354706, 
    0.018319502719792012, 
    0.003839635325772655, 
    0.0031495241523122265, 
    0.15152028763638922, 
    0.10100562087377643, 
    0, 
    0.18347733105640082, 
    0.1505555818732407, 
    0.1453678472921098, 
    0.031047748049729654
   ], 
   [
    0.0954050499780499, 
    0.1125382010798593, 
    0.006852825279425495, 
    0.0017453052469053665, 
    0.1266360258284394, 
    0.19056833961056388, 
    0.018040192381247322, 
    0.09187633448347897, 
    0, 
    0.08008654521922441, 
    0.1825980760057739, 
    0.09365310488703216
   ], 
   [
    0.039742161603298784, 
    0.07979870742775969, 
    0.18591030727054675, 
    0.10289649172691687, 
    0.16617693487103966, 
    0.18056303696979656, 
    0.04102678228004551, 
    0.0796361584057429, 
    0.11999128992813457, 
    0, 
    0.0030683411380042825, 
    0.0011897883787145972
   ], 
   [
    0.06597243943673113, 
    0.1338562672875407, 
    0.11271303833163332, 
    0.08515996977083153, 
    0.1479357907530736, 
    0.08562609796238167, 
    0.10036172861534147, 
    0.06510957664174248, 
    0.12591409783949567, 
    0.0434475091472955, 
    0, 
    0.0339034842139329
   ], 
   [
    0.12044516345654567, 
    0.07610302371346675, 
    0.1116293769156986, 
    0.185691031452459, 
    0.057459920205457274, 
    0.11373553821320628, 
    0.1447437736889286, 
    0.05216949598128805, 
    0.027099347475226732, 
    0.08685090271107007, 
    0.024072426186653187, 
    0
   ]
  ]
 }
}