{
 "vehicle_cost_per_km": [
  5, 
  5, 
  5, 
  5, 
  5
 ], 
 "runs": [
  {
   "avg_task_cost_vs_number_of_task": [
    700, 
    1825, 
    1333.3333333333333, 
    1225, 
    1140, 
    950, 
    871.4285714285714, 
    762.5, 
    677.7777777777778, 
    610, 
    572.7272727272727, 
    650, 
    596.1538461538462, 
    525, 
    516.6666666666666, 
    487.5, 
    505.88235294117646, 
    475, 
    486.8421052631579, 
    542.5, 
    476.1904761904762, 
    450, 
    430.4347826086956, 
    468.75, 
    484, 
    428.84615384615387, 
    477.77777777777777, 
    387.5, 
    408.62068965517244, 
    498.3333333333333
   ], 
   "number_of_vehicles": 2
  }, 
  {
   "avg_task_cost_vs_number_of_task": [
    700, 
    1700, 
    1250, 
    1162.5, 
    1140, 
    950, 
    871.4285714285714, 
    762.5, 
    677.7777777777778, 
    610, 
    572.7272727272727, 
    558.3333333333334, 
    600, 
    550, 
    520, 
    509.375, 
    514.7058823529412, 
    508.3333333333333, 
    502.63157894736844, 
    540, 
    473.8095238095238, 
    463.6363636363636, 
    378.2608695652174, 
    435.4166666666667, 
    430, 
    469.2307692307692, 
    453.7037037037037, 
    410.7142857142857, 
    400, 
    380
   ], 
   "number_of_vehicles": 3
  }, 
  {
   "avg_task_cost_vs_number_of_task": [
    700, 
    1700, 
    1250, 
    1162.5, 
    1140, 
    950, 
    871.4285714285714, 
    762.5, 
    677.7777777777778, 
    610, 
    572.7272727272727, 
    600, 
    580.7692307692307, 
    596.4285714285714, 
    480, 
    487.5, 
    538.2352941176471, 
    477.77777777777777, 
    542.1052631578947, 
    485, 
    480.95238095238096, 
    393.1818181818182, 
    471.7391304347826, 
    452.0833333333333, 
    412, 
    563.4615384615385, 
    450, 
    467.85714285714283, 
    413.7931034482759, 
    423.3333333333333
   ], 
   "number_of_vehicles": 4
  }, 
  {
   "avg_task_cost_vs_number_of_task": [
    700, 
    1700, 
    1250, 
    1162.5, 
    1140, 
    950, 
    871.4285714285714, 
    762.5, 
    727.7777777777778, 
    610, 
    709.0909090909091, 
    650, 
    600, 
    532.1428571428571, 
    520, 
    518.75, 
    561.7647058823529, 
    508.3333333333333, 
    478.94736842105266, 
    467.5, 
    471.42857142857144, 
    404.54545454545456, 
    484.7826086956522, 
    435.4166666666667, 
    522, 
    432.6923076923077, 
    422.22222222222223, 
    407.14285714285717, 
    439.6551724137931, 
    475
   ], 
   "number_of_vehicles": 5
  }
 ], 
 "vehicle_starting_positions": [
  "Z\u00fcrich", 
  "Basel", 
  "Neuch\u00e2tel", 
  "Thun", 
  "Fribourg", 
  "Lausanne", 
  "St-Gallen", 
  "Sion", 
  "Gen\u00e8ve", 
  "Bern", 
  "Luzern", 
  "Aarau"
 ], 
 "task_distribution": {
  "distance_matrix": [
   [
    0, 
    90, 
    150, 
    100, 
    150, 
    290, 
    100, 
    320, 
    260, 
    350, 
    440, 
    190
   ], 
   [
    90, 
    0, 
    240, 
    190, 
    240, 
    380, 
    190, 
    410, 
    350, 
    440, 
    530, 
    280
   ], 
   [
    150, 
    240, 
    0, 
    220, 
    160, 
    300, 
    210, 
    330, 
    270, 
    360, 
    450, 
    120
   ], 
   [
    100, 
    190, 
    220, 
    0, 
    60, 
    200, 
    110, 
    230, 
    170, 
    260, 
    350, 
    100
   ], 
   [
    150, 
    240, 
    160, 
    60, 
    0, 
    140, 
    50, 
    170, 
    110, 
    200, 
    290, 
    40
   ], 
   [
    290, 
    380, 
    300, 
    200, 
    140, 
    0, 
    190, 
    120, 
    180, 
    190, 
    240, 
    180
   ], 
   [
    100, 
    190, 
    210, 
    110, 
    50, 
    190, 
    0, 
    220, 
    160, 
    250, 
    340, 
    90
   ], 
   [
    320, 
    410, 
    330, 
    230, 
    170, 
    120, 
    220, 
    0, 
    60, 
    70, 
    120, 
    210
   ], 
   [
    260, 
    350, 
    270, 
    170, 
    110, 
    180, 
    160, 
    60, 
    0, 
    90, 
    180, 
    150
   ], 
   [
    350, 
    440, 
    360, 
    260, 
    200, 
    190, 
    250, 
    70, 
    90, 
    0, 
    190, 
    240
   ], 
   [
    440, 
    530, 
    450, 
    350, 
    290, 
    240, 
    340, 
    120, 
    180, 
    190, 
    0, 
    330
   ], 
   [
    190, 
    280, 
    120, 
    100, 
    40, 
    180, 
    90, 
    210, 
    150, 
    240, 
    330, 
    0
   ]
  ], 
  "weight_matrix": [
   [
    0, 
    3, 
    3, 
    3, 
    3, 
    3, 
    3, 
    3, 
    3, 
    3, 
    3, 
    3
   ], 
   [
    3, 
    0, 
    3, 
    3, 
    3, 
    3, 
    3, 
    3, 
    3, 
    3, 
    3, 
    3
   ], 
   [
    3, 
    3, 
    0, 
    3, 
    3, 
    3, 
    3, 
    3, 
    3, 
    3, 
    3, 
    3
   ], 
   [
    3, 
    3, 
    3, 
    0, 
    3, 
    3, 
    3, 
    3, 
    3, 
    3, 
    3, 
    3
   ], 
   [
    3, 
    3, 
    3, 
    3, 
    0, 
    3, 
    3, 
    3, 
    3, 
    3, 
    3, 
    3
   ], 
   [
    3, 
    3, 
    3, 
    3, 
    3, 
    0, 
    3, 
    3, 
    3, 
    3, 
    3, 
    3
   ], 
   [
    3, 
    3, 
    3, 
    3, 
    3, 
    3, 
    0, 
    3, 
    3, 
    3, 
    3, 
    3
   ], 
   [
    3, 
    3, 
    3, 
    3, 
    3, 
    3, 
    3, 
    0, 
    3, 
    3, 
    3, 
    3
   ], 
   [
    3, 
    3, 
    3, 
    3, 
    3, 
    3, 
    3, 
    3, 
    0, 
    3, 
    3, 
    3
   ], 
   [
    3, 
    3, 
    3, 
    3, 
    3, 
    3, 
    3, 
    3, 
    3, 
    0, 
    3, 
    3
   ], 
   [
    3, 
    3, 
    3, 
    3, 
    3, 
    3, 
    3, 
    3, 
    3, 
    3, 
    0, 
    3
   ], 
   [
    3, 
    3, 
    3, 
    3, 
    3, 
    3, 
    3, 
    3, 
    3, 
    3, 
    3, 
    0
   ]
  ], 
  "city_names": [
   "Lausanne", 
   "Gen\u00e8ve", 
   "Sion", 
   "Neuch\u00e2tel", 
   "Bern", 
   "Basel", 
   "Fribourg", 
   "Z\u00fcrich", 
   "Aarau", 
   "Luzern", 
   "St-Gallen", 
   "Thun"
  ], 
  "reward_matrix": [
   [
    0, 
    89805, 
    77572, 
    87766, 
    77572, 
    49030, 
    87766, 
    42913, 
    55146, 
    36797, 
    18448, 
    69417
   ], 
   [
    89805, 
    0, 
    59223, 
    69417, 
    59223, 
    30681, 
    69417, 
    24565, 
    36797, 
    18448, 
    100, 
    51068
   ], 
   [
    77572, 
    59223, 
    0, 
    63301, 
    75533, 
    46991, 
    65340, 
    40875, 
    53107, 
    34758, 
    16410, 
    83688
   ], 
   [
    87766, 
    69417, 
    63301, 
    0, 
    95921, 
    67378, 
    85727, 
    61262, 
    73495, 
    55146, 
    36797, 
    87766
   ], 
   [
    77572, 
    59223, 
    75533, 
    95921, 
    0, 
    79611, 
    97960, 
    73495, 
    85727, 
    67378, 
    49030, 
    99999
   ], 
   [
    49030, 
    30681, 
    46991, 
    67378, 
    79611, 
    0, 
    69417, 
    83688, 
    71456, 
    69417, 
    59223, 
    71456
   ], 
   [
    87766, 
    69417, 
    65340, 
    85727, 
    97960, 
    69417, 
    0, 
    63301, 
    75533, 
    57185, 
    38836, 
    89805
   ], 
   [
    42913, 
    24565, 
    40875, 
    61262, 
    73495, 
    83688, 
    63301, 
    0, 
    95921, 
    93882, 
    83688, 
    65340
   ], 
   [
    55146, 
    36797, 
    53107, 
    73495, 
    85727, 
    71456, 
    75533, 
    95921, 
    0, 
    89805, 
    71456, 
    77572
   ], 
   [
    36797, 
    18448, 
    34758, 
    55146, 
    67378, 
    69417, 
    57185, 
    93882, 
    89805, 
    0, 
    69417, 
    59223
   ], 
   [
    18448, 
    100, 
    16410, 
    36797, 
    49030, 
    59223, 
    38836, 
    83688, 
    71456, 
    69417, 
    0, 
    40875
   ], 
   [
    69417, 
    51068, 
    83688, 
    87766, 
    99999, 
    71456, 
    89805, 
    65340, 
    77572, 
    59223, 
    40875, 
    0
   ]
  ], 
  "probability_matrix": [
   [
    0, 
    0.05865166030919741, 
    0.1405226188637375, 
    0.045278558388657575, 
    0.147990925231292, 
    0.13091691559697932, 
    0.09622677424456409, 
    0.026640472675146916, 
    0.12504604441773998, 
    0.027050938784988238, 
    0.16523714497213057, 
    0.03643794651556635
   ], 
   [
    0.14546340581315498, 
    0, 
    0.014931228325356883, 
    0.08102623918292774, 
    0.1470744507618255, 
    0.19051153496028872, 
    0.1237502031716599, 
    0.02173633049648036, 
    0.13466312888776777, 
    0.0038691271114843677, 
    0.10410441723928811, 
    0.03286993404976576
   ], 
   [
    0.10622946351683912, 
    0.09434954817533922, 
    0, 
    0.1654539693283003, 
    0.013486003786248242, 
    0.15420329070587796, 
    0.020745940561070902, 
    0.07509198349012683, 
    0.0826934273603885, 
    0.07872762998482329, 
    0.10993012905316125, 
    0.0990886140378244
   ], 
   [
    0.15914667454230283, 
    0.028081684378669675, 
    0.08879663421833327, 
    0, 
    0.14478647516895538, 
    0.044474746264600705, 
    0.056161008374333805, 
    0.010085142695429344, 
    0.15850966101766853, 
    0.10507219448291791, 
    0.10291848423549099, 
    0.10196729462129771
   ], 
   [
    0.1670002865014666, 
    0.047937095746175086, 
    0.12997225633059775, 
    0.16776380135559993, 
    0, 
    0.17699852865629914, 
    0.09862452993933836, 
    0.08338718459574733, 
    0.0035650366086981034, 
    0.002686177614264797, 
    0.02175823294279556, 
    0.10030686970901724
   ], 
   [
    0.010721976191183908, 
    0.1732117350782771, 
    0.008868580306504503, 
    0.1683091389719269, 
    0.0998918292142439, 
    0, 
    0.09857650552324364, 
    0.04607145526348188, 
    0.11031655102683482, 
    0.004511963709949286, 
    0.10266018896541795, 
    0.17686007574893595
   ], 
   [
    0.11632538760975593, 
    0.08781895179469906, 
    0.0669217282923408, 
    0.06406287207095968, 
    0.08516994747382756, 
    0.09377731212778703, 
    0, 
    0.08869800719524142, 
    0.05551073484890537, 
    0.13440535204483764, 
    0.09703877634942569, 
    0.11027093019221969
   ], 
   [
    0.10753102198954526, 
    0.15708980342101633, 
    0.1294136731225356, 
    0.11925331189344572, 
    0.013581824042429315, 
    0.0018061153588191715, 
    0.08761352105902699, 
    0, 
    0.03399032664465587, 
    0.15617072311016475, 
    0.07726853565850117, 
    0.11628114369985984
   ], 
   [
    0.039381620804215305, 
    0.007402354991156286, 
    0.07051322445237132, 
    0.01731630377645283, 
    0.1270550130803301, 
    0.2002903543895584, 
    0.021097059787563294, 
    0.19103819392267182, 
    0, 
    0.020183111644442277, 
    0.10857505255361555, 
    0.19714771059762287
   ], 
   [
    0.11217047340297104, 
    0.1160642097009329, 
    0.13992705040581724, 
    0.12484525505451552, 
    0.012248706202327696, 
    0.10557749142557447, 
    0.11709906723302288, 
    0.01101302313457755, 
    0.12718092788558938, 
    0, 
    0.11188277113463334, 
    0.02199102442003803
   ], 
   [
    0.013415878247527968, 
    0.1312575602891878, 
    0.18597569984707582, 
    0.031852197434761476, 
    0.13030096591056178, 
    0.23375255571501072, 
    0.06649778941752721, 
    0.017667786982159202, 
    0.12464917555661137, 
    0.063144060018069, 
    0, 
    0.0014863305815076867
   ], 
   [
    0.1624946778096514, 
    0.03714962180566042, 
    0.022582342212470862, 
    0.0655157621027954, 
    0.07869908336421443, 
    0.1501979752453666, 
    0.17538428626319563, 
    0.08357334954351188, 
    0.11105126670454576, 
    0.09415436458272954, 
    0.019197270365857954, 
    0
   ]
  ]
 }, 
 "vehicle_capacities": [
  30, 
  30, 
  30, 
  30, 
  30
 ]
}