{
 "distance_matrix": [
  [
   0, 
   90, 
   150, 
   100, 
   150, 
   290, 
   100, 
   320, 
   260, 
   350, 
   440, 
   190
  ], 
  [
   90, 
   0, 
   240, 
   190, 
   240, 
   380, 
   190, 
   410, 
   350, 
   440, 
   530, 
   280
  ], 
  [
   150, 
   240, 
   0, 
   220, 
   160, 
   300, 
   210, 
   330, 
   270, 
   360, 
   450, 
   120
  ], 
  [
   100, 
   190, 
   220, 
   0, 
   60, 
   200, 
   110, 
   230, 
   170, 
   260, 
   350, 
   100
  ], 
  [
   150, 
   240, 
   160, 
   60, 
   0, 
   140, 
   50, 
   170, 
   110, 
   200, 
   290, 
   40
  ], 
  [
   290, 
   380, 
   300, 
   200, 
   140, 
   0, 
   190, 
   120, 
   180, 
   190, 
   240, 
   180
  ], 
  [
   100, 
   190, 
   210, 
   110, 
   50, 
   190, 
   0, 
   220, 
   160, 
   250, 
   340, 
   90
  ], 
  [
   320, 
   410, 
   330, 
   230, 
   170, 
   120, 
   220, 
   0, 
   60, 
   70, 
   120, 
   210
  ], 
  [
   260, 
   350, 
   270, 
   170, 
   110, 
   180, 
   160, 
   60, 
   0, 
   90, 
   180, 
   150
  ], 
  [
   350, 
   440, 
   360, 
   260, 
   200, 
   190, 
   250, 
   70, 
   90, 
   0, 
   190, 
   240
  ], 
  [
   440, 
   530, 
   450, 
   350, 
   290, 
   240, 
   340, 
   120, 
   180, 
   190, 
   0, 
   330
  ], 
  [
   190, 
   280, 
   120, 
   100, 
   40, 
   180, 
   90, 
   210, 
   150, 
   240, 
   330, 
   0
  ]
 ], 
 "runs": [
  {
   "avg_task_cost_vs_number_of_task": [
    2350, 
    1625, 
    1083.3333333333333, 
    825, 
    660, 
    816.6666666666666, 
    700, 
    843.75, 
    800, 
    840, 
    854.5454545454545, 
    783.3333333333334, 
    761.5384615384615, 
    707.1428571428571, 
    690, 
    631.25, 
    602.9411764705883, 
    563.8888888888889, 
    573.6842105263158, 
    570, 
    635.7142857142857, 
    570.4545454545455, 
    534.7826086956521, 
    495.8333333333333, 
    516, 
    521.1538461538462, 
    527.7777777777778, 
    512.5, 
    574.1379310344828, 
    540
   ], 
   "number_of_vehicles": 2
  }, 
  {
   "avg_task_cost_vs_number_of_task": [
    1800, 
    1350, 
    900, 
    825, 
    660, 
    816.6666666666666, 
    700, 
    843.75, 
    800, 
    825, 
    822.7272727272727, 
    770.8333333333334, 
    700, 
    650, 
    683.3333333333334, 
    590.625, 
    538.2352941176471, 
    547.2222222222222, 
    521.0526315789474, 
    552.5, 
    571.4285714285714, 
    545.4545454545455, 
    515.2173913043479, 
    468.75, 
    552, 
    450, 
    464.81481481481484, 
    467.85714285714283, 
    468.9655172413793, 
    511.6666666666667
   ], 
   "number_of_vehicles": 3
  }, 
  {
   "avg_task_cost_vs_number_of_task": [
    1800, 
    1350, 
    900, 
    700, 
    560, 
    733.3333333333334, 
    628.5714285714286, 
    812.5, 
    772.2222222222222, 
    910, 
    840.9090909090909, 
    708.3333333333334, 
    653.8461538461538, 
    696.4285714285714, 
    653.3333333333334, 
    621.875, 
    552.9411764705883, 
    522.2222222222222, 
    552.6315789473684, 
    580, 
    540.4761904761905, 
    506.8181818181818, 
    532.6086956521739, 
    547.9166666666666, 
    550, 
    501.9230769230769, 
    487.037037037037, 
    473.2142857142857, 
    541.3793103448276, 
    493.3333333333333
   ], 
   "number_of_vehicles": 4
  }, 
  {
   "avg_task_cost_vs_number_of_task": [
    1800, 
    1350, 
    900, 
    700, 
    560, 
    733.3333333333334, 
    628.5714285714286, 
    812.5, 
    772.2222222222222, 
    800, 
    754.5454545454545, 
    683.3333333333334, 
    726.9230769230769, 
    621.4285714285714, 
    566.6666666666666, 
    553.125, 
    505.88235294117646, 
    530.5555555555555, 
    515.7894736842105, 
    532.5, 
    542.8571428571429, 
    502.27272727272725, 
    521.7391304347826, 
    447.9166666666667, 
    406, 
    488.46153846153845, 
    537.0370370370371, 
    476.7857142857143, 
    460.3448275862069, 
    461.6666666666667
   ], 
   "number_of_vehicles": 5
  }
 ], 
 "vehicle_starting_positions": [
  "Gen\u00e8ve", 
  "Lausanne", 
  "Aarau", 
  "Neuch\u00e2tel", 
  "St-Gallen", 
  "Bern", 
  "Thun", 
  "Sion", 
  "Z\u00fcrich", 
  "Basel", 
  "Luzern", 
  "Fribourg"
 ], 
 "task_distribution": {
  "weight_matrix": [
   [
    0, 
    3, 
    3, 
    3, 
    3, 
    3, 
    3, 
    3, 
    3, 
    3, 
    3, 
    3
   ], 
   [
    3, 
    0, 
    3, 
    3, 
    3, 
    3, 
    3, 
    3, 
    3, 
    3, 
    3, 
    3
   ], 
   [
    3, 
    3, 
    0, 
    3, 
    3, 
    3, 
    3, 
    3, 
    3, 
    3, 
    3, 
    3
   ], 
   [
    3, 
    3, 
    3, 
    0, 
    3, 
    3, 
    3, 
    3, 
    3, 
    3, 
    3, 
    3
   ], 
   [
    3, 
    3, 
    3, 
    3, 
    0, 
    3, 
    3, 
    3, 
    3, 
    3, 
    3, 
    3
   ], 
   [
    3, 
    3, 
    3, 
    3, 
    3, 
    0, 
    3, 
    3, 
    3, 
    3, 
    3, 
    3
   ], 
   [
    3, 
    3, 
    3, 
    3, 
    3, 
    3, 
    0, 
    3, 
    3, 
    3, 
    3, 
    3
   ], 
   [
    3, 
    3, 
    3, 
    3, 
    3, 
    3, 
    3, 
    0, 
    3, 
    3, 
    3, 
    3
   ], 
   [
    3, 
    3, 
    3, 
    3, 
    3, 
    3, 
    3, 
    3, 
    0, 
    3, 
    3, 
    3
   ], 
   [
    3, 
    3, 
    3, 
    3, 
    3, 
    3, 
    3, 
    3, 
    3, 
    0, 
    3, 
    3
   ], 
   [
    3, 
    3, 
    3, 
    3, 
    3, 
    3, 
    3, 
    3, 
    3, 
    3, 
    0, 
    3
   ], 
   [
    3, 
    3, 
    3, 
    3, 
    3, 
    3, 
    3, 
    3, 
    3, 
    3, 
    3, 
    0
   ]
  ], 
  "city_names": [
   "Lausanne", 
   "Gen\u00e8ve", 
   "Sion", 
   "Neuch\u00e2tel", 
   "Bern", 
   "Basel", 
   "Fribourg", 
   "Z\u00fcrich", 
   "Aarau", 
   "Luzern", 
   "St-Gallen", 
   "Thun"
  ], 
  "reward_matrix": [
   [
    0, 
    89805, 
    77572, 
    87766, 
    77572, 
    49030, 
    87766, 
    42913, 
    55146, 
    36797, 
    18448, 
    69417
   ], 
   [
    89805, 
    0, 
    59223, 
    69417, 
    59223, 
    30681, 
    69417, 
    24565, 
    36797, 
    18448, 
    100, 
    51068
   ], 
   [
    77572, 
    59223, 
    0, 
    63301, 
    75533, 
    46991, 
    65340, 
    40875, 
    53107, 
    34758, 
    16410, 
    83688
   ], 
   [
    87766, 
    69417, 
    63301, 
    0, 
    95921, 
    67378, 
    85727, 
    61262, 
    73495, 
    55146, 
    36797, 
    87766
   ], 
   [
    77572, 
    59223, 
    75533, 
    95921, 
    0, 
    79611, 
    97960, 
    73495, 
    85727, 
    67378, 
    49030, 
    99999
   ], 
   [
    49030, 
    30681, 
    46991, 
    67378, 
    79611, 
    0, 
    69417, 
    83688, 
    71456, 
    69417, 
    59223, 
    71456
   ], 
   [
    87766, 
    69417, 
    65340, 
    85727, 
    97960, 
    69417, 
    0, 
    63301, 
    75533, 
    57185, 
    38836, 
    89805
   ], 
   [
    42913, 
    24565, 
    40875, 
    61262, 
    73495, 
    83688, 
    63301, 
    0, 
    95921, 
    93882, 
    83688, 
    65340
   ], 
   [
    55146, 
    36797, 
    53107, 
    73495, 
    85727, 
    71456, 
    75533, 
    95921, 
    0, 
    89805, 
    71456, 
    77572
   ], 
   [
    36797, 
    18448, 
    34758, 
    55146, 
    67378, 
    69417, 
    57185, 
    93882, 
    89805, 
    0, 
    69417, 
    59223
   ], 
   [
    18448, 
    100, 
    16410, 
    36797, 
    49030, 
    59223, 
    38836, 
    83688, 
    71456, 
    69417, 
    0, 
    40875
   ], 
   [
    69417, 
    51068, 
    83688, 
    87766, 
    99999, 
    71456, 
    89805, 
    65340, 
    77572, 
    59223, 
    40875, 
    0
   ]
  ], 
  "probability_matrix": [
   [
    0, 
    0.0713994255464059, 
    0.09493903254515544, 
    0.06998546636990043, 
    0.17693067227885573, 
    0.061028702502813385, 
    0.014944998307989243, 
    0.06523476724343563, 
    0.16954670612056094, 
    0.06706552939605125, 
    0.17029789120191707, 
    0.03862680848691513
   ], 
   [
    0.002716380999388735, 
    0, 
    0.16943344571141106, 
    0.030702480056138952, 
    0.05069833979060272, 
    0.1149843947470121, 
    0.1682389569494946, 
    0.05390036125955262, 
    0.14767834701893873, 
    0.0350765240943234, 
    0.08539911999290822, 
    0.14117164938022891
   ], 
   [
    0.14422034591249086, 
    0.0858801690610839, 
    0, 
    0.032471550059940756, 
    0.08601751932862696, 
    0.010579242527497727, 
    0.16835356837432472, 
    0.10271746926304208, 
    0.09589323697391651, 
    0.169114587170538, 
    0.00022431628169210005, 
    0.10452799504684646
   ], 
   [
    0.06868497507060198, 
    0.1052887329820724, 
    0.053051750652250096, 
    0, 
    0.13541609596951137, 
    0.10711072260733413, 
    0.07133096505483064, 
    0.0571744078081245, 
    0.004974659112888138, 
    0.13408483805632554, 
    0.14672718827088274, 
    0.11615566441517851
   ], 
   [
    0.14789097934196893, 
    0.1327090667244318, 
    0.13380016277404716, 
    0.05673045334222351, 
    0, 
    0.14860650966226732, 
    0.09922752089993149, 
    0.09040294594196842, 
    0.030968116324852347, 
    0.014251283777489786, 
    0.12486323552698356, 
    0.020549725683835694
   ], 
   [
    0.06558083393968625, 
    0.018315882309432933, 
    0.017453812784572146, 
    0.1539947606815577, 
    0.18392942187578118, 
    0, 
    0.13940936236202342, 
    0.02562565468005984, 
    0.1450329383058957, 
    0.00245463431746902, 
    0.18309710784337566, 
    0.065105590900146
   ], 
   [
    0.044720359266028735, 
    0.16131990771089855, 
    0.09768910041511669, 
    0.14715761277302816, 
    0.15966670401028507, 
    0.07134736583853384, 
    0, 
    0.11467336211440676, 
    0.055867362415961505, 
    0.01590100025043106, 
    0.05567052301560482, 
    0.07598670218970476
   ], 
   [
    0.1726866380515696, 
    0.1006292254303468, 
    0.15982083990558932, 
    0.0729935425850198, 
    0.15185452455479592, 
    0.003994600766376397, 
    0.16638766188032544, 
    0, 
    0.0446392171152822, 
    0.10378540128597809, 
    0.012216368340212384, 
    0.010991980084504251
   ], 
   [
    0.043512912366763044, 
    0.05495753337855689, 
    0.06333645933728378, 
    0.13998740801490644, 
    0.008356935575586187, 
    0.07003989365289787, 
    0.17266127299690076, 
    0.10741556885401972, 
    0, 
    0.12513464672950936, 
    0.13649632585819577, 
    0.07810104323538017
   ], 
   [
    0.06727114322704734, 
    0.16591021891547725, 
    0.12643688736344136, 
    0.1398927567403383, 
    0.026706305084283875, 
    0.004007908154881286, 
    0.1483603073883938, 
    0.03191379922859365, 
    0.09146337758546315, 
    0, 
    0.035981403466593634, 
    0.1620558928454863
   ], 
   [
    0.023397420106770348, 
    0.07182404557573073, 
    0.029804521483757274, 
    0.18557013104173833, 
    0.12073953656418346, 
    0.12215608072926784, 
    0.13458705366137602, 
    0.11583180989413686, 
    0.1021232201843319, 
    0.048948438366347574, 
    0, 
    0.045017742392359644
   ], 
   [
    0.08397979117990785, 
    0.11471893363710232, 
    0.1835455081378927, 
    0.17096964579663054, 
    0.09405319887512871, 
    0.0925722604071963, 
    0.09052852521078572, 
    0.08237003806426683, 
    0.003776176497374518, 
    0.018968776811431456, 
    0.0645171453822831, 
    0
   ]
  ]
 }
}