{
 "vehicle_cost_per_km": [
  5, 
  15, 
  15, 
  5, 
  5, 
  5, 
  5, 
  5, 
  5, 
  5, 
  5, 
  5
 ], 
 "runs": [
  {
   "avg_task_cost_vs_number_of_task": [
    500, 
    1375, 
    1583.3333333333333, 
    1762.5, 
    1410, 
    1175, 
    1007.1428571428571, 
    981.25, 
    955.5555555555555, 
    1010, 
    940.9090909090909, 
    1037.5, 
    923.0769230769231, 
    842.8571428571429, 
    766.6666666666666, 
    800, 
    932.3529411764706, 
    888.8888888888889, 
    1050, 
    927.5, 
    847.6190476190476, 
    904.5454545454545, 
    900, 
    1056.25, 
    1082, 
    959.6153846153846, 
    825.925925925926, 
    1005.3571428571429, 
    951.7241379310345, 
    1031.6666666666667
   ], 
   "number_of_vehicles": 3
  }
 ], 
 "vehicle_starting_positions": [
  "Lausanne", 
  "Gen\u00c3\u00a8ve", 
  "Sion", 
  "Neuch\u00c3\u00a2tel", 
  "Bern", 
  "Basel", 
  "Fribourg", 
  "Z\u00c3\u00bcrich", 
  "Aarau", 
  "Luzern", 
  "St-Gallen", 
  "Thun"
 ], 
 "task_distribution": {
  "distance_matrix": [
   [
    0, 
    90, 
    150, 
    100, 
    150, 
    290, 
    100, 
    320, 
    260, 
    350, 
    440, 
    190
   ], 
   [
    90, 
    0, 
    240, 
    190, 
    240, 
    380, 
    190, 
    410, 
    350, 
    440, 
    530, 
    280
   ], 
   [
    150, 
    240, 
    0, 
    220, 
    160, 
    300, 
    210, 
    330, 
    270, 
    360, 
    450, 
    120
   ], 
   [
    100, 
    190, 
    220, 
    0, 
    60, 
    200, 
    110, 
    230, 
    170, 
    260, 
    350, 
    100
   ], 
   [
    150, 
    240, 
    160, 
    60, 
    0, 
    140, 
    50, 
    170, 
    110, 
    200, 
    290, 
    40
   ], 
   [
    290, 
    380, 
    300, 
    200, 
    140, 
    0, 
    190, 
    120, 
    180, 
    190, 
    240, 
    180
   ], 
   [
    100, 
    190, 
    210, 
    110, 
    50, 
    190, 
    0, 
    220, 
    160, 
    250, 
    340, 
    90
   ], 
   [
    320, 
    410, 
    330, 
    230, 
    170, 
    120, 
    220, 
    0, 
    60, 
    70, 
    120, 
    210
   ], 
   [
    260, 
    350, 
    270, 
    170, 
    110, 
    180, 
    160, 
    60, 
    0, 
    90, 
    180, 
    150
   ], 
   [
    350, 
    440, 
    360, 
    260, 
    200, 
    190, 
    250, 
    70, 
    90, 
    0, 
    190, 
    240
   ], 
   [
    440, 
    530, 
    450, 
    350, 
    290, 
    240, 
    340, 
    120, 
    180, 
    190, 
    0, 
    330
   ], 
   [
    190, 
    280, 
    120, 
    100, 
    40, 
    180, 
    90, 
    210, 
    150, 
    240, 
    330, 
    0
   ]
  ], 
  "weight_matrix": [
   [
    0, 
    3, 
    3, 
    3, 
    3, 
    3, 
    3, 
    3, 
    3, 
    3, 
    3, 
    3
   ], 
   [
    3, 
    0, 
    3, 
    3, 
    3, 
    3, 
    3, 
    3, 
    3, 
    3, 
    3, 
    3
   ], 
   [
    3, 
    3, 
    0, 
    3, 
    3, 
    3, 
    3, 
    3, 
    3, 
    3, 
    3, 
    3
   ], 
   [
    3, 
    3, 
    3, 
    0, 
    3, 
    3, 
    3, 
    3, 
    3, 
    3, 
    3, 
    3
   ], 
   [
    3, 
    3, 
    3, 
    3, 
    0, 
    3, 
    3, 
    3, 
    3, 
    3, 
    3, 
    3
   ], 
   [
    3, 
    3, 
    3, 
    3, 
    3, 
    0, 
    3, 
    3, 
    3, 
    3, 
    3, 
    3
   ], 
   [
    3, 
    3, 
    3, 
    3, 
    3, 
    3, 
    0, 
    3, 
    3, 
    3, 
    3, 
    3
   ], 
   [
    3, 
    3, 
    3, 
    3, 
    3, 
    3, 
    3, 
    0, 
    3, 
    3, 
    3, 
    3
   ], 
   [
    3, 
    3, 
    3, 
    3, 
    3, 
    3, 
    3, 
    3, 
    0, 
    3, 
    3, 
    3
   ], 
   [
    3, 
    3, 
    3, 
    3, 
    3, 
    3, 
    3, 
    3, 
    3, 
    0, 
    3, 
    3
   ], 
   [
    3, 
    3, 
    3, 
    3, 
    3, 
    3, 
    3, 
    3, 
    3, 
    3, 
    0, 
    3
   ], 
   [
    3, 
    3, 
    3, 
    3, 
    3, 
    3, 
    3, 
    3, 
    3, 
    3, 
    3, 
    0
   ]
  ], 
  "city_names": [
   "Lausanne", 
   "Gen\u00c3\u00a8ve", 
   "Sion", 
   "Neuch\u00c3\u00a2tel", 
   "Bern", 
   "Basel", 
   "Fribourg", 
   "Z\u00c3\u00bcrich", 
   "Aarau", 
   "Luzern", 
   "St-Gallen", 
   "Thun"
  ], 
  "reward_matrix": [
   [
    0, 
    89805, 
    77572, 
    87766, 
    77572, 
    49030, 
    87766, 
    42913, 
    55146, 
    36797, 
    18448, 
    69417
   ], 
   [
    89805, 
    0, 
    59223, 
    69417, 
    59223, 
    30681, 
    69417, 
    24565, 
    36797, 
    18448, 
    100, 
    51068
   ], 
   [
    77572, 
    59223, 
    0, 
    63301, 
    75533, 
    46991, 
    65340, 
    40875, 
    53107, 
    34758, 
    16410, 
    83688
   ], 
   [
    87766, 
    69417, 
    63301, 
    0, 
    95921, 
    67378, 
    85727, 
    61262, 
    73495, 
    55146, 
    36797, 
    87766
   ], 
   [
    77572, 
    59223, 
    75533, 
    95921, 
    0, 
    79611, 
    97960, 
    73495, 
    85727, 
    67378, 
    49030, 
    99999
   ], 
   [
    49030, 
    30681, 
    46991, 
    67378, 
    79611, 
    0, 
    69417, 
    83688, 
    71456, 
    69417, 
    59223, 
    71456
   ], 
   [
    87766, 
    69417, 
    65340, 
    85727, 
    97960, 
    69417, 
    0, 
    63301, 
    75533, 
    57185, 
    38836, 
    89805
   ], 
   [
    42913, 
    24565, 
    40875, 
    61262, 
    73495, 
    83688, 
    63301, 
    0, 
    95921, 
    93882, 
    83688, 
    65340
   ], 
   [
    55146, 
    36797, 
    53107, 
    73495, 
    85727, 
    71456, 
    75533, 
    95921, 
    0, 
    89805, 
    71456, 
    77572
   ], 
   [
    36797, 
    18448, 
    34758, 
    55146, 
    67378, 
    69417, 
    57185, 
    93882, 
    89805, 
    0, 
    69417, 
    59223
   ], 
   [
    18448, 
    100, 
    16410, 
    36797, 
    49030, 
    59223, 
    38836, 
    83688, 
    71456, 
    69417, 
    0, 
    40875
   ], 
   [
    69417, 
    51068, 
    83688, 
    87766, 
    99999, 
    71456, 
    89805, 
    65340, 
    77572, 
    59223, 
    40875, 
    0
   ]
  ], 
  "probability_matrix": [
   [
    0, 
    0.021716369869715164, 
    0.07860520219025667, 
    0.19120357965565074, 
    0.016873249749996846, 
    0.1742860166540499, 
    0.10115667047804226, 
    0.05398255668967734, 
    0.11589878400377061, 
    0.020743716209042768, 
    0.11433188243090427, 
    0.11120197206889341
   ], 
   [
    0.05790739985750771, 
    0, 
    0.019741678960566684, 
    0.16577385394762506, 
    0.014742626069641095, 
    0.1561594650334359, 
    0.11561207743377565, 
    0.04348828254692085, 
    0.14871215529201495, 
    0.08900642379899552, 
    0.07857725521996711, 
    0.11027878183954963
   ], 
   [
    0.11772562663269699, 
    0.12678343604294354, 
    0, 
    0.0298996946913927, 
    0.14328558790721588, 
    0.048276620334507185, 
    0.03872179306670241, 
    0.090605860896722, 
    0.03173813553150531, 
    0.12555743296539162, 
    0.10684272562793444, 
    0.14056308630298792
   ], 
   [
    0.07084325100250008, 
    0.048842229028289164, 
    0.137803985768807, 
    0, 
    0.15182773319172307, 
    0.121314482490112, 
    0.1542118009122113, 
    0.017241272691965473, 
    0.042194537409920435, 
    0.15706050822388887, 
    0.003113483049253485, 
    0.0955467162313292
   ], 
   [
    0.12835418070695256, 
    0.14756594877918125, 
    0.1349345937318216, 
    0.032494247925657284, 
    0, 
    0.10786951579448871, 
    0.013735149723574517, 
    0.10554613100618697, 
    0.05172201650321277, 
    0.1109309239561151, 
    0.04595981748493543, 
    0.12088747438787378
   ], 
   [
    0.1341337144148798, 
    0.15555398990572403, 
    0.05491146954872843, 
    0.09118814758714769, 
    0.0006927213593897689, 
    0, 
    0.018054504586461313, 
    0.180387161632351, 
    0.014431629659877062, 
    0.1203915039795175, 
    0.055834262824035245, 
    0.17442089450188805
   ], 
   [
    0.1431414038599899, 
    0.12549423087942646, 
    0.11887904964272494, 
    0.02720311946240598, 
    0.02574647627248039, 
    0.10945452937089671, 
    0, 
    0.096847481073514, 
    0.04973730455218752, 
    0.06607588978310783, 
    0.07540418669049986, 
    0.16201632841276645
   ], 
   [
    0.06377335525818728, 
    0.11698064061834668, 
    0.0978219545610019, 
    0.01504157800679112, 
    0.18845581511227916, 
    0.016852615599999468, 
    0.16126803538080453, 
    0, 
    0.06334933338090974, 
    0.08345783661704946, 
    0.08129897418042728, 
    0.11169986128420321
   ], 
   [
    0.039995215517235554, 
    0.008349704580581038, 
    0.07752348863676396, 
    0.14233382098808517, 
    0.17338212400136108, 
    0.06081219137228978, 
    0.062955478722416, 
    0.1509465001530918, 
    0, 
    0.16794593160443538, 
    0.029490651907317166, 
    0.08626489251642304
   ], 
   [
    0.14758494560548402, 
    0.09975493511218027, 
    0.1409562781674914, 
    0.006751770632489591, 
    0.10639756038139787, 
    0.07709286015051225, 
    0.06230751814104715, 
    0.05333508762649765, 
    0.16476859417088222, 
    0, 
    0.04531089586012814, 
    0.0957395541518896
   ], 
   [
    0.011004267060379897, 
    0.07985623873614818, 
    0.1333160568015023, 
    0.02348074743232318, 
    0.20909075095426666, 
    0.13069047472606019, 
    0.09948197478779824, 
    0.04818376937536982, 
    0.10055420829296313, 
    0.02420560567544939, 
    0, 
    0.14013590615773902
   ], 
   [
    0.0579060906905225, 
    0.10761356751461741, 
    0.12378018474404959, 
    0.09863344083274482, 
    0.1266339673672855, 
    0.12471188440018932, 
    0.09131233206571235, 
    0.08350215214377141, 
    0.04010349492393002, 
    0.11558117342129351, 
    0.0302217118958836, 
    0
   ]
  ]
 }, 
 "vehicle_capacities": [
  10, 
  10, 
  10, 
  30, 
  30, 
  30, 
  30, 
  30, 
  30, 
  30, 
  30, 
  30
 ]
}