{
 "vehicle_cost_per_km": [
  10, 
  5, 
  5, 
  5, 
  5, 
  5, 
  5, 
  5, 
  5, 
  5, 
  5, 
  5
 ], 
 "runs": [
  {
   "avg_task_cost_vs_number_of_task": [
    2400, 
    2375, 
    2383.3333333333335, 
    1925, 
    1930, 
    1775, 
    1721.4285714285713, 
    1693.75, 
    1683.3333333333333, 
    1555, 
    1604.5454545454545, 
    1804.1666666666667, 
    1780.7692307692307, 
    1725, 
    1626.6666666666667, 
    1578.125, 
    1538.235294117647, 
    1563.888888888889, 
    1507.8947368421052, 
    1452.5, 
    1409.5238095238096, 
    1481.8181818181818, 
    1447.8260869565217, 
    1404.1666666666667, 
    1444, 
    1471.1538461538462, 
    1431.4814814814815, 
    1380.357142857143, 
    1382.7586206896551, 
    1346.6666666666667
   ], 
   "number_of_vehicles": 3
  }
 ], 
 "vehicle_starting_positions": [
  "Lausanne", 
  "Gen\u00c3\u00a8ve", 
  "Sion", 
  "Neuch\u00c3\u00a2tel", 
  "Bern", 
  "Basel", 
  "Fribourg", 
  "Z\u00c3\u00bcrich", 
  "Aarau", 
  "Luzern", 
  "St-Gallen", 
  "Thun"
 ], 
 "task_distribution": {
  "distance_matrix": [
   [
    0, 
    90, 
    150, 
    100, 
    150, 
    290, 
    100, 
    320, 
    260, 
    350, 
    440, 
    190
   ], 
   [
    90, 
    0, 
    240, 
    190, 
    240, 
    380, 
    190, 
    410, 
    350, 
    440, 
    530, 
    280
   ], 
   [
    150, 
    240, 
    0, 
    220, 
    160, 
    300, 
    210, 
    330, 
    270, 
    360, 
    450, 
    120
   ], 
   [
    100, 
    190, 
    220, 
    0, 
    60, 
    200, 
    110, 
    230, 
    170, 
    260, 
    350, 
    100
   ], 
   [
    150, 
    240, 
    160, 
    60, 
    0, 
    140, 
    50, 
    170, 
    110, 
    200, 
    290, 
    40
   ], 
   [
    290, 
    380, 
    300, 
    200, 
    140, 
    0, 
    190, 
    120, 
    180, 
    190, 
    240, 
    180
   ], 
   [
    100, 
    190, 
    210, 
    110, 
    50, 
    190, 
    0, 
    220, 
    160, 
    250, 
    340, 
    90
   ], 
   [
    320, 
    410, 
    330, 
    230, 
    170, 
    120, 
    220, 
    0, 
    60, 
    70, 
    120, 
    210
   ], 
   [
    260, 
    350, 
    270, 
    170, 
    110, 
    180, 
    160, 
    60, 
    0, 
    90, 
    180, 
    150
   ], 
   [
    350, 
    440, 
    360, 
    260, 
    200, 
    190, 
    250, 
    70, 
    90, 
    0, 
    190, 
    240
   ], 
   [
    440, 
    530, 
    450, 
    350, 
    290, 
    240, 
    340, 
    120, 
    180, 
    190, 
    0, 
    330
   ], 
   [
    190, 
    280, 
    120, 
    100, 
    40, 
    180, 
    90, 
    210, 
    150, 
    240, 
    330, 
    0
   ]
  ], 
  "weight_matrix": [
   [
    0, 
    3, 
    3, 
    3, 
    3, 
    3, 
    3, 
    3, 
    3, 
    3, 
    3, 
    3
   ], 
   [
    3, 
    0, 
    3, 
    3, 
    3, 
    3, 
    3, 
    3, 
    3, 
    3, 
    3, 
    3
   ], 
   [
    3, 
    3, 
    0, 
    3, 
    3, 
    3, 
    3, 
    3, 
    3, 
    3, 
    3, 
    3
   ], 
   [
    3, 
    3, 
    3, 
    0, 
    3, 
    3, 
    3, 
    3, 
    3, 
    3, 
    3, 
    3
   ], 
   [
    3, 
    3, 
    3, 
    3, 
    0, 
    3, 
    3, 
    3, 
    3, 
    3, 
    3, 
    3
   ], 
   [
    3, 
    3, 
    3, 
    3, 
    3, 
    0, 
    3, 
    3, 
    3, 
    3, 
    3, 
    3
   ], 
   [
    3, 
    3, 
    3, 
    3, 
    3, 
    3, 
    0, 
    3, 
    3, 
    3, 
    3, 
    3
   ], 
   [
    3, 
    3, 
    3, 
    3, 
    3, 
    3, 
    3, 
    0, 
    3, 
    3, 
    3, 
    3
   ], 
   [
    3, 
    3, 
    3, 
    3, 
    3, 
    3, 
    3, 
    3, 
    0, 
    3, 
    3, 
    3
   ], 
   [
    3, 
    3, 
    3, 
    3, 
    3, 
    3, 
    3, 
    3, 
    3, 
    0, 
    3, 
    3
   ], 
   [
    3, 
    3, 
    3, 
    3, 
    3, 
    3, 
    3, 
    3, 
    3, 
    3, 
    0, 
    3
   ], 
   [
    3, 
    3, 
    3, 
    3, 
    3, 
    3, 
    3, 
    3, 
    3, 
    3, 
    3, 
    0
   ]
  ], 
  "city_names": [
   "Lausanne", 
   "Gen\u00c3\u00a8ve", 
   "Sion", 
   "Neuch\u00c3\u00a2tel", 
   "Bern", 
   "Basel", 
   "Fribourg", 
   "Z\u00c3\u00bcrich", 
   "Aarau", 
   "Luzern", 
   "St-Gallen", 
   "Thun"
  ], 
  "reward_matrix": [
   [
    0, 
    89805, 
    77572, 
    87766, 
    77572, 
    49030, 
    87766, 
    42913, 
    55146, 
    36797, 
    18448, 
    69417
   ], 
   [
    89805, 
    0, 
    59223, 
    69417, 
    59223, 
    30681, 
    69417, 
    24565, 
    36797, 
    18448, 
    100, 
    51068
   ], 
   [
    77572, 
    59223, 
    0, 
    63301, 
    75533, 
    46991, 
    65340, 
    40875, 
    53107, 
    34758, 
    16410, 
    83688
   ], 
   [
    87766, 
    69417, 
    63301, 
    0, 
    95921, 
    67378, 
    85727, 
    61262, 
    73495, 
    55146, 
    36797, 
    87766
   ], 
   [
    77572, 
    59223, 
    75533, 
    95921, 
    0, 
    79611, 
    97960, 
    73495, 
    85727, 
    67378, 
    49030, 
    99999
   ], 
   [
    49030, 
    30681, 
    46991, 
    67378, 
    79611, 
    0, 
    69417, 
    83688, 
    71456, 
    69417, 
    59223, 
    71456
   ], 
   [
    87766, 
    69417, 
    65340, 
    85727, 
    97960, 
    69417, 
    0, 
    63301, 
    75533, 
    57185, 
    38836, 
    89805
   ], 
   [
    42913, 
    24565, 
    40875, 
    61262, 
    73495, 
    83688, 
    63301, 
    0, 
    95921, 
    93882, 
    83688, 
    65340
   ], 
   [
    55146, 
    36797, 
    53107, 
    73495, 
    85727, 
    71456, 
    75533, 
    95921, 
    0, 
    89805, 
    71456, 
    77572
   ], 
   [
    36797, 
    18448, 
    34758, 
    55146, 
    67378, 
    69417, 
    57185, 
    93882, 
    89805, 
    0, 
    69417, 
    59223
   ], 
   [
    18448, 
    100, 
    16410, 
    36797, 
    49030, 
    59223, 
    38836, 
    83688, 
    71456, 
    69417, 
    0, 
    40875
   ], 
   [
    69417, 
    51068, 
    83688, 
    87766, 
    99999, 
    71456, 
    89805, 
    65340, 
    77572, 
    59223, 
    40875, 
    0
   ]
  ], 
  "probability_matrix": [
   [
    0, 
    6.519277066959087e-06, 
    0.05431337933583376, 
    0.05893970248469857, 
    0.2139364578429292, 
    0.1276664284729981, 
    0.035695737335330734, 
    0.14945023611410468, 
    0.07571579505706136, 
    0.04039356327760543, 
    0.16022889212900757, 
    0.08365328867336357
   ], 
   [
    0.06641900809730537, 
    0, 
    0.12522452262244332, 
    0.10590098180979159, 
    0.11092684304877518, 
    0.012053682383197534, 
    0.10008931092375267, 
    0.08554849579319751, 
    0.1350862984157978, 
    0.10725044021486353, 
    0.13250279914699686, 
    0.01899761754387871
   ], 
   [
    0.031426734774342144, 
    0.06881987206406151, 
    0, 
    0.06859050649464021, 
    0.13497136680055644, 
    0.09541577660002076, 
    0.11537215866043077, 
    0.13894353612023558, 
    0.08445012434165641, 
    0.07818615120912349, 
    0.15363171984678087, 
    0.030192053088151757
   ], 
   [
    0.16763058389047514, 
    0.056472949994081506, 
    0.0168216599330154, 
    0, 
    0.1656308712412113, 
    0.05740611591403129, 
    0.10044984223961247, 
    0.007374786067368793, 
    0.19012643479645364, 
    0.043687619337993644, 
    0.13132152195119307, 
    0.06307761463456375
   ], 
   [
    0.1437284936472308, 
    0.007400147623418035, 
    0.039791125270862523, 
    0.16409697927479389, 
    0, 
    0.1258620551024133, 
    0.026384297345446606, 
    0.045001247495126386, 
    0.12609366476273837, 
    0.17322018996268443, 
    0.1011935221402724, 
    0.04722827737501332
   ], 
   [
    0.13150516429550943, 
    0.05702995314129307, 
    0.04599609147378481, 
    0.0018946202984483635, 
    0.11961865141781736, 
    0, 
    0.0004312749613811955, 
    0.1492754999418725, 
    0.18703349803568417, 
    0.1806118679255614, 
    0.057922579633254326, 
    0.0686807988753933
   ], 
   [
    0.003081337296237461, 
    0.19524130387701216, 
    0.015917937802332645, 
    0.18024293446617173, 
    0.022961631159109017, 
    0.0408599609211534, 
    0, 
    0.05227814079695686, 
    0.09848724892135245, 
    0.1855950165343746, 
    0.08352587803441533, 
    0.12180861019088439
   ], 
   [
    0.03006741585284158, 
    0.1577672015599216, 
    0.13942136723014195, 
    0.03781712386570559, 
    0.06325607755938133, 
    0.08453048072068102, 
    0.002825673221816998, 
    0, 
    0.153052008797715, 
    0.03387109280730985, 
    0.1805245015669335, 
    0.11686705681755172
   ], 
   [
    0.030879842045478376, 
    0.051193319744637734, 
    0.03261290815308111, 
    0.17742624308711183, 
    0.07776442263792832, 
    0.11151569945512267, 
    0.037866008468371536, 
    0.027904079901135175, 
    0, 
    0.17696420013648068, 
    0.09324547931079802, 
    0.1826277970598545
   ], 
   [
    0.0531099424463959, 
    0.11600884625514521, 
    0.08446675627493427, 
    0.11607494891624466, 
    0.04880018161656883, 
    0.05556034105179648, 
    0.1440620799070114, 
    0.022650773157961063, 
    0.12879395699574153, 
    0, 
    0.11164661169047951, 
    0.11882556168772104
   ], 
   [
    0.0035933819055893584, 
    0.05915785262273621, 
    0.03507765928027349, 
    0.13214022744846737, 
    0.04321744360471468, 
    0.059395484585015056, 
    0.0975814666998101, 
    0.14154956332566124, 
    0.19560736835707704, 
    0.03217828490505345, 
    0, 
    0.20050126726560205
   ], 
   [
    0.15027817238467367, 
    0.1460563547097626, 
    0.07931506867092072, 
    0.06279058299965688, 
    0.14277763242277738, 
    0.0685832596539676, 
    0.12155116624051496, 
    0.0329135247268306, 
    0.11329412643139863, 
    0.04642802776524166, 
    0.03601208399425516, 
    0
   ]
  ]
 }, 
 "vehicle_capacities": [
  5, 
  5, 
  5, 
  30, 
  30, 
  30, 
  30, 
  30, 
  30, 
  30, 
  30, 
  30
 ]
}