{
 "vehicle_cost_per_km": [
  5, 
  15, 
  10, 
  5, 
  5, 
  5, 
  5, 
  5, 
  5, 
  5, 
  5, 
  5
 ], 
 "runs": [
  {
   "avg_task_cost_vs_number_of_task": [
    3950, 
    2425, 
    1883.3333333333333, 
    1425, 
    1240, 
    1233.3333333333333, 
    1057.142857142857, 
    950, 
    850, 
    785, 
    831.8181818181819, 
    775, 
    903.8461538461538, 
    771.4285714285714, 
    936.6666666666666, 
    737.5, 
    700, 
    766.6666666666666, 
    886.8421052631579, 
    890, 
    861.9047619047619, 
    940.9090909090909, 
    847.8260869565217, 
    822.9166666666666, 
    844, 
    788.4615384615385, 
    877.7777777777778, 
    825, 
    791.3793103448276, 
    801.6666666666666
   ], 
   "number_of_vehicles": 3
  }
 ], 
 "vehicle_starting_positions": [
  "Lausanne", 
  "Gen\u00c3\u00a8ve", 
  "Sion", 
  "Neuch\u00c3\u00a2tel", 
  "Bern", 
  "Basel", 
  "Fribourg", 
  "Z\u00c3\u00bcrich", 
  "Aarau", 
  "Luzern", 
  "St-Gallen", 
  "Thun"
 ], 
 "task_distribution": {
  "distance_matrix": [
   [
    0, 
    90, 
    150, 
    100, 
    150, 
    290, 
    100, 
    320, 
    260, 
    350, 
    440, 
    190
   ], 
   [
    90, 
    0, 
    240, 
    190, 
    240, 
    380, 
    190, 
    410, 
    350, 
    440, 
    530, 
    280
   ], 
   [
    150, 
    240, 
    0, 
    220, 
    160, 
    300, 
    210, 
    330, 
    270, 
    360, 
    450, 
    120
   ], 
   [
    100, 
    190, 
    220, 
    0, 
    60, 
    200, 
    110, 
    230, 
    170, 
    260, 
    350, 
    100
   ], 
   [
    150, 
    240, 
    160, 
    60, 
    0, 
    140, 
    50, 
    170, 
    110, 
    200, 
    290, 
    40
   ], 
   [
    290, 
    380, 
    300, 
    200, 
    140, 
    0, 
    190, 
    120, 
    180, 
    190, 
    240, 
    180
   ], 
   [
    100, 
    190, 
    210, 
    110, 
    50, 
    190, 
    0, 
    220, 
    160, 
    250, 
    340, 
    90
   ], 
   [
    320, 
    410, 
    330, 
    230, 
    170, 
    120, 
    220, 
    0, 
    60, 
    70, 
    120, 
    210
   ], 
   [
    260, 
    350, 
    270, 
    170, 
    110, 
    180, 
    160, 
    60, 
    0, 
    90, 
    180, 
    150
   ], 
   [
    350, 
    440, 
    360, 
    260, 
    200, 
    190, 
    250, 
    70, 
    90, 
    0, 
    190, 
    240
   ], 
   [
    440, 
    530, 
    450, 
    350, 
    290, 
    240, 
    340, 
    120, 
    180, 
    190, 
    0, 
    330
   ], 
   [
    190, 
    280, 
    120, 
    100, 
    40, 
    180, 
    90, 
    210, 
    150, 
    240, 
    330, 
    0
   ]
  ], 
  "weight_matrix": [
   [
    0, 
    3, 
    3, 
    3, 
    3, 
    3, 
    3, 
    3, 
    3, 
    3, 
    3, 
    3
   ], 
   [
    3, 
    0, 
    3, 
    3, 
    3, 
    3, 
    3, 
    3, 
    3, 
    3, 
    3, 
    3
   ], 
   [
    3, 
    3, 
    0, 
    3, 
    3, 
    3, 
    3, 
    3, 
    3, 
    3, 
    3, 
    3
   ], 
   [
    3, 
    3, 
    3, 
    0, 
    3, 
    3, 
    3, 
    3, 
    3, 
    3, 
    3, 
    3
   ], 
   [
    3, 
    3, 
    3, 
    3, 
    0, 
    3, 
    3, 
    3, 
    3, 
    3, 
    3, 
    3
   ], 
   [
    3, 
    3, 
    3, 
    3, 
    3, 
    0, 
    3, 
    3, 
    3, 
    3, 
    3, 
    3
   ], 
   [
    3, 
    3, 
    3, 
    3, 
    3, 
    3, 
    0, 
    3, 
    3, 
    3, 
    3, 
    3
   ], 
   [
    3, 
    3, 
    3, 
    3, 
    3, 
    3, 
    3, 
    0, 
    3, 
    3, 
    3, 
    3
   ], 
   [
    3, 
    3, 
    3, 
    3, 
    3, 
    3, 
    3, 
    3, 
    0, 
    3, 
    3, 
    3
   ], 
   [
    3, 
    3, 
    3, 
    3, 
    3, 
    3, 
    3, 
    3, 
    3, 
    0, 
    3, 
    3
   ], 
   [
    3, 
    3, 
    3, 
    3, 
    3, 
    3, 
    3, 
    3, 
    3, 
    3, 
    0, 
    3
   ], 
   [
    3, 
    3, 
    3, 
    3, 
    3, 
    3, 
    3, 
    3, 
    3, 
    3, 
    3, 
    0
   ]
  ], 
  "city_names": [
   "Lausanne", 
   "Gen\u00c3\u00a8ve", 
   "Sion", 
   "Neuch\u00c3\u00a2tel", 
   "Bern", 
   "Basel", 
   "Fribourg", 
   "Z\u00c3\u00bcrich", 
   "Aarau", 
   "Luzern", 
   "St-Gallen", 
   "Thun"
  ], 
  "reward_matrix": [
   [
    0, 
    89805, 
    77572, 
    87766, 
    77572, 
    49030, 
    87766, 
    42913, 
    55146, 
    36797, 
    18448, 
    69417
   ], 
   [
    89805, 
    0, 
    59223, 
    69417, 
    59223, 
    30681, 
    69417, 
    24565, 
    36797, 
    18448, 
    100, 
    51068
   ], 
   [
    77572, 
    59223, 
    0, 
    63301, 
    75533, 
    46991, 
    65340, 
    40875, 
    53107, 
    34758, 
    16410, 
    83688
   ], 
   [
    87766, 
    69417, 
    63301, 
    0, 
    95921, 
    67378, 
    85727, 
    61262, 
    73495, 
    55146, 
    36797, 
    87766
   ], 
   [
    77572, 
    59223, 
    75533, 
    95921, 
    0, 
    79611, 
    97960, 
    73495, 
    85727, 
    67378, 
    49030, 
    99999
   ], 
   [
    49030, 
    30681, 
    46991, 
    67378, 
    79611, 
    0, 
    69417, 
    83688, 
    71456, 
    69417, 
    59223, 
    71456
   ], 
   [
    87766, 
    69417, 
    65340, 
    85727, 
    97960, 
    69417, 
    0, 
    63301, 
    75533, 
    57185, 
    38836, 
    89805
   ], 
   [
    42913, 
    24565, 
    40875, 
    61262, 
    73495, 
    83688, 
    63301, 
    0, 
    95921, 
    93882, 
    83688, 
    65340
   ], 
   [
    55146, 
    36797, 
    53107, 
    73495, 
    85727, 
    71456, 
    75533, 
    95921, 
    0, 
    89805, 
    71456, 
    77572
   ], 
   [
    36797, 
    18448, 
    34758, 
    55146, 
    67378, 
    69417, 
    57185, 
    93882, 
    89805, 
    0, 
    69417, 
    59223
   ], 
   [
    18448, 
    100, 
    16410, 
    36797, 
    49030, 
    59223, 
    38836, 
    83688, 
    71456, 
    69417, 
    0, 
    40875
   ], 
   [
    69417, 
    51068, 
    83688, 
    87766, 
    99999, 
    71456, 
    89805, 
    65340, 
    77572, 
    59223, 
    40875, 
    0
   ]
  ], 
  "probability_matrix": [
   [
    0, 
    0.02399797125356014, 
    0.09526726593667408, 
    0.05276524388479688, 
    0.17353426710574815, 
    0.1137486199642168, 
    0.0978581978316019, 
    0.06185750811405506, 
    0.0030798498688678314, 
    0.12675992336811265, 
    0.0688403094351554, 
    0.1822908432372112
   ], 
   [
    0.08670277798283697, 
    0, 
    0.10547752128915128, 
    0.025462209002698716, 
    0.16908032220517688, 
    0.11637469591474166, 
    0.07530632337038685, 
    0.04186464710145024, 
    0.19413117534618787, 
    0.0003324543111168103, 
    0.00407259854996512, 
    0.18119527492628767
   ], 
   [
    0.04736033688051457, 
    0.10239285000417163, 
    0, 
    0.020507499341065757, 
    0.008071379570790783, 
    0.0922830295547745, 
    0.07980209587583015, 
    0.14507861502847558, 
    0.1051120126482886, 
    0.19135403202263512, 
    0.022517017174568277, 
    0.18552113189888514
   ], 
   [
    0.08514876685075143, 
    0.029813255308282778, 
    0.154631887797815, 
    0, 
    0.0770220143922975, 
    0.06585816331846384, 
    0.1667931392267669, 
    0.03456274128360392, 
    0.09291646186915799, 
    0.14460002839633376, 
    0.1455694747819443, 
    0.0030840667745826674
   ], 
   [
    0.08418261806250284, 
    0.11926941096907304, 
    0.05293134075082481, 
    0.031765679739095054, 
    0, 
    0.18471497978341606, 
    0.16264854031008147, 
    0.0222772444795157, 
    0.16784937866916505, 
    0.11775605703427462, 
    0.017319214247742805, 
    0.03928553595430872
   ], 
   [
    0.06271407162467432, 
    0.03721608558796663, 
    0.07759734266802817, 
    0.05904923348943319, 
    0.15987527360677284, 
    0, 
    0.1021635527688091, 
    0.15709697016566965, 
    0.09050807228247917, 
    0.09758840639434949, 
    0.04076139509360337, 
    0.11542959631821391
   ], 
   [
    0.09205083701301868, 
    0.010621895187854582, 
    0.06059789721209707, 
    0.09227798313325572, 
    0.18083025975761424, 
    0.024997164391792254, 
    0, 
    0.10292968653574137, 
    0.08516539180307854, 
    0.08352691442419229, 
    0.16263017666397564, 
    0.10437179387737974
   ], 
   [
    0.06333909379598494, 
    0.0825509976081506, 
    0.06803926855871803, 
    0.11571240232642045, 
    0.124075764352905, 
    0.09905507884218186, 
    0.10035590567323313, 
    0, 
    0.08297803959276923, 
    0.061208612880195315, 
    0.09558010824535218, 
    0.10710472812408937
   ], 
   [
    0.20703301732328025, 
    0.0618767526849101, 
    0.040337576932856445, 
    0.08232168636972094, 
    0.003632422885776054, 
    0.16894850840819986, 
    0.09079569815850642, 
    0.1492941970768199, 
    0, 
    0.100433238282961, 
    0.02943483834468218, 
    0.06589206353228674
   ], 
   [
    0.0718432461518658, 
    0.11683208025243509, 
    0.09037225377350426, 
    0.008760223864948024, 
    0.19485622219639637, 
    0.17877513962787153, 
    0.02292294338284968, 
    0.057676685758118844, 
    0.17459477632369103, 
    0, 
    0.004796847700087775, 
    0.07856958096823172
   ], 
   [
    0.04262981854640543, 
    0.015365157050746444, 
    0.1888418114641856, 
    0.0892051553258558, 
    0.17826044715193107, 
    0.09830100182799864, 
    0.009375206783012308, 
    0.11795296842774246, 
    0.041741460457619756, 
    0.18746298798370736, 
    0, 
    0.030863984980795255
   ], 
   [
    0.0038269450750647222, 
    0.030606220290271973, 
    0.10702619699129894, 
    0.06668024440577247, 
    0.182973130874144, 
    0.049326136349599085, 
    0.1816066814043691, 
    0.016313538671174795, 
    0.15228450741138733, 
    0.06781313036249982, 
    0.14154326816441787, 
    0
   ]
  ]
 }, 
 "vehicle_capacities": [
  15, 
  15, 
  15, 
  30, 
  30, 
  30, 
  30, 
  30, 
  30, 
  30, 
  30, 
  30
 ]
}