{
 "vehicle_cost_per_km": [
  5, 
  5, 
  5, 
  5, 
  5
 ], 
 "runs": [
  {
   "avg_task_cost_vs_number_of_task": [
    3250, 
    1850, 
    1366.6666666666667, 
    1175, 
    1440, 
    1933.3333333333333, 
    2178.5714285714284, 
    2206.25, 
    2005.5555555555557, 
    1925, 
    1750, 
    1645.8333333333333, 
    1707.6923076923076, 
    1671.4285714285713, 
    1593.3333333333333, 
    1600, 
    1505.8823529411766, 
    1472.2222222222222, 
    1444.7368421052631, 
    1372.5, 
    1335.7142857142858, 
    1336.3636363636363, 
    1302.1739130434783, 
    1322.9166666666667, 
    1290, 
    1282.6923076923076, 
    1279.6296296296296, 
    1235.7142857142858, 
    1232.7586206896551, 
    1225
   ], 
   "number_of_vehicles": 3
  }
 ], 
 "vehicle_starting_positions": [
  "Lausanne", 
  "Gen\u00e8ve", 
  "Sion", 
  "Neuch\u00e2tel", 
  "Bern", 
  "Basel", 
  "Fribourg", 
  "Z\u00fcrich", 
  "Aarau", 
  "Luzern", 
  "St-Gallen", 
  "Thun"
 ], 
 "task_distribution": {
  "distance_matrix": [
   [
    0, 
    90, 
    150, 
    100, 
    150, 
    290, 
    100, 
    320, 
    260, 
    350, 
    440, 
    190
   ], 
   [
    90, 
    0, 
    240, 
    190, 
    240, 
    380, 
    190, 
    410, 
    350, 
    440, 
    530, 
    280
   ], 
   [
    150, 
    240, 
    0, 
    220, 
    160, 
    300, 
    210, 
    330, 
    270, 
    360, 
    450, 
    120
   ], 
   [
    100, 
    190, 
    220, 
    0, 
    60, 
    200, 
    110, 
    230, 
    170, 
    260, 
    350, 
    100
   ], 
   [
    150, 
    240, 
    160, 
    60, 
    0, 
    140, 
    50, 
    170, 
    110, 
    200, 
    290, 
    40
   ], 
   [
    290, 
    380, 
    300, 
    200, 
    140, 
    0, 
    190, 
    120, 
    180, 
    190, 
    240, 
    180
   ], 
   [
    100, 
    190, 
    210, 
    110, 
    50, 
    190, 
    0, 
    220, 
    160, 
    250, 
    340, 
    90
   ], 
   [
    320, 
    410, 
    330, 
    230, 
    170, 
    120, 
    220, 
    0, 
    60, 
    70, 
    120, 
    210
   ], 
   [
    260, 
    350, 
    270, 
    170, 
    110, 
    180, 
    160, 
    60, 
    0, 
    90, 
    180, 
    150
   ], 
   [
    350, 
    440, 
    360, 
    260, 
    200, 
    190, 
    250, 
    70, 
    90, 
    0, 
    190, 
    240
   ], 
   [
    440, 
    530, 
    450, 
    350, 
    290, 
    240, 
    340, 
    120, 
    180, 
    190, 
    0, 
    330
   ], 
   [
    190, 
    280, 
    120, 
    100, 
    40, 
    180, 
    90, 
    210, 
    150, 
    240, 
    330, 
    0
   ]
  ], 
  "weight_matrix": [
   [
    0, 
    3, 
    3, 
    3, 
    3, 
    3, 
    3, 
    3, 
    3, 
    3, 
    3, 
    3
   ], 
   [
    3, 
    0, 
    3, 
    3, 
    3, 
    3, 
    3, 
    3, 
    3, 
    3, 
    3, 
    3
   ], 
   [
    3, 
    3, 
    0, 
    3, 
    3, 
    3, 
    3, 
    3, 
    3, 
    3, 
    3, 
    3
   ], 
   [
    3, 
    3, 
    3, 
    0, 
    3, 
    3, 
    3, 
    3, 
    3, 
    3, 
    3, 
    3
   ], 
   [
    3, 
    3, 
    3, 
    3, 
    0, 
    3, 
    3, 
    3, 
    3, 
    3, 
    3, 
    3
   ], 
   [
    3, 
    3, 
    3, 
    3, 
    3, 
    0, 
    3, 
    3, 
    3, 
    3, 
    3, 
    3
   ], 
   [
    3, 
    3, 
    3, 
    3, 
    3, 
    3, 
    0, 
    3, 
    3, 
    3, 
    3, 
    3
   ], 
   [
    3, 
    3, 
    3, 
    3, 
    3, 
    3, 
    3, 
    0, 
    3, 
    3, 
    3, 
    3
   ], 
   [
    3, 
    3, 
    3, 
    3, 
    3, 
    3, 
    3, 
    3, 
    0, 
    3, 
    3, 
    3
   ], 
   [
    3, 
    3, 
    3, 
    3, 
    3, 
    3, 
    3, 
    3, 
    3, 
    0, 
    3, 
    3
   ], 
   [
    3, 
    3, 
    3, 
    3, 
    3, 
    3, 
    3, 
    3, 
    3, 
    3, 
    0, 
    3
   ], 
   [
    3, 
    3, 
    3, 
    3, 
    3, 
    3, 
    3, 
    3, 
    3, 
    3, 
    3, 
    0
   ]
  ], 
  "city_names": [
   "Lausanne", 
   "Gen\u00e8ve", 
   "Sion", 
   "Neuch\u00e2tel", 
   "Bern", 
   "Basel", 
   "Fribourg", 
   "Z\u00fcrich", 
   "Aarau", 
   "Luzern", 
   "St-Gallen", 
   "Thun"
  ], 
  "reward_matrix": [
   [
    0, 
    89805, 
    77572, 
    87766, 
    77572, 
    49030, 
    87766, 
    42913, 
    55146, 
    36797, 
    18448, 
    69417
   ], 
   [
    89805, 
    0, 
    59223, 
    69417, 
    59223, 
    30681, 
    69417, 
    24565, 
    36797, 
    18448, 
    100, 
    51068
   ], 
   [
    77572, 
    59223, 
    0, 
    63301, 
    75533, 
    46991, 
    65340, 
    40875, 
    53107, 
    34758, 
    16410, 
    83688
   ], 
   [
    87766, 
    69417, 
    63301, 
    0, 
    95921, 
    67378, 
    85727, 
    61262, 
    73495, 
    55146, 
    36797, 
    87766
   ], 
   [
    77572, 
    59223, 
    75533, 
    95921, 
    0, 
    79611, 
    97960, 
    73495, 
    85727, 
    67378, 
    49030, 
    99999
   ], 
   [
    49030, 
    30681, 
    46991, 
    67378, 
    79611, 
    0, 
    69417, 
    83688, 
    71456, 
    69417, 
    59223, 
    71456
   ], 
   [
    87766, 
    69417, 
    65340, 
    85727, 
    97960, 
    69417, 
    0, 
    63301, 
    75533, 
    57185, 
    38836, 
    89805
   ], 
   [
    42913, 
    24565, 
    40875, 
    61262, 
    73495, 
    83688, 
    63301, 
    0, 
    95921, 
    93882, 
    83688, 
    65340
   ], 
   [
    55146, 
    36797, 
    53107, 
    73495, 
    85727, 
    71456, 
    75533, 
    95921, 
    0, 
    89805, 
    71456, 
    77572
   ], 
   [
    36797, 
    18448, 
    34758, 
    55146, 
    67378, 
    69417, 
    57185, 
    93882, 
    89805, 
    0, 
    69417, 
    59223
   ], 
   [
    18448, 
    100, 
    16410, 
    36797, 
    49030, 
    59223, 
    38836, 
    83688, 
    71456, 
    69417, 
    0, 
    40875
   ], 
   [
    69417, 
    51068, 
    83688, 
    87766, 
    99999, 
    71456, 
    89805, 
    65340, 
    77572, 
    59223, 
    40875, 
    0
   ]
  ], 
  "probability_matrix": [
   [
    0, 
    0.011827840215544965, 
    0.1560053444828087, 
    0.09615821997461839, 
    0.09907614721924266, 
    0.10522377301288692, 
    0.02858029941966161, 
    0.11682995177744901, 
    0.04018595184189226, 
    0.15435349821476174, 
    0.10186264332387068, 
    0.08989633051726284
   ], 
   [
    0.07619490732753238, 
    0, 
    0.07110459402596603, 
    0.04760808156229179, 
    0.14891757857552, 
    0.051442116920370054, 
    0.09739878360352375, 
    0.16479386915642194, 
    0.1665031894560944, 
    0.02397720110316598, 
    0.07458473750735652, 
    0.07747494076175708
   ], 
   [
    0.07296851928993424, 
    0.20902438344790625, 
    0, 
    0.0161951937431196, 
    0.05862397603990969, 
    0.04487332727772442, 
    0.06008985506166678, 
    0.21713090530558163, 
    0.06323410756500243, 
    0.12777071066849274, 
    0.09466719806309781, 
    0.03542182353756445
   ], 
   [
    0.12220745920519455, 
    0.1287893005149511, 
    0.12029132405680452, 
    0, 
    0.14282801787999266, 
    0.022423083295339572, 
    0.1491581605339035, 
    0.1336231099596906, 
    0.037779052565120666, 
    0.07168057501380343, 
    0.04411223592739057, 
    0.02710768104780896
   ], 
   [
    0.16796219445894475, 
    0.19298912166789814, 
    0.1063451714711437, 
    0.0698213573848234, 
    0, 
    0.1384496899643209, 
    0.03043278445436958, 
    0.057200938642707866, 
    0.1846211308575906, 
    0.04288245014372198, 
    0.0019395267475051134, 
    0.0073556342069740965
   ], 
   [
    0.12195588797897818, 
    0.13429089695445948, 
    0.13772683304405928, 
    0.0764328538230777, 
    0.1501761397019333, 
    0, 
    0.12351530347930892, 
    0.004247852956074086, 
    0.019270114455251043, 
    0.14573025600917386, 
    0.010498535660469977, 
    0.07615532593721411
   ], 
   [
    0.07281380388598531, 
    0.1294388908219884, 
    0.14074975514432064, 
    0.11929100544853743, 
    0.030956385652957788, 
    0.07936310439973793, 
    0, 
    0.09347922850140591, 
    0.14685547129804855, 
    0.03353501397885373, 
    0.0112717123675388, 
    0.14224562850062522
   ], 
   [
    0.01925459579479261, 
    0.12065547137104721, 
    0.11537708742084635, 
    0.1280415101846109, 
    0.07800537819368857, 
    0.10060335288637896, 
    0.11750437111281732, 
    0, 
    0.04951995349684616, 
    0.1018386624492452, 
    0.06075625986421937, 
    0.10844335722550752
   ], 
   [
    0.054169567102319675, 
    0.04545998089245328, 
    0.197440747233105, 
    0.09750218648143595, 
    0.0834649581124608, 
    0.1205563997645123, 
    0.03942289630825419, 
    0.0785630760995284, 
    0, 
    0.1521294939129627, 
    0.008633836317189772, 
    0.12265685777577781
   ], 
   [
    0.12793792270552568, 
    0.05135992671169121, 
    0.086714972307523, 
    0.09447372946018988, 
    0.11284106053250266, 
    0.05835640784261595, 
    0.10029053737408916, 
    0.08873862845815907, 
    0.1101310779880517, 
    0, 
    0.07398733594119657, 
    0.09516840067845513
   ], 
   [
    0.10673073578431416, 
    0.04500063269971072, 
    0.14218240162541168, 
    0.03415362121141637, 
    0.06373912157692098, 
    0.04654261660206143, 
    0.14456508745000482, 
    0.12444263888699417, 
    0.03527879828746399, 
    0.15148270411287526, 
    0, 
    0.10588164176282631
   ], 
   [
    0.1811142908150601, 
    0.12078447355480493, 
    0.10574478246063107, 
    0.1098707516432547, 
    0.00646886452377999, 
    0.13008102293493756, 
    0.04424212835959308, 
    0.06667251744482708, 
    0.04448834297451073, 
    0.07151423720050454, 
    0.1190185880880962, 
    0
   ]
  ]
 }, 
 "vehicle_capacities": [
  5, 
  5, 
  5, 
  30, 
  30, 
  30, 
  30, 
  30, 
  30, 
  30, 
  30, 
  30
 ]
}