{
 "distance_matrix": [
  [
   0, 
   90, 
   150, 
   100, 
   150, 
   290, 
   100, 
   320, 
   260, 
   350, 
   440, 
   190
  ], 
  [
   90, 
   0, 
   240, 
   190, 
   240, 
   380, 
   190, 
   410, 
   350, 
   440, 
   530, 
   280
  ], 
  [
   150, 
   240, 
   0, 
   220, 
   160, 
   300, 
   210, 
   330, 
   270, 
   360, 
   450, 
   120
  ], 
  [
   100, 
   190, 
   220, 
   0, 
   60, 
   200, 
   110, 
   230, 
   170, 
   260, 
   350, 
   100
  ], 
  [
   150, 
   240, 
   160, 
   60, 
   0, 
   140, 
   50, 
   170, 
   110, 
   200, 
   290, 
   40
  ], 
  [
   290, 
   380, 
   300, 
   200, 
   140, 
   0, 
   190, 
   120, 
   180, 
   190, 
   240, 
   180
  ], 
  [
   100, 
   190, 
   210, 
   110, 
   50, 
   190, 
   0, 
   220, 
   160, 
   250, 
   340, 
   90
  ], 
  [
   320, 
   410, 
   330, 
   230, 
   170, 
   120, 
   220, 
   0, 
   60, 
   70, 
   120, 
   210
  ], 
  [
   260, 
   350, 
   270, 
   170, 
   110, 
   180, 
   160, 
   60, 
   0, 
   90, 
   180, 
   150
  ], 
  [
   350, 
   440, 
   360, 
   260, 
   200, 
   190, 
   250, 
   70, 
   90, 
   0, 
   190, 
   240
  ], 
  [
   440, 
   530, 
   450, 
   350, 
   290, 
   240, 
   340, 
   120, 
   180, 
   190, 
   0, 
   330
  ], 
  [
   190, 
   280, 
   120, 
   100, 
   40, 
   180, 
   90, 
   210, 
   150, 
   240, 
   330, 
   0
  ]
 ], 
 "runs": [
  {
   "avg_task_cost_vs_number_of_task": [
    1850, 
    1125, 
    1116.6666666666667, 
    1075, 
    1280, 
    1150, 
    1078.5714285714287, 
    943.75, 
    838.8888888888889, 
    755, 
    713.6363636363636, 
    758.3333333333334, 
    753.8461538461538, 
    653.5714285714286, 
    666.6666666666666, 
    665.625, 
    585.2941176470588, 
    547.2222222222222, 
    536.8421052631579, 
    580, 
    542.8571428571429, 
    570.4545454545455, 
    523.9130434782609, 
    456.25, 
    438, 
    442.3076923076923, 
    398.14814814814815, 
    507.14285714285717, 
    406.8965517241379, 
    506.6666666666667
   ], 
   "number_of_vehicles": 2
  }, 
  {
   "avg_task_cost_vs_number_of_task": [
    1400, 
    900, 
    966.6666666666666, 
    1062.5, 
    1280, 
    1150, 
    1078.5714285714287, 
    1012.5, 
    838.8888888888889, 
    860, 
    786.3636363636364, 
    762.5, 
    703.8461538461538, 
    653.5714285714286, 
    630, 
    612.5, 
    591.1764705882352, 
    536.1111111111111, 
    505.2631578947368, 
    557.5, 
    540.4761904761905, 
    515.9090909090909, 
    545.6521739130435, 
    487.5, 
    442, 
    482.6923076923077, 
    496.2962962962963, 
    433.92857142857144, 
    481.0344827586207, 
    463.3333333333333
   ], 
   "number_of_vehicles": 3
  }, 
  {
   "avg_task_cost_vs_number_of_task": [
    1400, 
    900, 
    866.6666666666666, 
    1062.5, 
    1280, 
    1150, 
    1078.5714285714287, 
    943.75, 
    927.7777777777778, 
    755, 
    713.6363636363636, 
    754.1666666666666, 
    680.7692307692307, 
    653.5714285714286, 
    610, 
    562.5, 
    585.2941176470588, 
    525, 
    586.8421052631579, 
    547.5, 
    554.7619047619048, 
    529.5454545454545, 
    552.1739130434783, 
    468.75, 
    490, 
    478.84615384615387, 
    388.8888888888889, 
    455.35714285714283, 
    475.86206896551727, 
    538.3333333333334
   ], 
   "number_of_vehicles": 4
  }, 
  {
   "avg_task_cost_vs_number_of_task": [
    1400, 
    900, 
    866.6666666666666, 
    1062.5, 
    1280, 
    1141.6666666666667, 
    1071.4285714285713, 
    1012.5, 
    955.5555555555555, 
    835, 
    713.6363636363636, 
    804.1666666666666, 
    703.8461538461538, 
    653.5714285714286, 
    630, 
    609.375, 
    579.4117647058823, 
    502.77777777777777, 
    542.1052631578947, 
    535, 
    538.0952380952381, 
    465.90909090909093, 
    523.9130434782609, 
    495.8333333333333, 
    512, 
    501.9230769230769, 
    459.25925925925924, 
    458.92857142857144, 
    441.37931034482756, 
    435
   ], 
   "number_of_vehicles": 5
  }
 ], 
 "vehicle_starting_positions": [
  "Fribourg", 
  "Luzern", 
  "Thun", 
  "Sion", 
  "Aarau", 
  "Neuch\u00e2tel", 
  "St-Gallen", 
  "Basel", 
  "Lausanne", 
  "Z\u00fcrich", 
  "Gen\u00e8ve", 
  "Bern"
 ], 
 "task_distribution": {
  "weight_matrix": [
   [
    0, 
    3, 
    3, 
    3, 
    3, 
    3, 
    3, 
    3, 
    3, 
    3, 
    3, 
    3
   ], 
   [
    3, 
    0, 
    3, 
    3, 
    3, 
    3, 
    3, 
    3, 
    3, 
    3, 
    3, 
    3
   ], 
   [
    3, 
    3, 
    0, 
    3, 
    3, 
    3, 
    3, 
    3, 
    3, 
    3, 
    3, 
    3
   ], 
   [
    3, 
    3, 
    3, 
    0, 
    3, 
    3, 
    3, 
    3, 
    3, 
    3, 
    3, 
    3
   ], 
   [
    3, 
    3, 
    3, 
    3, 
    0, 
    3, 
    3, 
    3, 
    3, 
    3, 
    3, 
    3
   ], 
   [
    3, 
    3, 
    3, 
    3, 
    3, 
    0, 
    3, 
    3, 
    3, 
    3, 
    3, 
    3
   ], 
   [
    3, 
    3, 
    3, 
    3, 
    3, 
    3, 
    0, 
    3, 
    3, 
    3, 
    3, 
    3
   ], 
   [
    3, 
    3, 
    3, 
    3, 
    3, 
    3, 
    3, 
    0, 
    3, 
    3, 
    3, 
    3
   ], 
   [
    3, 
    3, 
    3, 
    3, 
    3, 
    3, 
    3, 
    3, 
    0, 
    3, 
    3, 
    3
   ], 
   [
    3, 
    3, 
    3, 
    3, 
    3, 
    3, 
    3, 
    3, 
    3, 
    0, 
    3, 
    3
   ], 
   [
    3, 
    3, 
    3, 
    3, 
    3, 
    3, 
    3, 
    3, 
    3, 
    3, 
    0, 
    3
   ], 
   [
    3, 
    3, 
    3, 
    3, 
    3, 
    3, 
    3, 
    3, 
    3, 
    3, 
    3, 
    0
   ]
  ], 
  "city_names": [
   "Lausanne", 
   "Gen\u00e8ve", 
   "Sion", 
   "Neuch\u00e2tel", 
   "Bern", 
   "Basel", 
   "Fribourg", 
   "Z\u00fcrich", 
   "Aarau", 
   "Luzern", 
   "St-Gallen", 
   "Thun"
  ], 
  "reward_matrix": [
   [
    0, 
    89805, 
    77572, 
    87766, 
    77572, 
    49030, 
    87766, 
    42913, 
    55146, 
    36797, 
    18448, 
    69417
   ], 
   [
    89805, 
    0, 
    59223, 
    69417, 
    59223, 
    30681, 
    69417, 
    24565, 
    36797, 
    18448, 
    100, 
    51068
   ], 
   [
    77572, 
    59223, 
    0, 
    63301, 
    75533, 
    46991, 
    65340, 
    40875, 
    53107, 
    34758, 
    16410, 
    83688
   ], 
   [
    87766, 
    69417, 
    63301, 
    0, 
    95921, 
    67378, 
    85727, 
    61262, 
    73495, 
    55146, 
    36797, 
    87766
   ], 
   [
    77572, 
    59223, 
    75533, 
    95921, 
    0, 
    79611, 
    97960, 
    73495, 
    85727, 
    67378, 
    49030, 
    99999
   ], 
   [
    49030, 
    30681, 
    46991, 
    67378, 
    79611, 
    0, 
    69417, 
    83688, 
    71456, 
    69417, 
    59223, 
    71456
   ], 
   [
    87766, 
    69417, 
    65340, 
    85727, 
    97960, 
    69417, 
    0, 
    63301, 
    75533, 
    57185, 
    38836, 
    89805
   ], 
   [
    42913, 
    24565, 
    40875, 
    61262, 
    73495, 
    83688, 
    63301, 
    0, 
    95921, 
    93882, 
    83688, 
    65340
   ], 
   [
    55146, 
    36797, 
    53107, 
    73495, 
    85727, 
    71456, 
    75533, 
    95921, 
    0, 
    89805, 
    71456, 
    77572
   ], 
   [
    36797, 
    18448, 
    34758, 
    55146, 
    67378, 
    69417, 
    57185, 
    93882, 
    89805, 
    0, 
    69417, 
    59223
   ], 
   [
    18448, 
    100, 
    16410, 
    36797, 
    49030, 
    59223, 
    38836, 
    83688, 
    71456, 
    69417, 
    0, 
    40875
   ], 
   [
    69417, 
    51068, 
    83688, 
    87766, 
    99999, 
    71456, 
    89805, 
    65340, 
    77572, 
    59223, 
    40875, 
    0
   ]
  ], 
  "probability_matrix": [
   [
    0, 
    0.17381152481199943, 
    0.06832238473459637, 
    0.03563132390590829, 
    0.05339589030521313, 
    0.09063507920720229, 
    0.05738870663429124, 
    0.012432995855937753, 
    0.16588762007138658, 
    0.13600771454485835, 
    0.1327317500548044, 
    0.07375500987380211
   ], 
   [
    0.05603105643242402, 
    0, 
    0.14282049338160457, 
    0.07421121485130205, 
    0.17168719771961063, 
    0.03905378238301197, 
    0.16576836390293598, 
    0.022352342239640517, 
    0.13978964058076304, 
    0.04679177495880713, 
    0.09146695865985517, 
    0.05002717489004515
   ], 
   [
    0.12968111488193695, 
    0.20566003299885352, 
    0, 
    0.022420057794534518, 
    0.05355757187780733, 
    0.17707572652206713, 
    0.027581765263987753, 
    0.14926932323117306, 
    0.09364411430134169, 
    0.02138054346307726, 
    0.05112570897660449, 
    0.06860404068861607
   ], 
   [
    0.11921697904218255, 
    0.17820880966326202, 
    0.006626510814859375, 
    0, 
    0.1274705573827087, 
    0.0026945333763329477, 
    0.15797745543247418, 
    0.0125231982659387, 
    0.1532332598055993, 
    0.0763933808135209, 
    0.09542111782047719, 
    0.07023419758264425
   ], 
   [
    0.14193454451215065, 
    0.15140413079693593, 
    0.03206846875950648, 
    0.12556058263536757, 
    0, 
    0.00633359877860251, 
    0.12762171216133766, 
    0.023692715914056278, 
    0.1696747188193173, 
    0.06101469411736574, 
    0.09893368475310171, 
    0.06176114875225812
   ], 
   [
    0.08928799961613441, 
    0.10797425571251076, 
    0.043520067171313896, 
    0.09167438510465134, 
    0.08441535818588601, 
    0, 
    0.06970971523050223, 
    0.08793696921038074, 
    0.043603660935935505, 
    0.1517293012544048, 
    0.14774514499145192, 
    0.08240314258682838
   ], 
   [
    0.07961643128520766, 
    0.14069851232839112, 
    0.10268559061215107, 
    0.15203629301548038, 
    0.06740035604759273, 
    0.12920397553078722, 
    0, 
    0.1387745329509177, 
    0.01985509585160483, 
    0.06736890443940945, 
    0.03280240017240061, 
    0.06955790776605716
   ], 
   [
    0.06930927573333953, 
    0.10494493520694005, 
    0.07848643129163092, 
    0.12830962436342092, 
    0.17045593155999406, 
    0.0837207069496132, 
    0.06379592989950945, 
    0, 
    0.17376740378297248, 
    0.009207148161690784, 
    0.05016758826951101, 
    0.06783502478137757
   ], 
   [
    0.14920717464003724, 
    0.09209066930801119, 
    0.008241285631718364, 
    0.06538773815025076, 
    0.012159866396970562, 
    0.0475143119214938, 
    0.09290334133757347, 
    0.09222506223063572, 
    0, 
    0.13893305081154436, 
    0.12974701915220527, 
    0.17159048041955935
   ], 
   [
    0.02077566703424413, 
    0.06898443049833326, 
    0.0029148911471096, 
    0.15789659600214553, 
    0.1098395663881432, 
    0.1530131629675745, 
    0.10313098491762625, 
    0.143206795580688, 
    0.11406235415623146, 
    0, 
    0.06375967100122529, 
    0.06241588030667859
   ], 
   [
    0.10973013268949251, 
    0.15633892394273974, 
    0.035408929338674996, 
    0.0026045497337455147, 
    0.10589615309608509, 
    0.06264067910261012, 
    0.1548583108871429, 
    0.023169458212625747, 
    0.11306287189505118, 
    0.14545889787502955, 
    0, 
    0.09083109322680256
   ], 
   [
    0.051720266003293776, 
    0.06125008524780145, 
    0.02392303546584442, 
    0.031698332715047066, 
    0.02366711512075328, 
    0.12499729534254655, 
    0.16642371782396406, 
    0.1770267078635516, 
    0.12322266862005418, 
    0.09146814174030289, 
    0.12460263405684059, 
    0
   ]
  ]
 }
}