{
 "distance_matrix": [
  [
   0, 
   90, 
   150, 
   100, 
   150, 
   290, 
   100, 
   320, 
   260, 
   350, 
   440, 
   190
  ], 
  [
   90, 
   0, 
   240, 
   190, 
   240, 
   380, 
   190, 
   410, 
   350, 
   440, 
   530, 
   280
  ], 
  [
   150, 
   240, 
   0, 
   220, 
   160, 
   300, 
   210, 
   330, 
   270, 
   360, 
   450, 
   120
  ], 
  [
   100, 
   190, 
   220, 
   0, 
   60, 
   200, 
   110, 
   230, 
   170, 
   260, 
   350, 
   100
  ], 
  [
   150, 
   240, 
   160, 
   60, 
   0, 
   140, 
   50, 
   170, 
   110, 
   200, 
   290, 
   40
  ], 
  [
   290, 
   380, 
   300, 
   200, 
   140, 
   0, 
   190, 
   120, 
   180, 
   190, 
   240, 
   180
  ], 
  [
   100, 
   190, 
   210, 
   110, 
   50, 
   190, 
   0, 
   220, 
   160, 
   250, 
   340, 
   90
  ], 
  [
   320, 
   410, 
   330, 
   230, 
   170, 
   120, 
   220, 
   0, 
   60, 
   70, 
   120, 
   210
  ], 
  [
   260, 
   350, 
   270, 
   170, 
   110, 
   180, 
   160, 
   60, 
   0, 
   90, 
   180, 
   150
  ], 
  [
   350, 
   440, 
   360, 
   260, 
   200, 
   190, 
   250, 
   70, 
   90, 
   0, 
   190, 
   240
  ], 
  [
   440, 
   530, 
   450, 
   350, 
   290, 
   240, 
   340, 
   120, 
   180, 
   190, 
   0, 
   330
  ], 
  [
   190, 
   280, 
   120, 
   100, 
   40, 
   180, 
   90, 
   210, 
   150, 
   240, 
   330, 
   0
  ]
 ], 
 "runs": [
  {
   "avg_task_cost_vs_number_of_task": [
    1200, 
    1125, 
    1466.6666666666667, 
    1175, 
    940, 
    783.3333333333334, 
    671.4285714285714, 
    587.5, 
    522.2222222222222, 
    520, 
    568.1818181818181, 
    608.3333333333334, 
    561.5384615384615, 
    535.7142857142857, 
    486.6666666666667, 
    475, 
    438.2352941176471, 
    413.8888888888889, 
    392.10526315789474, 
    437.5, 
    466.6666666666667, 
    384.09090909090907, 
    367.39130434782606, 
    354.1666666666667, 
    354, 
    394.2307692307692, 
    366.6666666666667, 
    403.57142857142856, 
    332.7586206896552, 
    301.6666666666667
   ], 
   "number_of_vehicles": 2
  }, 
  {
   "avg_task_cost_vs_number_of_task": [
    1200, 
    1125, 
    1466.6666666666667, 
    1175, 
    940, 
    783.3333333333334, 
    671.4285714285714, 
    587.5, 
    522.2222222222222, 
    520, 
    568.1818181818181, 
    608.3333333333334, 
    573.0769230769231, 
    532.1428571428571, 
    496.6666666666667, 
    475, 
    447.05882352941177, 
    413.8888888888889, 
    439.4736842105263, 
    430, 
    397.6190476190476, 
    411.3636363636364, 
    378.2608695652174, 
    410.4166666666667, 
    414, 
    357.6923076923077, 
    331.48148148148147, 
    371.42857142857144, 
    412.0689655172414, 
    348.3333333333333
   ], 
   "number_of_vehicles": 3
  }, 
  {
   "avg_task_cost_vs_number_of_task": [
    1200, 
    1125, 
    1066.6666666666667, 
    875, 
    700, 
    625, 
    535.7142857142857, 
    531.25, 
    522.2222222222222, 
    520, 
    568.1818181818181, 
    620.8333333333334, 
    584.6153846153846, 
    532.1428571428571, 
    496.6666666666667, 
    465.625, 
    447.05882352941177, 
    416.6666666666667, 
    410.5263157894737, 
    450, 
    385.7142857142857, 
    415.90909090909093, 
    378.2608695652174, 
    389.5833333333333, 
    390, 
    369.2307692307692, 
    362.962962962963, 
    357.14285714285717, 
    324.13793103448273, 
    323.3333333333333
   ], 
   "number_of_vehicles": 4
  }, 
  {
   "avg_task_cost_vs_number_of_task": [
    800, 
    1125, 
    1066.6666666666667, 
    875, 
    700, 
    625, 
    535.7142857142857, 
    531.25, 
    505.55555555555554, 
    525, 
    568.1818181818181, 
    637.5, 
    565.3846153846154, 
    521.4285714285714, 
    496.6666666666667, 
    478.125, 
    450, 
    425, 
    402.63157894736844, 
    432.5, 
    395.23809523809524, 
    413.6363636363636, 
    408.69565217391306, 
    347.9166666666667, 
    366, 
    386.53846153846155, 
    392.5925925925926, 
    383.92857142857144, 
    306.8965517241379, 
    318.3333333333333
   ], 
   "number_of_vehicles": 5
  }
 ], 
 "vehicle_starting_positions": [
  "St-Gallen", 
  "Sion", 
  "Basel", 
  "Gen\u00e8ve", 
  "Bern", 
  "Fribourg", 
  "Neuch\u00e2tel", 
  "Luzern", 
  "Aarau", 
  "Lausanne", 
  "Thun", 
  "Z\u00fcrich"
 ], 
 "task_distribution": {
  "weight_matrix": [
   [
    0, 
    3, 
    3, 
    3, 
    3, 
    3, 
    3, 
    3, 
    3, 
    3, 
    3, 
    3
   ], 
   [
    3, 
    0, 
    3, 
    3, 
    3, 
    3, 
    3, 
    3, 
    3, 
    3, 
    3, 
    3
   ], 
   [
    3, 
    3, 
    0, 
    3, 
    3, 
    3, 
    3, 
    3, 
    3, 
    3, 
    3, 
    3
   ], 
   [
    3, 
    3, 
    3, 
    0, 
    3, 
    3, 
    3, 
    3, 
    3, 
    3, 
    3, 
    3
   ], 
   [
    3, 
    3, 
    3, 
    3, 
    0, 
    3, 
    3, 
    3, 
    3, 
    3, 
    3, 
    3
   ], 
   [
    3, 
    3, 
    3, 
    3, 
    3, 
    0, 
    3, 
    3, 
    3, 
    3, 
    3, 
    3
   ], 
   [
    3, 
    3, 
    3, 
    3, 
    3, 
    3, 
    0, 
    3, 
    3, 
    3, 
    3, 
    3
   ], 
   [
    3, 
    3, 
    3, 
    3, 
    3, 
    3, 
    3, 
    0, 
    3, 
    3, 
    3, 
    3
   ], 
   [
    3, 
    3, 
    3, 
    3, 
    3, 
    3, 
    3, 
    3, 
    0, 
    3, 
    3, 
    3
   ], 
   [
    3, 
    3, 
    3, 
    3, 
    3, 
    3, 
    3, 
    3, 
    3, 
    0, 
    3, 
    3
   ], 
   [
    3, 
    3, 
    3, 
    3, 
    3, 
    3, 
    3, 
    3, 
    3, 
    3, 
    0, 
    3
   ], 
   [
    3, 
    3, 
    3, 
    3, 
    3, 
    3, 
    3, 
    3, 
    3, 
    3, 
    3, 
    0
   ]
  ], 
  "city_names": [
   "Lausanne", 
   "Gen\u00e8ve", 
   "Sion", 
   "Neuch\u00e2tel", 
   "Bern", 
   "Basel", 
   "Fribourg", 
   "Z\u00fcrich", 
   "Aarau", 
   "Luzern", 
   "St-Gallen", 
   "Thun"
  ], 
  "reward_matrix": [
   [
    0, 
    89805, 
    77572, 
    87766, 
    77572, 
    49030, 
    87766, 
    42913, 
    55146, 
    36797, 
    18448, 
    69417
   ], 
   [
    89805, 
    0, 
    59223, 
    69417, 
    59223, 
    30681, 
    69417, 
    24565, 
    36797, 
    18448, 
    100, 
    51068
   ], 
   [
    77572, 
    59223, 
    0, 
    63301, 
    75533, 
    46991, 
    65340, 
    40875, 
    53107, 
    34758, 
    16410, 
    83688
   ], 
   [
    87766, 
    69417, 
    63301, 
    0, 
    95921, 
    67378, 
    85727, 
    61262, 
    73495, 
    55146, 
    36797, 
    87766
   ], 
   [
    77572, 
    59223, 
    75533, 
    95921, 
    0, 
    79611, 
    97960, 
    73495, 
    85727, 
    67378, 
    49030, 
    99999
   ], 
   [
    49030, 
    30681, 
    46991, 
    67378, 
    79611, 
    0, 
    69417, 
    83688, 
    71456, 
    69417, 
    59223, 
    71456
   ], 
   [
    87766, 
    69417, 
    65340, 
    85727, 
    97960, 
    69417, 
    0, 
    63301, 
    75533, 
    57185, 
    38836, 
    89805
   ], 
   [
    42913, 
    24565, 
    40875, 
    61262, 
    73495, 
    83688, 
    63301, 
    0, 
    95921, 
    93882, 
    83688, 
    65340
   ], 
   [
    55146, 
    36797, 
    53107, 
    73495, 
    85727, 
    71456, 
    75533, 
    95921, 
    0, 
    89805, 
    71456, 
    77572
   ], 
   [
    36797, 
    18448, 
    34758, 
    55146, 
    67378, 
    69417, 
    57185, 
    93882, 
    89805, 
    0, 
    69417, 
    59223
   ], 
   [
    18448, 
    100, 
    16410, 
    36797, 
    49030, 
    59223, 
    38836, 
    83688, 
    71456, 
    69417, 
    0, 
    40875
   ], 
   [
    69417, 
    51068, 
    83688, 
    87766, 
    99999, 
    71456, 
    89805, 
    65340, 
    77572, 
    59223, 
    40875, 
    0
   ]
  ], 
  "probability_matrix": [
   [
    0, 
    0.0066108087803780444, 
    0.12692585255165428, 
    0.17957023771409036, 
    0.1588182907322216, 
    0.006425714907527258, 
    0.1585110721442666, 
    0.17246383838182225, 
    0.026148363683235913, 
    0.010769842655126318, 
    0.1403008079995411, 
    0.01345517045013641
   ], 
   [
    0.1240379376662891, 
    0, 
    0.07628363648725328, 
    0.13808701447699795, 
    0.06929933392509145, 
    0.12478320307238461, 
    0.06307464646346445, 
    0.08399198625317608, 
    0.00461737275586114, 
    0.11174651446181692, 
    0.10688084380262053, 
    0.09719751063504446
   ], 
   [
    0.09130848335159575, 
    0.04219916937769255, 
    0, 
    0.11888657767302174, 
    0.039833839113392375, 
    0.035952474670760244, 
    0.10050773514548295, 
    0.13872412488043756, 
    0.13837964793659055, 
    0.025924913979950757, 
    0.13606414568979897, 
    0.1322188881812765
   ], 
   [
    0.02375457051597375, 
    0.1454328784599927, 
    0.04299071759664639, 
    0, 
    0.06500078051902697, 
    0.06091431773172459, 
    0.06849101014829527, 
    0.1499792462150336, 
    0.015840763213301558, 
    0.15396338391482645, 
    0.1516655081561328, 
    0.12196682352904578
   ], 
   [
    0.11260344803972547, 
    0.0035814096748115138, 
    0.16363433667251126, 
    0.16650822651057293, 
    0, 
    0.1448349041152443, 
    0.167384947909525, 
    0.008124821539400568, 
    0.011617772084364474, 
    0.15038554541253343, 
    0.026668026398747744, 
    0.044656561642563146
   ], 
   [
    0.12480562052634712, 
    0.03484116677161641, 
    0.1530389419758354, 
    0.12754684668035246, 
    0.0457408739528737, 
    0, 
    0.16381277084746967, 
    0.07792144420842571, 
    0.14912876878503212, 
    0.002473512912875012, 
    0.1139966348715186, 
    0.006693418467653879
   ], 
   [
    0.015890474836522322, 
    0.08814078957115189, 
    0.012510482931083831, 
    0.010899087096590416, 
    0.10228797458142637, 
    0.14666561773970033, 
    0, 
    0.03810910256631007, 
    0.15343312878873921, 
    0.17940660771087294, 
    0.17113674867445075, 
    0.08151998550315183
   ], 
   [
    0.04703220178940537, 
    0.20553907629467105, 
    0.10967895875932342, 
    0.02099013453215202, 
    0.03416354873251635, 
    0.1746525449599523, 
    0.06941266091708549, 
    0, 
    0.0028064665997354792, 
    0.14219394012424622, 
    0.04540291021646184, 
    0.14812755707445033
   ], 
   [
    0.15887214960324902, 
    0.001382486389045924, 
    0.0632530466061763, 
    0.05850256924518813, 
    0.14190961555041234, 
    0.133549602076543, 
    0.04837654271530666, 
    0.13397479819742536, 
    0, 
    0.0339366052434018, 
    0.10316528698649947, 
    0.12307729738675209
   ], 
   [
    0.018528592516331842, 
    0.009287901720832685, 
    0.1520883143610043, 
    0.03224050619036217, 
    0.14939221788648885, 
    0.031404236461715355, 
    0.2295187141648273, 
    0.01632097447169938, 
    0.11225231077051843, 
    0, 
    0.03615313220310456, 
    0.21281309925311503
   ], 
   [
    0.09489067389364175, 
    0.03696923947561805, 
    0.1303498960566998, 
    0.013413106406117767, 
    0.17400447393424326, 
    0.04716302457043747, 
    0.09972758643528593, 
    0.13159673315197257, 
    0.06388212044908545, 
    0.08135907905277934, 
    0, 
    0.1266440665741186
   ], 
   [
    0.1903603953606442, 
    0.014849560439316649, 
    0.08879632513609913, 
    0.12317611937329759, 
    0.0465418548925038, 
    0.17321642002541257, 
    0.040991293285194366, 
    0.01688978489284717, 
    0.18421555953623997, 
    0.07642780311446389, 
    0.0445348839439806, 
    0
   ]
  ]
 }
}