{
 "vehicle_cost_per_km": [
  5, 
  5, 
  5, 
  5, 
  5
 ], 
 "runs": [
  {
   "avg_task_cost_vs_number_of_task": [
    1200, 
    1300, 
    866.6666666666666, 
    650, 
    740, 
    1000, 
    857.1428571428571, 
    806.25, 
    761.1111111111111, 
    725, 
    690.9090909090909, 
    633.3333333333334, 
    588.4615384615385, 
    610.7142857142857, 
    680, 
    715.625, 
    673.5294117647059, 
    688.8888888888889, 
    639.4736842105264, 
    600, 
    602.3809523809524, 
    572.7272727272727, 
    584.7826086956521, 
    614.5833333333334, 
    594, 
    565.3846153846154, 
    533.3333333333334, 
    567.8571428571429, 
    548.2758620689655, 
    536.6666666666666
   ], 
   "number_of_vehicles": 3
  }
 ], 
 "vehicle_starting_positions": [
  "Lausanne", 
  "Gen\u00e8ve", 
  "Sion", 
  "Neuch\u00e2tel", 
  "Bern", 
  "Basel", 
  "Fribourg", 
  "Z\u00fcrich", 
  "Aarau", 
  "Luzern", 
  "St-Gallen", 
  "Thun"
 ], 
 "task_distribution": {
  "distance_matrix": [
   [
    0, 
    90, 
    150, 
    100, 
    150, 
    290, 
    100, 
    320, 
    260, 
    350, 
    440, 
    190
   ], 
   [
    90, 
    0, 
    240, 
    190, 
    240, 
    380, 
    190, 
    410, 
    350, 
    440, 
    530, 
    280
   ], 
   [
    150, 
    240, 
    0, 
    220, 
    160, 
    300, 
    210, 
    330, 
    270, 
    360, 
    450, 
    120
   ], 
   [
    100, 
    190, 
    220, 
    0, 
    60, 
    200, 
    110, 
    230, 
    170, 
    260, 
    350, 
    100
   ], 
   [
    150, 
    240, 
    160, 
    60, 
    0, 
    140, 
    50, 
    170, 
    110, 
    200, 
    290, 
    40
   ], 
   [
    290, 
    380, 
    300, 
    200, 
    140, 
    0, 
    190, 
    120, 
    180, 
    190, 
    240, 
    180
   ], 
   [
    100, 
    190, 
    210, 
    110, 
    50, 
    190, 
    0, 
    220, 
    160, 
    250, 
    340, 
    90
   ], 
   [
    320, 
    410, 
    330, 
    230, 
    170, 
    120, 
    220, 
    0, 
    60, 
    70, 
    120, 
    210
   ], 
   [
    260, 
    350, 
    270, 
    170, 
    110, 
    180, 
    160, 
    60, 
    0, 
    90, 
    180, 
    150
   ], 
   [
    350, 
    440, 
    360, 
    260, 
    200, 
    190, 
    250, 
    70, 
    90, 
    0, 
    190, 
    240
   ], 
   [
    440, 
    530, 
    450, 
    350, 
    290, 
    240, 
    340, 
    120, 
    180, 
    190, 
    0, 
    330
   ], 
   [
    190, 
    280, 
    120, 
    100, 
    40, 
    180, 
    90, 
    210, 
    150, 
    240, 
    330, 
    0
   ]
  ], 
  "weight_matrix": [
   [
    0, 
    3, 
    3, 
    3, 
    3, 
    3, 
    3, 
    3, 
    3, 
    3, 
    3, 
    3
   ], 
   [
    3, 
    0, 
    3, 
    3, 
    3, 
    3, 
    3, 
    3, 
    3, 
    3, 
    3, 
    3
   ], 
   [
    3, 
    3, 
    0, 
    3, 
    3, 
    3, 
    3, 
    3, 
    3, 
    3, 
    3, 
    3
   ], 
   [
    3, 
    3, 
    3, 
    0, 
    3, 
    3, 
    3, 
    3, 
    3, 
    3, 
    3, 
    3
   ], 
   [
    3, 
    3, 
    3, 
    3, 
    0, 
    3, 
    3, 
    3, 
    3, 
    3, 
    3, 
    3
   ], 
   [
    3, 
    3, 
    3, 
    3, 
    3, 
    0, 
    3, 
    3, 
    3, 
    3, 
    3, 
    3
   ], 
   [
    3, 
    3, 
    3, 
    3, 
    3, 
    3, 
    0, 
    3, 
    3, 
    3, 
    3, 
    3
   ], 
   [
    3, 
    3, 
    3, 
    3, 
    3, 
    3, 
    3, 
    0, 
    3, 
    3, 
    3, 
    3
   ], 
   [
    3, 
    3, 
    3, 
    3, 
    3, 
    3, 
    3, 
    3, 
    0, 
    3, 
    3, 
    3
   ], 
   [
    3, 
    3, 
    3, 
    3, 
    3, 
    3, 
    3, 
    3, 
    3, 
    0, 
    3, 
    3
   ], 
   [
    3, 
    3, 
    3, 
    3, 
    3, 
    3, 
    3, 
    3, 
    3, 
    3, 
    0, 
    3
   ], 
   [
    3, 
    3, 
    3, 
    3, 
    3, 
    3, 
    3, 
    3, 
    3, 
    3, 
    3, 
    0
   ]
  ], 
  "city_names": [
   "Lausanne", 
   "Gen\u00e8ve", 
   "Sion", 
   "Neuch\u00e2tel", 
   "Bern", 
   "Basel", 
   "Fribourg", 
   "Z\u00fcrich", 
   "Aarau", 
   "Luzern", 
   "St-Gallen", 
   "Thun"
  ], 
  "reward_matrix": [
   [
    0, 
    89805, 
    77572, 
    87766, 
    77572, 
    49030, 
    87766, 
    42913, 
    55146, 
    36797, 
    18448, 
    69417
   ], 
   [
    89805, 
    0, 
    59223, 
    69417, 
    59223, 
    30681, 
    69417, 
    24565, 
    36797, 
    18448, 
    100, 
    51068
   ], 
   [
    77572, 
    59223, 
    0, 
    63301, 
    75533, 
    46991, 
    65340, 
    40875, 
    53107, 
    34758, 
    16410, 
    83688
   ], 
   [
    87766, 
    69417, 
    63301, 
    0, 
    95921, 
    67378, 
    85727, 
    61262, 
    73495, 
    55146, 
    36797, 
    87766
   ], 
   [
    77572, 
    59223, 
    75533, 
    95921, 
    0, 
    79611, 
    97960, 
    73495, 
    85727, 
    67378, 
    49030, 
    99999
   ], 
   [
    49030, 
    30681, 
    46991, 
    67378, 
    79611, 
    0, 
    69417, 
    83688, 
    71456, 
    69417, 
    59223, 
    71456
   ], 
   [
    87766, 
    69417, 
    65340, 
    85727, 
    97960, 
    69417, 
    0, 
    63301, 
    75533, 
    57185, 
    38836, 
    89805
   ], 
   [
    42913, 
    24565, 
    40875, 
    61262, 
    73495, 
    83688, 
    63301, 
    0, 
    95921, 
    93882, 
    83688, 
    65340
   ], 
   [
    55146, 
    36797, 
    53107, 
    73495, 
    85727, 
    71456, 
    75533, 
    95921, 
    0, 
    89805, 
    71456, 
    77572
   ], 
   [
    36797, 
    18448, 
    34758, 
    55146, 
    67378, 
    69417, 
    57185, 
    93882, 
    89805, 
    0, 
    69417, 
    59223
   ], 
   [
    18448, 
    100, 
    16410, 
    36797, 
    49030, 
    59223, 
    38836, 
    83688, 
    71456, 
    69417, 
    0, 
    40875
   ], 
   [
    69417, 
    51068, 
    83688, 
    87766, 
    99999, 
    71456, 
    89805, 
    65340, 
    77572, 
    59223, 
    40875, 
    0
   ]
  ], 
  "probability_matrix": [
   [
    0, 
    0.04571808948215019, 
    0.05445876058543514, 
    0.03751021614909287, 
    0.11587511811757466, 
    0.032090721455377495, 
    0.08007782948486544, 
    0.1151368288536551, 
    0.14878086857907316, 
    0.03763386945445003, 
    0.23309915881443283, 
    0.09961853902389288
   ], 
   [
    0.026961166679553783, 
    0, 
    0.03629091167578483, 
    0.06864960545546232, 
    0.2323119016903029, 
    0.001322737574066948, 
    0.16108365898491642, 
    0.17319760778232168, 
    0.17582810517676808, 
    0.0192053281310005, 
    0.059687512390840324, 
    0.045461464458982116
   ], 
   [
    0.150479060406095, 
    0.15068372199683458, 
    0, 
    0.0645169636614146, 
    0.08953992582903546, 
    0.015608501729822144, 
    0.057621828898288555, 
    0.16157509887051108, 
    0.07418428059369891, 
    0.009444224343912807, 
    0.061492643331831666, 
    0.16485375033855518
   ], 
   [
    0.07653393229891498, 
    0.1138538900692643, 
    0.03327847427074622, 
    0, 
    0.16048419805984715, 
    0.1242326305253263, 
    0.0650696808981786, 
    0.15359507439436035, 
    0.11888859175068786, 
    0.05240736606847721, 
    0.028769851665569016, 
    0.07288630999862794
   ], 
   [
    0.13255790525739278, 
    0.16054306945514743, 
    0.13314099339175264, 
    0.16433505122592998, 
    0, 
    0.06701706649008679, 
    0.07986540785877375, 
    0.015280486556436117, 
    0.06213263293373022, 
    0.017967634158574, 
    0.0701923924815474, 
    0.09696736019062867
   ], 
   [
    0.06203892421888799, 
    0.12269382546599665, 
    0.00277349550389901, 
    0.005711364180082105, 
    0.06968605766274477, 
    0, 
    0.15319996480048073, 
    0.12542933621748964, 
    0.1266899575299774, 
    0.10441195039489967, 
    0.09364324506864533, 
    0.13372187895689677
   ], 
   [
    0.04072982372007892, 
    0.16274823638419952, 
    0.1294690270783058, 
    0.007306038106344181, 
    0.19137396896069114, 
    0.16794316161725106, 
    0, 
    0.11722126344001177, 
    0.053145697493466926, 
    0.037702317704329705, 
    0.002884404730155676, 
    0.08947606076516541
   ], 
   [
    0.054904084823785664, 
    0.08208263814477118, 
    0.06145543301547668, 
    0.03657919315203683, 
    0.12193135913070598, 
    0.0998321380334974, 
    0.06747753183946602, 
    0, 
    0.14332919449481676, 
    0.11197835917902185, 
    0.06679262368207092, 
    0.15363744450435046
   ], 
   [
    0.16844152923884717, 
    0.06745868833763503, 
    0.015524780827397895, 
    0.035395954055062455, 
    0.0012861457363976339, 
    0.10584341422491317, 
    0.09521648612122649, 
    0.14086106999222528, 
    0, 
    0.16965058185832396, 
    0.07732277555541263, 
    0.12299857405255832
   ], 
   [
    0.061787776877170054, 
    0.014717280962974942, 
    0.12145633217709051, 
    0.013329171752886323, 
    0.14287549207713066, 
    0.19080061618489705, 
    0.12308871514479293, 
    0.057777551024944945, 
    0.04420497806194732, 
    0, 
    0.10057373698548513, 
    0.1293883487506802
   ], 
   [
    0.030317150006197866, 
    0.16173101548479252, 
    0.06966684315258355, 
    0.08162417266627826, 
    0.09944173269836291, 
    0.010923442388194878, 
    0.1207110440751009, 
    0.07183247954905814, 
    0.0669087486903166, 
    0.17297256053679952, 
    0, 
    0.11387081075231485
   ], 
   [
    0.06422146613131954, 
    0.09049777399034126, 
    0.09011295565923272, 
    0.17944064228506018, 
    0.10173254320455061, 
    0.013929283930592121, 
    0.005963455560313274, 
    0.1753421310504632, 
    0.0785420961946279, 
    0.035533051133458865, 
    0.16468460086004014, 
    0
   ]
  ]
 }, 
 "vehicle_capacities": [
  10, 
  10, 
  10, 
  30, 
  30, 
  30, 
  30, 
  30, 
  30, 
  30, 
  30, 
  30
 ]
}