{
 "vehicle_cost_per_km": [
  5, 
  5, 
  5, 
  5, 
  5
 ], 
 "runs": [
  {
   "avg_task_cost_vs_number_of_task": [
    1600, 
    1075, 
    1350, 
    1025, 
    970, 
    1083.3333333333333, 
    1000, 
    868.75, 
    794.4444444444445, 
    790, 
    786.3636363636364, 
    745.8333333333334, 
    750, 
    803.5714285714286, 
    773.3333333333334, 
    746.875, 
    773.5294117647059, 
    766.6666666666666, 
    786.8421052631579, 
    690, 
    745.2380952380952, 
    647.7272727272727, 
    723.9130434782609, 
    697.9166666666666, 
    746, 
    726.9230769230769, 
    735.1851851851852, 
    751.7857142857143, 
    767.2413793103449, 
    731.6666666666666
   ], 
   "number_of_vehicles": 3
  }
 ], 
 "vehicle_starting_positions": [
  "Lausanne", 
  "Gen\u00e8ve", 
  "Sion", 
  "Neuch\u00e2tel", 
  "Bern", 
  "Basel", 
  "Fribourg", 
  "Z\u00fcrich", 
  "Aarau", 
  "Luzern", 
  "St-Gallen", 
  "Thun"
 ], 
 "task_distribution": {
  "distance_matrix": [
   [
    0, 
    90, 
    150, 
    100, 
    150, 
    290, 
    100, 
    320, 
    260, 
    350, 
    440, 
    190
   ], 
   [
    90, 
    0, 
    240, 
    190, 
    240, 
    380, 
    190, 
    410, 
    350, 
    440, 
    530, 
    280
   ], 
   [
    150, 
    240, 
    0, 
    220, 
    160, 
    300, 
    210, 
    330, 
    270, 
    360, 
    450, 
    120
   ], 
   [
    100, 
    190, 
    220, 
    0, 
    60, 
    200, 
    110, 
    230, 
    170, 
    260, 
    350, 
    100
   ], 
   [
    150, 
    240, 
    160, 
    60, 
    0, 
    140, 
    50, 
    170, 
    110, 
    200, 
    290, 
    40
   ], 
   [
    290, 
    380, 
    300, 
    200, 
    140, 
    0, 
    190, 
    120, 
    180, 
    190, 
    240, 
    180
   ], 
   [
    100, 
    190, 
    210, 
    110, 
    50, 
    190, 
    0, 
    220, 
    160, 
    250, 
    340, 
    90
   ], 
   [
    320, 
    410, 
    330, 
    230, 
    170, 
    120, 
    220, 
    0, 
    60, 
    70, 
    120, 
    210
   ], 
   [
    260, 
    350, 
    270, 
    170, 
    110, 
    180, 
    160, 
    60, 
    0, 
    90, 
    180, 
    150
   ], 
   [
    350, 
    440, 
    360, 
    260, 
    200, 
    190, 
    250, 
    70, 
    90, 
    0, 
    190, 
    240
   ], 
   [
    440, 
    530, 
    450, 
    350, 
    290, 
    240, 
    340, 
    120, 
    180, 
    190, 
    0, 
    330
   ], 
   [
    190, 
    280, 
    120, 
    100, 
    40, 
    180, 
    90, 
    210, 
    150, 
    240, 
    330, 
    0
   ]
  ], 
  "weight_matrix": [
   [
    0, 
    3, 
    3, 
    3, 
    3, 
    3, 
    3, 
    3, 
    3, 
    3, 
    3, 
    3
   ], 
   [
    3, 
    0, 
    3, 
    3, 
    3, 
    3, 
    3, 
    3, 
    3, 
    3, 
    3, 
    3
   ], 
   [
    3, 
    3, 
    0, 
    3, 
    3, 
    3, 
    3, 
    3, 
    3, 
    3, 
    3, 
    3
   ], 
   [
    3, 
    3, 
    3, 
    0, 
    3, 
    3, 
    3, 
    3, 
    3, 
    3, 
    3, 
    3
   ], 
   [
    3, 
    3, 
    3, 
    3, 
    0, 
    3, 
    3, 
    3, 
    3, 
    3, 
    3, 
    3
   ], 
   [
    3, 
    3, 
    3, 
    3, 
    3, 
    0, 
    3, 
    3, 
    3, 
    3, 
    3, 
    3
   ], 
   [
    3, 
    3, 
    3, 
    3, 
    3, 
    3, 
    0, 
    3, 
    3, 
    3, 
    3, 
    3
   ], 
   [
    3, 
    3, 
    3, 
    3, 
    3, 
    3, 
    3, 
    0, 
    3, 
    3, 
    3, 
    3
   ], 
   [
    3, 
    3, 
    3, 
    3, 
    3, 
    3, 
    3, 
    3, 
    0, 
    3, 
    3, 
    3
   ], 
   [
    3, 
    3, 
    3, 
    3, 
    3, 
    3, 
    3, 
    3, 
    3, 
    0, 
    3, 
    3
   ], 
   [
    3, 
    3, 
    3, 
    3, 
    3, 
    3, 
    3, 
    3, 
    3, 
    3, 
    0, 
    3
   ], 
   [
    3, 
    3, 
    3, 
    3, 
    3, 
    3, 
    3, 
    3, 
    3, 
    3, 
    3, 
    0
   ]
  ], 
  "city_names": [
   "Lausanne", 
   "Gen\u00e8ve", 
   "Sion", 
   "Neuch\u00e2tel", 
   "Bern", 
   "Basel", 
   "Fribourg", 
   "Z\u00fcrich", 
   "Aarau", 
   "Luzern", 
   "St-Gallen", 
   "Thun"
  ], 
  "reward_matrix": [
   [
    0, 
    89805, 
    77572, 
    87766, 
    77572, 
    49030, 
    87766, 
    42913, 
    55146, 
    36797, 
    18448, 
    69417
   ], 
   [
    89805, 
    0, 
    59223, 
    69417, 
    59223, 
    30681, 
    69417, 
    24565, 
    36797, 
    18448, 
    100, 
    51068
   ], 
   [
    77572, 
    59223, 
    0, 
    63301, 
    75533, 
    46991, 
    65340, 
    40875, 
    53107, 
    34758, 
    16410, 
    83688
   ], 
   [
    87766, 
    69417, 
    63301, 
    0, 
    95921, 
    67378, 
    85727, 
    61262, 
    73495, 
    55146, 
    36797, 
    87766
   ], 
   [
    77572, 
    59223, 
    75533, 
    95921, 
    0, 
    79611, 
    97960, 
    73495, 
    85727, 
    67378, 
    49030, 
    99999
   ], 
   [
    49030, 
    30681, 
    46991, 
    67378, 
    79611, 
    0, 
    69417, 
    83688, 
    71456, 
    69417, 
    59223, 
    71456
   ], 
   [
    87766, 
    69417, 
    65340, 
    85727, 
    97960, 
    69417, 
    0, 
    63301, 
    75533, 
    57185, 
    38836, 
    89805
   ], 
   [
    42913, 
    24565, 
    40875, 
    61262, 
    73495, 
    83688, 
    63301, 
    0, 
    95921, 
    93882, 
    83688, 
    65340
   ], 
   [
    55146, 
    36797, 
    53107, 
    73495, 
    85727, 
    71456, 
    75533, 
    95921, 
    0, 
    89805, 
    71456, 
    77572
   ], 
   [
    36797, 
    18448, 
    34758, 
    55146, 
    67378, 
    69417, 
    57185, 
    93882, 
    89805, 
    0, 
    69417, 
    59223
   ], 
   [
    18448, 
    100, 
    16410, 
    36797, 
    49030, 
    59223, 
    38836, 
    83688, 
    71456, 
    69417, 
    0, 
    40875
   ], 
   [
    69417, 
    51068, 
    83688, 
    87766, 
    99999, 
    71456, 
    89805, 
    65340, 
    77572, 
    59223, 
    40875, 
    0
   ]
  ], 
  "probability_matrix": [
   [
    0, 
    0.125956283238245, 
    0.16450983224415397, 
    0.16186515754789518, 
    0.007440880455849481, 
    0.10379255697491317, 
    0.04839333577146889, 
    0.16604121844981554, 
    0.0812184335669598, 
    0.12122112716070643, 
    0.011908244865217021, 
    0.007652929724775421
   ], 
   [
    0.09285026501520192, 
    0, 
    0.17844316291410703, 
    0.2003547713349256, 
    0.05381101093555888, 
    0.11117349656195227, 
    0.03432651802492135, 
    0.06405814418425795, 
    0.03822027469178947, 
    0.14650743934597665, 
    0.06767927736095898, 
    0.01257563963034984
   ], 
   [
    0.13902165094266053, 
    0.0372024295413581, 
    0, 
    0.1415252290219962, 
    0.05752798645407981, 
    0.13680206280998294, 
    0.03253198812345519, 
    0.08561851478531965, 
    0.140397239628222, 
    0.0839305769564158, 
    0.09116670047802254, 
    0.05427562125848724
   ], 
   [
    0.13079864841996738, 
    0.16512705771944944, 
    0.11081197534985045, 
    0, 
    0.012847133332958699, 
    0.13169337466170816, 
    0.12737687988041838, 
    0.15899733987273576, 
    0.10039169134460289, 
    0.01669558283319217, 
    0.042915215381365, 
    0.0023451012037516575
   ], 
   [
    0.08365426761916246, 
    0.12092295723845498, 
    0.1263054857914795, 
    0.11793446740204934, 
    0, 
    0.08948554839403526, 
    0.12182276322929725, 
    0.10306767899521876, 
    0.03725768434673548, 
    0.019265705660837136, 
    0.0372173184122288, 
    0.14306612291050094
   ], 
   [
    0.006921948576798284, 
    0.04554528835901331, 
    0.06619767763540707, 
    0.11243100748302234, 
    0.006633652062027284, 
    0, 
    0.10644954352584864, 
    0.07423000436055388, 
    0.2396235501905285, 
    0.038914965617427064, 
    0.17393600834714756, 
    0.12911635384222583
   ], 
   [
    0.05890943176611632, 
    0.04291028077235422, 
    0.12741337907006745, 
    0.08029781876771462, 
    0.168908037554749, 
    0.12293087394318089, 
    0, 
    0.043899914279217515, 
    0.021528019521409463, 
    0.12063401278853758, 
    0.1103755045948949, 
    0.10219272694175803
   ], 
   [
    0.0581146575072406, 
    0.04577426716687269, 
    0.2041709811501802, 
    0.16790996573451814, 
    0.17119460161710756, 
    0.008710093860930744, 
    0.14189195790561235, 
    0, 
    0.07173812309365472, 
    0.02183838876729837, 
    0.019765198529059915, 
    0.08889176466752467
   ], 
   [
    0.1176487948107819, 
    0.11875442055440064, 
    0.039420024232995704, 
    0.02549358658211974, 
    0.144144223137378, 
    0.12185334839876942, 
    0.053534793386632966, 
    0.08345987248890453, 
    0, 
    0.1455068526272997, 
    0.13852383274269622, 
    0.011660251038021159
   ], 
   [
    0.16383201676034215, 
    0.12873990151149198, 
    0.15564202052389708, 
    0.1500754574792098, 
    0.07675297807691464, 
    0.08392071218474308, 
    0.05180795633009462, 
    0.10765053984046347, 
    0.006194205304376427, 
    0, 
    0.025302941262587163, 
    0.050081270725879604
   ], 
   [
    0.04899308969617165, 
    0.14884672929649756, 
    0.14773906317377522, 
    0.10991019015828546, 
    0.08206200797640718, 
    0.08961098762244667, 
    0.08544069673857405, 
    0.08720105614002115, 
    0.13187649820016137, 
    0.029458653110472324, 
    0, 
    0.03886102788718744
   ], 
   [
    0.1048973068234702, 
    0.09634328676255953, 
    0.0075483488431336, 
    0.10438876732549753, 
    0.1298109494520124, 
    0.03547503008752407, 
    0.030659608389770183, 
    0.12400619635303406, 
    0.11133287975868646, 
    0.13256563589831558, 
    0.12297199030599619, 
    0
   ]
  ]
 }, 
 "vehicle_capacities": [
  10, 
  10, 
  10, 
  30, 
  30, 
  30, 
  30, 
  30, 
  30, 
  30, 
  30, 
  30
 ]
}