{
 "distance_matrix": [
  [
   0, 
   90, 
   150, 
   100, 
   150, 
   290, 
   100, 
   320, 
   260, 
   350, 
   440, 
   190
  ], 
  [
   90, 
   0, 
   240, 
   190, 
   240, 
   380, 
   190, 
   410, 
   350, 
   440, 
   530, 
   280
  ], 
  [
   150, 
   240, 
   0, 
   220, 
   160, 
   300, 
   210, 
   330, 
   270, 
   360, 
   450, 
   120
  ], 
  [
   100, 
   190, 
   220, 
   0, 
   60, 
   200, 
   110, 
   230, 
   170, 
   260, 
   350, 
   100
  ], 
  [
   150, 
   240, 
   160, 
   60, 
   0, 
   140, 
   50, 
   170, 
   110, 
   200, 
   290, 
   40
  ], 
  [
   290, 
   380, 
   300, 
   200, 
   140, 
   0, 
   190, 
   120, 
   180, 
   190, 
   240, 
   180
  ], 
  [
   100, 
   190, 
   210, 
   110, 
   50, 
   190, 
   0, 
   220, 
   160, 
   250, 
   340, 
   90
  ], 
  [
   320, 
   410, 
   330, 
   230, 
   170, 
   120, 
   220, 
   0, 
   60, 
   70, 
   120, 
   210
  ], 
  [
   260, 
   350, 
   270, 
   170, 
   110, 
   180, 
   160, 
   60, 
   0, 
   90, 
   180, 
   150
  ], 
  [
   350, 
   440, 
   360, 
   260, 
   200, 
   190, 
   250, 
   70, 
   90, 
   0, 
   190, 
   240
  ], 
  [
   440, 
   530, 
   450, 
   350, 
   290, 
   240, 
   340, 
   120, 
   180, 
   190, 
   0, 
   330
  ], 
  [
   190, 
   280, 
   120, 
   100, 
   40, 
   180, 
   90, 
   210, 
   150, 
   240, 
   330, 
   0
  ]
 ], 
 "runs": [
  {
   "avg_task_cost_vs_number_of_task": [
    1350, 
    2000, 
    1333.3333333333333, 
    1112.5, 
    890, 
    741.6666666666666, 
    742.8571428571429, 
    712.5, 
    638.8888888888889, 
    575, 
    531.8181818181819, 
    487.5, 
    488.46153846153845, 
    503.57142857142856, 
    546.6666666666666, 
    515.625, 
    570.5882352941177, 
    527.7777777777778, 
    544.7368421052631, 
    520, 
    485.7142857142857, 
    500, 
    554.3478260869565, 
    450, 
    432, 
    419.2307692307692, 
    540.7407407407408, 
    385.7142857142857, 
    517.2413793103449, 
    480
   ], 
   "number_of_vehicles": 2
  }, 
  {
   "avg_task_cost_vs_number_of_task": [
    1350, 
    2000, 
    1333.3333333333333, 
    1112.5, 
    890, 
    741.6666666666666, 
    742.8571428571429, 
    712.5, 
    638.8888888888889, 
    585, 
    554.5454545454545, 
    487.5, 
    507.6923076923077, 
    482.14285714285717, 
    500, 
    484.375, 
    473.52941176470586, 
    491.6666666666667, 
    586.8421052631579, 
    490, 
    533.3333333333334, 
    581.8181818181819, 
    510.8695652173913, 
    537.5, 
    472, 
    421.15384615384613, 
    433.3333333333333, 
    439.2857142857143, 
    468.9655172413793, 
    468.3333333333333
   ], 
   "number_of_vehicles": 3
  }, 
  {
   "avg_task_cost_vs_number_of_task": [
    1350, 
    1625, 
    1083.3333333333333, 
    925, 
    740, 
    616.6666666666666, 
    800, 
    762.5, 
    638.8888888888889, 
    620, 
    531.8181818181819, 
    504.1666666666667, 
    550, 
    482.14285714285717, 
    476.6666666666667, 
    490.625, 
    514.7058823529412, 
    480.55555555555554, 
    552.6315789473684, 
    490, 
    542.8571428571429, 
    497.72727272727275, 
    476.0869565217391, 
    497.9166666666667, 
    474, 
    511.53846153846155, 
    453.7037037037037, 
    450, 
    424.13793103448273, 
    521.6666666666666
   ], 
   "number_of_vehicles": 4
  }, 
  {
   "avg_task_cost_vs_number_of_task": [
    900, 
    1550, 
    1033.3333333333333, 
    925, 
    740, 
    616.6666666666666, 
    678.5714285714286, 
    656.25, 
    588.8888888888889, 
    585, 
    554.5454545454545, 
    470.8333333333333, 
    473.0769230769231, 
    482.14285714285717, 
    510, 
    456.25, 
    552.9411764705883, 
    480.55555555555554, 
    542.1052631578947, 
    485, 
    471.42857142857144, 
    534.0909090909091, 
    476.0869565217391, 
    539.5833333333334, 
    504, 
    490.38461538461536, 
    450, 
    439.2857142857143, 
    418.9655172413793, 
    471.6666666666667
   ], 
   "number_of_vehicles": 5
  }
 ], 
 "vehicle_starting_positions": [
  "Bern", 
  "Luzern", 
  "Sion", 
  "St-Gallen", 
  "Aarau", 
  "Basel", 
  "Neuch\u00e2tel", 
  "Lausanne", 
  "Z\u00fcrich", 
  "Gen\u00e8ve", 
  "Thun", 
  "Fribourg"
 ], 
 "task_distribution": {
  "weight_matrix": [
   [
    0, 
    3, 
    3, 
    3, 
    3, 
    3, 
    3, 
    3, 
    3, 
    3, 
    3, 
    3
   ], 
   [
    3, 
    0, 
    3, 
    3, 
    3, 
    3, 
    3, 
    3, 
    3, 
    3, 
    3, 
    3
   ], 
   [
    3, 
    3, 
    0, 
    3, 
    3, 
    3, 
    3, 
    3, 
    3, 
    3, 
    3, 
    3
   ], 
   [
    3, 
    3, 
    3, 
    0, 
    3, 
    3, 
    3, 
    3, 
    3, 
    3, 
    3, 
    3
   ], 
   [
    3, 
    3, 
    3, 
    3, 
    0, 
    3, 
    3, 
    3, 
    3, 
    3, 
    3, 
    3
   ], 
   [
    3, 
    3, 
    3, 
    3, 
    3, 
    0, 
    3, 
    3, 
    3, 
    3, 
    3, 
    3
   ], 
   [
    3, 
    3, 
    3, 
    3, 
    3, 
    3, 
    0, 
    3, 
    3, 
    3, 
    3, 
    3
   ], 
   [
    3, 
    3, 
    3, 
    3, 
    3, 
    3, 
    3, 
    0, 
    3, 
    3, 
    3, 
    3
   ], 
   [
    3, 
    3, 
    3, 
    3, 
    3, 
    3, 
    3, 
    3, 
    0, 
    3, 
    3, 
    3
   ], 
   [
    3, 
    3, 
    3, 
    3, 
    3, 
    3, 
    3, 
    3, 
    3, 
    0, 
    3, 
    3
   ], 
   [
    3, 
    3, 
    3, 
    3, 
    3, 
    3, 
    3, 
    3, 
    3, 
    3, 
    0, 
    3
   ], 
   [
    3, 
    3, 
    3, 
    3, 
    3, 
    3, 
    3, 
    3, 
    3, 
    3, 
    3, 
    0
   ]
  ], 
  "city_names": [
   "Lausanne", 
   "Gen\u00e8ve", 
   "Sion", 
   "Neuch\u00e2tel", 
   "Bern", 
   "Basel", 
   "Fribourg", 
   "Z\u00fcrich", 
   "Aarau", 
   "Luzern", 
   "St-Gallen", 
   "Thun"
  ], 
  "reward_matrix": [
   [
    0, 
    89805, 
    77572, 
    87766, 
    77572, 
    49030, 
    87766, 
    42913, 
    55146, 
    36797, 
    18448, 
    69417
   ], 
   [
    89805, 
    0, 
    59223, 
    69417, 
    59223, 
    30681, 
    69417, 
    24565, 
    36797, 
    18448, 
    100, 
    51068
   ], 
   [
    77572, 
    59223, 
    0, 
    63301, 
    75533, 
    46991, 
    65340, 
    40875, 
    53107, 
    34758, 
    16410, 
    83688
   ], 
   [
    87766, 
    69417, 
    63301, 
    0, 
    95921, 
    67378, 
    85727, 
    61262, 
    73495, 
    55146, 
    36797, 
    87766
   ], 
   [
    77572, 
    59223, 
    75533, 
    95921, 
    0, 
    79611, 
    97960, 
    73495, 
    85727, 
    67378, 
    49030, 
    99999
   ], 
   [
    49030, 
    30681, 
    46991, 
    67378, 
    79611, 
    0, 
    69417, 
    83688, 
    71456, 
    69417, 
    59223, 
    71456
   ], 
   [
    87766, 
    69417, 
    65340, 
    85727, 
    97960, 
    69417, 
    0, 
    63301, 
    75533, 
    57185, 
    38836, 
    89805
   ], 
   [
    42913, 
    24565, 
    40875, 
    61262, 
    73495, 
    83688, 
    63301, 
    0, 
    95921, 
    93882, 
    83688, 
    65340
   ], 
   [
    55146, 
    36797, 
    53107, 
    73495, 
    85727, 
    71456, 
    75533, 
    95921, 
    0, 
    89805, 
    71456, 
    77572
   ], 
   [
    36797, 
    18448, 
    34758, 
    55146, 
    67378, 
    69417, 
    57185, 
    93882, 
    89805, 
    0, 
    69417, 
    59223
   ], 
   [
    18448, 
    100, 
    16410, 
    36797, 
    49030, 
    59223, 
    38836, 
    83688, 
    71456, 
    69417, 
    0, 
    40875
   ], 
   [
    69417, 
    51068, 
    83688, 
    87766, 
    99999, 
    71456, 
    89805, 
    65340, 
    77572, 
    59223, 
    40875, 
    0
   ]
  ], 
  "probability_matrix": [
   [
    0, 
    0.12489995281600012, 
    0.03815342572046895, 
    0.12255568859969178, 
    0.04691883715724452, 
    0.09781929039229403, 
    0.14154223958370507, 
    0.0004250731969847416, 
    0.07614232872815346, 
    0.12680238113222303, 
    0.12620525656914786, 
    0.09853552610408643
   ], 
   [
    0.07490198998136459, 
    0, 
    0.06860406124149103, 
    0.06735195942399323, 
    0.1626442677215931, 
    0.030482108455090775, 
    0.15910586087872225, 
    0.05118781767532118, 
    0.14653612471627303, 
    0.05664117344325933, 
    0.01771469978693659, 
    0.1648299366759549
   ], 
   [
    0.10117875332351682, 
    0.10355910051239894, 
    0, 
    0.12083047636125138, 
    0.12621418441501475, 
    0.018337364008295637, 
    0.08697517441091088, 
    0.03702111041039592, 
    0.13151524883321938, 
    0.08169497151208878, 
    0.13556598404370962, 
    0.057107632169197904
   ], 
   [
    0.10487259695795664, 
    0.10829056359229906, 
    0.10347711764177828, 
    0, 
    0.010929062510347011, 
    0.12295460547935566, 
    0.13991664480300345, 
    0.01411768907748821, 
    0.09691131515102305, 
    0.13909810549604987, 
    0.07997792580397292, 
    0.07945437348672586
   ], 
   [
    0.09179868490295282, 
    0.07911872455471915, 
    0.13004201114497582, 
    0.02974354510133014, 
    0, 
    0.15907104808498315, 
    0.06384023410206126, 
    0.07093228483949247, 
    0.031324201271157724, 
    0.1585960683070528, 
    0.14865446841487667, 
    0.0368787292763981
   ], 
   [
    0.02267041064991536, 
    0.12313956640114387, 
    0.07126593148889862, 
    0.0981230349889159, 
    0.07124957077636396, 
    0, 
    0.07122179151461949, 
    0.0783227325241205, 
    0.11711022960956778, 
    0.1518134867817091, 
    0.10693068559313146, 
    0.0881525596716139
   ], 
   [
    0.10189665262888072, 
    0.13697064205964557, 
    0.09665916070429814, 
    0.12649022144800326, 
    0.09571165894819697, 
    0.07781010617810846, 
    0, 
    0.0060250547738484456, 
    0.08622229033615395, 
    0.059650291898456505, 
    0.07920032405161685, 
    0.13336359697279118
   ], 
   [
    0.022133618746897243, 
    0.0415685361148943, 
    0.12378390497557212, 
    0.11296142123830717, 
    0.09239883449581131, 
    0.017927770456700524, 
    0.04823289131298803, 
    0, 
    0.14525560109760796, 
    0.1154507094822145, 
    0.12292582089932444, 
    0.15736089117968238
   ], 
   [
    0.12992426029208248, 
    0.005178965983313007, 
    0.1600660345163703, 
    0.14059008117483404, 
    0.0904422971496912, 
    0.06972754569693938, 
    0.019365395537155505, 
    0.01856329504942171, 
    0, 
    0.05453267766069855, 
    0.1767052647303058, 
    0.13490418220918787
   ], 
   [
    0.02294135485890231, 
    0.09257814588082888, 
    0.10271015873588256, 
    0.17592379842803654, 
    0.1597400161326055, 
    0.0918493609829108, 
    0.08806252413741478, 
    0.01937823321111478, 
    0.08278820298663972, 
    0, 
    0.026708945243784744, 
    0.13731925940187922
   ], 
   [
    0.04277203018956679, 
    0.12774563595281363, 
    0.09705502062445306, 
    0.12194193151967421, 
    0.06285737268673242, 
    0.06892264034222856, 
    0.07763473056372529, 
    0.07830512384578336, 
    0.11949288860166932, 
    0.0951936162906735, 
    0, 
    0.10807900938267978
   ], 
   [
    0.15247682932364987, 
    0.11986655670000516, 
    0.12595404060973905, 
    0.10499360134468443, 
    0.06195395648965604, 
    0.0343095589367703, 
    0.08494767590122917, 
    0.006596373243246629, 
    0.021373881546585753, 
    0.1211020451391915, 
    0.16642548076524216, 
    0
   ]
  ]
 }
}