{
 "vehicle_cost_per_km": [
  5, 
  5, 
  5, 
  5, 
  5
 ], 
 "runs": [
  {
   "avg_task_cost_vs_number_of_task": [
    2650, 
    2125, 
    1483.3333333333333, 
    1112.5, 
    980, 
    891.6666666666666, 
    764.2857142857143, 
    818.75, 
    861.1111111111111, 
    740, 
    672.7272727272727, 
    716.6666666666666, 
    734.6153846153846, 
    692.8571428571429, 
    656.6666666666666, 
    650, 
    602.9411764705883, 
    611.1111111111111, 
    571.0526315789474, 
    587.5, 
    552.3809523809524, 
    540.9090909090909, 
    617.3913043478261, 
    516.6666666666666, 
    502, 
    459.61538461538464, 
    455.55555555555554, 
    485.7142857142857, 
    444.82758620689657, 
    445
   ], 
   "number_of_vehicles": 3
  }
 ], 
 "vehicle_starting_positions": [
  "Lausanne", 
  "Gen\u00e8ve", 
  "Sion", 
  "Neuch\u00e2tel", 
  "Bern", 
  "Basel", 
  "Fribourg", 
  "Z\u00fcrich", 
  "Aarau", 
  "Luzern", 
  "St-Gallen", 
  "Thun"
 ], 
 "task_distribution": {
  "distance_matrix": [
   [
    0, 
    90, 
    150, 
    100, 
    150, 
    290, 
    100, 
    320, 
    260, 
    350, 
    440, 
    190
   ], 
   [
    90, 
    0, 
    240, 
    190, 
    240, 
    380, 
    190, 
    410, 
    350, 
    440, 
    530, 
    280
   ], 
   [
    150, 
    240, 
    0, 
    220, 
    160, 
    300, 
    210, 
    330, 
    270, 
    360, 
    450, 
    120
   ], 
   [
    100, 
    190, 
    220, 
    0, 
    60, 
    200, 
    110, 
    230, 
    170, 
    260, 
    350, 
    100
   ], 
   [
    150, 
    240, 
    160, 
    60, 
    0, 
    140, 
    50, 
    170, 
    110, 
    200, 
    290, 
    40
   ], 
   [
    290, 
    380, 
    300, 
    200, 
    140, 
    0, 
    190, 
    120, 
    180, 
    190, 
    240, 
    180
   ], 
   [
    100, 
    190, 
    210, 
    110, 
    50, 
    190, 
    0, 
    220, 
    160, 
    250, 
    340, 
    90
   ], 
   [
    320, 
    410, 
    330, 
    230, 
    170, 
    120, 
    220, 
    0, 
    60, 
    70, 
    120, 
    210
   ], 
   [
    260, 
    350, 
    270, 
    170, 
    110, 
    180, 
    160, 
    60, 
    0, 
    90, 
    180, 
    150
   ], 
   [
    350, 
    440, 
    360, 
    260, 
    200, 
    190, 
    250, 
    70, 
    90, 
    0, 
    190, 
    240
   ], 
   [
    440, 
    530, 
    450, 
    350, 
    290, 
    240, 
    340, 
    120, 
    180, 
    190, 
    0, 
    330
   ], 
   [
    190, 
    280, 
    120, 
    100, 
    40, 
    180, 
    90, 
    210, 
    150, 
    240, 
    330, 
    0
   ]
  ], 
  "weight_matrix": [
   [
    0, 
    3, 
    3, 
    3, 
    3, 
    3, 
    3, 
    3, 
    3, 
    3, 
    3, 
    3
   ], 
   [
    3, 
    0, 
    3, 
    3, 
    3, 
    3, 
    3, 
    3, 
    3, 
    3, 
    3, 
    3
   ], 
   [
    3, 
    3, 
    0, 
    3, 
    3, 
    3, 
    3, 
    3, 
    3, 
    3, 
    3, 
    3
   ], 
   [
    3, 
    3, 
    3, 
    0, 
    3, 
    3, 
    3, 
    3, 
    3, 
    3, 
    3, 
    3
   ], 
   [
    3, 
    3, 
    3, 
    3, 
    0, 
    3, 
    3, 
    3, 
    3, 
    3, 
    3, 
    3
   ], 
   [
    3, 
    3, 
    3, 
    3, 
    3, 
    0, 
    3, 
    3, 
    3, 
    3, 
    3, 
    3
   ], 
   [
    3, 
    3, 
    3, 
    3, 
    3, 
    3, 
    0, 
    3, 
    3, 
    3, 
    3, 
    3
   ], 
   [
    3, 
    3, 
    3, 
    3, 
    3, 
    3, 
    3, 
    0, 
    3, 
    3, 
    3, 
    3
   ], 
   [
    3, 
    3, 
    3, 
    3, 
    3, 
    3, 
    3, 
    3, 
    0, 
    3, 
    3, 
    3
   ], 
   [
    3, 
    3, 
    3, 
    3, 
    3, 
    3, 
    3, 
    3, 
    3, 
    0, 
    3, 
    3
   ], 
   [
    3, 
    3, 
    3, 
    3, 
    3, 
    3, 
    3, 
    3, 
    3, 
    3, 
    0, 
    3
   ], 
   [
    3, 
    3, 
    3, 
    3, 
    3, 
    3, 
    3, 
    3, 
    3, 
    3, 
    3, 
    0
   ]
  ], 
  "city_names": [
   "Lausanne", 
   "Gen\u00e8ve", 
   "Sion", 
   "Neuch\u00e2tel", 
   "Bern", 
   "Basel", 
   "Fribourg", 
   "Z\u00fcrich", 
   "Aarau", 
   "Luzern", 
   "St-Gallen", 
   "Thun"
  ], 
  "reward_matrix": [
   [
    0, 
    89805, 
    77572, 
    87766, 
    77572, 
    49030, 
    87766, 
    42913, 
    55146, 
    36797, 
    18448, 
    69417
   ], 
   [
    89805, 
    0, 
    59223, 
    69417, 
    59223, 
    30681, 
    69417, 
    24565, 
    36797, 
    18448, 
    100, 
    51068
   ], 
   [
    77572, 
    59223, 
    0, 
    63301, 
    75533, 
    46991, 
    65340, 
    40875, 
    53107, 
    34758, 
    16410, 
    83688
   ], 
   [
    87766, 
    69417, 
    63301, 
    0, 
    95921, 
    67378, 
    85727, 
    61262, 
    73495, 
    55146, 
    36797, 
    87766
   ], 
   [
    77572, 
    59223, 
    75533, 
    95921, 
    0, 
    79611, 
    97960, 
    73495, 
    85727, 
    67378, 
    49030, 
    99999
   ], 
   [
    49030, 
    30681, 
    46991, 
    67378, 
    79611, 
    0, 
    69417, 
    83688, 
    71456, 
    69417, 
    59223, 
    71456
   ], 
   [
    87766, 
    69417, 
    65340, 
    85727, 
    97960, 
    69417, 
    0, 
    63301, 
    75533, 
    57185, 
    38836, 
    89805
   ], 
   [
    42913, 
    24565, 
    40875, 
    61262, 
    73495, 
    83688, 
    63301, 
    0, 
    95921, 
    93882, 
    83688, 
    65340
   ], 
   [
    55146, 
    36797, 
    53107, 
    73495, 
    85727, 
    71456, 
    75533, 
    95921, 
    0, 
    89805, 
    71456, 
    77572
   ], 
   [
    36797, 
    18448, 
    34758, 
    55146, 
    67378, 
    69417, 
    57185, 
    93882, 
    89805, 
    0, 
    69417, 
    59223
   ], 
   [
    18448, 
    100, 
    16410, 
    36797, 
    49030, 
    59223, 
    38836, 
    83688, 
    71456, 
    69417, 
    0, 
    40875
   ], 
   [
    69417, 
    51068, 
    83688, 
    87766, 
    99999, 
    71456, 
    89805, 
    65340, 
    77572, 
    59223, 
    40875, 
    0
   ]
  ], 
  "probability_matrix": [
   [
    0, 
    0.0252926720697625, 
    0.08036372885398742, 
    0.10652849643854369, 
    0.13117474333328968, 
    0.10940891910457509, 
    0.05616770394192842, 
    0.12010749608699677, 
    0.08101585112003334, 
    0.07388091888811059, 
    0.14997462859541547, 
    0.06608484156735688
   ], 
   [
    0.10828709898257254, 
    0, 
    0.001450007742453924, 
    0.042720125729099286, 
    0.14644392181125512, 
    0.15797751685021352, 
    0.11101157674967879, 
    0.11457175096799856, 
    0.1283042104326666, 
    0.05983095157042464, 
    0.0020961088914467413, 
    0.12730673027219025
   ], 
   [
    0.06789843009325083, 
    0.14077062846501284, 
    0, 
    0.16375498168195082, 
    0.10059510472904233, 
    0.014798757921508964, 
    0.13282738418685694, 
    0.03984553431489911, 
    0.04769610692424156, 
    0.01769399437624409, 
    0.15703768259076753, 
    0.1170813947162251
   ], 
   [
    0.08269971541598356, 
    0.12429547474518154, 
    0.14939342993446172, 
    0, 
    0.03530491481171949, 
    0.1644031681146787, 
    0.13187396195089832, 
    0.061854883404814105, 
    0.04060744224656106, 
    0.09401477083908945, 
    0.09510219849374074, 
    0.020450040042871345
   ], 
   [
    0.1193880225620691, 
    0.10095819383779885, 
    0.13285315084866473, 
    0.05099621179751693, 
    0, 
    0.10194465325060093, 
    0.07218328618528722, 
    0.0239955085069287, 
    0.05889366181200489, 
    0.1401330406123191, 
    0.09324411273039371, 
    0.10541015785641586
   ], 
   [
    0.1549663192406071, 
    0.055431747766480535, 
    0.12277309532849952, 
    0.08476401923959188, 
    0.09033394209157608, 
    0, 
    0.081076372854911, 
    0.0014927507916351604, 
    0.0663623832238462, 
    0.13608840155869975, 
    0.06933691094954338, 
    0.1373740569546094
   ], 
   [
    0.142483503774513, 
    0.0269625853860718, 
    0.11882085122139914, 
    0.10327017220528606, 
    0.11778111974364597, 
    0.039567550494710044, 
    0, 
    0.012811839650293259, 
    0.16132226490168633, 
    0.07465510772978091, 
    0.15405763081415216, 
    0.048267374078461246
   ], 
   [
    0.14698231582644805, 
    0.0012219099998406287, 
    0.0702872006137837, 
    0.02570691748034814, 
    0.17493776112871082, 
    0.16458768561184253, 
    0.02495385262775338, 
    0, 
    0.014743188006922148, 
    0.155159066091289, 
    0.07179926571438196, 
    0.14962083689867944
   ], 
   [
    0.03799796034356112, 
    0.09689980514257539, 
    0.09133502812109935, 
    0.0719029709708902, 
    0.1282991845764524, 
    0.12803531040188473, 
    0.04680893726012404, 
    0.10308652558219744, 
    0, 
    0.12464255036400813, 
    0.08252696310290247, 
    0.08846476413430461
   ], 
   [
    0.15640649519745695, 
    0.04579636500667474, 
    0.16428151341655214, 
    0.01256120863408572, 
    0.09695389288641552, 
    0.14350121521569204, 
    0.07494071761595048, 
    0.12636477203277094, 
    0.023158553836592738, 
    0, 
    0.04407311033251594, 
    0.11196215582529294
   ], 
   [
    0.14505972220732335, 
    0.17888228185107005, 
    0.15568374707688662, 
    0.07749898463067974, 
    0.03530557474177064, 
    0.02934104001247271, 
    0.039289925874557846, 
    0.002502466195097214, 
    0.04667765741375683, 
    0.15840916713104566, 
    0, 
    0.13134943286533926
   ], 
   [
    0.09048214435309149, 
    0.05691840917472155, 
    0.15832227626110512, 
    0.03090661767463048, 
    0.12018955711211811, 
    0.031073494980584766, 
    0.1386442453414853, 
    0.05292390268720977, 
    0.186435348501368, 
    0.12764006311890166, 
    0.006463940794783864, 
    0
   ]
  ]
 }, 
 "vehicle_capacities": [
  15, 
  15, 
  15, 
  30, 
  30, 
  30, 
  30, 
  30, 
  30, 
  30, 
  30, 
  30
 ]
}