{
 "distance_matrix": [
  [
   0, 
   90, 
   150, 
   100, 
   150, 
   290, 
   100, 
   320, 
   260, 
   350, 
   440, 
   190
  ], 
  [
   90, 
   0, 
   240, 
   190, 
   240, 
   380, 
   190, 
   410, 
   350, 
   440, 
   530, 
   280
  ], 
  [
   150, 
   240, 
   0, 
   220, 
   160, 
   300, 
   210, 
   330, 
   270, 
   360, 
   450, 
   120
  ], 
  [
   100, 
   190, 
   220, 
   0, 
   60, 
   200, 
   110, 
   230, 
   170, 
   260, 
   350, 
   100
  ], 
  [
   150, 
   240, 
   160, 
   60, 
   0, 
   140, 
   50, 
   170, 
   110, 
   200, 
   290, 
   40
  ], 
  [
   290, 
   380, 
   300, 
   200, 
   140, 
   0, 
   190, 
   120, 
   180, 
   190, 
   240, 
   180
  ], 
  [
   100, 
   190, 
   210, 
   110, 
   50, 
   190, 
   0, 
   220, 
   160, 
   250, 
   340, 
   90
  ], 
  [
   320, 
   410, 
   330, 
   230, 
   170, 
   120, 
   220, 
   0, 
   60, 
   70, 
   120, 
   210
  ], 
  [
   260, 
   350, 
   270, 
   170, 
   110, 
   180, 
   160, 
   60, 
   0, 
   90, 
   180, 
   150
  ], 
  [
   350, 
   440, 
   360, 
   260, 
   200, 
   190, 
   250, 
   70, 
   90, 
   0, 
   190, 
   240
  ], 
  [
   440, 
   530, 
   450, 
   350, 
   290, 
   240, 
   340, 
   120, 
   180, 
   190, 
   0, 
   330
  ], 
  [
   190, 
   280, 
   120, 
   100, 
   40, 
   180, 
   90, 
   210, 
   150, 
   240, 
   330, 
   0
  ]
 ], 
 "runs": [
  {
   "avg_task_cost_vs_number_of_task": [
    4450, 
    2450, 
    1900, 
    1537.5, 
    1230, 
    1025, 
    1007.1428571428571, 
    881.25, 
    783.3333333333334, 
    735, 
    713.6363636363636, 
    654.1666666666666, 
    638.4615384615385, 
    614.2857142857143, 
    553.3333333333334, 
    590.625, 
    564.7058823529412, 
    541.6666666666666, 
    481.57894736842104, 
    507.5, 
    511.9047619047619, 
    515.9090909090909, 
    469.5652173913044, 
    508.3333333333333, 
    446, 
    473.0769230769231, 
    500, 
    457.14285714285717, 
    405.17241379310343, 
    356.6666666666667
   ], 
   "number_of_vehicles": 2
  }, 
  {
   "avg_task_cost_vs_number_of_task": [
    3400, 
    2125, 
    1883.3333333333333, 
    1412.5, 
    1130, 
    941.6666666666666, 
    864.2857142857143, 
    756.25, 
    772.2222222222222, 
    695, 
    686.3636363636364, 
    629.1666666666666, 
    669.2307692307693, 
    596.4285714285714, 
    586.6666666666666, 
    584.375, 
    594.1176470588235, 
    547.2222222222222, 
    531.578947368421, 
    505, 
    447.6190476190476, 
    434.09090909090907, 
    500, 
    433.3333333333333, 
    510, 
    500, 
    457.4074074074074, 
    462.5, 
    422.41379310344826, 
    438.3333333333333
   ], 
   "number_of_vehicles": 3
  }, 
  {
   "avg_task_cost_vs_number_of_task": [
    3150, 
    2000, 
    1800, 
    1412.5, 
    1130, 
    941.6666666666666, 
    864.2857142857143, 
    756.25, 
    772.2222222222222, 
    695, 
    686.3636363636364, 
    704.1666666666666, 
    638.4615384615385, 
    607.1428571428571, 
    586.6666666666666, 
    590.625, 
    535.2941176470588, 
    600, 
    492.10526315789474, 
    467.5, 
    461.9047619047619, 
    438.6363636363636, 
    432.60869565217394, 
    402.0833333333333, 
    432, 
    473.0769230769231, 
    420.3703703703704, 
    480.35714285714283, 
    387.9310344827586, 
    426.6666666666667
   ], 
   "number_of_vehicles": 4
  }, 
  {
   "avg_task_cost_vs_number_of_task": [
    3150, 
    2000, 
    1800, 
    1412.5, 
    1130, 
    941.6666666666666, 
    864.2857142857143, 
    756.25, 
    772.2222222222222, 
    695, 
    686.3636363636364, 
    654.1666666666666, 
    684.6153846153846, 
    625, 
    553.3333333333334, 
    565.625, 
    535.2941176470588, 
    600, 
    481.57894736842104, 
    495, 
    514.2857142857143, 
    490.90909090909093, 
    452.17391304347825, 
    416.6666666666667, 
    482, 
    440.38461538461536, 
    442.5925925925926, 
    378.57142857142856, 
    406.8965517241379, 
    420
   ], 
   "number_of_vehicles": 5
  }
 ], 
 "vehicle_starting_positions": [
  "Gen\u00e8ve", 
  "Sion", 
  "Basel", 
  "Luzern", 
  "Neuch\u00e2tel", 
  "Lausanne", 
  "St-Gallen", 
  "Bern", 
  "Aarau", 
  "Z\u00fcrich", 
  "Fribourg", 
  "Thun"
 ], 
 "task_distribution": {
  "weight_matrix": [
   [
    0, 
    3, 
    3, 
    3, 
    3, 
    3, 
    3, 
    3, 
    3, 
    3, 
    3, 
    3
   ], 
   [
    3, 
    0, 
    3, 
    3, 
    3, 
    3, 
    3, 
    3, 
    3, 
    3, 
    3, 
    3
   ], 
   [
    3, 
    3, 
    0, 
    3, 
    3, 
    3, 
    3, 
    3, 
    3, 
    3, 
    3, 
    3
   ], 
   [
    3, 
    3, 
    3, 
    0, 
    3, 
    3, 
    3, 
    3, 
    3, 
    3, 
    3, 
    3
   ], 
   [
    3, 
    3, 
    3, 
    3, 
    0, 
    3, 
    3, 
    3, 
    3, 
    3, 
    3, 
    3
   ], 
   [
    3, 
    3, 
    3, 
    3, 
    3, 
    0, 
    3, 
    3, 
    3, 
    3, 
    3, 
    3
   ], 
   [
    3, 
    3, 
    3, 
    3, 
    3, 
    3, 
    0, 
    3, 
    3, 
    3, 
    3, 
    3
   ], 
   [
    3, 
    3, 
    3, 
    3, 
    3, 
    3, 
    3, 
    0, 
    3, 
    3, 
    3, 
    3
   ], 
   [
    3, 
    3, 
    3, 
    3, 
    3, 
    3, 
    3, 
    3, 
    0, 
    3, 
    3, 
    3
   ], 
   [
    3, 
    3, 
    3, 
    3, 
    3, 
    3, 
    3, 
    3, 
    3, 
    0, 
    3, 
    3
   ], 
   [
    3, 
    3, 
    3, 
    3, 
    3, 
    3, 
    3, 
    3, 
    3, 
    3, 
    0, 
    3
   ], 
   [
    3, 
    3, 
    3, 
    3, 
    3, 
    3, 
    3, 
    3, 
    3, 
    3, 
    3, 
    0
   ]
  ], 
  "city_names": [
   "Lausanne", 
   "Gen\u00e8ve", 
   "Sion", 
   "Neuch\u00e2tel", 
   "Bern", 
   "Basel", 
   "Fribourg", 
   "Z\u00fcrich", 
   "Aarau", 
   "Luzern", 
   "St-Gallen", 
   "Thun"
  ], 
  "reward_matrix": [
   [
    0, 
    89805, 
    77572, 
    87766, 
    77572, 
    49030, 
    87766, 
    42913, 
    55146, 
    36797, 
    18448, 
    69417
   ], 
   [
    89805, 
    0, 
    59223, 
    69417, 
    59223, 
    30681, 
    69417, 
    24565, 
    36797, 
    18448, 
    100, 
    51068
   ], 
   [
    77572, 
    59223, 
    0, 
    63301, 
    75533, 
    46991, 
    65340, 
    40875, 
    53107, 
    34758, 
    16410, 
    83688
   ], 
   [
    87766, 
    69417, 
    63301, 
    0, 
    95921, 
    67378, 
    85727, 
    61262, 
    73495, 
    55146, 
    36797, 
    87766
   ], 
   [
    77572, 
    59223, 
    75533, 
    95921, 
    0, 
    79611, 
    97960, 
    73495, 
    85727, 
    67378, 
    49030, 
    99999
   ], 
   [
    49030, 
    30681, 
    46991, 
    67378, 
    79611, 
    0, 
    69417, 
    83688, 
    71456, 
    69417, 
    59223, 
    71456
   ], 
   [
    87766, 
    69417, 
    65340, 
    85727, 
    97960, 
    69417, 
    0, 
    63301, 
    75533, 
    57185, 
    38836, 
    89805
   ], 
   [
    42913, 
    24565, 
    40875, 
    61262, 
    73495, 
    83688, 
    63301, 
    0, 
    95921, 
    93882, 
    83688, 
    65340
   ], 
   [
    55146, 
    36797, 
    53107, 
    73495, 
    85727, 
    71456, 
    75533, 
    95921, 
    0, 
    89805, 
    71456, 
    77572
   ], 
   [
    36797, 
    18448, 
    34758, 
    55146, 
    67378, 
    69417, 
    57185, 
    93882, 
    89805, 
    0, 
    69417, 
    59223
   ], 
   [
    18448, 
    100, 
    16410, 
    36797, 
    49030, 
    59223, 
    38836, 
    83688, 
    71456, 
    69417, 
    0, 
    40875
   ], 
   [
    69417, 
    51068, 
    83688, 
    87766, 
    99999, 
    71456, 
    89805, 
    65340, 
    77572, 
    59223, 
    40875, 
    0
   ]
  ], 
  "probability_matrix": [
   [
    0, 
    0.14504384873617543, 
    0.14795712402884673, 
    0.15747519465051774, 
    0.04921274666115307, 
    0.07953434069293662, 
    0.11120215003278157, 
    0.04891477133428466, 
    0.02441356240052867, 
    0.12415319487478838, 
    0.08554767210323806, 
    0.026545394484748935
   ], 
   [
    0.16721364956520723, 
    0, 
    0.11039124452529546, 
    0.14524009120954123, 
    0.011186611611781399, 
    0.043620247513570146, 
    0.01806154010694868, 
    0.12386970868137688, 
    0.025992558728387734, 
    0.10803975531738923, 
    0.09168188692302698, 
    0.15470270581747492
   ], 
   [
    0.0748440258304364, 
    0.07919177369542117, 
    0, 
    0.03250441008972715, 
    0.1513222671420387, 
    0.05113200641016303, 
    0.08686763857116281, 
    0.037677996102429404, 
    0.14600632818726825, 
    0.0749990036654838, 
    0.08069199573044054, 
    0.1847625545754288
   ], 
   [
    0.1845525701455773, 
    0.002281435835617404, 
    0.030090184948485667, 
    0, 
    0.012159169548984007, 
    0.04252564364245265, 
    0.016901675704192175, 
    0.17494237080808486, 
    0.12319250861915872, 
    0.10302236586660272, 
    0.1421172718704336, 
    0.16821480301041086
   ], 
   [
    0.09589753290409227, 
    0.09769755648067847, 
    0.041999578435987915, 
    0.04111554768496882, 
    0, 
    0.013104357314480395, 
    0.011586784987380572, 
    0.18421621254204074, 
    0.13788501817118326, 
    0.14345731485671354, 
    0.06258266351862793, 
    0.17045743310384606
   ], 
   [
    0.16124886737400662, 
    0.09431881413331221, 
    0.05606216581355358, 
    0.10093668032044975, 
    0.08698440256530841, 
    0, 
    0.01954449273312911, 
    0.12388111350963311, 
    0.11612554581475185, 
    0.08251213868332963, 
    0.07205247185313278, 
    0.08633330719939292
   ], 
   [
    0.1490187038200154, 
    0.031229423423644195, 
    0.0558403691768135, 
    0.10059527401759435, 
    0.009284969012976676, 
    0.09326027327193573, 
    0, 
    0.11367832864282432, 
    0.09849854586392182, 
    0.11345298104913089, 
    0.06897407957404315, 
    0.16616705214709995
   ], 
   [
    0.17105448505130877, 
    0.06397171132799971, 
    0.16818140646369034, 
    0.17223650903832396, 
    0.019370433475848447, 
    0.06719701739994215, 
    0.13982335524929643, 
    0, 
    0.14137225910789689, 
    0.015087970406428957, 
    0.03299336065226888, 
    0.00871149182699549
   ], 
   [
    0.07385481725985332, 
    0.0128185557285608, 
    0.04205594102156279, 
    0.007740194334147794, 
    0.1314910681268681, 
    0.16549382730954273, 
    0.05855931937545152, 
    0.21687930006057626, 
    0, 
    0.10018426076224611, 
    0.15114338241506942, 
    0.03977933360612102
   ], 
   [
    0.16707325806620346, 
    0.16518371996874867, 
    0.005225743378609234, 
    0.1324158227670054, 
    0.03356312655747015, 
    0.010107056071419703, 
    0.11383175863762414, 
    0.125948730097182, 
    0.05240894439407651, 
    0, 
    0.06779071483174069, 
    0.12645112522991997
   ], 
   [
    0.07707425152296064, 
    0.034418343495332335, 
    0.10564670375646897, 
    0.1523448006757997, 
    0.06961207290208522, 
    0.10802329701650341, 
    0.09886550613228462, 
    0.018418145299076503, 
    0.06731740411137352, 
    0.1386786981321321, 
    0, 
    0.129600776955983
   ], 
   [
    0.08733386673482693, 
    0.11458925569894968, 
    0.09161164084183723, 
    0.025220795713168206, 
    0.07930146193355231, 
    0.1520742860000669, 
    0.08860337227913527, 
    0.008509485016223568, 
    0.051532703215019, 
    0.13982536192526043, 
    0.16139777064196045, 
    0
   ]
  ]
 }
}