{
 "vehicle_cost_per_km": [
  5, 
  5, 
  5, 
  5, 
  5
 ], 
 "runs": [
  {
   "avg_task_cost_vs_number_of_task": [
    1400, 
    975, 
    1250, 
    1287.5, 
    1030, 
    950, 
    957.1428571428571, 
    837.5, 
    761.1111111111111, 
    690, 
    622.7272727272727, 
    570.8333333333334, 
    546.1538461538462, 
    550, 
    546.6666666666666, 
    531.25, 
    467.6470588235294, 
    502.77777777777777, 
    465.7894736842105, 
    475, 
    497.6190476190476, 
    452.27272727272725, 
    489.1304347826087, 
    468.75, 
    462, 
    425, 
    442.5925925925926, 
    437.5, 
    400, 
    453.3333333333333
   ], 
   "number_of_vehicles": 2
  }, 
  {
   "avg_task_cost_vs_number_of_task": [
    1400, 
    975, 
    1250, 
    1287.5, 
    1030, 
    950, 
    957.1428571428571, 
    837.5, 
    788.8888888888889, 
    685, 
    622.7272727272727, 
    570.8333333333334, 
    526.9230769230769, 
    517.8571428571429, 
    550, 
    521.875, 
    476.47058823529414, 
    502.77777777777777, 
    531.578947368421, 
    512.5, 
    488.0952380952381, 
    450, 
    458.69565217391306, 
    435.4166666666667, 
    404, 
    444.2307692307692, 
    462.962962962963, 
    423.2142857142857, 
    429.3103448275862, 
    428.3333333333333
   ], 
   "number_of_vehicles": 3
  }, 
  {
   "avg_task_cost_vs_number_of_task": [
    1400, 
    875, 
    1116.6666666666667, 
    1187.5, 
    990, 
    891.6666666666666, 
    928.5714285714286, 
    812.5, 
    761.1111111111111, 
    685, 
    622.7272727272727, 
    570.8333333333334, 
    600, 
    528.5714285714286, 
    536.6666666666666, 
    503.125, 
    552.9411764705883, 
    469.44444444444446, 
    534.2105263157895, 
    525, 
    469.04761904761904, 
    461.3636363636364, 
    419.5652173913044, 
    464.5833333333333, 
    390, 
    407.6923076923077, 
    438.8888888888889, 
    467.85714285714283, 
    477.58620689655174, 
    451.6666666666667
   ], 
   "number_of_vehicles": 4
  }, 
  {
   "avg_task_cost_vs_number_of_task": [
    1400, 
    875, 
    1116.6666666666667, 
    1012.5, 
    890, 
    841.6666666666666, 
    900, 
    750, 
    683.3333333333334, 
    615, 
    559.0909090909091, 
    512.5, 
    473.0769230769231, 
    507.14285714285717, 
    483.3333333333333, 
    515.625, 
    517.6470588235294, 
    488.8888888888889, 
    486.8421052631579, 
    515, 
    440.4761904761905, 
    447.72727272727275, 
    480.4347826086956, 
    422.9166666666667, 
    422, 
    436.53846153846155, 
    405.55555555555554, 
    426.7857142857143, 
    374.13793103448273, 
    446.6666666666667
   ], 
   "number_of_vehicles": 5
  }
 ], 
 "vehicle_starting_positions": [
  "Bern", 
  "Sion", 
  "Aarau", 
  "Thun", 
  "Basel", 
  "St-Gallen", 
  "Luzern", 
  "Z\u00fcrich", 
  "Fribourg", 
  "Neuch\u00e2tel", 
  "Gen\u00e8ve", 
  "Lausanne"
 ], 
 "task_distribution": {
  "distance_matrix": [
   [
    0, 
    90, 
    150, 
    100, 
    150, 
    290, 
    100, 
    320, 
    260, 
    350, 
    440, 
    190
   ], 
   [
    90, 
    0, 
    240, 
    190, 
    240, 
    380, 
    190, 
    410, 
    350, 
    440, 
    530, 
    280
   ], 
   [
    150, 
    240, 
    0, 
    220, 
    160, 
    300, 
    210, 
    330, 
    270, 
    360, 
    450, 
    120
   ], 
   [
    100, 
    190, 
    220, 
    0, 
    60, 
    200, 
    110, 
    230, 
    170, 
    260, 
    350, 
    100
   ], 
   [
    150, 
    240, 
    160, 
    60, 
    0, 
    140, 
    50, 
    170, 
    110, 
    200, 
    290, 
    40
   ], 
   [
    290, 
    380, 
    300, 
    200, 
    140, 
    0, 
    190, 
    120, 
    180, 
    190, 
    240, 
    180
   ], 
   [
    100, 
    190, 
    210, 
    110, 
    50, 
    190, 
    0, 
    220, 
    160, 
    250, 
    340, 
    90
   ], 
   [
    320, 
    410, 
    330, 
    230, 
    170, 
    120, 
    220, 
    0, 
    60, 
    70, 
    120, 
    210
   ], 
   [
    260, 
    350, 
    270, 
    170, 
    110, 
    180, 
    160, 
    60, 
    0, 
    90, 
    180, 
    150
   ], 
   [
    350, 
    440, 
    360, 
    260, 
    200, 
    190, 
    250, 
    70, 
    90, 
    0, 
    190, 
    240
   ], 
   [
    440, 
    530, 
    450, 
    350, 
    290, 
    240, 
    340, 
    120, 
    180, 
    190, 
    0, 
    330
   ], 
   [
    190, 
    280, 
    120, 
    100, 
    40, 
    180, 
    90, 
    210, 
    150, 
    240, 
    330, 
    0
   ]
  ], 
  "weight_matrix": [
   [
    0, 
    3, 
    3, 
    3, 
    3, 
    3, 
    3, 
    3, 
    3, 
    3, 
    3, 
    3
   ], 
   [
    3, 
    0, 
    3, 
    3, 
    3, 
    3, 
    3, 
    3, 
    3, 
    3, 
    3, 
    3
   ], 
   [
    3, 
    3, 
    0, 
    3, 
    3, 
    3, 
    3, 
    3, 
    3, 
    3, 
    3, 
    3
   ], 
   [
    3, 
    3, 
    3, 
    0, 
    3, 
    3, 
    3, 
    3, 
    3, 
    3, 
    3, 
    3
   ], 
   [
    3, 
    3, 
    3, 
    3, 
    0, 
    3, 
    3, 
    3, 
    3, 
    3, 
    3, 
    3
   ], 
   [
    3, 
    3, 
    3, 
    3, 
    3, 
    0, 
    3, 
    3, 
    3, 
    3, 
    3, 
    3
   ], 
   [
    3, 
    3, 
    3, 
    3, 
    3, 
    3, 
    0, 
    3, 
    3, 
    3, 
    3, 
    3
   ], 
   [
    3, 
    3, 
    3, 
    3, 
    3, 
    3, 
    3, 
    0, 
    3, 
    3, 
    3, 
    3
   ], 
   [
    3, 
    3, 
    3, 
    3, 
    3, 
    3, 
    3, 
    3, 
    0, 
    3, 
    3, 
    3
   ], 
   [
    3, 
    3, 
    3, 
    3, 
    3, 
    3, 
    3, 
    3, 
    3, 
    0, 
    3, 
    3
   ], 
   [
    3, 
    3, 
    3, 
    3, 
    3, 
    3, 
    3, 
    3, 
    3, 
    3, 
    0, 
    3
   ], 
   [
    3, 
    3, 
    3, 
    3, 
    3, 
    3, 
    3, 
    3, 
    3, 
    3, 
    3, 
    0
   ]
  ], 
  "city_names": [
   "Lausanne", 
   "Gen\u00e8ve", 
   "Sion", 
   "Neuch\u00e2tel", 
   "Bern", 
   "Basel", 
   "Fribourg", 
   "Z\u00fcrich", 
   "Aarau", 
   "Luzern", 
   "St-Gallen", 
   "Thun"
  ], 
  "reward_matrix": [
   [
    0, 
    89805, 
    77572, 
    87766, 
    77572, 
    49030, 
    87766, 
    42913, 
    55146, 
    36797, 
    18448, 
    69417
   ], 
   [
    89805, 
    0, 
    59223, 
    69417, 
    59223, 
    30681, 
    69417, 
    24565, 
    36797, 
    18448, 
    100, 
    51068
   ], 
   [
    77572, 
    59223, 
    0, 
    63301, 
    75533, 
    46991, 
    65340, 
    40875, 
    53107, 
    34758, 
    16410, 
    83688
   ], 
   [
    87766, 
    69417, 
    63301, 
    0, 
    95921, 
    67378, 
    85727, 
    61262, 
    73495, 
    55146, 
    36797, 
    87766
   ], 
   [
    77572, 
    59223, 
    75533, 
    95921, 
    0, 
    79611, 
    97960, 
    73495, 
    85727, 
    67378, 
    49030, 
    99999
   ], 
   [
    49030, 
    30681, 
    46991, 
    67378, 
    79611, 
    0, 
    69417, 
    83688, 
    71456, 
    69417, 
    59223, 
    71456
   ], 
   [
    87766, 
    69417, 
    65340, 
    85727, 
    97960, 
    69417, 
    0, 
    63301, 
    75533, 
    57185, 
    38836, 
    89805
   ], 
   [
    42913, 
    24565, 
    40875, 
    61262, 
    73495, 
    83688, 
    63301, 
    0, 
    95921, 
    93882, 
    83688, 
    65340
   ], 
   [
    55146, 
    36797, 
    53107, 
    73495, 
    85727, 
    71456, 
    75533, 
    95921, 
    0, 
    89805, 
    71456, 
    77572
   ], 
   [
    36797, 
    18448, 
    34758, 
    55146, 
    67378, 
    69417, 
    57185, 
    93882, 
    89805, 
    0, 
    69417, 
    59223
   ], 
   [
    18448, 
    100, 
    16410, 
    36797, 
    49030, 
    59223, 
    38836, 
    83688, 
    71456, 
    69417, 
    0, 
    40875
   ], 
   [
    69417, 
    51068, 
    83688, 
    87766, 
    99999, 
    71456, 
    89805, 
    65340, 
    77572, 
    59223, 
    40875, 
    0
   ]
  ], 
  "probability_matrix": [
   [
    0, 
    0.04976700679606765, 
    0.019753647890618436, 
    0.11529535466393963, 
    0.15607313391338387, 
    0.0643715660237834, 
    0.10912773429413519, 
    0.05348706227681922, 
    0.1436913336003202, 
    0.002390561207818463, 
    0.13222382133164529, 
    0.15381877800146865
   ], 
   [
    0.0008841303162459819, 
    0, 
    0.0965039384005074, 
    0.08878452002840159, 
    0.10211172453521368, 
    0.03458060435534282, 
    0.11500359142918168, 
    0.16666515593044084, 
    0.09069371027933532, 
    0.05962459951172888, 
    0.10394216660946556, 
    0.14120585860413637
   ], 
   [
    0.16944451962033985, 
    0.07587570719413096, 
    0, 
    0.12717579683966923, 
    0.05871164136078272, 
    0.12107369194439302, 
    0.10024328703893634, 
    0.04786300967618384, 
    0.03660109031861074, 
    0.03171293217036086, 
    0.10903464959273604, 
    0.12226367424385644
   ], 
   [
    0.009672080038471165, 
    0.1226265216261453, 
    0.046588961778894336, 
    0, 
    0.08217224820661849, 
    0.16756934065037649, 
    0.07162566444492004, 
    0.1740526014019864, 
    0.007779213006521552, 
    0.17345227962957138, 
    0.1300652316879222, 
    0.014395857528572578
   ], 
   [
    0.021025916178844344, 
    0.12127656829441902, 
    0.020375951547787836, 
    0.18865993237685683, 
    0, 
    0.010424530083239701, 
    0.09476793674525892, 
    0.17194996290838355, 
    0.09289345268211532, 
    0.08339142041769286, 
    0.1776861390551747, 
    0.017548189710226973
   ], 
   [
    0.013947488842392263, 
    0.0910039909181553, 
    0.1355388048866375, 
    0.1435264830872457, 
    0.06635230252079583, 
    0, 
    0.19565575305335262, 
    0.034779838071531066, 
    0.051378778797726274, 
    0.18167123011719852, 
    0.007096303978314575, 
    0.07904902572665037
   ], 
   [
    0.10134174947492675, 
    0.07955333596903406, 
    0.03922856979969908, 
    0.1161050149826631, 
    0.05990003051596844, 
    0.07855017725857436, 
    0, 
    0.048806804610743416, 
    0.019658295506167486, 
    0.11972788330866377, 
    0.1795497413664228, 
    0.15757839720713673
   ], 
   [
    0.055165607444205, 
    0.14771238939911094, 
    0.0438501580197602, 
    0.07562456740225983, 
    0.0874995473870653, 
    0.08934128592292159, 
    0.12142705407640104, 
    0, 
    0.13144352368963236, 
    0.002787359828454621, 
    0.11960917529576551, 
    0.12553933153442332
   ], 
   [
    0.11013223425703592, 
    0.17197200454785325, 
    0.021434824229415717, 
    0.020921310324806285, 
    0.05725452101623088, 
    0.03497448324011796, 
    0.15359949192176067, 
    0.16726067765806987, 
    0, 
    0.1419606834072076, 
    0.03563874478911857, 
    0.08485102460838322
   ], 
   [
    0.1960087193623579, 
    0.06524187010790419, 
    0.10392490296553729, 
    0.01789840095426668, 
    0.01904274137797718, 
    0.07981067829997453, 
    0.04446726448275802, 
    0.1485323353211038, 
    0.2067492724523192, 
    0, 
    0.07197583174071714, 
    0.04634798293508409
   ], 
   [
    0.0848295205487573, 
    0.05977110892696256, 
    0.07270010171615446, 
    0.21919806194493652, 
    0.15777768109886883, 
    0.13735291382921389, 
    0.08640700131600301, 
    0.04059623136356985, 
    0.07950522563619092, 
    0.045372565647506004, 
    0, 
    0.016489587971836674
   ], 
   [
    0.11169040057705815, 
    0.003375711357055882, 
    0.1812410097217488, 
    0.017362079487695345, 
    0.020318204626598786, 
    0.09019834053319925, 
    0.08132780245700785, 
    0.038257707615147844, 
    0.1549392497111047, 
    0.13697285564016268, 
    0.16431663827322068, 
    0
   ]
  ]
 }, 
 "vehicle_capacities": [
  30, 
  30, 
  30, 
  30, 
  30
 ]
}