{
 "vehicle_cost_per_km": [
  5, 
  5, 
  5, 
  5, 
  5
 ], 
 "runs": [
  {
   "avg_task_cost_vs_number_of_task": [
    3900, 
    2175, 
    1800, 
    1500, 
    1230, 
    1025, 
    992.8571428571429, 
    931.25, 
    894.4444444444445, 
    805, 
    740.9090909090909, 
    675, 
    623.0769230769231, 
    625, 
    633.3333333333334, 
    653.125, 
    650, 
    661.1111111111111, 
    692.1052631578947, 
    637.5, 
    635.7142857142857, 
    611.3636363636364, 
    636.9565217391304, 
    593.75, 
    612, 
    617.3076923076923, 
    564.8148148148148, 
    637.5, 
    622.4137931034483, 
    626.6666666666666
   ], 
   "number_of_vehicles": 3
  }
 ], 
 "vehicle_starting_positions": [
  "Lausanne", 
  "Gen\u00e8ve", 
  "Sion", 
  "Neuch\u00e2tel", 
  "Bern", 
  "Basel", 
  "Fribourg", 
  "Z\u00fcrich", 
  "Aarau", 
  "Luzern", 
  "St-Gallen", 
  "Thun"
 ], 
 "task_distribution": {
  "distance_matrix": [
   [
    0, 
    90, 
    150, 
    100, 
    150, 
    290, 
    100, 
    320, 
    260, 
    350, 
    440, 
    190
   ], 
   [
    90, 
    0, 
    240, 
    190, 
    240, 
    380, 
    190, 
    410, 
    350, 
    440, 
    530, 
    280
   ], 
   [
    150, 
    240, 
    0, 
    220, 
    160, 
    300, 
    210, 
    330, 
    270, 
    360, 
    450, 
    120
   ], 
   [
    100, 
    190, 
    220, 
    0, 
    60, 
    200, 
    110, 
    230, 
    170, 
    260, 
    350, 
    100
   ], 
   [
    150, 
    240, 
    160, 
    60, 
    0, 
    140, 
    50, 
    170, 
    110, 
    200, 
    290, 
    40
   ], 
   [
    290, 
    380, 
    300, 
    200, 
    140, 
    0, 
    190, 
    120, 
    180, 
    190, 
    240, 
    180
   ], 
   [
    100, 
    190, 
    210, 
    110, 
    50, 
    190, 
    0, 
    220, 
    160, 
    250, 
    340, 
    90
   ], 
   [
    320, 
    410, 
    330, 
    230, 
    170, 
    120, 
    220, 
    0, 
    60, 
    70, 
    120, 
    210
   ], 
   [
    260, 
    350, 
    270, 
    170, 
    110, 
    180, 
    160, 
    60, 
    0, 
    90, 
    180, 
    150
   ], 
   [
    350, 
    440, 
    360, 
    260, 
    200, 
    190, 
    250, 
    70, 
    90, 
    0, 
    190, 
    240
   ], 
   [
    440, 
    530, 
    450, 
    350, 
    290, 
    240, 
    340, 
    120, 
    180, 
    190, 
    0, 
    330
   ], 
   [
    190, 
    280, 
    120, 
    100, 
    40, 
    180, 
    90, 
    210, 
    150, 
    240, 
    330, 
    0
   ]
  ], 
  "weight_matrix": [
   [
    0, 
    3, 
    3, 
    3, 
    3, 
    3, 
    3, 
    3, 
    3, 
    3, 
    3, 
    3
   ], 
   [
    3, 
    0, 
    3, 
    3, 
    3, 
    3, 
    3, 
    3, 
    3, 
    3, 
    3, 
    3
   ], 
   [
    3, 
    3, 
    0, 
    3, 
    3, 
    3, 
    3, 
    3, 
    3, 
    3, 
    3, 
    3
   ], 
   [
    3, 
    3, 
    3, 
    0, 
    3, 
    3, 
    3, 
    3, 
    3, 
    3, 
    3, 
    3
   ], 
   [
    3, 
    3, 
    3, 
    3, 
    0, 
    3, 
    3, 
    3, 
    3, 
    3, 
    3, 
    3
   ], 
   [
    3, 
    3, 
    3, 
    3, 
    3, 
    0, 
    3, 
    3, 
    3, 
    3, 
    3, 
    3
   ], 
   [
    3, 
    3, 
    3, 
    3, 
    3, 
    3, 
    0, 
    3, 
    3, 
    3, 
    3, 
    3
   ], 
   [
    3, 
    3, 
    3, 
    3, 
    3, 
    3, 
    3, 
    0, 
    3, 
    3, 
    3, 
    3
   ], 
   [
    3, 
    3, 
    3, 
    3, 
    3, 
    3, 
    3, 
    3, 
    0, 
    3, 
    3, 
    3
   ], 
   [
    3, 
    3, 
    3, 
    3, 
    3, 
    3, 
    3, 
    3, 
    3, 
    0, 
    3, 
    3
   ], 
   [
    3, 
    3, 
    3, 
    3, 
    3, 
    3, 
    3, 
    3, 
    3, 
    3, 
    0, 
    3
   ], 
   [
    3, 
    3, 
    3, 
    3, 
    3, 
    3, 
    3, 
    3, 
    3, 
    3, 
    3, 
    0
   ]
  ], 
  "city_names": [
   "Lausanne", 
   "Gen\u00e8ve", 
   "Sion", 
   "Neuch\u00e2tel", 
   "Bern", 
   "Basel", 
   "Fribourg", 
   "Z\u00fcrich", 
   "Aarau", 
   "Luzern", 
   "St-Gallen", 
   "Thun"
  ], 
  "reward_matrix": [
   [
    0, 
    89805, 
    77572, 
    87766, 
    77572, 
    49030, 
    87766, 
    42913, 
    55146, 
    36797, 
    18448, 
    69417
   ], 
   [
    89805, 
    0, 
    59223, 
    69417, 
    59223, 
    30681, 
    69417, 
    24565, 
    36797, 
    18448, 
    100, 
    51068
   ], 
   [
    77572, 
    59223, 
    0, 
    63301, 
    75533, 
    46991, 
    65340, 
    40875, 
    53107, 
    34758, 
    16410, 
    83688
   ], 
   [
    87766, 
    69417, 
    63301, 
    0, 
    95921, 
    67378, 
    85727, 
    61262, 
    73495, 
    55146, 
    36797, 
    87766
   ], 
   [
    77572, 
    59223, 
    75533, 
    95921, 
    0, 
    79611, 
    97960, 
    73495, 
    85727, 
    67378, 
    49030, 
    99999
   ], 
   [
    49030, 
    30681, 
    46991, 
    67378, 
    79611, 
    0, 
    69417, 
    83688, 
    71456, 
    69417, 
    59223, 
    71456
   ], 
   [
    87766, 
    69417, 
    65340, 
    85727, 
    97960, 
    69417, 
    0, 
    63301, 
    75533, 
    57185, 
    38836, 
    89805
   ], 
   [
    42913, 
    24565, 
    40875, 
    61262, 
    73495, 
    83688, 
    63301, 
    0, 
    95921, 
    93882, 
    83688, 
    65340
   ], 
   [
    55146, 
    36797, 
    53107, 
    73495, 
    85727, 
    71456, 
    75533, 
    95921, 
    0, 
    89805, 
    71456, 
    77572
   ], 
   [
    36797, 
    18448, 
    34758, 
    55146, 
    67378, 
    69417, 
    57185, 
    93882, 
    89805, 
    0, 
    69417, 
    59223
   ], 
   [
    18448, 
    100, 
    16410, 
    36797, 
    49030, 
    59223, 
    38836, 
    83688, 
    71456, 
    69417, 
    0, 
    40875
   ], 
   [
    69417, 
    51068, 
    83688, 
    87766, 
    99999, 
    71456, 
    89805, 
    65340, 
    77572, 
    59223, 
    40875, 
    0
   ]
  ], 
  "probability_matrix": [
   [
    0, 
    0.05186401863667203, 
    0.0116162204282251, 
    0.15250955958571233, 
    0.045280341555649375, 
    0.14831608715336356, 
    0.05248494600773273, 
    0.02417394093361254, 
    0.18803277791171566, 
    0.13381437889109074, 
    0.14823989240040508, 
    0.043667836495821045
   ], 
   [
    0.16870635948084467, 
    0, 
    0.06388694450570387, 
    0.14653280121225445, 
    0.07527892054814316, 
    0.015587212536534152, 
    0.10969905308268194, 
    0.1214002230211323, 
    0.1669359235938196, 
    0.02184991375525811, 
    0.052880841407215835, 
    0.057241806856411954
   ], 
   [
    0.0202200268862999, 
    0.0038622973040414624, 
    0, 
    0.10801625058835147, 
    0.13821862709705157, 
    0.10750010788443128, 
    0.1407406449601934, 
    0.10183809757233567, 
    0.08138514170226648, 
    0.1320723946832668, 
    0.12318962483765748, 
    0.042956786484104156
   ], 
   [
    0.061900985196897025, 
    0.06876132385267462, 
    0.051115952504169115, 
    0, 
    0.1560678040391369, 
    0.12720923668936182, 
    0.03659475334346726, 
    0.07915704343654813, 
    0.18922956690751083, 
    0.055101277514379245, 
    0.10675348583133354, 
    0.06810857068452142
   ], 
   [
    0.00258533600119563, 
    0.05356940957008361, 
    0.23002554949237636, 
    0.009212197073861695, 
    0, 
    0.10048246770483954, 
    0.1550839455094634, 
    0.12025816749845294, 
    0.0024530466758470515, 
    0.13656058008494606, 
    0.041631250982309076, 
    0.1481380494066247
   ], 
   [
    0.18229568938620944, 
    0.1227480535154606, 
    0.021503300248995716, 
    0.09001615136015992, 
    0.010467755953634373, 
    0, 
    0.12379889628059866, 
    0.05341604774818895, 
    0.02112761906030282, 
    0.05404258937661367, 
    0.14174163515984878, 
    0.17884226190998692
   ], 
   [
    0.12120822972778993, 
    0.05439358862277784, 
    0.1345497710818378, 
    0.09553502094268089, 
    0.12881289031200505, 
    0.129097361257765, 
    0, 
    0.01623381441034037, 
    0.03449918772844516, 
    0.10125731311663011, 
    0.08384956335481589, 
    0.10056325944491207
   ], 
   [
    0.12857747378837475, 
    0.021696059878784008, 
    0.1008827968424613, 
    0.03432778747251969, 
    0.17772843955197726, 
    0.08406650895719613, 
    0.05993056727512809, 
    0, 
    4.1939651377958014e-05, 
    0.14656144151148046, 
    0.17593133087251564, 
    0.07025565419818472
   ], 
   [
    0.17094799008988856, 
    0.11292608050742385, 
    0.05427412140421347, 
    0.10717470959645056, 
    0.05818683489334889, 
    0.025084716452242698, 
    0.10974036002655459, 
    0.15761327297233987, 
    0, 
    0.011467170989528722, 
    0.04048776147084402, 
    0.15209698159716462
   ], 
   [
    0.12071427188696454, 
    0.19745026998181242, 
    0.18159271371234265, 
    0.03328791270834618, 
    0.12094461286897155, 
    0.02687320155897116, 
    0.1467355642203245, 
    0.03537813693518784, 
    0.04511550829148962, 
    0, 
    0.042594196489305555, 
    0.04931361134628391
   ], 
   [
    0.12484365029024683, 
    0.045810111210469365, 
    0.07307452179442045, 
    0.12977227624698237, 
    0.021283385806201306, 
    0.1256651984096046, 
    0.12227516353545186, 
    0.12794484036064396, 
    0.09598870814289799, 
    0.09497582841735239, 
    0, 
    0.03836631578572879
   ], 
   [
    0.03753579440670793, 
    0.07037832737016918, 
    0.12031317363915571, 
    0.13665186936452367, 
    0.07883551225842482, 
    0.04937523534870978, 
    0.13758925020486196, 
    0.10203614989812282, 
    0.10781227807452412, 
    0.07307474037504336, 
    0.08639766905975672, 
    0
   ]
  ]
 }, 
 "vehicle_capacities": [
  15, 
  15, 
  15, 
  30, 
  30, 
  30, 
  30, 
  30, 
  30, 
  30, 
  30, 
  30
 ]
}