{
 "vehicle_cost_per_km": [
  5, 
  5, 
  5, 
  5, 
  5
 ], 
 "runs": [
  {
   "avg_task_cost_vs_number_of_task": [
    2450, 
    1250, 
    1383.3333333333333, 
    1462.5, 
    1260, 
    1216.6666666666667, 
    957.1428571428571, 
    893.75, 
    933.3333333333334, 
    670, 
    772.7272727272727, 
    558.3333333333334, 
    515.3846153846154, 
    600, 
    513.3333333333334, 
    606.25, 
    600, 
    594.4444444444445, 
    602.6315789473684, 
    565, 
    604.7619047619048, 
    602.2727272727273, 
    602.1739130434783, 
    566.6666666666666, 
    556, 
    490.38461538461536, 
    537.0370370370371, 
    594.6428571428571, 
    522.4137931034483, 
    461.6666666666667
   ], 
   "number_of_vehicles": 3
  }
 ], 
 "vehicle_starting_positions": [
  "Lausanne", 
  "Gen\u00e8ve", 
  "Sion", 
  "Neuch\u00e2tel", 
  "Bern", 
  "Basel", 
  "Fribourg", 
  "Z\u00fcrich", 
  "Aarau", 
  "Luzern", 
  "St-Gallen", 
  "Thun"
 ], 
 "task_distribution": {
  "distance_matrix": [
   [
    0, 
    90, 
    150, 
    100, 
    150, 
    290, 
    100, 
    320, 
    260, 
    350, 
    440, 
    190
   ], 
   [
    90, 
    0, 
    240, 
    190, 
    240, 
    380, 
    190, 
    410, 
    350, 
    440, 
    530, 
    280
   ], 
   [
    150, 
    240, 
    0, 
    220, 
    160, 
    300, 
    210, 
    330, 
    270, 
    360, 
    450, 
    120
   ], 
   [
    100, 
    190, 
    220, 
    0, 
    60, 
    200, 
    110, 
    230, 
    170, 
    260, 
    350, 
    100
   ], 
   [
    150, 
    240, 
    160, 
    60, 
    0, 
    140, 
    50, 
    170, 
    110, 
    200, 
    290, 
    40
   ], 
   [
    290, 
    380, 
    300, 
    200, 
    140, 
    0, 
    190, 
    120, 
    180, 
    190, 
    240, 
    180
   ], 
   [
    100, 
    190, 
    210, 
    110, 
    50, 
    190, 
    0, 
    220, 
    160, 
    250, 
    340, 
    90
   ], 
   [
    320, 
    410, 
    330, 
    230, 
    170, 
    120, 
    220, 
    0, 
    60, 
    70, 
    120, 
    210
   ], 
   [
    260, 
    350, 
    270, 
    170, 
    110, 
    180, 
    160, 
    60, 
    0, 
    90, 
    180, 
    150
   ], 
   [
    350, 
    440, 
    360, 
    260, 
    200, 
    190, 
    250, 
    70, 
    90, 
    0, 
    190, 
    240
   ], 
   [
    440, 
    530, 
    450, 
    350, 
    290, 
    240, 
    340, 
    120, 
    180, 
    190, 
    0, 
    330
   ], 
   [
    190, 
    280, 
    120, 
    100, 
    40, 
    180, 
    90, 
    210, 
    150, 
    240, 
    330, 
    0
   ]
  ], 
  "weight_matrix": [
   [
    0, 
    3, 
    3, 
    3, 
    3, 
    3, 
    3, 
    3, 
    3, 
    3, 
    3, 
    3
   ], 
   [
    3, 
    0, 
    3, 
    3, 
    3, 
    3, 
    3, 
    3, 
    3, 
    3, 
    3, 
    3
   ], 
   [
    3, 
    3, 
    0, 
    3, 
    3, 
    3, 
    3, 
    3, 
    3, 
    3, 
    3, 
    3
   ], 
   [
    3, 
    3, 
    3, 
    0, 
    3, 
    3, 
    3, 
    3, 
    3, 
    3, 
    3, 
    3
   ], 
   [
    3, 
    3, 
    3, 
    3, 
    0, 
    3, 
    3, 
    3, 
    3, 
    3, 
    3, 
    3
   ], 
   [
    3, 
    3, 
    3, 
    3, 
    3, 
    0, 
    3, 
    3, 
    3, 
    3, 
    3, 
    3
   ], 
   [
    3, 
    3, 
    3, 
    3, 
    3, 
    3, 
    0, 
    3, 
    3, 
    3, 
    3, 
    3
   ], 
   [
    3, 
    3, 
    3, 
    3, 
    3, 
    3, 
    3, 
    0, 
    3, 
    3, 
    3, 
    3
   ], 
   [
    3, 
    3, 
    3, 
    3, 
    3, 
    3, 
    3, 
    3, 
    0, 
    3, 
    3, 
    3
   ], 
   [
    3, 
    3, 
    3, 
    3, 
    3, 
    3, 
    3, 
    3, 
    3, 
    0, 
    3, 
    3
   ], 
   [
    3, 
    3, 
    3, 
    3, 
    3, 
    3, 
    3, 
    3, 
    3, 
    3, 
    0, 
    3
   ], 
   [
    3, 
    3, 
    3, 
    3, 
    3, 
    3, 
    3, 
    3, 
    3, 
    3, 
    3, 
    0
   ]
  ], 
  "city_names": [
   "Lausanne", 
   "Gen\u00e8ve", 
   "Sion", 
   "Neuch\u00e2tel", 
   "Bern", 
   "Basel", 
   "Fribourg", 
   "Z\u00fcrich", 
   "Aarau", 
   "Luzern", 
   "St-Gallen", 
   "Thun"
  ], 
  "reward_matrix": [
   [
    0, 
    89805, 
    77572, 
    87766, 
    77572, 
    49030, 
    87766, 
    42913, 
    55146, 
    36797, 
    18448, 
    69417
   ], 
   [
    89805, 
    0, 
    59223, 
    69417, 
    59223, 
    30681, 
    69417, 
    24565, 
    36797, 
    18448, 
    100, 
    51068
   ], 
   [
    77572, 
    59223, 
    0, 
    63301, 
    75533, 
    46991, 
    65340, 
    40875, 
    53107, 
    34758, 
    16410, 
    83688
   ], 
   [
    87766, 
    69417, 
    63301, 
    0, 
    95921, 
    67378, 
    85727, 
    61262, 
    73495, 
    55146, 
    36797, 
    87766
   ], 
   [
    77572, 
    59223, 
    75533, 
    95921, 
    0, 
    79611, 
    97960, 
    73495, 
    85727, 
    67378, 
    49030, 
    99999
   ], 
   [
    49030, 
    30681, 
    46991, 
    67378, 
    79611, 
    0, 
    69417, 
    83688, 
    71456, 
    69417, 
    59223, 
    71456
   ], 
   [
    87766, 
    69417, 
    65340, 
    85727, 
    97960, 
    69417, 
    0, 
    63301, 
    75533, 
    57185, 
    38836, 
    89805
   ], 
   [
    42913, 
    24565, 
    40875, 
    61262, 
    73495, 
    83688, 
    63301, 
    0, 
    95921, 
    93882, 
    83688, 
    65340
   ], 
   [
    55146, 
    36797, 
    53107, 
    73495, 
    85727, 
    71456, 
    75533, 
    95921, 
    0, 
    89805, 
    71456, 
    77572
   ], 
   [
    36797, 
    18448, 
    34758, 
    55146, 
    67378, 
    69417, 
    57185, 
    93882, 
    89805, 
    0, 
    69417, 
    59223
   ], 
   [
    18448, 
    100, 
    16410, 
    36797, 
    49030, 
    59223, 
    38836, 
    83688, 
    71456, 
    69417, 
    0, 
    40875
   ], 
   [
    69417, 
    51068, 
    83688, 
    87766, 
    99999, 
    71456, 
    89805, 
    65340, 
    77572, 
    59223, 
    40875, 
    0
   ]
  ], 
  "probability_matrix": [
   [
    0, 
    0.052416034990157484, 
    0.012669515782399863, 
    0.059667954584809425, 
    0.08181212518977535, 
    0.12330479177390562, 
    0.028917825477081036, 
    0.04784965362022871, 
    0.08179416214637576, 
    0.25502860797802296, 
    0.243486303044362, 
    0.013053025412881643
   ], 
   [
    0.13140843779850764, 
    0, 
    0.00863432160204502, 
    0.06303679381671948, 
    0.08114390860032399, 
    0.10891517499227313, 
    0.11057879322035807, 
    0.12099434435413524, 
    0.12764999462354834, 
    0.09151208428551333, 
    0.10402748939017561, 
    0.052098657316400135
   ], 
   [
    0.13256486559194028, 
    0.1524557507575988, 
    0, 
    0.0010628048115704845, 
    0.09702661138861995, 
    0.09612523783710601, 
    0.11609773579018827, 
    0.04341641282352786, 
    0.1288835786096048, 
    0.1519538258717668, 
    0.06637541733265406, 
    0.014037759185422835
   ], 
   [
    0.10592654712977703, 
    0.004688622296467203, 
    0.0805901103336532, 
    0, 
    0.13733166008549194, 
    0.06980074397911991, 
    0.09617530612062773, 
    0.10456109205018162, 
    0.12952345451860148, 
    0.07533788256823544, 
    0.16789939557318742, 
    0.02816518534465716
   ], 
   [
    0.124782465273628, 
    0.121971201348832, 
    0.04467115838071112, 
    0.019313158011422558, 
    0, 
    0.08171565987571335, 
    0.14559359455345924, 
    0.060034810528102237, 
    0.0210321931512015, 
    0.10021196591868933, 
    0.11480199605850996, 
    0.1658717968997306
   ], 
   [
    0.11204050022027712, 
    0.007694904351956563, 
    0.14369208948302767, 
    0.08530605865092274, 
    0.035461850512173605, 
    0, 
    0.018482313660959083, 
    0.15421777946665743, 
    0.14907067743837324, 
    0.0757484635622711, 
    0.048090164242847885, 
    0.1701951984105336
   ], 
   [
    0.16329442197833177, 
    0.11716438552952466, 
    0.11679617356610064, 
    0.07153982828990565, 
    0.04774027501661537, 
    0.0031652353486243887, 
    0, 
    0.04055097667579785, 
    0.17753854546064182, 
    0.046717405946379104, 
    0.06421493684160785, 
    0.15127781534647083
   ], 
   [
    0.15012318432990232, 
    0.048784228521272795, 
    0.17465303686622247, 
    0.11795470539031246, 
    0.05029757506664077, 
    0.15798761441384598, 
    0.021151334376191624, 
    0, 
    0.04717075483541946, 
    0.10241864662684141, 
    0.01101251899880071, 
    0.11844640057455012
   ], 
   [
    0.041543160243912844, 
    0.032284897717188475, 
    0.06659852652907285, 
    0.1604776614817192, 
    0.13927763450641373, 
    0.09223958461176018, 
    0.10737639452197846, 
    0.15131311026145586, 
    0, 
    0.048384645328037316, 
    0.11237250511619669, 
    0.048131879682264365
   ], 
   [
    0.1481500290959471, 
    0.08130848403155407, 
    0.02173074432020069, 
    0.1610846430097818, 
    0.00576858774057402, 
    0.0984187577423174, 
    0.10372286518950433, 
    0.0968558861403002, 
    0.11209138036745017, 
    0, 
    0.15974000827200174, 
    0.011128614090368404
   ], 
   [
    0.17085389795052874, 
    0.06862737372240482, 
    0.03117193644610945, 
    0.05621076223902733, 
    0.017161026768855718, 
    0.08779948120203038, 
    0.07895717621774036, 
    0.10915761948288943, 
    0.1849325436030326, 
    0.09496160761932475, 
    0, 
    0.10016657474805642
   ], 
   [
    0.013745887635005938, 
    0.13426724983868793, 
    0.1364665741049236, 
    0.13832948424571476, 
    0.061544931360341816, 
    0.1380406638539462, 
    0.013038370565599795, 
    0.14615564695591043, 
    0.05634781696013731, 
    0.08378951742348605, 
    0.0782738570562462, 
    0
   ]
  ]
 }, 
 "vehicle_capacities": [
  15, 
  15, 
  15, 
  30, 
  30, 
  30, 
  30, 
  30, 
  30, 
  30, 
  30, 
  30
 ]
}