{
 "vehicle_cost_per_km": [
  10, 
  5, 
  5, 
  5, 
  5, 
  5, 
  5, 
  5, 
  5, 
  5, 
  5, 
  5
 ], 
 "runs": [
  {
   "avg_task_cost_vs_number_of_task": [
    1650, 
    1300, 
    1216.6666666666667, 
    912.5, 
    900, 
    1041.6666666666667, 
    892.8571428571429, 
    812.5, 
    727.7777777777778, 
    705, 
    681.8181818181819, 
    629.1666666666666, 
    626.9230769230769, 
    610.7142857142857, 
    643.3333333333334, 
    653.125, 
    661.7647058823529, 
    611.1111111111111, 
    600, 
    587.5, 
    607.1428571428571, 
    552.2727272727273, 
    595.6521739130435, 
    608.3333333333334, 
    614, 
    601.9230769230769, 
    570.3703703703703, 
    601.7857142857143, 
    618.9655172413793, 
    606.6666666666666
   ], 
   "number_of_vehicles": 3
  }
 ], 
 "vehicle_starting_positions": [
  "Lausanne", 
  "Gen\u00c3\u00a8ve", 
  "Sion", 
  "Neuch\u00c3\u00a2tel", 
  "Bern", 
  "Basel", 
  "Fribourg", 
  "Z\u00c3\u00bcrich", 
  "Aarau", 
  "Luzern", 
  "St-Gallen", 
  "Thun"
 ], 
 "task_distribution": {
  "distance_matrix": [
   [
    0, 
    90, 
    150, 
    100, 
    150, 
    290, 
    100, 
    320, 
    260, 
    350, 
    440, 
    190
   ], 
   [
    90, 
    0, 
    240, 
    190, 
    240, 
    380, 
    190, 
    410, 
    350, 
    440, 
    530, 
    280
   ], 
   [
    150, 
    240, 
    0, 
    220, 
    160, 
    300, 
    210, 
    330, 
    270, 
    360, 
    450, 
    120
   ], 
   [
    100, 
    190, 
    220, 
    0, 
    60, 
    200, 
    110, 
    230, 
    170, 
    260, 
    350, 
    100
   ], 
   [
    150, 
    240, 
    160, 
    60, 
    0, 
    140, 
    50, 
    170, 
    110, 
    200, 
    290, 
    40
   ], 
   [
    290, 
    380, 
    300, 
    200, 
    140, 
    0, 
    190, 
    120, 
    180, 
    190, 
    240, 
    180
   ], 
   [
    100, 
    190, 
    210, 
    110, 
    50, 
    190, 
    0, 
    220, 
    160, 
    250, 
    340, 
    90
   ], 
   [
    320, 
    410, 
    330, 
    230, 
    170, 
    120, 
    220, 
    0, 
    60, 
    70, 
    120, 
    210
   ], 
   [
    260, 
    350, 
    270, 
    170, 
    110, 
    180, 
    160, 
    60, 
    0, 
    90, 
    180, 
    150
   ], 
   [
    350, 
    440, 
    360, 
    260, 
    200, 
    190, 
    250, 
    70, 
    90, 
    0, 
    190, 
    240
   ], 
   [
    440, 
    530, 
    450, 
    350, 
    290, 
    240, 
    340, 
    120, 
    180, 
    190, 
    0, 
    330
   ], 
   [
    190, 
    280, 
    120, 
    100, 
    40, 
    180, 
    90, 
    210, 
    150, 
    240, 
    330, 
    0
   ]
  ], 
  "weight_matrix": [
   [
    0, 
    3, 
    3, 
    3, 
    3, 
    3, 
    3, 
    3, 
    3, 
    3, 
    3, 
    3
   ], 
   [
    3, 
    0, 
    3, 
    3, 
    3, 
    3, 
    3, 
    3, 
    3, 
    3, 
    3, 
    3
   ], 
   [
    3, 
    3, 
    0, 
    3, 
    3, 
    3, 
    3, 
    3, 
    3, 
    3, 
    3, 
    3
   ], 
   [
    3, 
    3, 
    3, 
    0, 
    3, 
    3, 
    3, 
    3, 
    3, 
    3, 
    3, 
    3
   ], 
   [
    3, 
    3, 
    3, 
    3, 
    0, 
    3, 
    3, 
    3, 
    3, 
    3, 
    3, 
    3
   ], 
   [
    3, 
    3, 
    3, 
    3, 
    3, 
    0, 
    3, 
    3, 
    3, 
    3, 
    3, 
    3
   ], 
   [
    3, 
    3, 
    3, 
    3, 
    3, 
    3, 
    0, 
    3, 
    3, 
    3, 
    3, 
    3
   ], 
   [
    3, 
    3, 
    3, 
    3, 
    3, 
    3, 
    3, 
    0, 
    3, 
    3, 
    3, 
    3
   ], 
   [
    3, 
    3, 
    3, 
    3, 
    3, 
    3, 
    3, 
    3, 
    0, 
    3, 
    3, 
    3
   ], 
   [
    3, 
    3, 
    3, 
    3, 
    3, 
    3, 
    3, 
    3, 
    3, 
    0, 
    3, 
    3
   ], 
   [
    3, 
    3, 
    3, 
    3, 
    3, 
    3, 
    3, 
    3, 
    3, 
    3, 
    0, 
    3
   ], 
   [
    3, 
    3, 
    3, 
    3, 
    3, 
    3, 
    3, 
    3, 
    3, 
    3, 
    3, 
    0
   ]
  ], 
  "city_names": [
   "Lausanne", 
   "Gen\u00c3\u00a8ve", 
   "Sion", 
   "Neuch\u00c3\u00a2tel", 
   "Bern", 
   "Basel", 
   "Fribourg", 
   "Z\u00c3\u00bcrich", 
   "Aarau", 
   "Luzern", 
   "St-Gallen", 
   "Thun"
  ], 
  "reward_matrix": [
   [
    0, 
    89805, 
    77572, 
    87766, 
    77572, 
    49030, 
    87766, 
    42913, 
    55146, 
    36797, 
    18448, 
    69417
   ], 
   [
    89805, 
    0, 
    59223, 
    69417, 
    59223, 
    30681, 
    69417, 
    24565, 
    36797, 
    18448, 
    100, 
    51068
   ], 
   [
    77572, 
    59223, 
    0, 
    63301, 
    75533, 
    46991, 
    65340, 
    40875, 
    53107, 
    34758, 
    16410, 
    83688
   ], 
   [
    87766, 
    69417, 
    63301, 
    0, 
    95921, 
    67378, 
    85727, 
    61262, 
    73495, 
    55146, 
    36797, 
    87766
   ], 
   [
    77572, 
    59223, 
    75533, 
    95921, 
    0, 
    79611, 
    97960, 
    73495, 
    85727, 
    67378, 
    49030, 
    99999
   ], 
   [
    49030, 
    30681, 
    46991, 
    67378, 
    79611, 
    0, 
    69417, 
    83688, 
    71456, 
    69417, 
    59223, 
    71456
   ], 
   [
    87766, 
    69417, 
    65340, 
    85727, 
    97960, 
    69417, 
    0, 
    63301, 
    75533, 
    57185, 
    38836, 
    89805
   ], 
   [
    42913, 
    24565, 
    40875, 
    61262, 
    73495, 
    83688, 
    63301, 
    0, 
    95921, 
    93882, 
    83688, 
    65340
   ], 
   [
    55146, 
    36797, 
    53107, 
    73495, 
    85727, 
    71456, 
    75533, 
    95921, 
    0, 
    89805, 
    71456, 
    77572
   ], 
   [
    36797, 
    18448, 
    34758, 
    55146, 
    67378, 
    69417, 
    57185, 
    93882, 
    89805, 
    0, 
    69417, 
    59223
   ], 
   [
    18448, 
    100, 
    16410, 
    36797, 
    49030, 
    59223, 
    38836, 
    83688, 
    71456, 
    69417, 
    0, 
    40875
   ], 
   [
    69417, 
    51068, 
    83688, 
    87766, 
    99999, 
    71456, 
    89805, 
    65340, 
    77572, 
    59223, 
    40875, 
    0
   ]
  ], 
  "probability_matrix": [
   [
    0, 
    0.0559238487440732, 
    0.05799032390433807, 
    0.14030038050699378, 
    0.07515261011140886, 
    0.06707292040245588, 
    0.038368417820745196, 
    0.1508157126825374, 
    0.05663298000311491, 
    0.14633723556342917, 
    0.14898875842964987, 
    0.06241681183125355
   ], 
   [
    0.05296745295833391, 
    0, 
    0.13107477968202746, 
    0.05499200178376646, 
    0.007370273641935604, 
    0.14282329649776826, 
    0.11659034914961018, 
    0.17614301176536712, 
    0.012155654527740662, 
    0.015767279484138433, 
    0.16982169580170273, 
    0.12029420470760921
   ], 
   [
    0.014902464704628008, 
    0.14272186379041027, 
    0, 
    0.14742195971703642, 
    0.13835007475385033, 
    0.08377083374609141, 
    0.08270561593625385, 
    0.12757826446443685, 
    0.09539392325628264, 
    0.07027481339978199, 
    0.07810502427387452, 
    0.01877516195735376
   ], 
   [
    0.08515975327980586, 
    0.16804705272660064, 
    0.039238926328907464, 
    0, 
    0.18017127757847692, 
    0.10972851697924553, 
    0.045706887473783854, 
    0.15668501426801196, 
    0.005148141659205528, 
    0.020063666256903038, 
    0.18965447664412552, 
    0.00039628680493380356
   ], 
   [
    0.18717832992902078, 
    0.15165381957067953, 
    0.19646395543790135, 
    0.08947309869826685, 
    0, 
    0.05583993932295915, 
    0.0826778426530659, 
    0.0032267518073793647, 
    0.16351708992506894, 
    0.0013184460888458333, 
    0.05452039783155987, 
    0.014130328735252804
   ], 
   [
    0.027263763576368998, 
    0.05120101314162439, 
    0.15156241585010696, 
    0.08163637538393084, 
    0.0272262502746237, 
    0, 
    0.20074376251635923, 
    0.1522765163890012, 
    0.05900539236335003, 
    0.049717399895259674, 
    0.10694919980102709, 
    0.09241791080834774
   ], 
   [
    0.09433883736888855, 
    0.12671193023880678, 
    0.13697173332077128, 
    0.12433133367249224, 
    0.045551349124735824, 
    0.12959438637041898, 
    0, 
    0.03781550521613228, 
    0.09174445699120254, 
    0.08660913112629413, 
    0.06552369474232503, 
    0.06080764182793229
   ], 
   [
    0.04533134802238231, 
    0.048079648605088836, 
    0.15409006155265434, 
    0.09030300498528661, 
    0.05665349527902779, 
    0.02703710905275221, 
    0.10172421881836956, 
    0, 
    0.16009406976462637, 
    0.15560092141384949, 
    0.06142387266343511, 
    0.09966224984252754
   ], 
   [
    0.12045989448942354, 
    0.08937105438718039, 
    0.12117725780930179, 
    0.09412605900381424, 
    0.15027739211538219, 
    0.004790405283649169, 
    0.07510003158923206, 
    0.08635168638295916, 
    0, 
    0.05530851179410627, 
    0.10223959989661033, 
    0.1007981072483411
   ], 
   [
    0.032123299364685824, 
    0.051803330050046455, 
    0.07689797601411913, 
    0.00458274360439029, 
    0.021420688960269923, 
    0.22690444144920127, 
    0.18177744390415626, 
    0.0067505798725042065, 
    0.12083211612246052, 
    0, 
    0.21824472385837185, 
    0.0586626567997943
   ], 
   [
    0.1192627147118702, 
    0.11003608314618614, 
    0.10758185067377349, 
    0.1246701183763536, 
    0.15543751882963494, 
    0.11376267802479792, 
    0.049644822024216335, 
    0.014241522241088388, 
    0.016336984120114924, 
    0.14881661327835924, 
    0, 
    0.0402090945736048
   ], 
   [
    0.09435246308564632, 
    0.10084479721112635, 
    0.1835352642829157, 
    0.025880300812692974, 
    0.07267052221494358, 
    0.010580932945975693, 
    0.1486559545121658, 
    0.047340348384018766, 
    0.17884041397883477, 
    0.09285770894506461, 
    0.044441293626615405, 
    0
   ]
  ]
 }, 
 "vehicle_capacities": [
  10, 
  10, 
  10, 
  30, 
  30, 
  30, 
  30, 
  30, 
  30, 
  30, 
  30, 
  30
 ]
}