{
 "distance_matrix": [
  [
   0, 
   90, 
   150, 
   100, 
   150, 
   290, 
   100, 
   320, 
   260, 
   350, 
   440, 
   190
  ], 
  [
   90, 
   0, 
   240, 
   190, 
   240, 
   380, 
   190, 
   410, 
   350, 
   440, 
   530, 
   280
  ], 
  [
   150, 
   240, 
   0, 
   220, 
   160, 
   300, 
   210, 
   330, 
   270, 
   360, 
   450, 
   120
  ], 
  [
   100, 
   190, 
   220, 
   0, 
   60, 
   200, 
   110, 
   230, 
   170, 
   260, 
   350, 
   100
  ], 
  [
   150, 
   240, 
   160, 
   60, 
   0, 
   140, 
   50, 
   170, 
   110, 
   200, 
   290, 
   40
  ], 
  [
   290, 
   380, 
   300, 
   200, 
   140, 
   0, 
   190, 
   120, 
   180, 
   190, 
   240, 
   180
  ], 
  [
   100, 
   190, 
   210, 
   110, 
   50, 
   190, 
   0, 
   220, 
   160, 
   250, 
   340, 
   90
  ], 
  [
   320, 
   410, 
   330, 
   230, 
   170, 
   120, 
   220, 
   0, 
   60, 
   70, 
   120, 
   210
  ], 
  [
   260, 
   350, 
   270, 
   170, 
   110, 
   180, 
   160, 
   60, 
   0, 
   90, 
   180, 
   150
  ], 
  [
   350, 
   440, 
   360, 
   260, 
   200, 
   190, 
   250, 
   70, 
   90, 
   0, 
   190, 
   240
  ], 
  [
   440, 
   530, 
   450, 
   350, 
   290, 
   240, 
   340, 
   120, 
   180, 
   190, 
   0, 
   330
  ], 
  [
   190, 
   280, 
   120, 
   100, 
   40, 
   180, 
   90, 
   210, 
   150, 
   240, 
   330, 
   0
  ]
 ], 
 "runs": [
  {
   "avg_task_cost_vs_number_of_task": [
    1350, 
    1275, 
    1283.3333333333333, 
    1162.5, 
    970, 
    1041.6666666666667, 
    964.2857142857143, 
    856.25, 
    783.3333333333334, 
    805, 
    772.7272727272727, 
    700, 
    676.9230769230769, 
    628.5714285714286, 
    663.3333333333334, 
    621.875, 
    538.2352941176471, 
    561.1111111111111, 
    528.9473684210526, 
    540, 
    504.76190476190476, 
    500, 
    473.9130434782609, 
    570.8333333333334, 
    528, 
    463.46153846153845, 
    477.77777777777777, 
    460.7142857142857, 
    455.17241379310343, 
    435
   ], 
   "number_of_vehicles": 2
  }, 
  {
   "avg_task_cost_vs_number_of_task": [
    1200, 
    1200, 
    1233.3333333333333, 
    1162.5, 
    970, 
    1033.3333333333333, 
    964.2857142857143, 
    868.75, 
    783.3333333333334, 
    805, 
    772.7272727272727, 
    700, 
    676.9230769230769, 
    721.4285714285714, 
    660, 
    625, 
    544.1176470588235, 
    575, 
    531.578947368421, 
    460, 
    542.8571428571429, 
    511.3636363636364, 
    515.2173913043479, 
    447.9166666666667, 
    422, 
    421.15384615384613, 
    492.5925925925926, 
    475, 
    524.1379310344828, 
    486.6666666666667
   ], 
   "number_of_vehicles": 3
  }, 
  {
   "avg_task_cost_vs_number_of_task": [
    1200, 
    1200, 
    1233.3333333333333, 
    1162.5, 
    970, 
    891.6666666666666, 
    892.8571428571429, 
    837.5, 
    783.3333333333334, 
    770, 
    827.2727272727273, 
    700, 
    676.9230769230769, 
    714.2857142857143, 
    610, 
    609.375, 
    541.1764705882352, 
    647.2222222222222, 
    513.1578947368421, 
    517.5, 
    504.76190476190476, 
    495.45454545454544, 
    506.5217391304348, 
    520.8333333333334, 
    516, 
    484.61538461538464, 
    516.6666666666666, 
    541.0714285714286, 
    487.9310344827586, 
    383.3333333333333
   ], 
   "number_of_vehicles": 4
  }, 
  {
   "avg_task_cost_vs_number_of_task": [
    1200, 
    1200, 
    1233.3333333333333, 
    1162.5, 
    970, 
    891.6666666666666, 
    892.8571428571429, 
    868.75, 
    850, 
    795, 
    763.6363636363636, 
    708.3333333333334, 
    757.6923076923077, 
    678.5714285714286, 
    740, 
    609.375, 
    605.8823529411765, 
    555.5555555555555, 
    518.421052631579, 
    502.5, 
    590.4761904761905, 
    561.3636363636364, 
    493.4782608695652, 
    433.3333333333333, 
    504, 
    438.46153846153845, 
    483.3333333333333, 
    471.42857142857144, 
    500, 
    443.3333333333333
   ], 
   "number_of_vehicles": 5
  }
 ], 
 "vehicle_starting_positions": [
  "Aarau", 
  "Lausanne", 
  "Thun", 
  "St-Gallen", 
  "Bern", 
  "Neuch\u00e2tel", 
  "Gen\u00e8ve", 
  "Basel", 
  "Fribourg", 
  "Luzern", 
  "Sion", 
  "Z\u00fcrich"
 ], 
 "task_distribution": {
  "weight_matrix": [
   [
    0, 
    3, 
    3, 
    3, 
    3, 
    3, 
    3, 
    3, 
    3, 
    3, 
    3, 
    3
   ], 
   [
    3, 
    0, 
    3, 
    3, 
    3, 
    3, 
    3, 
    3, 
    3, 
    3, 
    3, 
    3
   ], 
   [
    3, 
    3, 
    0, 
    3, 
    3, 
    3, 
    3, 
    3, 
    3, 
    3, 
    3, 
    3
   ], 
   [
    3, 
    3, 
    3, 
    0, 
    3, 
    3, 
    3, 
    3, 
    3, 
    3, 
    3, 
    3
   ], 
   [
    3, 
    3, 
    3, 
    3, 
    0, 
    3, 
    3, 
    3, 
    3, 
    3, 
    3, 
    3
   ], 
   [
    3, 
    3, 
    3, 
    3, 
    3, 
    0, 
    3, 
    3, 
    3, 
    3, 
    3, 
    3
   ], 
   [
    3, 
    3, 
    3, 
    3, 
    3, 
    3, 
    0, 
    3, 
    3, 
    3, 
    3, 
    3
   ], 
   [
    3, 
    3, 
    3, 
    3, 
    3, 
    3, 
    3, 
    0, 
    3, 
    3, 
    3, 
    3
   ], 
   [
    3, 
    3, 
    3, 
    3, 
    3, 
    3, 
    3, 
    3, 
    0, 
    3, 
    3, 
    3
   ], 
   [
    3, 
    3, 
    3, 
    3, 
    3, 
    3, 
    3, 
    3, 
    3, 
    0, 
    3, 
    3
   ], 
   [
    3, 
    3, 
    3, 
    3, 
    3, 
    3, 
    3, 
    3, 
    3, 
    3, 
    0, 
    3
   ], 
   [
    3, 
    3, 
    3, 
    3, 
    3, 
    3, 
    3, 
    3, 
    3, 
    3, 
    3, 
    0
   ]
  ], 
  "city_names": [
   "Lausanne", 
   "Gen\u00e8ve", 
   "Sion", 
   "Neuch\u00e2tel", 
   "Bern", 
   "Basel", 
   "Fribourg", 
   "Z\u00fcrich", 
   "Aarau", 
   "Luzern", 
   "St-Gallen", 
   "Thun"
  ], 
  "reward_matrix": [
   [
    0, 
    89805, 
    77572, 
    87766, 
    77572, 
    49030, 
    87766, 
    42913, 
    55146, 
    36797, 
    18448, 
    69417
   ], 
   [
    89805, 
    0, 
    59223, 
    69417, 
    59223, 
    30681, 
    69417, 
    24565, 
    36797, 
    18448, 
    100, 
    51068
   ], 
   [
    77572, 
    59223, 
    0, 
    63301, 
    75533, 
    46991, 
    65340, 
    40875, 
    53107, 
    34758, 
    16410, 
    83688
   ], 
   [
    87766, 
    69417, 
    63301, 
    0, 
    95921, 
    67378, 
    85727, 
    61262, 
    73495, 
    55146, 
    36797, 
    87766
   ], 
   [
    77572, 
    59223, 
    75533, 
    95921, 
    0, 
    79611, 
    97960, 
    73495, 
    85727, 
    67378, 
    49030, 
    99999
   ], 
   [
    49030, 
    30681, 
    46991, 
    67378, 
    79611, 
    0, 
    69417, 
    83688, 
    71456, 
    69417, 
    59223, 
    71456
   ], 
   [
    87766, 
    69417, 
    65340, 
    85727, 
    97960, 
    69417, 
    0, 
    63301, 
    75533, 
    57185, 
    38836, 
    89805
   ], 
   [
    42913, 
    24565, 
    40875, 
    61262, 
    73495, 
    83688, 
    63301, 
    0, 
    95921, 
    93882, 
    83688, 
    65340
   ], 
   [
    55146, 
    36797, 
    53107, 
    73495, 
    85727, 
    71456, 
    75533, 
    95921, 
    0, 
    89805, 
    71456, 
    77572
   ], 
   [
    36797, 
    18448, 
    34758, 
    55146, 
    67378, 
    69417, 
    57185, 
    93882, 
    89805, 
    0, 
    69417, 
    59223
   ], 
   [
    18448, 
    100, 
    16410, 
    36797, 
    49030, 
    59223, 
    38836, 
    83688, 
    71456, 
    69417, 
    0, 
    40875
   ], 
   [
    69417, 
    51068, 
    83688, 
    87766, 
    99999, 
    71456, 
    89805, 
    65340, 
    77572, 
    59223, 
    40875, 
    0
   ]
  ], 
  "probability_matrix": [
   [
    0, 
    0.09067645716423599, 
    0.03927748918518463, 
    0.11327030705443433, 
    0.1043318722503073, 
    0.0665010573965967, 
    0.13099078143575657, 
    0.14359559824131896, 
    0.11595615566069889, 
    0.07539113604848414, 
    0.0810016048358894, 
    0.039007540727093164
   ], 
   [
    0.08922392040238204, 
    0, 
    0.04698382245741615, 
    0.08265603964822299, 
    0.029052516607469603, 
    0.14634225549172644, 
    0.1297099231318056, 
    0.15117993789210632, 
    0.060933158149818645, 
    0.08000318959302613, 
    0.11020693381300273, 
    0.07370830281302337
   ], 
   [
    0.11858426459249972, 
    0.1064597534597613, 
    0, 
    0.09242793642885533, 
    0.018547004753737502, 
    0.05910800534256555, 
    0.12345069255789277, 
    0.07958199731910545, 
    0.08374773456781355, 
    0.10983864195556435, 
    0.12309443307129415, 
    0.08515953595091023
   ], 
   [
    0.10662247082667518, 
    0.09318564071099206, 
    0.14902149455520222, 
    0, 
    0.14226928498459404, 
    0.12623038168722833, 
    0.07998635739267054, 
    0.005349631271691283, 
    0.13428187338296474, 
    0.0294792040925127, 
    0.11844453458884521, 
    0.015129126506623574
   ], 
   [
    0.014928964024709824, 
    0.13930228239894277, 
    0.17761110736167723, 
    0.10597942038636962, 
    0, 
    0.1513301664832504, 
    0.15058253657791934, 
    0.11119340547278027, 
    0.0994167197414212, 
    0.013930199698313111, 
    0.016616571245730273, 
    0.01910862660888596
   ], 
   [
    0.06308535112271875, 
    0.03926884509417246, 
    0.09120385351230058, 
    0.14624975667820392, 
    0.07588693601018055, 
    0, 
    0.061763714380503744, 
    0.025635981688932667, 
    0.08606858290939802, 
    0.14696752626395843, 
    0.15164784731287467, 
    0.11222160502675614
   ], 
   [
    0.13023353586730613, 
    0.10073583647207125, 
    0.12409406654088521, 
    0.1089835905349563, 
    0.080148634783655, 
    0.06462963721609943, 
    0, 
    0.045330053101818826, 
    0.12194954651990293, 
    0.06979338028075491, 
    0.01744708199486393, 
    0.13665463668768604
   ], 
   [
    0.10080547744933895, 
    0.18216839309948737, 
    0.07726710675922172, 
    0.036161863841376346, 
    0.1796972584637044, 
    0.07600601553606977, 
    0.1198549196614613, 
    0, 
    0.0042500213485436, 
    0.019846399372287226, 
    0.037423648644083964, 
    0.16651889582442536
   ], 
   [
    0.10355949458948521, 
    0.037134525014192385, 
    0.07492513793771467, 
    0.14500691769407487, 
    0.03368899333656811, 
    0.1370326621033923, 
    0.002429261551599049, 
    0.051689641130504484, 
    0, 
    0.20292407065121362, 
    0.11427894286708927, 
    0.09733035312416612
   ], 
   [
    0.12094874195841504, 
    0.043926316131874366, 
    0.15428965897656666, 
    0.038951955825091145, 
    0.09023163010980692, 
    0.00555769179059088, 
    0.06578393934286123, 
    0.14796777807017175, 
    0.09634400916140703, 
    0, 
    0.10341093800607254, 
    0.13258734062714253
   ], 
   [
    0.11845838909239989, 
    0.1214824767603157, 
    0.1391394250451885, 
    0.02244302986104656, 
    0.12631742386233452, 
    0.15582044508683596, 
    0.15479345356652371, 
    0.012854245708854725, 
    0.07933041631642317, 
    0.014354584876002448, 
    0, 
    0.055006109824075035
   ], 
   [
    0.09028579989953933, 
    0.1030898034522457, 
    0.1267592614499477, 
    0.1252906383445842, 
    0.09789554769758282, 
    0.10266960149838886, 
    0.016959992117551, 
    0.12584422298804493, 
    0.08094899155067295, 
    0.08577602705757886, 
    0.04448011394386354, 
    0
   ]
  ]
 }
}