{
 "distance_matrix": [
  [
   0, 
   90, 
   150, 
   100, 
   150, 
   290, 
   100, 
   320, 
   260, 
   350, 
   440, 
   190
  ], 
  [
   90, 
   0, 
   240, 
   190, 
   240, 
   380, 
   190, 
   410, 
   350, 
   440, 
   530, 
   280
  ], 
  [
   150, 
   240, 
   0, 
   220, 
   160, 
   300, 
   210, 
   330, 
   270, 
   360, 
   450, 
   120
  ], 
  [
   100, 
   190, 
   220, 
   0, 
   60, 
   200, 
   110, 
   230, 
   170, 
   260, 
   350, 
   100
  ], 
  [
   150, 
   240, 
   160, 
   60, 
   0, 
   140, 
   50, 
   170, 
   110, 
   200, 
   290, 
   40
  ], 
  [
   290, 
   380, 
   300, 
   200, 
   140, 
   0, 
   190, 
   120, 
   180, 
   190, 
   240, 
   180
  ], 
  [
   100, 
   190, 
   210, 
   110, 
   50, 
   190, 
   0, 
   220, 
   160, 
   250, 
   340, 
   90
  ], 
  [
   320, 
   410, 
   330, 
   230, 
   170, 
   120, 
   220, 
   0, 
   60, 
   70, 
   120, 
   210
  ], 
  [
   260, 
   350, 
   270, 
   170, 
   110, 
   180, 
   160, 
   60, 
   0, 
   90, 
   180, 
   150
  ], 
  [
   350, 
   440, 
   360, 
   260, 
   200, 
   190, 
   250, 
   70, 
   90, 
   0, 
   190, 
   240
  ], 
  [
   440, 
   530, 
   450, 
   350, 
   290, 
   240, 
   340, 
   120, 
   180, 
   190, 
   0, 
   330
  ], 
  [
   190, 
   280, 
   120, 
   100, 
   40, 
   180, 
   90, 
   210, 
   150, 
   240, 
   330, 
   0
  ]
 ], 
 "runs": [
  {
   "avg_task_cost_vs_number_of_task": [
    2200, 
    1350, 
    1100, 
    1225, 
    980, 
    900, 
    771.4285714285714, 
    731.25, 
    700, 
    720, 
    695.4545454545455, 
    650, 
    626.9230769230769, 
    546.4285714285714, 
    543.3333333333334, 
    537.5, 
    505.88235294117646, 
    480.55555555555554, 
    436.8421052631579, 
    442.5, 
    450, 
    450, 
    471.7391304347826, 
    397.9166666666667, 
    468, 
    432.6923076923077, 
    387.037037037037, 
    366.07142857142856, 
    410.3448275862069, 
    420
   ], 
   "number_of_vehicles": 2
  }, 
  {
   "avg_task_cost_vs_number_of_task": [
    1950, 
    1225, 
    1016.6666666666666, 
    1037.5, 
    830, 
    833.3333333333334, 
    714.2857142857143, 
    681.25, 
    677.7777777777778, 
    680, 
    704.5454545454545, 
    645.8333333333334, 
    557.6923076923077, 
    553.5714285714286, 
    543.3333333333334, 
    512.5, 
    505.88235294117646, 
    480.55555555555554, 
    431.57894736842104, 
    457.5, 
    435.7142857142857, 
    411.3636363636364, 
    397.82608695652175, 
    370.8333333333333, 
    356, 
    359.61538461538464, 
    387.037037037037, 
    401.7857142857143, 
    418.9655172413793, 
    418.3333333333333
   ], 
   "number_of_vehicles": 3
  }, 
  {
   "avg_task_cost_vs_number_of_task": [
    1950, 
    1225, 
    1016.6666666666666, 
    975, 
    780, 
    791.6666666666666, 
    678.5714285714286, 
    650, 
    627.7777777777778, 
    620, 
    627.2727272727273, 
    575, 
    530.7692307692307, 
    492.85714285714283, 
    460, 
    496.875, 
    470.5882352941176, 
    480.55555555555554, 
    431.57894736842104, 
    422.5, 
    433.3333333333333, 
    425, 
    393.4782608695652, 
    385.4166666666667, 
    450, 
    426.9230769230769, 
    372.22222222222223, 
    387.5, 
    408.62068965517244, 
    373.3333333333333
   ], 
   "number_of_vehicles": 4
  }, 
  {
   "avg_task_cost_vs_number_of_task": [
    1950, 
    1225, 
    1016.6666666666666, 
    975, 
    780, 
    791.6666666666666, 
    678.5714285714286, 
    675, 
    605.5555555555555, 
    620, 
    627.2727272727273, 
    575, 
    530.7692307692307, 
    492.85714285714283, 
    460, 
    490.625, 
    461.7647058823529, 
    500, 
    423.6842105263158, 
    420, 
    416.6666666666667, 
    381.8181818181818, 
    369.5652173913044, 
    335.4166666666667, 
    388, 
    353.84615384615387, 
    420.3703703703704, 
    367.85714285714283, 
    412.0689655172414, 
    365
   ], 
   "number_of_vehicles": 5
  }
 ], 
 "vehicle_starting_positions": [
  "Lausanne", 
  "Sion", 
  "Bern", 
  "Z\u00fcrich", 
  "Basel", 
  "Gen\u00e8ve", 
  "Fribourg", 
  "Neuch\u00e2tel", 
  "Luzern", 
  "Thun", 
  "Aarau", 
  "St-Gallen"
 ], 
 "task_distribution": {
  "weight_matrix": [
   [
    0, 
    3, 
    3, 
    3, 
    3, 
    3, 
    3, 
    3, 
    3, 
    3, 
    3, 
    3
   ], 
   [
    3, 
    0, 
    3, 
    3, 
    3, 
    3, 
    3, 
    3, 
    3, 
    3, 
    3, 
    3
   ], 
   [
    3, 
    3, 
    0, 
    3, 
    3, 
    3, 
    3, 
    3, 
    3, 
    3, 
    3, 
    3
   ], 
   [
    3, 
    3, 
    3, 
    0, 
    3, 
    3, 
    3, 
    3, 
    3, 
    3, 
    3, 
    3
   ], 
   [
    3, 
    3, 
    3, 
    3, 
    0, 
    3, 
    3, 
    3, 
    3, 
    3, 
    3, 
    3
   ], 
   [
    3, 
    3, 
    3, 
    3, 
    3, 
    0, 
    3, 
    3, 
    3, 
    3, 
    3, 
    3
   ], 
   [
    3, 
    3, 
    3, 
    3, 
    3, 
    3, 
    0, 
    3, 
    3, 
    3, 
    3, 
    3
   ], 
   [
    3, 
    3, 
    3, 
    3, 
    3, 
    3, 
    3, 
    0, 
    3, 
    3, 
    3, 
    3
   ], 
   [
    3, 
    3, 
    3, 
    3, 
    3, 
    3, 
    3, 
    3, 
    0, 
    3, 
    3, 
    3
   ], 
   [
    3, 
    3, 
    3, 
    3, 
    3, 
    3, 
    3, 
    3, 
    3, 
    0, 
    3, 
    3
   ], 
   [
    3, 
    3, 
    3, 
    3, 
    3, 
    3, 
    3, 
    3, 
    3, 
    3, 
    0, 
    3
   ], 
   [
    3, 
    3, 
    3, 
    3, 
    3, 
    3, 
    3, 
    3, 
    3, 
    3, 
    3, 
    0
   ]
  ], 
  "city_names": [
   "Lausanne", 
   "Gen\u00e8ve", 
   "Sion", 
   "Neuch\u00e2tel", 
   "Bern", 
   "Basel", 
   "Fribourg", 
   "Z\u00fcrich", 
   "Aarau", 
   "Luzern", 
   "St-Gallen", 
   "Thun"
  ], 
  "reward_matrix": [
   [
    0, 
    89805, 
    77572, 
    87766, 
    77572, 
    49030, 
    87766, 
    42913, 
    55146, 
    36797, 
    18448, 
    69417
   ], 
   [
    89805, 
    0, 
    59223, 
    69417, 
    59223, 
    30681, 
    69417, 
    24565, 
    36797, 
    18448, 
    100, 
    51068
   ], 
   [
    77572, 
    59223, 
    0, 
    63301, 
    75533, 
    46991, 
    65340, 
    40875, 
    53107, 
    34758, 
    16410, 
    83688
   ], 
   [
    87766, 
    69417, 
    63301, 
    0, 
    95921, 
    67378, 
    85727, 
    61262, 
    73495, 
    55146, 
    36797, 
    87766
   ], 
   [
    77572, 
    59223, 
    75533, 
    95921, 
    0, 
    79611, 
    97960, 
    73495, 
    85727, 
    67378, 
    49030, 
    99999
   ], 
   [
    49030, 
    30681, 
    46991, 
    67378, 
    79611, 
    0, 
    69417, 
    83688, 
    71456, 
    69417, 
    59223, 
    71456
   ], 
   [
    87766, 
    69417, 
    65340, 
    85727, 
    97960, 
    69417, 
    0, 
    63301, 
    75533, 
    57185, 
    38836, 
    89805
   ], 
   [
    42913, 
    24565, 
    40875, 
    61262, 
    73495, 
    83688, 
    63301, 
    0, 
    95921, 
    93882, 
    83688, 
    65340
   ], 
   [
    55146, 
    36797, 
    53107, 
    73495, 
    85727, 
    71456, 
    75533, 
    95921, 
    0, 
    89805, 
    71456, 
    77572
   ], 
   [
    36797, 
    18448, 
    34758, 
    55146, 
    67378, 
    69417, 
    57185, 
    93882, 
    89805, 
    0, 
    69417, 
    59223
   ], 
   [
    18448, 
    100, 
    16410, 
    36797, 
    49030, 
    59223, 
    38836, 
    83688, 
    71456, 
    69417, 
    0, 
    40875
   ], 
   [
    69417, 
    51068, 
    83688, 
    87766, 
    99999, 
    71456, 
    89805, 
    65340, 
    77572, 
    59223, 
    40875, 
    0
   ]
  ], 
  "probability_matrix": [
   [
    0, 
    0.1576497207379556, 
    0.13556106158839867, 
    0.15947963536327128, 
    0.0012909470155277785, 
    0.0006807790457811995, 
    0.12339977989045106, 
    0.08091557686903834, 
    0.026232892714247565, 
    0.07453117180952926, 
    0.07676104997729505, 
    0.16349738498850425
   ], 
   [
    0.19927859655655314, 
    0, 
    0.09078049514890565, 
    0.023358745949651847, 
    0.15228532176059706, 
    0.09403062558124674, 
    0.1645068549647677, 
    0.0788036789194033, 
    0.013522616431227057, 
    0.00032375289163555696, 
    0.10560795834576045, 
    0.07750135345025141
   ], 
   [
    0.07448626751171317, 
    0.08721933990122464, 
    0, 
    0.02123262895447745, 
    0.11129854877390064, 
    0.11757195556308875, 
    0.049606502124734185, 
    0.12146131298803907, 
    0.12631153830393616, 
    0.10296476024492815, 
    0.09077931927748306, 
    0.09706782635647472
   ], 
   [
    0.1801662992550599, 
    0.013445571532352492, 
    0.03430294948521629, 
    0, 
    0.14456342905129096, 
    0.16429438846248018, 
    0.15942395584280775, 
    0.038493673268091354, 
    0.0506462255233956, 
    0.01926750864430872, 
    0.11199464076423124, 
    0.08340135817076551
   ], 
   [
    0.15218673489663004, 
    0.0010788772211776628, 
    0.12682655915263027, 
    0.1263612980732385, 
    0, 
    0.11644199260358884, 
    0.09521647973159258, 
    0.126669017472618, 
    0.13757933528487654, 
    0.053660288708799596, 
    0.001465936639578877, 
    0.06251348021526906
   ], 
   [
    0.01802677238550808, 
    0.09495982203399947, 
    0.047838878778287394, 
    0.09103254369970827, 
    0.12120384043022606, 
    0, 
    0.11190876286801023, 
    0.09387090915737711, 
    0.08850682584567345, 
    0.04928935481459079, 
    0.14460929327684632, 
    0.13875299670977287
   ], 
   [
    0.03690022597553265, 
    0.16391963434520182, 
    0.10745054814641981, 
    0.030108402030278307, 
    0.036832986536652214, 
    0.09862718365454216, 
    0, 
    0.13171704957184183, 
    0.1454190744944847, 
    0.12603486482367315, 
    0.09721948110248625, 
    0.025770549318887184
   ], 
   [
    0.10642846470960796, 
    0.12301077843964855, 
    0.038483075645613964, 
    0.06353025951004507, 
    0.06453056378090172, 
    0.0894641106488578, 
    0.0721378171736767, 
    0, 
    0.07171143335088573, 
    0.05918837903691053, 
    0.17389158962532805, 
    0.13762352807852385
   ], 
   [
    0.001549548314892472, 
    0.12407709957878955, 
    0.024926730351762766, 
    0.0991676565339421, 
    0.056191280208501615, 
    0.1119060048686192, 
    0.1598163498058447, 
    0.1651984415763042, 
    0, 
    0.12187755738178205, 
    0.02757185078463874, 
    0.10771748059492263
   ], 
   [
    0.037116501421421165, 
    0.021511317176819637, 
    0.14834101075621609, 
    0.1299755588669886, 
    0.03960674341344, 
    0.03103821682415558, 
    0.003792329665695572, 
    0.1299924595008538, 
    0.13389680070839333, 
    0, 
    0.18345829051397197, 
    0.14127077115204426
   ], 
   [
    0.15825618142877668, 
    0.024406218260612497, 
    0.1057784586244934, 
    0.10075740110712524, 
    0.0768021762478793, 
    0.11412354974057394, 
    0.13062164474772936, 
    0.006568549686555102, 
    0.07842127030712419, 
    0.16171155991173602, 
    0, 
    0.04255298993739425
   ], 
   [
    0.06029757307632865, 
    0.020923806769496005, 
    0.021168309834460317, 
    0.04615251385412903, 
    0.17008265036548192, 
    0.1288584391054781, 
    0.061830579687962496, 
    0.05797040470357121, 
    0.1862892524781717, 
    0.08416775463905785, 
    0.1622587154858628, 
    0
   ]
  ]
 }
}