{
 "vehicle_cost_per_km": [
  10, 
  5, 
  5, 
  5, 
  5, 
  5, 
  5, 
  5, 
  5, 
  5, 
  5, 
  5
 ], 
 "runs": [
  {
   "avg_task_cost_vs_number_of_task": [
    4500, 
    2475, 
    1816.6666666666667, 
    1362.5, 
    1240, 
    1125, 
    1028.5714285714287, 
    900, 
    844.4444444444445, 
    760, 
    736.3636363636364, 
    725, 
    669.2307692307693, 
    664.2857142857143, 
    743.3333333333334, 
    646.875, 
    702.9411764705883, 
    677.7777777777778, 
    644.7368421052631, 
    675, 
    614.2857142857143, 
    540.9090909090909, 
    595.6521739130435, 
    650, 
    672, 
    598.0769230769231, 
    664.8148148148148, 
    603.5714285714286, 
    603.448275862069, 
    598.3333333333334
   ], 
   "number_of_vehicles": 3
  }
 ], 
 "vehicle_starting_positions": [
  "Lausanne", 
  "Gen\u00c3\u00a8ve", 
  "Sion", 
  "Neuch\u00c3\u00a2tel", 
  "Bern", 
  "Basel", 
  "Fribourg", 
  "Z\u00c3\u00bcrich", 
  "Aarau", 
  "Luzern", 
  "St-Gallen", 
  "Thun"
 ], 
 "task_distribution": {
  "distance_matrix": [
   [
    0, 
    90, 
    150, 
    100, 
    150, 
    290, 
    100, 
    320, 
    260, 
    350, 
    440, 
    190
   ], 
   [
    90, 
    0, 
    240, 
    190, 
    240, 
    380, 
    190, 
    410, 
    350, 
    440, 
    530, 
    280
   ], 
   [
    150, 
    240, 
    0, 
    220, 
    160, 
    300, 
    210, 
    330, 
    270, 
    360, 
    450, 
    120
   ], 
   [
    100, 
    190, 
    220, 
    0, 
    60, 
    200, 
    110, 
    230, 
    170, 
    260, 
    350, 
    100
   ], 
   [
    150, 
    240, 
    160, 
    60, 
    0, 
    140, 
    50, 
    170, 
    110, 
    200, 
    290, 
    40
   ], 
   [
    290, 
    380, 
    300, 
    200, 
    140, 
    0, 
    190, 
    120, 
    180, 
    190, 
    240, 
    180
   ], 
   [
    100, 
    190, 
    210, 
    110, 
    50, 
    190, 
    0, 
    220, 
    160, 
    250, 
    340, 
    90
   ], 
   [
    320, 
    410, 
    330, 
    230, 
    170, 
    120, 
    220, 
    0, 
    60, 
    70, 
    120, 
    210
   ], 
   [
    260, 
    350, 
    270, 
    170, 
    110, 
    180, 
    160, 
    60, 
    0, 
    90, 
    180, 
    150
   ], 
   [
    350, 
    440, 
    360, 
    260, 
    200, 
    190, 
    250, 
    70, 
    90, 
    0, 
    190, 
    240
   ], 
   [
    440, 
    530, 
    450, 
    350, 
    290, 
    240, 
    340, 
    120, 
    180, 
    190, 
    0, 
    330
   ], 
   [
    190, 
    280, 
    120, 
    100, 
    40, 
    180, 
    90, 
    210, 
    150, 
    240, 
    330, 
    0
   ]
  ], 
  "weight_matrix": [
   [
    0, 
    3, 
    3, 
    3, 
    3, 
    3, 
    3, 
    3, 
    3, 
    3, 
    3, 
    3
   ], 
   [
    3, 
    0, 
    3, 
    3, 
    3, 
    3, 
    3, 
    3, 
    3, 
    3, 
    3, 
    3
   ], 
   [
    3, 
    3, 
    0, 
    3, 
    3, 
    3, 
    3, 
    3, 
    3, 
    3, 
    3, 
    3
   ], 
   [
    3, 
    3, 
    3, 
    0, 
    3, 
    3, 
    3, 
    3, 
    3, 
    3, 
    3, 
    3
   ], 
   [
    3, 
    3, 
    3, 
    3, 
    0, 
    3, 
    3, 
    3, 
    3, 
    3, 
    3, 
    3
   ], 
   [
    3, 
    3, 
    3, 
    3, 
    3, 
    0, 
    3, 
    3, 
    3, 
    3, 
    3, 
    3
   ], 
   [
    3, 
    3, 
    3, 
    3, 
    3, 
    3, 
    0, 
    3, 
    3, 
    3, 
    3, 
    3
   ], 
   [
    3, 
    3, 
    3, 
    3, 
    3, 
    3, 
    3, 
    0, 
    3, 
    3, 
    3, 
    3
   ], 
   [
    3, 
    3, 
    3, 
    3, 
    3, 
    3, 
    3, 
    3, 
    0, 
    3, 
    3, 
    3
   ], 
   [
    3, 
    3, 
    3, 
    3, 
    3, 
    3, 
    3, 
    3, 
    3, 
    0, 
    3, 
    3
   ], 
   [
    3, 
    3, 
    3, 
    3, 
    3, 
    3, 
    3, 
    3, 
    3, 
    3, 
    0, 
    3
   ], 
   [
    3, 
    3, 
    3, 
    3, 
    3, 
    3, 
    3, 
    3, 
    3, 
    3, 
    3, 
    0
   ]
  ], 
  "city_names": [
   "Lausanne", 
   "Gen\u00c3\u00a8ve", 
   "Sion", 
   "Neuch\u00c3\u00a2tel", 
   "Bern", 
   "Basel", 
   "Fribourg", 
   "Z\u00c3\u00bcrich", 
   "Aarau", 
   "Luzern", 
   "St-Gallen", 
   "Thun"
  ], 
  "reward_matrix": [
   [
    0, 
    89805, 
    77572, 
    87766, 
    77572, 
    49030, 
    87766, 
    42913, 
    55146, 
    36797, 
    18448, 
    69417
   ], 
   [
    89805, 
    0, 
    59223, 
    69417, 
    59223, 
    30681, 
    69417, 
    24565, 
    36797, 
    18448, 
    100, 
    51068
   ], 
   [
    77572, 
    59223, 
    0, 
    63301, 
    75533, 
    46991, 
    65340, 
    40875, 
    53107, 
    34758, 
    16410, 
    83688
   ], 
   [
    87766, 
    69417, 
    63301, 
    0, 
    95921, 
    67378, 
    85727, 
    61262, 
    73495, 
    55146, 
    36797, 
    87766
   ], 
   [
    77572, 
    59223, 
    75533, 
    95921, 
    0, 
    79611, 
    97960, 
    73495, 
    85727, 
    67378, 
    49030, 
    99999
   ], 
   [
    49030, 
    30681, 
    46991, 
    67378, 
    79611, 
    0, 
    69417, 
    83688, 
    71456, 
    69417, 
    59223, 
    71456
   ], 
   [
    87766, 
    69417, 
    65340, 
    85727, 
    97960, 
    69417, 
    0, 
    63301, 
    75533, 
    57185, 
    38836, 
    89805
   ], 
   [
    42913, 
    24565, 
    40875, 
    61262, 
    73495, 
    83688, 
    63301, 
    0, 
    95921, 
    93882, 
    83688, 
    65340
   ], 
   [
    55146, 
    36797, 
    53107, 
    73495, 
    85727, 
    71456, 
    75533, 
    95921, 
    0, 
    89805, 
    71456, 
    77572
   ], 
   [
    36797, 
    18448, 
    34758, 
    55146, 
    67378, 
    69417, 
    57185, 
    93882, 
    89805, 
    0, 
    69417, 
    59223
   ], 
   [
    18448, 
    100, 
    16410, 
    36797, 
    49030, 
    59223, 
    38836, 
    83688, 
    71456, 
    69417, 
    0, 
    40875
   ], 
   [
    69417, 
    51068, 
    83688, 
    87766, 
    99999, 
    71456, 
    89805, 
    65340, 
    77572, 
    59223, 
    40875, 
    0
   ]
  ], 
  "probability_matrix": [
   [
    0, 
    0.0067945267702485546, 
    0.13514972922958918, 
    0.10938301797202347, 
    0.10076289239661115, 
    0.12469305167728899, 
    0.1449597646796367, 
    0.10170790262347074, 
    0.03133910579770355, 
    0.04322902400401185, 
    0.07476763398815355, 
    0.1272133508612624
   ], 
   [
    0.12339654184382692, 
    0, 
    0.15918290874370716, 
    0.09958653898038429, 
    0.0016049264595998486, 
    0.08057010608757846, 
    0.008439480676988858, 
    0.08580670326687898, 
    0.08852584667669182, 
    0.1605475407730398, 
    0.10076201858890597, 
    0.09157738790239801
   ], 
   [
    0.03663414039943376, 
    0.02950832639632334, 
    0, 
    0.24943033136783188, 
    0.061433953137894584, 
    0.04117133394533517, 
    0.012152955254186377, 
    0.1375445494800831, 
    0.035208505874957795, 
    0.0030332696573487825, 
    0.11544108146205034, 
    0.27844155302455487
   ], 
   [
    0.1178135828172431, 
    0.053712953162285866, 
    0.1088982543522956, 
    0, 
    0.03264511374550595, 
    0.11547875736572763, 
    0.08936609991558044, 
    0.05845570884127077, 
    0.09179987337305516, 
    0.11508246240741371, 
    0.15973215193806345, 
    0.05701504208155825
   ], 
   [
    0.03662360187366665, 
    0.1329283769318772, 
    0.19658845677657222, 
    0.1336007352941745, 
    0, 
    0.048728632796816836, 
    0.1992343073450651, 
    0.005732705812843931, 
    0.044071274271626916, 
    0.13700518948513324, 
    0.009706500956881327, 
    0.0557802184553421
   ], 
   [
    0.09609461389010097, 
    0.09107719102934839, 
    0.13530248999957212, 
    0.04204577013825865, 
    0.1792069089514254, 
    0, 
    0.14503480960222184, 
    0.00627800862270857, 
    0.07327656751247114, 
    0.0707509964966341, 
    0.04662742838827712, 
    0.11430521536898178
   ], 
   [
    0.02256456668146278, 
    0.05012407945454144, 
    0.16726848263300825, 
    0.1320387373595376, 
    0.08240819902544766, 
    0.0428743099731512, 
    0, 
    0.2276924506166432, 
    0.020297202212208765, 
    0.06164474009183738, 
    0.18251881799080555, 
    0.010568413961356191
   ], 
   [
    0.07365018085129323, 
    0.04455498198930738, 
    0.10833337890811066, 
    0.1377631786436753, 
    0.13737862748842292, 
    0.10141692055626213, 
    0.17448221307209977, 
    0, 
    0.0352033237544217, 
    0.0014893306048250534, 
    0.18058004734052854, 
    0.005147816791053283
   ], 
   [
    0.043486233830110535, 
    0.07323379643984511, 
    0.07706582859365543, 
    0.0008629917095777904, 
    0.03658138284479837, 
    0.09969468725619637, 
    0.15794964985951318, 
    0.11794800149262002, 
    0, 
    0.16710520109270824, 
    0.13108537783083588, 
    0.09498684905013899
   ], 
   [
    0.040053407437506044, 
    0.13470581461487946, 
    0.07041314735868208, 
    0.12708636260171285, 
    0.1244822686262272, 
    0.09623655262496617, 
    0.13680165833001995, 
    0.03249157194775075, 
    0.09398192872459411, 
    0, 
    0.09411749402136887, 
    0.04962979371229258
   ], 
   [
    0.12579334504428144, 
    0.1326503922765864, 
    0.08875474824889928, 
    0.04111961819066213, 
    0.07898354731131556, 
    0.021118599334713495, 
    0.0715759336152277, 
    0.11356322002819655, 
    0.11484234012937074, 
    0.09853186765249447, 
    0, 
    0.11306638816825229
   ], 
   [
    0.03404347857434091, 
    0.06780313912368803, 
    0.14860509558036256, 
    0.10894381029727145, 
    0.026888852618632088, 
    0.18282516391272946, 
    0.04529644741294985, 
    0.037089678574176346, 
    0.16141886666409735, 
    0.14858776498068355, 
    0.03849770226106841, 
    0
   ]
  ]
 }, 
 "vehicle_capacities": [
  15, 
  15, 
  15, 
  30, 
  30, 
  30, 
  30, 
  30, 
  30, 
  30, 
  30, 
  30
 ]
}