{
 "distance_matrix": [
  [
   0, 
   90, 
   150, 
   100, 
   150, 
   290, 
   100, 
   320, 
   260, 
   350, 
   440, 
   190
  ], 
  [
   90, 
   0, 
   240, 
   190, 
   240, 
   380, 
   190, 
   410, 
   350, 
   440, 
   530, 
   280
  ], 
  [
   150, 
   240, 
   0, 
   220, 
   160, 
   300, 
   210, 
   330, 
   270, 
   360, 
   450, 
   120
  ], 
  [
   100, 
   190, 
   220, 
   0, 
   60, 
   200, 
   110, 
   230, 
   170, 
   260, 
   350, 
   100
  ], 
  [
   150, 
   240, 
   160, 
   60, 
   0, 
   140, 
   50, 
   170, 
   110, 
   200, 
   290, 
   40
  ], 
  [
   290, 
   380, 
   300, 
   200, 
   140, 
   0, 
   190, 
   120, 
   180, 
   190, 
   240, 
   180
  ], 
  [
   100, 
   190, 
   210, 
   110, 
   50, 
   190, 
   0, 
   220, 
   160, 
   250, 
   340, 
   90
  ], 
  [
   320, 
   410, 
   330, 
   230, 
   170, 
   120, 
   220, 
   0, 
   60, 
   70, 
   120, 
   210
  ], 
  [
   260, 
   350, 
   270, 
   170, 
   110, 
   180, 
   160, 
   60, 
   0, 
   90, 
   180, 
   150
  ], 
  [
   350, 
   440, 
   360, 
   260, 
   200, 
   190, 
   250, 
   70, 
   90, 
   0, 
   190, 
   240
  ], 
  [
   440, 
   530, 
   450, 
   350, 
   290, 
   240, 
   340, 
   120, 
   180, 
   190, 
   0, 
   330
  ], 
  [
   190, 
   280, 
   120, 
   100, 
   40, 
   180, 
   90, 
   210, 
   150, 
   240, 
   330, 
   0
  ]
 ], 
 "runs": [
  {
   "avg_task_cost_vs_number_of_task": [
    750, 
    1375, 
    1483.3333333333333, 
    1325, 
    1170, 
    975, 
    835.7142857142857, 
    731.25, 
    650, 
    585, 
    572.7272727272727, 
    520.8333333333334, 
    496.15384615384613, 
    503.57142857142856, 
    516.6666666666666, 
    468.75, 
    520.5882352941177, 
    508.3333333333333, 
    560.5263157894736, 
    530, 
    511.9047619047619, 
    500, 
    539.1304347826087, 
    468.75, 
    450, 
    434.61538461538464, 
    425.9259259259259, 
    435.7142857142857, 
    456.8965517241379, 
    426.6666666666667
   ], 
   "number_of_vehicles": 2
  }, 
  {
   "avg_task_cost_vs_number_of_task": [
    750, 
    1375, 
    1483.3333333333333, 
    1325, 
    1170, 
    975, 
    835.7142857142857, 
    731.25, 
    650, 
    585, 
    572.7272727272727, 
    520.8333333333334, 
    480.7692307692308, 
    503.57142857142856, 
    496.6666666666667, 
    465.625, 
    520.5882352941177, 
    480.55555555555554, 
    513.1578947368421, 
    575, 
    547.6190476190476, 
    490.90909090909093, 
    484.7826086956522, 
    481.25, 
    478, 
    430.7692307692308, 
    455.55555555555554, 
    451.7857142857143, 
    465.51724137931035, 
    481.6666666666667
   ], 
   "number_of_vehicles": 3
  }, 
  {
   "avg_task_cost_vs_number_of_task": [
    750, 
    1375, 
    1483.3333333333333, 
    1325, 
    1120, 
    933.3333333333334, 
    800, 
    731.25, 
    622.2222222222222, 
    585, 
    527.2727272727273, 
    558.3333333333334, 
    480.7692307692308, 
    525, 
    500, 
    481.25, 
    505.88235294117646, 
    450, 
    542.1052631578947, 
    517.5, 
    504.76190476190476, 
    536.3636363636364, 
    515.2173913043479, 
    464.5833333333333, 
    446, 
    465.38461538461536, 
    459.25925925925924, 
    457.14285714285717, 
    422.41379310344826, 
    475
   ], 
   "number_of_vehicles": 4
  }, 
  {
   "avg_task_cost_vs_number_of_task": [
    750, 
    1350, 
    1400, 
    1150, 
    980, 
    816.6666666666666, 
    700, 
    612.5, 
    544.4444444444445, 
    490, 
    445.45454545454544, 
    458.3333333333333, 
    423.0769230769231, 
    421.42857142857144, 
    513.3333333333334, 
    425, 
    435.29411764705884, 
    430.55555555555554, 
    460.5263157894737, 
    455, 
    516.6666666666666, 
    586.3636363636364, 
    486.95652173913044, 
    447.9166666666667, 
    528, 
    467.3076923076923, 
    438.8888888888889, 
    423.2142857142857, 
    510.3448275862069, 
    430
   ], 
   "number_of_vehicles": 5
  }
 ], 
 "vehicle_starting_positions": [
  "Lausanne", 
  "Fribourg", 
  "Sion", 
  "Bern", 
  "Basel", 
  "Neuch\u00e2tel", 
  "Z\u00fcrich", 
  "Luzern", 
  "St-Gallen", 
  "Thun", 
  "Gen\u00e8ve", 
  "Aarau"
 ], 
 "task_distribution": {
  "weight_matrix": [
   [
    0, 
    3, 
    3, 
    3, 
    3, 
    3, 
    3, 
    3, 
    3, 
    3, 
    3, 
    3
   ], 
   [
    3, 
    0, 
    3, 
    3, 
    3, 
    3, 
    3, 
    3, 
    3, 
    3, 
    3, 
    3
   ], 
   [
    3, 
    3, 
    0, 
    3, 
    3, 
    3, 
    3, 
    3, 
    3, 
    3, 
    3, 
    3
   ], 
   [
    3, 
    3, 
    3, 
    0, 
    3, 
    3, 
    3, 
    3, 
    3, 
    3, 
    3, 
    3
   ], 
   [
    3, 
    3, 
    3, 
    3, 
    0, 
    3, 
    3, 
    3, 
    3, 
    3, 
    3, 
    3
   ], 
   [
    3, 
    3, 
    3, 
    3, 
    3, 
    0, 
    3, 
    3, 
    3, 
    3, 
    3, 
    3
   ], 
   [
    3, 
    3, 
    3, 
    3, 
    3, 
    3, 
    0, 
    3, 
    3, 
    3, 
    3, 
    3
   ], 
   [
    3, 
    3, 
    3, 
    3, 
    3, 
    3, 
    3, 
    0, 
    3, 
    3, 
    3, 
    3
   ], 
   [
    3, 
    3, 
    3, 
    3, 
    3, 
    3, 
    3, 
    3, 
    0, 
    3, 
    3, 
    3
   ], 
   [
    3, 
    3, 
    3, 
    3, 
    3, 
    3, 
    3, 
    3, 
    3, 
    0, 
    3, 
    3
   ], 
   [
    3, 
    3, 
    3, 
    3, 
    3, 
    3, 
    3, 
    3, 
    3, 
    3, 
    0, 
    3
   ], 
   [
    3, 
    3, 
    3, 
    3, 
    3, 
    3, 
    3, 
    3, 
    3, 
    3, 
    3, 
    0
   ]
  ], 
  "city_names": [
   "Lausanne", 
   "Gen\u00e8ve", 
   "Sion", 
   "Neuch\u00e2tel", 
   "Bern", 
   "Basel", 
   "Fribourg", 
   "Z\u00fcrich", 
   "Aarau", 
   "Luzern", 
   "St-Gallen", 
   "Thun"
  ], 
  "reward_matrix": [
   [
    0, 
    89805, 
    77572, 
    87766, 
    77572, 
    49030, 
    87766, 
    42913, 
    55146, 
    36797, 
    18448, 
    69417
   ], 
   [
    89805, 
    0, 
    59223, 
    69417, 
    59223, 
    30681, 
    69417, 
    24565, 
    36797, 
    18448, 
    100, 
    51068
   ], 
   [
    77572, 
    59223, 
    0, 
    63301, 
    75533, 
    46991, 
    65340, 
    40875, 
    53107, 
    34758, 
    16410, 
    83688
   ], 
   [
    87766, 
    69417, 
    63301, 
    0, 
    95921, 
    67378, 
    85727, 
    61262, 
    73495, 
    55146, 
    36797, 
    87766
   ], 
   [
    77572, 
    59223, 
    75533, 
    95921, 
    0, 
    79611, 
    97960, 
    73495, 
    85727, 
    67378, 
    49030, 
    99999
   ], 
   [
    49030, 
    30681, 
    46991, 
    67378, 
    79611, 
    0, 
    69417, 
    83688, 
    71456, 
    69417, 
    59223, 
    71456
   ], 
   [
    87766, 
    69417, 
    65340, 
    85727, 
    97960, 
    69417, 
    0, 
    63301, 
    75533, 
    57185, 
    38836, 
    89805
   ], 
   [
    42913, 
    24565, 
    40875, 
    61262, 
    73495, 
    83688, 
    63301, 
    0, 
    95921, 
    93882, 
    83688, 
    65340
   ], 
   [
    55146, 
    36797, 
    53107, 
    73495, 
    85727, 
    71456, 
    75533, 
    95921, 
    0, 
    89805, 
    71456, 
    77572
   ], 
   [
    36797, 
    18448, 
    34758, 
    55146, 
    67378, 
    69417, 
    57185, 
    93882, 
    89805, 
    0, 
    69417, 
    59223
   ], 
   [
    18448, 
    100, 
    16410, 
    36797, 
    49030, 
    59223, 
    38836, 
    83688, 
    71456, 
    69417, 
    0, 
    40875
   ], 
   [
    69417, 
    51068, 
    83688, 
    87766, 
    99999, 
    71456, 
    89805, 
    65340, 
    77572, 
    59223, 
    40875, 
    0
   ]
  ], 
  "probability_matrix": [
   [
    0, 
    0.032865883689779954, 
    0.036788135504271964, 
    0.14607898984504022, 
    0.15959737582541397, 
    0.01757963518400793, 
    0.04824159659185443, 
    0.10801326279981348, 
    0.21733866508596553, 
    0.06652455685758964, 
    0.10959549332804168, 
    0.05737640528822116
   ], 
   [
    0.0023977735283228097, 
    0, 
    0.04756073738864825, 
    0.08046678580387837, 
    0.0032417472848340085, 
    0.16488672991124098, 
    0.06049647987552613, 
    0.13881886564533363, 
    0.10345558906801744, 
    0.09683796440317838, 
    0.1484869792069729, 
    0.15335034788404722
   ], 
   [
    0.1566906310609497, 
    0.034544954923926036, 
    0, 
    0.16322164619792165, 
    0.07228437287240647, 
    0.16420250996562533, 
    0.09207460968719863, 
    0.06990606413078933, 
    0.010203696301762112, 
    0.14296409249283668, 
    0.04386075481046213, 
    0.05004666755612214
   ], 
   [
    0.11251030832190141, 
    0.048601138124882176, 
    0.13626287044801838, 
    0, 
    0.16752691626384106, 
    0.11258553195458962, 
    0.1370713776783005, 
    0.01913754630522708, 
    0.05084631105897066, 
    0.012233439092410706, 
    0.17417018059390002, 
    0.029054380157958453
   ], 
   [
    0.0015137027501298552, 
    0.24032607908043166, 
    0.09981381597962452, 
    0.04384768726097974, 
    0, 
    0.2573159120724902, 
    0.04598884214877471, 
    0.0767032544474511, 
    0.0035953459533034807, 
    0.07801363965598143, 
    0.11518321967395191, 
    0.03769850097688125
   ], 
   [
    0.09384989644751332, 
    0.12209358176267548, 
    0.0662429147748788, 
    0.11088121713563896, 
    0.11714008426327477, 
    0, 
    0.0742445951181703, 
    0.11022968609745022, 
    0.030521147048538776, 
    0.08206404895676525, 
    0.07955365558091596, 
    0.11317917281417804
   ], 
   [
    0.0066730605028143914, 
    0.07722669483825129, 
    0.16106896521066497, 
    0.13967930003249257, 
    0.1094442448064547, 
    0.01786015274664276, 
    0, 
    0.038014001903395475, 
    0.05937671652589049, 
    0.10483009039547408, 
    0.09631444005646252, 
    0.18951233298145684
   ], 
   [
    0.007269253514120531, 
    0.11118379832993361, 
    0.07115592077720159, 
    0.15651561978644513, 
    0.08798240124421852, 
    0.06670297923806078, 
    0.09812977076613731, 
    0, 
    0.10861264418014462, 
    0.16058064380286044, 
    0.05337220412071046, 
    0.07849476424016691
   ], 
   [
    0.11656385111316495, 
    0.13366659659892452, 
    0.11279562574898472, 
    0.03348787660741206, 
    0.041567644515364405, 
    0.07415571894105337, 
    0.13992227103240568, 
    0.10388077130560297, 
    0, 
    0.07410817143711075, 
    0.11321232596235367, 
    0.056639146737622936
   ], 
   [
    0.1051334909202462, 
    0.0054354144397447245, 
    0.10268705121903375, 
    0.17212461318417338, 
    0.104970862409361, 
    0.061704270764897234, 
    0.02845578346931928, 
    0.1305411749003605, 
    0.16753446533436275, 
    0, 
    0.11720516766119486, 
    0.004207705697306494
   ], 
   [
    0.12115251158467934, 
    0.006566732876111975, 
    0.15436065331281681, 
    0.11426551185786105, 
    0.08713380547593821, 
    0.03544024554280601, 
    0.008826383252522229, 
    0.07771816317718896, 
    0.15030485035814087, 
    0.07021595045070961, 
    0, 
    0.17401519211122501
   ], 
   [
    0.12318900814347893, 
    0.02882628308146948, 
    0.02844991883447722, 
    0.13803653493390824, 
    0.15769465849529843, 
    0.034192373954458406, 
    0.15127195534022125, 
    0.12574835990668334, 
    0.06399615740133469, 
    0.08377736179094206, 
    0.06481738811772789, 
    0
   ]
  ]
 }
}