{
 "distance_matrix": [
  [
   0, 
   90, 
   150, 
   100, 
   150, 
   290, 
   100, 
   320, 
   260, 
   350, 
   440, 
   190
  ], 
  [
   90, 
   0, 
   240, 
   190, 
   240, 
   380, 
   190, 
   410, 
   350, 
   440, 
   530, 
   280
  ], 
  [
   150, 
   240, 
   0, 
   220, 
   160, 
   300, 
   210, 
   330, 
   270, 
   360, 
   450, 
   120
  ], 
  [
   100, 
   190, 
   220, 
   0, 
   60, 
   200, 
   110, 
   230, 
   170, 
   260, 
   350, 
   100
  ], 
  [
   150, 
   240, 
   160, 
   60, 
   0, 
   140, 
   50, 
   170, 
   110, 
   200, 
   290, 
   40
  ], 
  [
   290, 
   380, 
   300, 
   200, 
   140, 
   0, 
   190, 
   120, 
   180, 
   190, 
   240, 
   180
  ], 
  [
   100, 
   190, 
   210, 
   110, 
   50, 
   190, 
   0, 
   220, 
   160, 
   250, 
   340, 
   90
  ], 
  [
   320, 
   410, 
   330, 
   230, 
   170, 
   120, 
   220, 
   0, 
   60, 
   70, 
   120, 
   210
  ], 
  [
   260, 
   350, 
   270, 
   170, 
   110, 
   180, 
   160, 
   60, 
   0, 
   90, 
   180, 
   150
  ], 
  [
   350, 
   440, 
   360, 
   260, 
   200, 
   190, 
   250, 
   70, 
   90, 
   0, 
   190, 
   240
  ], 
  [
   440, 
   530, 
   450, 
   350, 
   290, 
   240, 
   340, 
   120, 
   180, 
   190, 
   0, 
   330
  ], 
  [
   190, 
   280, 
   120, 
   100, 
   40, 
   180, 
   90, 
   210, 
   150, 
   240, 
   330, 
   0
  ]
 ], 
 "runs": [
  {
   "avg_task_cost_vs_number_of_task": [
    1250, 
    850, 
    1200, 
    900, 
    800, 
    666.6666666666666, 
    707.1428571428571, 
    631.25, 
    550, 
    500, 
    531.8181818181819, 
    495.8333333333333, 
    515.3846153846154, 
    542.8571428571429, 
    506.6666666666667, 
    500, 
    476.47058823529414, 
    466.6666666666667, 
    423.6842105263158, 
    510, 
    466.6666666666667, 
    454.54545454545456, 
    419.5652173913044, 
    387.5, 
    420, 
    390.38461538461536, 
    450, 
    392.85714285714283, 
    427.58620689655174, 
    378.3333333333333
   ], 
   "number_of_vehicles": 2
  }, 
  {
   "avg_task_cost_vs_number_of_task": [
    900, 
    450, 
    950, 
    900, 
    800, 
    666.6666666666666, 
    657.1428571428571, 
    575, 
    550, 
    495, 
    531.8181818181819, 
    491.6666666666667, 
    515.3846153846154, 
    571.4285714285714, 
    543.3333333333334, 
    500, 
    470.5882352941176, 
    444.44444444444446, 
    423.6842105263158, 
    625, 
    502.3809523809524, 
    465.90909090909093, 
    454.3478260869565, 
    439.5833333333333, 
    400, 
    480.7692307692308, 
    448.14814814814815, 
    421.42857142857144, 
    412.0689655172414, 
    406.6666666666667
   ], 
   "number_of_vehicles": 3
  }, 
  {
   "avg_task_cost_vs_number_of_task": [
    900, 
    450, 
    950, 
    900, 
    800, 
    666.6666666666666, 
    707.1428571428571, 
    618.75, 
    550, 
    495, 
    531.8181818181819, 
    491.6666666666667, 
    492.3076923076923, 
    542.8571428571429, 
    526.6666666666666, 
    493.75, 
    505.88235294117646, 
    444.44444444444446, 
    423.6842105263158, 
    520, 
    421.42857142857144, 
    406.8181818181818, 
    415.2173913043478, 
    412.5, 
    410, 
    517.3076923076923, 
    427.77777777777777, 
    416.07142857142856, 
    410.3448275862069, 
    438.3333333333333
   ], 
   "number_of_vehicles": 4
  }, 
  {
   "avg_task_cost_vs_number_of_task": [
    750, 
    450, 
    833.3333333333334, 
    825, 
    740, 
    616.6666666666666, 
    664.2857142857143, 
    581.25, 
    550, 
    495, 
    531.8181818181819, 
    491.6666666666667, 
    515.3846153846154, 
    571.4285714285714, 
    543.3333333333334, 
    506.25, 
    488.2352941176471, 
    463.8888888888889, 
    463.1578947368421, 
    522.5, 
    492.85714285714283, 
    415.90909090909093, 
    441.30434782608694, 
    389.5833333333333, 
    494, 
    444.2307692307692, 
    418.51851851851853, 
    412.5, 
    458.62068965517244, 
    466.6666666666667
   ], 
   "number_of_vehicles": 5
  }
 ], 
 "vehicle_starting_positions": [
  "Fribourg", 
  "St-Gallen", 
  "Luzern", 
  "Sion", 
  "Z\u00fcrich", 
  "Bern", 
  "Basel", 
  "Aarau", 
  "Neuch\u00e2tel", 
  "Gen\u00e8ve", 
  "Lausanne", 
  "Thun"
 ], 
 "task_distribution": {
  "weight_matrix": [
   [
    0, 
    3, 
    3, 
    3, 
    3, 
    3, 
    3, 
    3, 
    3, 
    3, 
    3, 
    3
   ], 
   [
    3, 
    0, 
    3, 
    3, 
    3, 
    3, 
    3, 
    3, 
    3, 
    3, 
    3, 
    3
   ], 
   [
    3, 
    3, 
    0, 
    3, 
    3, 
    3, 
    3, 
    3, 
    3, 
    3, 
    3, 
    3
   ], 
   [
    3, 
    3, 
    3, 
    0, 
    3, 
    3, 
    3, 
    3, 
    3, 
    3, 
    3, 
    3
   ], 
   [
    3, 
    3, 
    3, 
    3, 
    0, 
    3, 
    3, 
    3, 
    3, 
    3, 
    3, 
    3
   ], 
   [
    3, 
    3, 
    3, 
    3, 
    3, 
    0, 
    3, 
    3, 
    3, 
    3, 
    3, 
    3
   ], 
   [
    3, 
    3, 
    3, 
    3, 
    3, 
    3, 
    0, 
    3, 
    3, 
    3, 
    3, 
    3
   ], 
   [
    3, 
    3, 
    3, 
    3, 
    3, 
    3, 
    3, 
    0, 
    3, 
    3, 
    3, 
    3
   ], 
   [
    3, 
    3, 
    3, 
    3, 
    3, 
    3, 
    3, 
    3, 
    0, 
    3, 
    3, 
    3
   ], 
   [
    3, 
    3, 
    3, 
    3, 
    3, 
    3, 
    3, 
    3, 
    3, 
    0, 
    3, 
    3
   ], 
   [
    3, 
    3, 
    3, 
    3, 
    3, 
    3, 
    3, 
    3, 
    3, 
    3, 
    0, 
    3
   ], 
   [
    3, 
    3, 
    3, 
    3, 
    3, 
    3, 
    3, 
    3, 
    3, 
    3, 
    3, 
    0
   ]
  ], 
  "city_names": [
   "Lausanne", 
   "Gen\u00e8ve", 
   "Sion", 
   "Neuch\u00e2tel", 
   "Bern", 
   "Basel", 
   "Fribourg", 
   "Z\u00fcrich", 
   "Aarau", 
   "Luzern", 
   "St-Gallen", 
   "Thun"
  ], 
  "reward_matrix": [
   [
    0, 
    89805, 
    77572, 
    87766, 
    77572, 
    49030, 
    87766, 
    42913, 
    55146, 
    36797, 
    18448, 
    69417
   ], 
   [
    89805, 
    0, 
    59223, 
    69417, 
    59223, 
    30681, 
    69417, 
    24565, 
    36797, 
    18448, 
    100, 
    51068
   ], 
   [
    77572, 
    59223, 
    0, 
    63301, 
    75533, 
    46991, 
    65340, 
    40875, 
    53107, 
    34758, 
    16410, 
    83688
   ], 
   [
    87766, 
    69417, 
    63301, 
    0, 
    95921, 
    67378, 
    85727, 
    61262, 
    73495, 
    55146, 
    36797, 
    87766
   ], 
   [
    77572, 
    59223, 
    75533, 
    95921, 
    0, 
    79611, 
    97960, 
    73495, 
    85727, 
    67378, 
    49030, 
    99999
   ], 
   [
    49030, 
    30681, 
    46991, 
    67378, 
    79611, 
    0, 
    69417, 
    83688, 
    71456, 
    69417, 
    59223, 
    71456
   ], 
   [
    87766, 
    69417, 
    65340, 
    85727, 
    97960, 
    69417, 
    0, 
    63301, 
    75533, 
    57185, 
    38836, 
    89805
   ], 
   [
    42913, 
    24565, 
    40875, 
    61262, 
    73495, 
    83688, 
    63301, 
    0, 
    95921, 
    93882, 
    83688, 
    65340
   ], 
   [
    55146, 
    36797, 
    53107, 
    73495, 
    85727, 
    71456, 
    75533, 
    95921, 
    0, 
    89805, 
    71456, 
    77572
   ], 
   [
    36797, 
    18448, 
    34758, 
    55146, 
    67378, 
    69417, 
    57185, 
    93882, 
    89805, 
    0, 
    69417, 
    59223
   ], 
   [
    18448, 
    100, 
    16410, 
    36797, 
    49030, 
    59223, 
    38836, 
    83688, 
    71456, 
    69417, 
    0, 
    40875
   ], 
   [
    69417, 
    51068, 
    83688, 
    87766, 
    99999, 
    71456, 
    89805, 
    65340, 
    77572, 
    59223, 
    40875, 
    0
   ]
  ], 
  "probability_matrix": [
   [
    0, 
    0.10741901602113783, 
    0.021601543290414877, 
    0.08266642442982015, 
    0.08012620740917367, 
    0.07309365484701906, 
    0.03999595273307834, 
    0.10427632493008666, 
    0.14362798471270044, 
    0.19579200908179692, 
    0.027175575730992635, 
    0.12422530681377947
   ], 
   [
    0.06379513647612263, 
    0, 
    0.11612661448173572, 
    0.11753047070508832, 
    0.15891329141892152, 
    0.08743499511435154, 
    0.01387397830330931, 
    0.07846100883614385, 
    0.14855929836881956, 
    0.16639616655432202, 
    0.00710568147840997, 
    0.04180335826277551
   ], 
   [
    0.19727158713705759, 
    0.11819760319848549, 
    0, 
    0.0324373643465959, 
    0.1526178658597663, 
    0.09894180546382626, 
    0.09889883634155866, 
    0.006597952081781306, 
    0.012995639522209326, 
    0.07216808851606656, 
    0.028997223125445504, 
    0.18087603440720731
   ], 
   [
    0.13658927974807342, 
    0.1068459071459548, 
    0.11358586610353512, 
    0, 
    0.03508761739465351, 
    0.12000763512191648, 
    0.09627290194554268, 
    0.07106510487991942, 
    0.040274578355111515, 
    0.14993419959410034, 
    0.04430179997243317, 
    0.08603510973875941
   ], 
   [
    0.04549301307390625, 
    0.078813133674361, 
    0.09457513343318476, 
    0.1904307634514518, 
    0, 
    0.19740295036455974, 
    0.07694404057108888, 
    0.03289474808913764, 
    0.1571275518597793, 
    0.0540618626903351, 
    0.005650620952331121, 
    0.06660618183986435
   ], 
   [
    0.03885064822150121, 
    0.1322893650786854, 
    0.02658417527989479, 
    0.058778027257777754, 
    0.0740771087617703, 
    0, 
    0.1951110361366167, 
    0.10462553777160224, 
    0.006399173371297586, 
    0.15491208315105204, 
    0.017601593303500477, 
    0.19077125166630138
   ], 
   [
    0.015986423209212904, 
    0.16165535431367392, 
    0.017754714277847427, 
    0.003320260583989806, 
    0.15756045689543452, 
    0.16530764767116563, 
    0, 
    0.16459348817151057, 
    0.042911098336547195, 
    0.07781059693725845, 
    0.1449556269610287, 
    0.04814433264233069
   ], 
   [
    0.09977865115987654, 
    0.12949012374337115, 
    0.08929810722937298, 
    0.1398519751524027, 
    0.03737120247686073, 
    0.04580835259238489, 
    0.09816581213559143, 
    0, 
    0.1140985620635422, 
    0.1179985424979428, 
    0.1245889844612729, 
    0.003549686487381623
   ], 
   [
    0.09964627232056755, 
    0.13419417395849662, 
    0.014683873274686033, 
    0.16285414481240246, 
    0.061160475167212125, 
    0.0841302076303, 
    0.03375971715708006, 
    0.13655233901564054, 
    0, 
    0.16508150037598243, 
    0.10736956665967079, 
    0.0005677296279614364
   ], 
   [
    0.06825599037542655, 
    0.027552032120358238, 
    0.12999493132421314, 
    0.10542940513784876, 
    0.1392639007597864, 
    0.11535681568993258, 
    0.08201607313730995, 
    0.0671578390291306, 
    0.15138694612462267, 
    0, 
    0.10379951204722931, 
    0.009786554254141776
   ], 
   [
    0.03479814061928585, 
    0.16132024052506974, 
    0.00958560547757663, 
    0.11968855041421295, 
    0.03281645068187214, 
    0.03391486400527734, 
    0.07288537154408545, 
    0.09409487810697956, 
    0.11305000715812968, 
    0.1654419476761232, 
    0, 
    0.16240394379138734
   ], 
   [
    0.09689350875442015, 
    0.03669511218256393, 
    0.13028483248204717, 
    0.051165327059994894, 
    0.03971726981664694, 
    0.08386506645818492, 
    0.07347306243125952, 
    0.1146177003476044, 
    0.13806212411121005, 
    0.11502040029031996, 
    0.12020559606574804, 
    0
   ]
  ]
 }
}