{
 "vehicle_cost_per_km": [
  5, 
  15, 
  15, 
  5, 
  5, 
  5, 
  5, 
  5, 
  5, 
  5, 
  5, 
  5
 ], 
 "runs": [
  {
   "avg_task_cost_vs_number_of_task": [
    2350, 
    2025, 
    1766.6666666666667, 
    1450, 
    1160, 
    966.6666666666666, 
    828.5714285714286, 
    962.5, 
    833.3333333333334, 
    790, 
    854.5454545454545, 
    783.3333333333334, 
    750, 
    732.1428571428571, 
    653.3333333333334, 
    637.5, 
    650, 
    697.2222222222222, 
    750, 
    807.5, 
    816.6666666666666, 
    750, 
    797.8260869565217, 
    854.1666666666666, 
    852, 
    748.0769230769231, 
    835.1851851851852, 
    750, 
    782.7586206896551, 
    755
   ], 
   "number_of_vehicles": 3
  }
 ], 
 "vehicle_starting_positions": [
  "Lausanne", 
  "Gen\u00c3\u00a8ve", 
  "Sion", 
  "Neuch\u00c3\u00a2tel", 
  "Bern", 
  "Basel", 
  "Fribourg", 
  "Z\u00c3\u00bcrich", 
  "Aarau", 
  "Luzern", 
  "St-Gallen", 
  "Thun"
 ], 
 "task_distribution": {
  "distance_matrix": [
   [
    0, 
    90, 
    150, 
    100, 
    150, 
    290, 
    100, 
    320, 
    260, 
    350, 
    440, 
    190
   ], 
   [
    90, 
    0, 
    240, 
    190, 
    240, 
    380, 
    190, 
    410, 
    350, 
    440, 
    530, 
    280
   ], 
   [
    150, 
    240, 
    0, 
    220, 
    160, 
    300, 
    210, 
    330, 
    270, 
    360, 
    450, 
    120
   ], 
   [
    100, 
    190, 
    220, 
    0, 
    60, 
    200, 
    110, 
    230, 
    170, 
    260, 
    350, 
    100
   ], 
   [
    150, 
    240, 
    160, 
    60, 
    0, 
    140, 
    50, 
    170, 
    110, 
    200, 
    290, 
    40
   ], 
   [
    290, 
    380, 
    300, 
    200, 
    140, 
    0, 
    190, 
    120, 
    180, 
    190, 
    240, 
    180
   ], 
   [
    100, 
    190, 
    210, 
    110, 
    50, 
    190, 
    0, 
    220, 
    160, 
    250, 
    340, 
    90
   ], 
   [
    320, 
    410, 
    330, 
    230, 
    170, 
    120, 
    220, 
    0, 
    60, 
    70, 
    120, 
    210
   ], 
   [
    260, 
    350, 
    270, 
    170, 
    110, 
    180, 
    160, 
    60, 
    0, 
    90, 
    180, 
    150
   ], 
   [
    350, 
    440, 
    360, 
    260, 
    200, 
    190, 
    250, 
    70, 
    90, 
    0, 
    190, 
    240
   ], 
   [
    440, 
    530, 
    450, 
    350, 
    290, 
    240, 
    340, 
    120, 
    180, 
    190, 
    0, 
    330
   ], 
   [
    190, 
    280, 
    120, 
    100, 
    40, 
    180, 
    90, 
    210, 
    150, 
    240, 
    330, 
    0
   ]
  ], 
  "weight_matrix": [
   [
    0, 
    3, 
    3, 
    3, 
    3, 
    3, 
    3, 
    3, 
    3, 
    3, 
    3, 
    3
   ], 
   [
    3, 
    0, 
    3, 
    3, 
    3, 
    3, 
    3, 
    3, 
    3, 
    3, 
    3, 
    3
   ], 
   [
    3, 
    3, 
    0, 
    3, 
    3, 
    3, 
    3, 
    3, 
    3, 
    3, 
    3, 
    3
   ], 
   [
    3, 
    3, 
    3, 
    0, 
    3, 
    3, 
    3, 
    3, 
    3, 
    3, 
    3, 
    3
   ], 
   [
    3, 
    3, 
    3, 
    3, 
    0, 
    3, 
    3, 
    3, 
    3, 
    3, 
    3, 
    3
   ], 
   [
    3, 
    3, 
    3, 
    3, 
    3, 
    0, 
    3, 
    3, 
    3, 
    3, 
    3, 
    3
   ], 
   [
    3, 
    3, 
    3, 
    3, 
    3, 
    3, 
    0, 
    3, 
    3, 
    3, 
    3, 
    3
   ], 
   [
    3, 
    3, 
    3, 
    3, 
    3, 
    3, 
    3, 
    0, 
    3, 
    3, 
    3, 
    3
   ], 
   [
    3, 
    3, 
    3, 
    3, 
    3, 
    3, 
    3, 
    3, 
    0, 
    3, 
    3, 
    3
   ], 
   [
    3, 
    3, 
    3, 
    3, 
    3, 
    3, 
    3, 
    3, 
    3, 
    0, 
    3, 
    3
   ], 
   [
    3, 
    3, 
    3, 
    3, 
    3, 
    3, 
    3, 
    3, 
    3, 
    3, 
    0, 
    3
   ], 
   [
    3, 
    3, 
    3, 
    3, 
    3, 
    3, 
    3, 
    3, 
    3, 
    3, 
    3, 
    0
   ]
  ], 
  "city_names": [
   "Lausanne", 
   "Gen\u00c3\u00a8ve", 
   "Sion", 
   "Neuch\u00c3\u00a2tel", 
   "Bern", 
   "Basel", 
   "Fribourg", 
   "Z\u00c3\u00bcrich", 
   "Aarau", 
   "Luzern", 
   "St-Gallen", 
   "Thun"
  ], 
  "reward_matrix": [
   [
    0, 
    89805, 
    77572, 
    87766, 
    77572, 
    49030, 
    87766, 
    42913, 
    55146, 
    36797, 
    18448, 
    69417
   ], 
   [
    89805, 
    0, 
    59223, 
    69417, 
    59223, 
    30681, 
    69417, 
    24565, 
    36797, 
    18448, 
    100, 
    51068
   ], 
   [
    77572, 
    59223, 
    0, 
    63301, 
    75533, 
    46991, 
    65340, 
    40875, 
    53107, 
    34758, 
    16410, 
    83688
   ], 
   [
    87766, 
    69417, 
    63301, 
    0, 
    95921, 
    67378, 
    85727, 
    61262, 
    73495, 
    55146, 
    36797, 
    87766
   ], 
   [
    77572, 
    59223, 
    75533, 
    95921, 
    0, 
    79611, 
    97960, 
    73495, 
    85727, 
    67378, 
    49030, 
    99999
   ], 
   [
    49030, 
    30681, 
    46991, 
    67378, 
    79611, 
    0, 
    69417, 
    83688, 
    71456, 
    69417, 
    59223, 
    71456
   ], 
   [
    87766, 
    69417, 
    65340, 
    85727, 
    97960, 
    69417, 
    0, 
    63301, 
    75533, 
    57185, 
    38836, 
    89805
   ], 
   [
    42913, 
    24565, 
    40875, 
    61262, 
    73495, 
    83688, 
    63301, 
    0, 
    95921, 
    93882, 
    83688, 
    65340
   ], 
   [
    55146, 
    36797, 
    53107, 
    73495, 
    85727, 
    71456, 
    75533, 
    95921, 
    0, 
    89805, 
    71456, 
    77572
   ], 
   [
    36797, 
    18448, 
    34758, 
    55146, 
    67378, 
    69417, 
    57185, 
    93882, 
    89805, 
    0, 
    69417, 
    59223
   ], 
   [
    18448, 
    100, 
    16410, 
    36797, 
    49030, 
    59223, 
    38836, 
    83688, 
    71456, 
    69417, 
    0, 
    40875
   ], 
   [
    69417, 
    51068, 
    83688, 
    87766, 
    99999, 
    71456, 
    89805, 
    65340, 
    77572, 
    59223, 
    40875, 
    0
   ]
  ], 
  "probability_matrix": [
   [
    0, 
    0.017097939072175723, 
    0.1344574759121069, 
    0.09374315018081444, 
    0.1187775416575337, 
    0.12498303629333814, 
    0.12126625376493105, 
    0.11518204945062106, 
    0.13680118542221806, 
    0.0921664042976442, 
    0.014488105482437286, 
    0.0310368584661796
   ], 
   [
    0.11955787323384644, 
    0, 
    0.11181923100161524, 
    0.117389463389139, 
    0.10119596325176164, 
    0.11536029101665699, 
    0.0913529096747508, 
    0.06374405162042814, 
    0.07167768703585957, 
    0.09142505337951681, 
    0.027054388666967844, 
    0.08942308772945734
   ], 
   [
    0.0717566014626726, 
    0.0502506975219463, 
    0, 
    0.10549616354303798, 
    0.06574269973335746, 
    0.12516067637461473, 
    0.053979367406579944, 
    0.12270853374872909, 
    0.13829719848177593, 
    0.020919248366971486, 
    0.11463904562081198, 
    0.13104976773950247
   ], 
   [
    0.05477792146902194, 
    0.11933557643310252, 
    0.14265887544035696, 
    0, 
    0.04837527230826265, 
    0.12689655002384265, 
    0.02859061128517335, 
    0.14529376949853445, 
    0.024582389930429462, 
    0.09307858196101207, 
    0.07980865605796605, 
    0.13660179559229793
   ], 
   [
    0.10729578567716964, 
    0.13759667113181112, 
    0.010475682197500892, 
    0.09240891180579558, 
    0, 
    0.04512118886541086, 
    0.12687934836021375, 
    0.11141571919831918, 
    0.11739475259890163, 
    0.04990119765142649, 
    0.12141516489710692, 
    0.08009557761634377
   ], 
   [
    0.06697849949674556, 
    0.032991313083145325, 
    0.16355179042161416, 
    0.0033827636543283554, 
    0.1294533016911609, 
    0, 
    0.1116220401445328, 
    0.10938480877301175, 
    0.16885239524939452, 
    0.05301433573921884, 
    0.13030458981102325, 
    0.03046416193582455
   ], 
   [
    0.15873570739235435, 
    0.022741824686213545, 
    0.10916824035387757, 
    0.16576555726562858, 
    0.0611110858515311, 
    0.023108840732898206, 
    0, 
    0.001963758624578862, 
    0.028395351942407727, 
    0.11367164450975001, 
    0.22738300156543984, 
    0.08795498707532018
   ], 
   [
    0.007531626335828943, 
    0.13563295449929674, 
    0.1424837443538549, 
    0.11179625828062928, 
    0.11661832031026526, 
    0.017441144931619322, 
    0.16358778517248887, 
    0, 
    0.055819026849672805, 
    0.05394803533970695, 
    0.10735539771407944, 
    0.08778570621255767
   ], 
   [
    0.013697050149715725, 
    0.12060604323615219, 
    0.0744385113625764, 
    0.04566907049589755, 
    0.10598755441426168, 
    0.14421873458407747, 
    0.0598373965590348, 
    0.1378375842500267, 
    0, 
    0.07614117151529576, 
    0.09195538723574746, 
    0.12961149619721424
   ], 
   [
    0.18983123462266988, 
    0.11241435370619995, 
    0.0014011454050555042, 
    0.04610969478377923, 
    0.06568866108503402, 
    0.06368887492766366, 
    0.10677886608830132, 
    0.009128057192242576, 
    0.17950922995146132, 
    0, 
    0.13298227422616854, 
    0.0924676080114239
   ], 
   [
    0.18628049412051087, 
    0.023527779718302513, 
    0.1711020835673081, 
    0.029278431753054338, 
    0.09477635518968047, 
    0.17688697663923283, 
    0.09781625385780181, 
    0.004303554333731017, 
    0.1268993245397774, 
    0.07820691166285802, 
    0, 
    0.010921834617742727
   ], 
   [
    0.011317517370952795, 
    0.10600226530743742, 
    0.03159991991995366, 
    0.1330150417679531, 
    0.17369560720654453, 
    0.0064240391350752464, 
    0.13815486057838602, 
    0.020379993205936222, 
    0.18192755222148152, 
    0.06325652543612878, 
    0.13422667785015074, 
    0
   ]
  ]
 }, 
 "vehicle_capacities": [
  15, 
  15, 
  15, 
  30, 
  30, 
  30, 
  30, 
  30, 
  30, 
  30, 
  30, 
  30
 ]
}