{
 "vehicle_cost_per_km": [
  5, 
  5, 
  5, 
  5, 
  5
 ], 
 "runs": [
  {
   "avg_task_cost_vs_number_of_task": [
    3700, 
    1850, 
    1400, 
    1050, 
    980, 
    1016.6666666666666, 
    828.5714285714286, 
    825, 
    733.3333333333334, 
    705, 
    613.6363636363636, 
    587.5, 
    573.0769230769231, 
    503.57142857142856, 
    470, 
    465.625, 
    476.47058823529414, 
    502.77777777777777, 
    521.0526315789474, 
    505, 
    485.7142857142857, 
    490.90909090909093, 
    515.2173913043479, 
    508.3333333333333, 
    516, 
    526.9230769230769, 
    512.9629629629629, 
    457.14285714285717, 
    489.6551724137931, 
    500
   ], 
   "number_of_vehicles": 2
  }, 
  {
   "avg_task_cost_vs_number_of_task": [
    2250, 
    1125, 
    1100, 
    825, 
    740, 
    816.6666666666666, 
    700, 
    675, 
    627.7777777777778, 
    690, 
    627.2727272727273, 
    587.5, 
    561.5384615384615, 
    528.5714285714286, 
    506.6666666666667, 
    481.25, 
    458.8235294117647, 
    513.8888888888889, 
    513.1578947368421, 
    455, 
    426.1904761904762, 
    420.45454545454544, 
    402.17391304347825, 
    460.4166666666667, 
    486, 
    540.3846153846154, 
    407.4074074074074, 
    466.07142857142856, 
    462.0689655172414, 
    448.3333333333333
   ], 
   "number_of_vehicles": 3
  }, 
  {
   "avg_task_cost_vs_number_of_task": [
    2250, 
    1125, 
    1100, 
    825, 
    740, 
    816.6666666666666, 
    700, 
    675, 
    633.3333333333334, 
    690, 
    613.6363636363636, 
    587.5, 
    557.6923076923077, 
    557.1428571428571, 
    503.3333333333333, 
    503.125, 
    488.2352941176471, 
    491.6666666666667, 
    494.7368421052632, 
    497.5, 
    407.14285714285717, 
    450, 
    452.17391304347825, 
    470.8333333333333, 
    528, 
    455.7692307692308, 
    470.3703703703704, 
    398.2142857142857, 
    472.41379310344826, 
    396.6666666666667
   ], 
   "number_of_vehicles": 4
  }, 
  {
   "avg_task_cost_vs_number_of_task": [
    2250, 
    1125, 
    1016.6666666666666, 
    762.5, 
    690, 
    775, 
    664.2857142857143, 
    643.75, 
    616.6666666666666, 
    650, 
    590.9090909090909, 
    566.6666666666666, 
    542.3076923076923, 
    510.7142857142857, 
    500, 
    453.125, 
    555.8823529411765, 
    483.3333333333333, 
    455.2631578947368, 
    437.5, 
    492.85714285714283, 
    463.6363636363636, 
    495.6521739130435, 
    491.6666666666667, 
    512, 
    509.61538461538464, 
    451.85185185185185, 
    471.42857142857144, 
    500, 
    458.3333333333333
   ], 
   "number_of_vehicles": 5
  }
 ], 
 "vehicle_starting_positions": [
  "Neuch\u00e2tel", 
  "Bern", 
  "St-Gallen", 
  "Basel", 
  "Fribourg", 
  "Lausanne", 
  "Aarau", 
  "Sion", 
  "Gen\u00e8ve", 
  "Z\u00fcrich", 
  "Luzern", 
  "Thun"
 ], 
 "task_distribution": {
  "distance_matrix": [
   [
    0, 
    90, 
    150, 
    100, 
    150, 
    290, 
    100, 
    320, 
    260, 
    350, 
    440, 
    190
   ], 
   [
    90, 
    0, 
    240, 
    190, 
    240, 
    380, 
    190, 
    410, 
    350, 
    440, 
    530, 
    280
   ], 
   [
    150, 
    240, 
    0, 
    220, 
    160, 
    300, 
    210, 
    330, 
    270, 
    360, 
    450, 
    120
   ], 
   [
    100, 
    190, 
    220, 
    0, 
    60, 
    200, 
    110, 
    230, 
    170, 
    260, 
    350, 
    100
   ], 
   [
    150, 
    240, 
    160, 
    60, 
    0, 
    140, 
    50, 
    170, 
    110, 
    200, 
    290, 
    40
   ], 
   [
    290, 
    380, 
    300, 
    200, 
    140, 
    0, 
    190, 
    120, 
    180, 
    190, 
    240, 
    180
   ], 
   [
    100, 
    190, 
    210, 
    110, 
    50, 
    190, 
    0, 
    220, 
    160, 
    250, 
    340, 
    90
   ], 
   [
    320, 
    410, 
    330, 
    230, 
    170, 
    120, 
    220, 
    0, 
    60, 
    70, 
    120, 
    210
   ], 
   [
    260, 
    350, 
    270, 
    170, 
    110, 
    180, 
    160, 
    60, 
    0, 
    90, 
    180, 
    150
   ], 
   [
    350, 
    440, 
    360, 
    260, 
    200, 
    190, 
    250, 
    70, 
    90, 
    0, 
    190, 
    240
   ], 
   [
    440, 
    530, 
    450, 
    350, 
    290, 
    240, 
    340, 
    120, 
    180, 
    190, 
    0, 
    330
   ], 
   [
    190, 
    280, 
    120, 
    100, 
    40, 
    180, 
    90, 
    210, 
    150, 
    240, 
    330, 
    0
   ]
  ], 
  "weight_matrix": [
   [
    0, 
    3, 
    3, 
    3, 
    3, 
    3, 
    3, 
    3, 
    3, 
    3, 
    3, 
    3
   ], 
   [
    3, 
    0, 
    3, 
    3, 
    3, 
    3, 
    3, 
    3, 
    3, 
    3, 
    3, 
    3
   ], 
   [
    3, 
    3, 
    0, 
    3, 
    3, 
    3, 
    3, 
    3, 
    3, 
    3, 
    3, 
    3
   ], 
   [
    3, 
    3, 
    3, 
    0, 
    3, 
    3, 
    3, 
    3, 
    3, 
    3, 
    3, 
    3
   ], 
   [
    3, 
    3, 
    3, 
    3, 
    0, 
    3, 
    3, 
    3, 
    3, 
    3, 
    3, 
    3
   ], 
   [
    3, 
    3, 
    3, 
    3, 
    3, 
    0, 
    3, 
    3, 
    3, 
    3, 
    3, 
    3
   ], 
   [
    3, 
    3, 
    3, 
    3, 
    3, 
    3, 
    0, 
    3, 
    3, 
    3, 
    3, 
    3
   ], 
   [
    3, 
    3, 
    3, 
    3, 
    3, 
    3, 
    3, 
    0, 
    3, 
    3, 
    3, 
    3
   ], 
   [
    3, 
    3, 
    3, 
    3, 
    3, 
    3, 
    3, 
    3, 
    0, 
    3, 
    3, 
    3
   ], 
   [
    3, 
    3, 
    3, 
    3, 
    3, 
    3, 
    3, 
    3, 
    3, 
    0, 
    3, 
    3
   ], 
   [
    3, 
    3, 
    3, 
    3, 
    3, 
    3, 
    3, 
    3, 
    3, 
    3, 
    0, 
    3
   ], 
   [
    3, 
    3, 
    3, 
    3, 
    3, 
    3, 
    3, 
    3, 
    3, 
    3, 
    3, 
    0
   ]
  ], 
  "city_names": [
   "Lausanne", 
   "Gen\u00e8ve", 
   "Sion", 
   "Neuch\u00e2tel", 
   "Bern", 
   "Basel", 
   "Fribourg", 
   "Z\u00fcrich", 
   "Aarau", 
   "Luzern", 
   "St-Gallen", 
   "Thun"
  ], 
  "reward_matrix": [
   [
    0, 
    89805, 
    77572, 
    87766, 
    77572, 
    49030, 
    87766, 
    42913, 
    55146, 
    36797, 
    18448, 
    69417
   ], 
   [
    89805, 
    0, 
    59223, 
    69417, 
    59223, 
    30681, 
    69417, 
    24565, 
    36797, 
    18448, 
    100, 
    51068
   ], 
   [
    77572, 
    59223, 
    0, 
    63301, 
    75533, 
    46991, 
    65340, 
    40875, 
    53107, 
    34758, 
    16410, 
    83688
   ], 
   [
    87766, 
    69417, 
    63301, 
    0, 
    95921, 
    67378, 
    85727, 
    61262, 
    73495, 
    55146, 
    36797, 
    87766
   ], 
   [
    77572, 
    59223, 
    75533, 
    95921, 
    0, 
    79611, 
    97960, 
    73495, 
    85727, 
    67378, 
    49030, 
    99999
   ], 
   [
    49030, 
    30681, 
    46991, 
    67378, 
    79611, 
    0, 
    69417, 
    83688, 
    71456, 
    69417, 
    59223, 
    71456
   ], 
   [
    87766, 
    69417, 
    65340, 
    85727, 
    97960, 
    69417, 
    0, 
    63301, 
    75533, 
    57185, 
    38836, 
    89805
   ], 
   [
    42913, 
    24565, 
    40875, 
    61262, 
    73495, 
    83688, 
    63301, 
    0, 
    95921, 
    93882, 
    83688, 
    65340
   ], 
   [
    55146, 
    36797, 
    53107, 
    73495, 
    85727, 
    71456, 
    75533, 
    95921, 
    0, 
    89805, 
    71456, 
    77572
   ], 
   [
    36797, 
    18448, 
    34758, 
    55146, 
    67378, 
    69417, 
    57185, 
    93882, 
    89805, 
    0, 
    69417, 
    59223
   ], 
   [
    18448, 
    100, 
    16410, 
    36797, 
    49030, 
    59223, 
    38836, 
    83688, 
    71456, 
    69417, 
    0, 
    40875
   ], 
   [
    69417, 
    51068, 
    83688, 
    87766, 
    99999, 
    71456, 
    89805, 
    65340, 
    77572, 
    59223, 
    40875, 
    0
   ]
  ], 
  "probability_matrix": [
   [
    0, 
    0.02054886030076358, 
    0.026404984999276356, 
    0.09742889487807133, 
    0.01616805740809886, 
    0.1489010616723879, 
    0.11621194659761368, 
    0.17134028358315817, 
    0.10591308458887154, 
    0.06750389376164317, 
    0.09127009909488572, 
    0.13830883311522948
   ], 
   [
    0.020687754730088884, 
    0, 
    0.08141977063554375, 
    0.026884733203705696, 
    0.05477175803168664, 
    0.12641802467975227, 
    0.054186070750569075, 
    0.15426065622480123, 
    0.16234001631429004, 
    0.1615988216267876, 
    0.1429925181975461, 
    0.014439875605228605
   ], 
   [
    0.14926929380543333, 
    0.11408514655466981, 
    0, 
    0.12146373602573741, 
    0.15128197390625298, 
    0.003840538281210679, 
    0.07184121306320002, 
    0.07835254104414648, 
    0.10684842553153745, 
    0.00690874135564207, 
    0.09538527457894189, 
    0.10072311585322788
   ], 
   [
    0.07609272727785404, 
    0.005956001054873643, 
    0.0419711600471137, 
    0, 
    0.15312882940462175, 
    0.05948436762686642, 
    0.1517019270238061, 
    0.03907796491799807, 
    0.17565464686835794, 
    0.08999002479626769, 
    0.11470351105574196, 
    0.09223883992649853
   ], 
   [
    0.007169135590856554, 
    0.1634439132996662, 
    0.03303659078088675, 
    0.15583742124583477, 
    0, 
    0.11646960679898344, 
    0.08752602596930602, 
    0.1607478461805477, 
    0.002525856138273449, 
    0.1612053536308419, 
    0.06203127785491266, 
    0.050006972509890585
   ], 
   [
    0.012002153872870626, 
    0.14421625788873668, 
    0.1570565405330993, 
    0.047509087775111015, 
    0.11531134545505024, 
    0, 
    0.10686828634652336, 
    0.10792696894296817, 
    0.0007205241717581133, 
    0.13605804395878898, 
    0.03153054523297052, 
    0.14080024582212303
   ], 
   [
    0.1138534939139705, 
    0.10738172770804545, 
    0.005927756598960504, 
    0.08625993927544633, 
    0.1497321912681143, 
    0.14004519351626318, 
    0, 
    0.11074251315261474, 
    0.11736304878014198, 
    0.04287495896708219, 
    0.017462458560653624, 
    0.1083567182587072
   ], 
   [
    0.07842960700992362, 
    0.0408962495964335, 
    0.16289911149793607, 
    0.12241029732748247, 
    0.15655037977717953, 
    0.13924803233610278, 
    0.040193185577801716, 
    0, 
    0.05871254031942426, 
    0.03537475065593474, 
    0.062021715930121186, 
    0.10326412997166004
   ], 
   [
    0.018854301280363917, 
    0.08658512588371967, 
    0.035352198804034674, 
    0.0319181645259396, 
    0.13012304730742452, 
    0.07457689918725381, 
    0.15102310036388095, 
    0.07417785646079908, 
    0, 
    0.19612383482391663, 
    0.18696133374643112, 
    0.014304137616236107
   ], 
   [
    0.10660565626549261, 
    0.06526217204833978, 
    0.12220305700296609, 
    0.12212985923413634, 
    0.030248459425230734, 
    0.1499681440801489, 
    0.054583167232296906, 
    0.09675071629194831, 
    0.00683961230664858, 
    0, 
    0.11068466560747083, 
    0.1347244905053209
   ], 
   [
    0.08373218628516862, 
    0.12411239156255145, 
    0.08548893906273136, 
    0.01653610007372296, 
    0.05427239399229595, 
    0.1383162118071672, 
    0.11531954584879214, 
    0.10636756392029037, 
    0.06332539053548479, 
    0.12910842703148, 
    0, 
    0.08342084988031545
   ], 
   [
    0.06841264738885093, 
    0.06663109184903293, 
    0.14264505866864022, 
    0.13439749009979637, 
    0.14698845858239154, 
    0.09525611631125899, 
    0.060586630013643186, 
    0.06984286557605413, 
    0.06356183771930791, 
    0.08838419283464177, 
    0.0632936109563821, 
    0
   ]
  ]
 }, 
 "vehicle_capacities": [
  30, 
  30, 
  30, 
  30, 
  30
 ]
}