{
 "distance_matrix": [
  [
   0, 
   90.6, 
   65.2, 
   45.6, 
   137.5, 
   31.9, 
   185.9, 
   132, 
   119.1, 
   90.2
  ], 
  [
   90.6, 
   0, 
   25.4, 
   62.3, 
   110.8, 
   105.6, 
   259.6, 
   112, 
   48.6, 
   129.3
  ], 
  [
   65.2, 
   25.4, 
   0, 
   87.7, 
   136.2, 
   97.1, 
   251.1, 
   137.4, 
   74, 
   154.7
  ], 
  [
   45.6, 
   62.3, 
   87.7, 
   0, 
   91.9, 
   43.3, 
   197.3, 
   86.4, 
   73.5, 
   67
  ], 
  [
   137.5, 
   110.8, 
   136.2, 
   91.9, 
   0, 
   135.2, 
   268.3, 
   70.2, 
   62.2, 
   127.3
  ], 
  [
   31.9, 
   105.6, 
   97.1, 
   43.3, 
   135.2, 
   0, 
   154, 
   129.7, 
   116.8, 
   80.1
  ], 
  [
   185.9, 
   259.6, 
   251.1, 
   197.3, 
   268.3, 
   154, 
   0, 
   198.1, 
   270.8, 
   141
  ], 
  [
   132, 
   112, 
   137.4, 
   86.4, 
   70.2, 
   129.7, 
   198.1, 
   0, 
   96.2, 
   57.1
  ], 
  [
   119.1, 
   48.6, 
   74, 
   73.5, 
   62.2, 
   116.8, 
   270.8, 
   96.2, 
   0, 
   140.5
  ], 
  [
   90.2, 
   129.3, 
   154.7, 
   67, 
   127.3, 
   80.1, 
   141, 
   57.1, 
   140.5, 
   0
  ]
 ], 
 "runs": [
  {
   "avg_task_cost_vs_number_of_task": [
    554, 
    398.5, 
    561, 
    484.25, 
    528.4, 
    529.25, 
    453.64285714285717, 
    396.9375, 
    352.8333333333333, 
    317.55, 
    288.6818181818182, 
    274.2916666666667, 
    244.26923076923077, 
    226.82142857142858, 
    224.2666666666667, 
    198.46875, 
    186.7941176470588, 
    176.41666666666666, 
    205.8157894736842, 
    197.6, 
    229.92857142857142, 
    210.5681818181818, 
    211.2608695652174, 
    230.91666666666666, 
    225.22, 
    202.13461538461542, 
    206.03703703703704, 
    202.67857142857142, 
    213.94827586206895, 
    221.93333333333334
   ], 
   "number_of_vehicles": 2
  }, 
  {
   "avg_task_cost_vs_number_of_task": [
    554, 
    398.5, 
    399.1666666666667, 
    444.375, 
    528.4, 
    498.75, 
    427.5, 
    374.0625, 
    332.5, 
    317.55, 
    288.6818181818182, 
    264.625, 
    268.1923076923077, 
    226.82142857142858, 
    211.7, 
    221.59375, 
    186.7941176470588, 
    186.8888888888889, 
    191.6315789473684, 
    217.9, 
    215.4047619047619, 
    197.4090909090909, 
    174.7173913043478, 
    201.79166666666666, 
    203, 
    211.3653846153846, 
    198.61111111111111, 
    167.64285714285714, 
    214.98275862068965, 
    200.4
   ], 
   "number_of_vehicles": 3
  }, 
  {
   "avg_task_cost_vs_number_of_task": [
    554, 
    398.5, 
    399.1666666666667, 
    444.375, 
    528.4, 
    498.75, 
    427.5, 
    374.0625, 
    332.5, 
    317.55, 
    288.6818181818182, 
    296.1666666666667, 
    266.34615384615387, 
    226.82142857142858, 
    236.93333333333334, 
    198.46875, 
    209.05882352941177, 
    219.69444444444446, 
    205.81578947368422, 
    195.52500000000003, 
    208.64285714285714, 
    200.54545454545453, 
    193.73913043478265, 
    229.625, 
    216.28, 
    212.25, 
    216.5, 
    197.89285714285714, 
    222.08620689655172, 
    200.55
   ], 
   "number_of_vehicles": 4
  }, 
  {
   "avg_task_cost_vs_number_of_task": [
    554, 
    398.5, 
    399.1666666666667, 
    444.375, 
    528.4, 
    498.75, 
    427.5, 
    374.0625, 
    332.5, 
    317.55, 
    288.6818181818182, 
    264.625, 
    271.2692307692308, 
    279.0357142857143, 
    261.06666666666666, 
    229.375, 
    227.73529411764707, 
    186.8888888888889, 
    213.44736842105263, 
    256.1, 
    213.83333333333334, 
    199.8409090909091, 
    205.2391304347826, 
    228.29166666666666, 
    205.48, 
    221.76923076923077, 
    184.85185185185185, 
    183.92857142857142, 
    210.27586206896552, 
    211.61666666666667
   ], 
   "number_of_vehicles": 5
  }
 ], 
 "vehicle_starting_positions": [
  "Eindhoven", 
  "Den Haag", 
  "Almere", 
  "Groningen", 
  "Nijmegen", 
  "Apeldoorn", 
  "Amsterdam", 
  "Breda", 
  "Rotterdam", 
  "Utrecht"
 ], 
 "task_distribution": {
  "weight_matrix": [
   [
    0, 
    3, 
    3, 
    3, 
    3, 
    3, 
    3, 
    3, 
    3, 
    3
   ], 
   [
    3, 
    0, 
    3, 
    3, 
    3, 
    3, 
    3, 
    3, 
    3, 
    3
   ], 
   [
    3, 
    3, 
    0, 
    3, 
    3, 
    3, 
    3, 
    3, 
    3, 
    3
   ], 
   [
    3, 
    3, 
    3, 
    0, 
    3, 
    3, 
    3, 
    3, 
    3, 
    3
   ], 
   [
    3, 
    3, 
    3, 
    3, 
    0, 
    3, 
    3, 
    3, 
    3, 
    3
   ], 
   [
    3, 
    3, 
    3, 
    3, 
    3, 
    0, 
    3, 
    3, 
    3, 
    3
   ], 
   [
    3, 
    3, 
    3, 
    3, 
    3, 
    3, 
    0, 
    3, 
    3, 
    3
   ], 
   [
    3, 
    3, 
    3, 
    3, 
    3, 
    3, 
    3, 
    0, 
    3, 
    3
   ], 
   [
    3, 
    3, 
    3, 
    3, 
    3, 
    3, 
    3, 
    3, 
    0, 
    3
   ], 
   [
    3, 
    3, 
    3, 
    3, 
    3, 
    3, 
    3, 
    3, 
    3, 
    0
   ]
  ], 
  "city_names": [
   "Amsterdam", 
   "Rotterdam", 
   "Den Haag", 
   "Utrecht", 
   "Eindhoven", 
   "Almere", 
   "Groningen", 
   "Nijmegen", 
   "Breda", 
   "Apeldoorn"
  ], 
  "reward_matrix": [
   [
    0, 
    73456, 
    83796, 
    91775, 
    54364, 
    97352, 
    34661, 
    56603, 
    61855, 
    73619
   ], 
   [
    73456, 
    0, 
    99999, 
    84977, 
    65233, 
    67350, 
    4659, 
    64745, 
    90554, 
    57702
   ], 
   [
    83796, 
    99999, 
    0, 
    74637, 
    54893, 
    70810, 
    8119, 
    54405, 
    80214, 
    47362
   ], 
   [
    91775, 
    84977, 
    74637, 
    0, 
    72927, 
    92712, 
    30020, 
    75166, 
    80418, 
    83064
   ], 
   [
    54364, 
    65233, 
    54893, 
    72927, 
    0, 
    55300, 
    1117, 
    81761, 
    85018, 
    58516
   ], 
   [
    97352, 
    67350, 
    70810, 
    92712, 
    55300, 
    0, 
    47647, 
    57539, 
    62791, 
    77731
   ], 
   [
    34661, 
    4659, 
    8119, 
    30020, 
    1117, 
    47647, 
    0, 
    29695, 
    100, 
    52939
   ], 
   [
    56603, 
    64745, 
    54405, 
    75166, 
    81761, 
    57539, 
    29695, 
    0, 
    71177, 
    87094
   ], 
   [
    61855, 
    90554, 
    80214, 
    80418, 
    85018, 
    62791, 
    100, 
    71177, 
    0, 
    53143
   ], 
   [
    73619, 
    57702, 
    47362, 
    83064, 
    58516, 
    77731, 
    52939, 
    87094, 
    53143, 
    0
   ]
  ], 
  "probability_matrix": [
   [
    0, 
    0.06168092963785001, 
    0.10797326446853699, 
    0.037005455756981116, 
    0.15301146072267613, 
    0.19602485644066417, 
    0.19922088756285108, 
    0.015132807325117176, 
    0.19089534444323955, 
    0.03905499364208376
   ], 
   [
    0.2114598901605934, 
    0, 
    0.06062387966893292, 
    0.18348705812603341, 
    0.07181025167640923, 
    0.2102748204910629, 
    0.060663247387931836, 
    0.0001271285154708749, 
    0.09056482228353481, 
    0.1109889016900305
   ], 
   [
    0.017808099536294524, 
    0.008750134471554274, 
    0, 
    0.14698004002161674, 
    0.1946587006544513, 
    0.06754227775140438, 
    0.11134932881753838, 
    0.18816899682298477, 
    0.17976034935836596, 
    0.08498207256578968
   ], 
   [
    0.0585671207192511, 
    0.002172631030598871, 
    0.08027609115579987, 
    0, 
    0.1255739378816141, 
    0.17114989488901586, 
    0.19754935359070616, 
    0.07100097821230963, 
    0.15185361626987115, 
    0.14185637625083325
   ], 
   [
    0.028200808924256054, 
    0.13222394247388103, 
    0.11135462785461242, 
    0.15969762324060133, 
    0, 
    0.041742409838179735, 
    0.19407188234207556, 
    0.08773648171801485, 
    0.23475721213118184, 
    0.010215011477197222
   ], 
   [
    0.17091448845652885, 
    0.18570176385460183, 
    0.008584965030741448, 
    0.0619629533585815, 
    0.013608973175747661, 
    0, 
    0.1260871180236484, 
    0.16054865527302126, 
    0.09064609508759673, 
    0.18194498773953227
   ], 
   [
    0.023548145516768468, 
    0.14381081770487741, 
    0.12204606951788184, 
    0.17775827002279698, 
    0.05590548954733313, 
    0.11975468702524975, 
    0, 
    0.27265380049146254, 
    0.06289518595725925, 
    0.021627534216370467
   ], 
   [
    0.1629434381044771, 
    0.14938263465302953, 
    0.17734185382900833, 
    0.04206078467351715, 
    0.0910886668436427, 
    0.12283400702027364, 
    0.13772741118852205, 
    0, 
    0.038121925378551275, 
    0.07849927830897817
   ], 
   [
    0.1906866152516009, 
    0.1753127993272831, 
    0.15534978864275148, 
    0.08389428764740454, 
    0.02605484417663223, 
    0.09780558387899634, 
    0.014835971101619801, 
    0.12565843941183086, 
    0, 
    0.13040167056188082
   ], 
   [
    0.1137060422604391, 
    0.21383497380180527, 
    0.10612602855241447, 
    0.002320544521059463, 
    0.20331848160769841, 
    0.1647289072767638, 
    0.11062782661593838, 
    0.07704795372997893, 
    0.008289241633902173, 
    0
   ]
  ]
 }
}