{
 "vehicle_cost_per_km": [
  5, 
  5, 
  5, 
  5, 
  5
 ], 
 "runs": [
  {
   "avg_task_cost_vs_number_of_task": [
    724, 
    730.25, 
    547.1666666666666, 
    674.5, 
    601.8, 
    594.5, 
    559.5, 
    512.9375, 
    472.72222222222223, 
    499.2, 
    453.8181818181819, 
    416, 
    422.1923076923077, 
    418.42857142857144, 
    391.2, 
    397.3125, 
    383.7352941176471, 
    374.55555555555554, 
    379.3947368421054, 
    376.125, 
    333.85714285714283, 
    334.15909090909093, 
    319.9782608695652, 
    321.1458333333333, 
    328.82, 
    334, 
    315.4074074074074, 
    324.0892857142857, 
    333.62068965517244, 
    308.9
   ], 
   "number_of_vehicles": 3
  }
 ], 
 "vehicle_starting_positions": [
  "Amsterdam", 
  "Rotterdam", 
  "Den Haag", 
  "Utrecht", 
  "Eindhoven", 
  "Almere", 
  "Groningen", 
  "Nijmegen", 
  "Breda", 
  "Apeldoorn"
 ], 
 "task_distribution": {
  "distance_matrix": [
   [
    0, 
    90.6, 
    65.2, 
    45.6, 
    137.5, 
    31.9, 
    185.9, 
    132, 
    119.1, 
    90.2
   ], 
   [
    90.6, 
    0, 
    25.4, 
    62.3, 
    110.8, 
    105.6, 
    259.6, 
    112, 
    48.6, 
    129.3
   ], 
   [
    65.2, 
    25.4, 
    0, 
    87.7, 
    136.2, 
    97.1, 
    251.1, 
    137.4, 
    74, 
    154.7
   ], 
   [
    45.6, 
    62.3, 
    87.7, 
    0, 
    91.9, 
    43.3, 
    197.3, 
    86.4, 
    73.5, 
    67
   ], 
   [
    137.5, 
    110.8, 
    136.2, 
    91.9, 
    0, 
    135.2, 
    268.3, 
    70.2, 
    62.2, 
    127.3
   ], 
   [
    31.9, 
    105.6, 
    97.1, 
    43.3, 
    135.2, 
    0, 
    154, 
    129.7, 
    116.8, 
    80.1
   ], 
   [
    185.9, 
    259.6, 
    251.1, 
    197.3, 
    268.3, 
    154, 
    0, 
    198.1, 
    270.8, 
    141
   ], 
   [
    132, 
    112, 
    137.4, 
    86.4, 
    70.2, 
    129.7, 
    198.1, 
    0, 
    96.2, 
    57.1
   ], 
   [
    119.1, 
    48.6, 
    74, 
    73.5, 
    62.2, 
    116.8, 
    270.8, 
    96.2, 
    0, 
    140.5
   ], 
   [
    90.2, 
    129.3, 
    154.7, 
    67, 
    127.3, 
    80.1, 
    141, 
    57.1, 
    140.5, 
    0
   ]
  ], 
  "weight_matrix": [
   [
    0, 
    3, 
    3, 
    3, 
    3, 
    3, 
    3, 
    3, 
    3, 
    3
   ], 
   [
    3, 
    0, 
    3, 
    3, 
    3, 
    3, 
    3, 
    3, 
    3, 
    3
   ], 
   [
    3, 
    3, 
    0, 
    3, 
    3, 
    3, 
    3, 
    3, 
    3, 
    3
   ], 
   [
    3, 
    3, 
    3, 
    0, 
    3, 
    3, 
    3, 
    3, 
    3, 
    3
   ], 
   [
    3, 
    3, 
    3, 
    3, 
    0, 
    3, 
    3, 
    3, 
    3, 
    3
   ], 
   [
    3, 
    3, 
    3, 
    3, 
    3, 
    0, 
    3, 
    3, 
    3, 
    3
   ], 
   [
    3, 
    3, 
    3, 
    3, 
    3, 
    3, 
    0, 
    3, 
    3, 
    3
   ], 
   [
    3, 
    3, 
    3, 
    3, 
    3, 
    3, 
    3, 
    0, 
    3, 
    3
   ], 
   [
    3, 
    3, 
    3, 
    3, 
    3, 
    3, 
    3, 
    3, 
    0, 
    3
   ], 
   [
    3, 
    3, 
    3, 
    3, 
    3, 
    3, 
    3, 
    3, 
    3, 
    0
   ]
  ], 
  "city_names": [
   "Amsterdam", 
   "Rotterdam", 
   "Den Haag", 
   "Utrecht", 
   "Eindhoven", 
   "Almere", 
   "Groningen", 
   "Nijmegen", 
   "Breda", 
   "Apeldoorn"
  ], 
  "reward_matrix": [
   [
    0, 
    73456, 
    83796, 
    91775, 
    54364, 
    97352, 
    34661, 
    56603, 
    61855, 
    73619
   ], 
   [
    73456, 
    0, 
    99999, 
    84977, 
    65233, 
    67350, 
    4659, 
    64745, 
    90554, 
    57702
   ], 
   [
    83796, 
    99999, 
    0, 
    74637, 
    54893, 
    70810, 
    8119, 
    54405, 
    80214, 
    47362
   ], 
   [
    91775, 
    84977, 
    74637, 
    0, 
    72927, 
    92712, 
    30020, 
    75166, 
    80418, 
    83064
   ], 
   [
    54364, 
    65233, 
    54893, 
    72927, 
    0, 
    55300, 
    1117, 
    81761, 
    85018, 
    58516
   ], 
   [
    97352, 
    67350, 
    70810, 
    92712, 
    55300, 
    0, 
    47647, 
    57539, 
    62791, 
    77731
   ], 
   [
    34661, 
    4659, 
    8119, 
    30020, 
    1117, 
    47647, 
    0, 
    29695, 
    100, 
    52939
   ], 
   [
    56603, 
    64745, 
    54405, 
    75166, 
    81761, 
    57539, 
    29695, 
    0, 
    71177, 
    87094
   ], 
   [
    61855, 
    90554, 
    80214, 
    80418, 
    85018, 
    62791, 
    100, 
    71177, 
    0, 
    53143
   ], 
   [
    73619, 
    57702, 
    47362, 
    83064, 
    58516, 
    77731, 
    52939, 
    87094, 
    53143, 
    0
   ]
  ], 
  "probability_matrix": [
   [
    0, 
    0.04629632881276233, 
    0.14516164151784863, 
    0.026587314814831724, 
    0.03818306355807995, 
    0.1485569000800574, 
    0.12851357619944573, 
    0.051213018177160535, 
    0.24337102777686667, 
    0.17211712906294704
   ], 
   [
    0.13746353494874117, 
    0, 
    0.15650502190592622, 
    0.06517780660061094, 
    0.16059677951902898, 
    0.049547088577309044, 
    0.19460353231935654, 
    0.1552879545237126, 
    0.051313032782971314, 
    0.029505248822343066
   ], 
   [
    0.01089932396561747, 
    0.07402333871907228, 
    0, 
    0.16529332634117574, 
    0.06714210130144764, 
    0.1406487220449699, 
    0.08278827393898346, 
    0.13167670474778828, 
    0.21148311963000413, 
    0.11604508931094103
   ], 
   [
    0.1888795295279569, 
    0.09330100823440196, 
    0.021761238963469782, 
    0, 
    0.007793039259386993, 
    0.1406174827007266, 
    0.20742915206945847, 
    0.1025679432542327, 
    0.07104619932802514, 
    0.16660440666234144
   ], 
   [
    0.08670192280227383, 
    0.052071686281017715, 
    0.09296273429062663, 
    0.13852447439601595, 
    0, 
    0.20164704529218364, 
    0.1521384704837883, 
    0.029583274429402992, 
    0.11255608061997682, 
    0.13381431140471411
   ], 
   [
    0.22474668776369264, 
    0.2307472414488733, 
    0.09714066606489379, 
    0.08260172266576117, 
    0.09161905484366663, 
    0, 
    0.08332701834181104, 
    0.15162287415491726, 
    0.01231012523956527, 
    0.02588460947681888
   ], 
   [
    0.24472983798214623, 
    0.048689606533589114, 
    0.031143582264634966, 
    0.22147506773474981, 
    0.13275082587851736, 
    0.005982436238039452, 
    0, 
    0.007493284543807318, 
    0.1364503913916329, 
    0.17128496743288285
   ], 
   [
    0.11243126877345486, 
    0.08691978737838228, 
    0.13471514986220404, 
    0.019846712544139746, 
    0.17292397539447435, 
    0.08750205067036909, 
    0.1319766810962706, 
    0, 
    0.11242313876418199, 
    0.141261235516523
   ], 
   [
    0.17102084397113634, 
    0.13933804465228963, 
    0.1661596025229882, 
    0.0814930748872691, 
    0.08433607831364164, 
    0.0739924932390272, 
    0.19212710952175682, 
    0.06329235971697572, 
    0, 
    0.028240393174915123
   ], 
   [
    0.07696137021328465, 
    0.0019923553951931364, 
    0.10561711275834092, 
    0.10049611652597475, 
    0.16022436625101116, 
    0.09829325289599206, 
    0.16103201097332, 
    0.12069335063582626, 
    0.17469006435105686, 
    0
   ]
  ]
 }, 
 "vehicle_capacities": [
  10, 
  10, 
  10, 
  5, 
  20, 
  30, 
  30, 
  30, 
  30, 
  30
 ]
}