{
 "vehicle_cost_per_km": [
  5, 
  5, 
  5, 
  5, 
  5
 ], 
 "runs": [
  {
   "avg_task_cost_vs_number_of_task": [
    835.5, 
    697.75, 
    509.1666666666667, 
    488.625, 
    416.3, 
    422.4166666666667, 
    378.14285714285717, 
    342.875, 
    441.72222222222223, 
    399.95000000000005, 
    401.36363636363643, 
    368.8333333333333, 
    354.65384615384613, 
    331.7142857142857, 
    310.7, 
    338.84375, 
    317.5, 
    295.6666666666667, 
    300.71052631578954, 
    312.925, 
    297.0238095238095, 
    303.45454545454544, 
    248.41304347826087, 
    288.9583333333333, 
    297.36, 
    271.40384615384613, 
    261.61111111111114, 
    292.2857142857143, 
    255.32758620689657, 
    281.68333333333334
   ], 
   "number_of_vehicles": 5
  }
 ], 
 "vehicle_starting_positions": [
  "Amsterdam", 
  "Rotterdam", 
  "Den Haag", 
  "Utrecht", 
  "Eindhoven", 
  "Almere", 
  "Groningen", 
  "Nijmegen", 
  "Breda", 
  "Apeldoorn"
 ], 
 "task_distribution": {
  "distance_matrix": [
   [
    0, 
    90.6, 
    65.2, 
    45.6, 
    137.5, 
    31.9, 
    185.9, 
    132, 
    119.1, 
    90.2
   ], 
   [
    90.6, 
    0, 
    25.4, 
    62.3, 
    110.8, 
    105.6, 
    259.6, 
    112, 
    48.6, 
    129.3
   ], 
   [
    65.2, 
    25.4, 
    0, 
    87.7, 
    136.2, 
    97.1, 
    251.1, 
    137.4, 
    74, 
    154.7
   ], 
   [
    45.6, 
    62.3, 
    87.7, 
    0, 
    91.9, 
    43.3, 
    197.3, 
    86.4, 
    73.5, 
    67
   ], 
   [
    137.5, 
    110.8, 
    136.2, 
    91.9, 
    0, 
    135.2, 
    268.3, 
    70.2, 
    62.2, 
    127.3
   ], 
   [
    31.9, 
    105.6, 
    97.1, 
    43.3, 
    135.2, 
    0, 
    154, 
    129.7, 
    116.8, 
    80.1
   ], 
   [
    185.9, 
    259.6, 
    251.1, 
    197.3, 
    268.3, 
    154, 
    0, 
    198.1, 
    270.8, 
    141
   ], 
   [
    132, 
    112, 
    137.4, 
    86.4, 
    70.2, 
    129.7, 
    198.1, 
    0, 
    96.2, 
    57.1
   ], 
   [
    119.1, 
    48.6, 
    74, 
    73.5, 
    62.2, 
    116.8, 
    270.8, 
    96.2, 
    0, 
    140.5
   ], 
   [
    90.2, 
    129.3, 
    154.7, 
    67, 
    127.3, 
    80.1, 
    141, 
    57.1, 
    140.5, 
    0
   ]
  ], 
  "weight_matrix": [
   [
    0, 
    3, 
    3, 
    3, 
    3, 
    3, 
    3, 
    3, 
    3, 
    3
   ], 
   [
    3, 
    0, 
    3, 
    3, 
    3, 
    3, 
    3, 
    3, 
    3, 
    3
   ], 
   [
    3, 
    3, 
    0, 
    3, 
    3, 
    3, 
    3, 
    3, 
    3, 
    3
   ], 
   [
    3, 
    3, 
    3, 
    0, 
    3, 
    3, 
    3, 
    3, 
    3, 
    3
   ], 
   [
    3, 
    3, 
    3, 
    3, 
    0, 
    3, 
    3, 
    3, 
    3, 
    3
   ], 
   [
    3, 
    3, 
    3, 
    3, 
    3, 
    0, 
    3, 
    3, 
    3, 
    3
   ], 
   [
    3, 
    3, 
    3, 
    3, 
    3, 
    3, 
    0, 
    3, 
    3, 
    3
   ], 
   [
    3, 
    3, 
    3, 
    3, 
    3, 
    3, 
    3, 
    0, 
    3, 
    3
   ], 
   [
    3, 
    3, 
    3, 
    3, 
    3, 
    3, 
    3, 
    3, 
    0, 
    3
   ], 
   [
    3, 
    3, 
    3, 
    3, 
    3, 
    3, 
    3, 
    3, 
    3, 
    0
   ]
  ], 
  "city_names": [
   "Amsterdam", 
   "Rotterdam", 
   "Den Haag", 
   "Utrecht", 
   "Eindhoven", 
   "Almere", 
   "Groningen", 
   "Nijmegen", 
   "Breda", 
   "Apeldoorn"
  ], 
  "reward_matrix": [
   [
    0, 
    73456, 
    83796, 
    91775, 
    54364, 
    97352, 
    34661, 
    56603, 
    61855, 
    73619
   ], 
   [
    73456, 
    0, 
    99999, 
    84977, 
    65233, 
    67350, 
    4659, 
    64745, 
    90554, 
    57702
   ], 
   [
    83796, 
    99999, 
    0, 
    74637, 
    54893, 
    70810, 
    8119, 
    54405, 
    80214, 
    47362
   ], 
   [
    91775, 
    84977, 
    74637, 
    0, 
    72927, 
    92712, 
    30020, 
    75166, 
    80418, 
    83064
   ], 
   [
    54364, 
    65233, 
    54893, 
    72927, 
    0, 
    55300, 
    1117, 
    81761, 
    85018, 
    58516
   ], 
   [
    97352, 
    67350, 
    70810, 
    92712, 
    55300, 
    0, 
    47647, 
    57539, 
    62791, 
    77731
   ], 
   [
    34661, 
    4659, 
    8119, 
    30020, 
    1117, 
    47647, 
    0, 
    29695, 
    100, 
    52939
   ], 
   [
    56603, 
    64745, 
    54405, 
    75166, 
    81761, 
    57539, 
    29695, 
    0, 
    71177, 
    87094
   ], 
   [
    61855, 
    90554, 
    80214, 
    80418, 
    85018, 
    62791, 
    100, 
    71177, 
    0, 
    53143
   ], 
   [
    73619, 
    57702, 
    47362, 
    83064, 
    58516, 
    77731, 
    52939, 
    87094, 
    53143, 
    0
   ]
  ], 
  "probability_matrix": [
   [
    0, 
    0.13614222488761785, 
    0.1413181548747155, 
    0.051205340862452806, 
    0.2175526518987148, 
    0.10136156598018473, 
    0.006442769382200778, 
    0.06841513620743785, 
    0.08383810506180088, 
    0.19372405084487462
   ], 
   [
    0.20214749634152498, 
    0, 
    0.1503793347614479, 
    0.21260929921861765, 
    0.05782622345881685, 
    0.07039708163973513, 
    0.15366567754624455, 
    0.0774646823391646, 
    0.028937338320246007, 
    0.04657286637420248
   ], 
   [
    0.07752623401607633, 
    0.1337978950637044, 
    0, 
    0.05741589412506201, 
    0.010056465255740964, 
    0.18391094279383233, 
    0.09255726169417952, 
    0.18045619928915113, 
    0.1492360608166496, 
    0.11504304694560374
   ], 
   [
    0.08003114274155447, 
    0.039169906075890965, 
    0.012046076738935534, 
    0, 
    0.08182675151559164, 
    0.15833707844629735, 
    0.14557042424792843, 
    0.23096485754230814, 
    0.021179814404177492, 
    0.23087394828731586
   ], 
   [
    0.12839896326577366, 
    0.15413087961139715, 
    0.1458922448005148, 
    0.13717671730723938, 
    0, 
    0.015626137684112976, 
    0.06588331545040803, 
    0.20770948361193928, 
    0.03795410885266181, 
    0.10722814941595299
   ], 
   [
    0.03633452775776285, 
    0.05030956364285722, 
    0.02970574279578588, 
    0.16454219440686849, 
    0.11975950810478107, 
    0, 
    0.18327600139008732, 
    0.14199550461043212, 
    0.11397767573285826, 
    0.16009928155856676
   ], 
   [
    0.02847029363717225, 
    0.22502924388304935, 
    0.12327090576802718, 
    0.07607363337436007, 
    0.07986399945826218, 
    0.023203838086556565, 
    0, 
    0.16299966280067144, 
    0.1973467804087729, 
    0.08374164258312806
   ], 
   [
    0.13921109077406277, 
    0.016018201584017504, 
    0.14592422510687095, 
    0.10667979320225957, 
    0.15628722545033996, 
    0.06486552857069242, 
    0.1386985092980631, 
    0, 
    0.07652003517203367, 
    0.15579539084166003
   ], 
   [
    0.07423123348402799, 
    0.07578243652653041, 
    0.13853358781381225, 
    0.14319876089612285, 
    0.1351408515133915, 
    0.15302294538274566, 
    0.010729373821623778, 
    0.17201325927474254, 
    0, 
    0.09734755128700318
   ], 
   [
    0.03589704541215941, 
    0.1842826996682443, 
    0.10943722853656115, 
    0.14428245900658612, 
    0.17225641048220142, 
    0.10211513561588761, 
    0.14254193099337775, 
    0.014014038177371443, 
    0.09517305210761086, 
    0
   ]
  ]
 }, 
 "vehicle_capacities": [
  5, 
  15, 
  15, 
  20, 
  25, 
  30, 
  30, 
  30, 
  30, 
  30
 ]
}