{
 "vehicle_cost_per_km": [
  5, 
  5, 
  5, 
  5, 
  5, 
  5, 
  5, 
  5, 
  5, 
  5
 ], 
 "runs": [
  {
   "avg_task_cost_vs_number_of_task": [
    1235, 
    1547, 
    1075.8333333333333, 
    901.0000000000001, 
    720.8000000000001, 
    629.4166666666666, 
    539.5, 
    483.12500000000006, 
    435.0555555555556, 
    391.55000000000007, 
    414.45454545454544, 
    326.2916666666667, 
    398.96153846153845, 
    305.0357142857143, 
    311.76666666666665, 
    284.12500000000006, 
    319.50000000000006, 
    289.77777777777777, 
    301, 
    315.42500000000007, 
    291.35714285714283, 
    299.04545454545456, 
    268.67391304347825, 
    245.97916666666666, 
    249.92000000000004, 
    250.09615384615387, 
    231.83333333333337, 
    234.89285714285717, 
    274.51724137931035, 
    243.33333333333337
   ], 
   "number_of_vehicles": 3
  }
 ], 
 "vehicle_starting_positions": [
  "Amsterdam", 
  "Rotterdam", 
  "Den Haag", 
  "Utrecht", 
  "Eindhoven", 
  "Almere", 
  "Groningen", 
  "Nijmegen", 
  "Breda", 
  "Apeldoorn"
 ], 
 "task_distribution": {
  "distance_matrix": [
   [
    0, 
    90.6, 
    65.2, 
    45.6, 
    137.5, 
    31.9, 
    185.9, 
    132, 
    119.1, 
    90.2
   ], 
   [
    90.6, 
    0, 
    25.4, 
    62.3, 
    110.8, 
    105.6, 
    259.6, 
    112, 
    48.6, 
    129.3
   ], 
   [
    65.2, 
    25.4, 
    0, 
    87.7, 
    136.2, 
    97.1, 
    251.1, 
    137.4, 
    74, 
    154.7
   ], 
   [
    45.6, 
    62.3, 
    87.7, 
    0, 
    91.9, 
    43.3, 
    197.3, 
    86.4, 
    73.5, 
    67
   ], 
   [
    137.5, 
    110.8, 
    136.2, 
    91.9, 
    0, 
    135.2, 
    268.3, 
    70.2, 
    62.2, 
    127.3
   ], 
   [
    31.9, 
    105.6, 
    97.1, 
    43.3, 
    135.2, 
    0, 
    154, 
    129.7, 
    116.8, 
    80.1
   ], 
   [
    185.9, 
    259.6, 
    251.1, 
    197.3, 
    268.3, 
    154, 
    0, 
    198.1, 
    270.8, 
    141
   ], 
   [
    132, 
    112, 
    137.4, 
    86.4, 
    70.2, 
    129.7, 
    198.1, 
    0, 
    96.2, 
    57.1
   ], 
   [
    119.1, 
    48.6, 
    74, 
    73.5, 
    62.2, 
    116.8, 
    270.8, 
    96.2, 
    0, 
    140.5
   ], 
   [
    90.2, 
    129.3, 
    154.7, 
    67, 
    127.3, 
    80.1, 
    141, 
    57.1, 
    140.5, 
    0
   ]
  ], 
  "weight_matrix": [
   [
    0, 
    3, 
    3, 
    3, 
    3, 
    3, 
    3, 
    3, 
    3, 
    3
   ], 
   [
    3, 
    0, 
    3, 
    3, 
    3, 
    3, 
    3, 
    3, 
    3, 
    3
   ], 
   [
    3, 
    3, 
    0, 
    3, 
    3, 
    3, 
    3, 
    3, 
    3, 
    3
   ], 
   [
    3, 
    3, 
    3, 
    0, 
    3, 
    3, 
    3, 
    3, 
    3, 
    3
   ], 
   [
    3, 
    3, 
    3, 
    3, 
    0, 
    3, 
    3, 
    3, 
    3, 
    3
   ], 
   [
    3, 
    3, 
    3, 
    3, 
    3, 
    0, 
    3, 
    3, 
    3, 
    3
   ], 
   [
    3, 
    3, 
    3, 
    3, 
    3, 
    3, 
    0, 
    3, 
    3, 
    3
   ], 
   [
    3, 
    3, 
    3, 
    3, 
    3, 
    3, 
    3, 
    0, 
    3, 
    3
   ], 
   [
    3, 
    3, 
    3, 
    3, 
    3, 
    3, 
    3, 
    3, 
    0, 
    3
   ], 
   [
    3, 
    3, 
    3, 
    3, 
    3, 
    3, 
    3, 
    3, 
    3, 
    0
   ]
  ], 
  "city_names": [
   "Amsterdam", 
   "Rotterdam", 
   "Den Haag", 
   "Utrecht", 
   "Eindhoven", 
   "Almere", 
   "Groningen", 
   "Nijmegen", 
   "Breda", 
   "Apeldoorn"
  ], 
  "reward_matrix": [
   [
    0, 
    73456, 
    83796, 
    91775, 
    54364, 
    97352, 
    34661, 
    56603, 
    61855, 
    73619
   ], 
   [
    73456, 
    0, 
    99999, 
    84977, 
    65233, 
    67350, 
    4659, 
    64745, 
    90554, 
    57702
   ], 
   [
    83796, 
    99999, 
    0, 
    74637, 
    54893, 
    70810, 
    8119, 
    54405, 
    80214, 
    47362
   ], 
   [
    91775, 
    84977, 
    74637, 
    0, 
    72927, 
    92712, 
    30020, 
    75166, 
    80418, 
    83064
   ], 
   [
    54364, 
    65233, 
    54893, 
    72927, 
    0, 
    55300, 
    1117, 
    81761, 
    85018, 
    58516
   ], 
   [
    97352, 
    67350, 
    70810, 
    92712, 
    55300, 
    0, 
    47647, 
    57539, 
    62791, 
    77731
   ], 
   [
    34661, 
    4659, 
    8119, 
    30020, 
    1117, 
    47647, 
    0, 
    29695, 
    100, 
    52939
   ], 
   [
    56603, 
    64745, 
    54405, 
    75166, 
    81761, 
    57539, 
    29695, 
    0, 
    71177, 
    87094
   ], 
   [
    61855, 
    90554, 
    80214, 
    80418, 
    85018, 
    62791, 
    100, 
    71177, 
    0, 
    53143
   ], 
   [
    73619, 
    57702, 
    47362, 
    83064, 
    58516, 
    77731, 
    52939, 
    87094, 
    53143, 
    0
   ]
  ], 
  "probability_matrix": [
   [
    0, 
    0.0824304487822385, 
    0.017727389859228712, 
    0.07821620276155107, 
    0.03495647452005653, 
    0.1746813409837192, 
    0.06279314309676148, 
    0.13906367151125412, 
    0.21896772778627452, 
    0.1911636006989158
   ], 
   [
    6.566805091012549e-05, 
    0, 
    0.08921972190609694, 
    0.1256568664616466, 
    0.12093755002678144, 
    0.15906840493069768, 
    0.055140043980489474, 
    0.10964172080969008, 
    0.15366420454350002, 
    0.18660581929018755
   ], 
   [
    0.007737045291832477, 
    0.16921002077855943, 
    0, 
    0.09237666153574708, 
    0.04544020505742992, 
    0.2233764633295963, 
    0.06175095498350794, 
    0.15835578430429814, 
    0.031002698299676747, 
    0.21075016641935196
   ], 
   [
    0.24640515090238807, 
    0.02876270296555918, 
    0.07849944288835038, 
    0, 
    0.14767470235080157, 
    0.2848260062052771, 
    0.03210912472198812, 
    0.001502901551083811, 
    0.16354764233035315, 
    0.016672326084198778
   ], 
   [
    0.07066643674444187, 
    0.20993444859352467, 
    0.08706304700899417, 
    0.028167711717475726, 
    0, 
    0.19816732721992075, 
    0.05477815470092458, 
    0.06956799627500662, 
    0.17130812778454207, 
    0.11034674995516956
   ], 
   [
    0.14412656500217524, 
    0.14454270868040509, 
    0.010848705183641293, 
    0.03764254533323604, 
    0.057194268918032934, 
    0, 
    0.175973118634814, 
    0.05905171051238508, 
    0.19384740780217738, 
    0.17677296993313285
   ], 
   [
    0.1884392752431595, 
    0.17261776321995564, 
    0.08224493069642912, 
    0.1294352079805578, 
    0.13504897431199497, 
    0.025846881234841673, 
    0, 
    0.12356491381098762, 
    0.09356381423066491, 
    0.04923823927140869
   ], 
   [
    0.0905860834046213, 
    0.17414601811713776, 
    0.13795997573519933, 
    0.1971918702926693, 
    0.037468272847214504, 
    0.14518223537419836, 
    0.03856719950682521, 
    0, 
    0.06511709721861289, 
    0.11378124750352119
   ], 
   [
    0.1453477819833309, 
    0.027706312560455113, 
    0.0397395706378494, 
    0.1457674296609082, 
    0.21143289181837607, 
    0.09344133684256013, 
    0.04228036273109489, 
    0.07263023691177989, 
    0, 
    0.2216540768536455
   ], 
   [
    0.2011350465210065, 
    0.05786620902027029, 
    0.0044641424147035, 
    0.12117321766962935, 
    0.1624416566473492, 
    0.022998374134734455, 
    0.19756518572888912, 
    0.08372392741224133, 
    0.1486322404511761, 
    0
   ]
  ]
 }, 
 "vehicle_capacities": [
  15, 
  15, 
  15, 
  5, 
  20, 
  30, 
  30, 
  30, 
  30, 
  30
 ]
}