{
 "vehicle_cost_per_km": [
  5, 
  5, 
  5, 
  5, 
  5
 ], 
 "runs": [
  {
   "avg_task_cost_vs_number_of_task": [
    528, 
    372.24999999999994, 
    482.1666666666667, 
    753.875, 
    662.9, 
    589.5833333333334, 
    505.35714285714295, 
    442.18750000000006, 
    393.0555555555556, 
    353.75000000000006, 
    321.5909090909091, 
    331.33333333333337, 
    329.1923076923077, 
    329.7857142857143, 
    332.13333333333344, 
    336.5625, 
    292.2647058823529, 
    279.55555555555554, 
    251.76315789473688, 
    266.3, 
    228.23809523809524, 
    231.5681818181818, 
    224.304347826087, 
    236.22916666666666, 
    207.58, 
    223.80769230769235, 
    237.53703703703704, 
    262.4107142857143, 
    226.86206896551724, 
    218.98333333333338
   ], 
   "number_of_vehicles": 5
  }
 ], 
 "vehicle_starting_positions": [
  "Amsterdam", 
  "Rotterdam", 
  "Den Haag", 
  "Utrecht", 
  "Eindhoven", 
  "Almere", 
  "Groningen", 
  "Nijmegen", 
  "Breda", 
  "Apeldoorn"
 ], 
 "task_distribution": {
  "distance_matrix": [
   [
    0, 
    90.6, 
    65.2, 
    45.6, 
    137.5, 
    31.9, 
    185.9, 
    132, 
    119.1, 
    90.2
   ], 
   [
    90.6, 
    0, 
    25.4, 
    62.3, 
    110.8, 
    105.6, 
    259.6, 
    112, 
    48.6, 
    129.3
   ], 
   [
    65.2, 
    25.4, 
    0, 
    87.7, 
    136.2, 
    97.1, 
    251.1, 
    137.4, 
    74, 
    154.7
   ], 
   [
    45.6, 
    62.3, 
    87.7, 
    0, 
    91.9, 
    43.3, 
    197.3, 
    86.4, 
    73.5, 
    67
   ], 
   [
    137.5, 
    110.8, 
    136.2, 
    91.9, 
    0, 
    135.2, 
    268.3, 
    70.2, 
    62.2, 
    127.3
   ], 
   [
    31.9, 
    105.6, 
    97.1, 
    43.3, 
    135.2, 
    0, 
    154, 
    129.7, 
    116.8, 
    80.1
   ], 
   [
    185.9, 
    259.6, 
    251.1, 
    197.3, 
    268.3, 
    154, 
    0, 
    198.1, 
    270.8, 
    141
   ], 
   [
    132, 
    112, 
    137.4, 
    86.4, 
    70.2, 
    129.7, 
    198.1, 
    0, 
    96.2, 
    57.1
   ], 
   [
    119.1, 
    48.6, 
    74, 
    73.5, 
    62.2, 
    116.8, 
    270.8, 
    96.2, 
    0, 
    140.5
   ], 
   [
    90.2, 
    129.3, 
    154.7, 
    67, 
    127.3, 
    80.1, 
    141, 
    57.1, 
    140.5, 
    0
   ]
  ], 
  "weight_matrix": [
   [
    0, 
    3, 
    3, 
    3, 
    3, 
    3, 
    3, 
    3, 
    3, 
    3
   ], 
   [
    3, 
    0, 
    3, 
    3, 
    3, 
    3, 
    3, 
    3, 
    3, 
    3
   ], 
   [
    3, 
    3, 
    0, 
    3, 
    3, 
    3, 
    3, 
    3, 
    3, 
    3
   ], 
   [
    3, 
    3, 
    3, 
    0, 
    3, 
    3, 
    3, 
    3, 
    3, 
    3
   ], 
   [
    3, 
    3, 
    3, 
    3, 
    0, 
    3, 
    3, 
    3, 
    3, 
    3
   ], 
   [
    3, 
    3, 
    3, 
    3, 
    3, 
    0, 
    3, 
    3, 
    3, 
    3
   ], 
   [
    3, 
    3, 
    3, 
    3, 
    3, 
    3, 
    0, 
    3, 
    3, 
    3
   ], 
   [
    3, 
    3, 
    3, 
    3, 
    3, 
    3, 
    3, 
    0, 
    3, 
    3
   ], 
   [
    3, 
    3, 
    3, 
    3, 
    3, 
    3, 
    3, 
    3, 
    0, 
    3
   ], 
   [
    3, 
    3, 
    3, 
    3, 
    3, 
    3, 
    3, 
    3, 
    3, 
    0
   ]
  ], 
  "city_names": [
   "Amsterdam", 
   "Rotterdam", 
   "Den Haag", 
   "Utrecht", 
   "Eindhoven", 
   "Almere", 
   "Groningen", 
   "Nijmegen", 
   "Breda", 
   "Apeldoorn"
  ], 
  "reward_matrix": [
   [
    0, 
    73456, 
    83796, 
    91775, 
    54364, 
    97352, 
    34661, 
    56603, 
    61855, 
    73619
   ], 
   [
    73456, 
    0, 
    99999, 
    84977, 
    65233, 
    67350, 
    4659, 
    64745, 
    90554, 
    57702
   ], 
   [
    83796, 
    99999, 
    0, 
    74637, 
    54893, 
    70810, 
    8119, 
    54405, 
    80214, 
    47362
   ], 
   [
    91775, 
    84977, 
    74637, 
    0, 
    72927, 
    92712, 
    30020, 
    75166, 
    80418, 
    83064
   ], 
   [
    54364, 
    65233, 
    54893, 
    72927, 
    0, 
    55300, 
    1117, 
    81761, 
    85018, 
    58516
   ], 
   [
    97352, 
    67350, 
    70810, 
    92712, 
    55300, 
    0, 
    47647, 
    57539, 
    62791, 
    77731
   ], 
   [
    34661, 
    4659, 
    8119, 
    30020, 
    1117, 
    47647, 
    0, 
    29695, 
    100, 
    52939
   ], 
   [
    56603, 
    64745, 
    54405, 
    75166, 
    81761, 
    57539, 
    29695, 
    0, 
    71177, 
    87094
   ], 
   [
    61855, 
    90554, 
    80214, 
    80418, 
    85018, 
    62791, 
    100, 
    71177, 
    0, 
    53143
   ], 
   [
    73619, 
    57702, 
    47362, 
    83064, 
    58516, 
    77731, 
    52939, 
    87094, 
    53143, 
    0
   ]
  ], 
  "probability_matrix": [
   [
    0, 
    0.12178634550238678, 
    0.1613039640570419, 
    0.1617242402517338, 
    0.030805498882410513, 
    0.15753488151788178, 
    0.06787035581874097, 
    0.09334691511335216, 
    0.08161657622290498, 
    0.12401122263354726
   ], 
   [
    0.18135750706968765, 
    0, 
    0.09977022264183213, 
    0.04790235497551792, 
    0.07224426541273697, 
    0.21821380850751113, 
    0.21503329368180182, 
    0.04996257799313179, 
    0.05724446581066809, 
    0.05827150390711239
   ], 
   [
    0.037668801884336994, 
    0.13069308544977196, 
    0, 
    0.08861184981303731, 
    0.14078743204269736, 
    0.14978431817130294, 
    0.03178372441699072, 
    0.21168225888076475, 
    0.18384619100128047, 
    0.025142338339817397
   ], 
   [
    0.14502325154438547, 
    0.055989705566559744, 
    0.07290260329059019, 
    0, 
    0.07857526553117956, 
    0.028670571248847674, 
    0.08949216187905824, 
    0.12991642114687652, 
    0.1804620871742852, 
    0.21896793261821734
   ], 
   [
    0.20009443379276348, 
    0.13028586935610656, 
    0.0017940938570058828, 
    0.1983904490587453, 
    0, 
    0.05899823907388612, 
    0.18543163740965765, 
    0.16365085977885305, 
    0.0582085662332846, 
    0.003145851439697242
   ], 
   [
    0.1773882677275585, 
    0.13011782349174048, 
    0.010345030871399936, 
    0.22884691714489144, 
    0.13834263663064156, 
    0, 
    0.09193732306855687, 
    0.17062439278308736, 
    0.015273278265423719, 
    0.03712433001670021
   ], 
   [
    0.1362783817291082, 
    0.19510806488225801, 
    0.002061645440345824, 
    0.146649039325179, 
    0.040794147953478514, 
    0.09112765546819372, 
    0, 
    0.1274700449451623, 
    0.18746262236873557, 
    0.07304839788753911
   ], 
   [
    0.21600101714851008, 
    0.09182441185126476, 
    0.001020229218283628, 
    0.2087874539235771, 
    0.016196611527680295, 
    0.06574825168426034, 
    0.03956230034384059, 
    0, 
    0.2097478860225306, 
    0.15111183828005262
   ], 
   [
    0.20400121286078382, 
    0.13091656171400282, 
    0.08368058143541565, 
    0.026129831512286997, 
    0.0734664012608023, 
    0.010937778828756684, 
    0.13619415775797664, 
    0.20212988891254183, 
    0, 
    0.13254358571743335
   ], 
   [
    0.07779254050579187, 
    0.17494746139561582, 
    0.10202199429780344, 
    0.15335237338817395, 
    0.17336960893100184, 
    0.16038329882876423, 
    0.011383158179782908, 
    0.029966672808722266, 
    0.1167828916643437, 
    0
   ]
  ]
 }, 
 "vehicle_capacities": [
  10, 
  15, 
  15, 
  30, 
  30, 
  30, 
  30, 
  30, 
  30, 
  30
 ]
}