{
 "vehicle_cost_per_km": [
  5, 
  5, 
  5, 
  5, 
  5
 ], 
 "runs": [
  {
   "avg_task_cost_vs_number_of_task": [
    1597.0000000000002, 
    958.0000000000001, 
    738.1666666666666, 
    553.625, 
    625.4, 
    511.0833333333333, 
    473.42857142857144, 
    414.25, 
    382.3333333333333, 
    374.69999999999993, 
    381.54545454545456, 
    355.125, 
    337.5769230769231, 
    315.25, 
    320.3333333333333, 
    292.375, 
    338.14705882352933, 
    332.3333333333333, 
    347.2894736842105, 
    387.775, 
    392.4761904761905, 
    359.54545454545456, 
    363.04347826086956, 
    366.8333333333333, 
    376.56, 
    369.15384615384613, 
    384.5925925925926, 
    341.2142857142858, 
    355.6551724137931, 
    338.53333333333336
   ], 
   "number_of_vehicles": 3
  }
 ], 
 "vehicle_starting_positions": [
  "Amsterdam", 
  "Rotterdam", 
  "Den Haag", 
  "Utrecht", 
  "Eindhoven", 
  "Almere", 
  "Groningen", 
  "Nijmegen", 
  "Breda", 
  "Apeldoorn"
 ], 
 "task_distribution": {
  "distance_matrix": [
   [
    0, 
    90.6, 
    65.2, 
    45.6, 
    137.5, 
    31.9, 
    185.9, 
    132, 
    119.1, 
    90.2
   ], 
   [
    90.6, 
    0, 
    25.4, 
    62.3, 
    110.8, 
    105.6, 
    259.6, 
    112, 
    48.6, 
    129.3
   ], 
   [
    65.2, 
    25.4, 
    0, 
    87.7, 
    136.2, 
    97.1, 
    251.1, 
    137.4, 
    74, 
    154.7
   ], 
   [
    45.6, 
    62.3, 
    87.7, 
    0, 
    91.9, 
    43.3, 
    197.3, 
    86.4, 
    73.5, 
    67
   ], 
   [
    137.5, 
    110.8, 
    136.2, 
    91.9, 
    0, 
    135.2, 
    268.3, 
    70.2, 
    62.2, 
    127.3
   ], 
   [
    31.9, 
    105.6, 
    97.1, 
    43.3, 
    135.2, 
    0, 
    154, 
    129.7, 
    116.8, 
    80.1
   ], 
   [
    185.9, 
    259.6, 
    251.1, 
    197.3, 
    268.3, 
    154, 
    0, 
    198.1, 
    270.8, 
    141
   ], 
   [
    132, 
    112, 
    137.4, 
    86.4, 
    70.2, 
    129.7, 
    198.1, 
    0, 
    96.2, 
    57.1
   ], 
   [
    119.1, 
    48.6, 
    74, 
    73.5, 
    62.2, 
    116.8, 
    270.8, 
    96.2, 
    0, 
    140.5
   ], 
   [
    90.2, 
    129.3, 
    154.7, 
    67, 
    127.3, 
    80.1, 
    141, 
    57.1, 
    140.5, 
    0
   ]
  ], 
  "weight_matrix": [
   [
    0, 
    3, 
    3, 
    3, 
    3, 
    3, 
    3, 
    3, 
    3, 
    3
   ], 
   [
    3, 
    0, 
    3, 
    3, 
    3, 
    3, 
    3, 
    3, 
    3, 
    3
   ], 
   [
    3, 
    3, 
    0, 
    3, 
    3, 
    3, 
    3, 
    3, 
    3, 
    3
   ], 
   [
    3, 
    3, 
    3, 
    0, 
    3, 
    3, 
    3, 
    3, 
    3, 
    3
   ], 
   [
    3, 
    3, 
    3, 
    3, 
    0, 
    3, 
    3, 
    3, 
    3, 
    3
   ], 
   [
    3, 
    3, 
    3, 
    3, 
    3, 
    0, 
    3, 
    3, 
    3, 
    3
   ], 
   [
    3, 
    3, 
    3, 
    3, 
    3, 
    3, 
    0, 
    3, 
    3, 
    3
   ], 
   [
    3, 
    3, 
    3, 
    3, 
    3, 
    3, 
    3, 
    0, 
    3, 
    3
   ], 
   [
    3, 
    3, 
    3, 
    3, 
    3, 
    3, 
    3, 
    3, 
    0, 
    3
   ], 
   [
    3, 
    3, 
    3, 
    3, 
    3, 
    3, 
    3, 
    3, 
    3, 
    0
   ]
  ], 
  "city_names": [
   "Amsterdam", 
   "Rotterdam", 
   "Den Haag", 
   "Utrecht", 
   "Eindhoven", 
   "Almere", 
   "Groningen", 
   "Nijmegen", 
   "Breda", 
   "Apeldoorn"
  ], 
  "reward_matrix": [
   [
    0, 
    73456, 
    83796, 
    91775, 
    54364, 
    97352, 
    34661, 
    56603, 
    61855, 
    73619
   ], 
   [
    73456, 
    0, 
    99999, 
    84977, 
    65233, 
    67350, 
    4659, 
    64745, 
    90554, 
    57702
   ], 
   [
    83796, 
    99999, 
    0, 
    74637, 
    54893, 
    70810, 
    8119, 
    54405, 
    80214, 
    47362
   ], 
   [
    91775, 
    84977, 
    74637, 
    0, 
    72927, 
    92712, 
    30020, 
    75166, 
    80418, 
    83064
   ], 
   [
    54364, 
    65233, 
    54893, 
    72927, 
    0, 
    55300, 
    1117, 
    81761, 
    85018, 
    58516
   ], 
   [
    97352, 
    67350, 
    70810, 
    92712, 
    55300, 
    0, 
    47647, 
    57539, 
    62791, 
    77731
   ], 
   [
    34661, 
    4659, 
    8119, 
    30020, 
    1117, 
    47647, 
    0, 
    29695, 
    100, 
    52939
   ], 
   [
    56603, 
    64745, 
    54405, 
    75166, 
    81761, 
    57539, 
    29695, 
    0, 
    71177, 
    87094
   ], 
   [
    61855, 
    90554, 
    80214, 
    80418, 
    85018, 
    62791, 
    100, 
    71177, 
    0, 
    53143
   ], 
   [
    73619, 
    57702, 
    47362, 
    83064, 
    58516, 
    77731, 
    52939, 
    87094, 
    53143, 
    0
   ]
  ], 
  "probability_matrix": [
   [
    0, 
    0.09040837879883871, 
    0.12261924864159582, 
    0.16944175427384786, 
    0.001524995236248749, 
    0.3095595715636792, 
    0.011481257445242291, 
    0.06245148289580767, 
    0.04341997208350544, 
    0.18909333906123404
   ], 
   [
    0.01005258819826847, 
    0, 
    0.05172152167474772, 
    0.10401439601218043, 
    0.03924036006222662, 
    0.19105191455690737, 
    0.18235362497073962, 
    0.19122433188090995, 
    0.11921208093605093, 
    0.11112918170796883
   ], 
   [
    0.17492046207060302, 
    0.16218043929914658, 
    0, 
    0.02681637083966594, 
    0.13108592163913577, 
    0.08123641441884323, 
    0.05277693745251449, 
    0.20666398697860106, 
    0.06175381891620627, 
    0.10256564838528363
   ], 
   [
    0.11686245697344597, 
    0.17977185562390663, 
    0.1794254114301491, 
    0, 
    0.18471927821717693, 
    0.019072879935662885, 
    0.01995268117015932, 
    0.13814940253956062, 
    0.1382146060371786, 
    0.023831428072759914
   ], 
   [
    0.03906582587549803, 
    0.10140750159774647, 
    0.027022638851645103, 
    0.035392300836725316, 
    0, 
    0.24914407885906686, 
    0.1383346801192633, 
    0.27831950869986954, 
    0.11668739666197248, 
    0.014626068498213
   ], 
   [
    0.18388655185282074, 
    0.09726233441087988, 
    0.035573803765444396, 
    0.1701754862201052, 
    0.056509919856255815, 
    0, 
    0.1404050020220395, 
    0.12349663899936278, 
    0.11374168417782293, 
    0.07894857869526871
   ], 
   [
    0.19399461932688142, 
    0.1851167891179288, 
    0.18295211782338403, 
    0.0017921628789263708, 
    0.16913558304875217, 
    0.0939902392666141, 
    0, 
    0.060409956688949225, 
    0.03090574854234844, 
    0.08170278330621544
   ], 
   [
    0.012723072947381762, 
    0.016211738526031732, 
    0.014263218339295699, 
    0.1038834335338748, 
    0.2249046691990197, 
    0.0735869600635597, 
    0.06884379699920512, 
    0, 
    0.2568379088091372, 
    0.2287452015824943
   ], 
   [
    0.025583550783094565, 
    0.12722839984201112, 
    0.12490596637198995, 
    0.17591733440870733, 
    0.14319968385057885, 
    0.14780871675269333, 
    0.16400883309285494, 
    0.035517818969624255, 
    0, 
    0.055829695928445534
   ], 
   [
    0.09896696944107727, 
    0.1159280036789575, 
    0.029038610719488617, 
    0.18297175702567, 
    0.16471352102936404, 
    0.032804201601040965, 
    0.1338083707353908, 
    0.06857335812748586, 
    0.173195207641525, 
    0
   ]
  ]
 }, 
 "vehicle_capacities": [
  10, 
  10, 
  10, 
  5, 
  20, 
  30, 
  30, 
  30, 
  30, 
  30
 ]
}