{
 "distance_matrix": [
  [
   0, 
   90.6, 
   65.2, 
   45.6, 
   137.5, 
   31.9, 
   185.9, 
   132, 
   119.1, 
   90.2
  ], 
  [
   90.6, 
   0, 
   25.4, 
   62.3, 
   110.8, 
   105.6, 
   259.6, 
   112, 
   48.6, 
   129.3
  ], 
  [
   65.2, 
   25.4, 
   0, 
   87.7, 
   136.2, 
   97.1, 
   251.1, 
   137.4, 
   74, 
   154.7
  ], 
  [
   45.6, 
   62.3, 
   87.7, 
   0, 
   91.9, 
   43.3, 
   197.3, 
   86.4, 
   73.5, 
   67
  ], 
  [
   137.5, 
   110.8, 
   136.2, 
   91.9, 
   0, 
   135.2, 
   268.3, 
   70.2, 
   62.2, 
   127.3
  ], 
  [
   31.9, 
   105.6, 
   97.1, 
   43.3, 
   135.2, 
   0, 
   154, 
   129.7, 
   116.8, 
   80.1
  ], 
  [
   185.9, 
   259.6, 
   251.1, 
   197.3, 
   268.3, 
   154, 
   0, 
   198.1, 
   270.8, 
   141
  ], 
  [
   132, 
   112, 
   137.4, 
   86.4, 
   70.2, 
   129.7, 
   198.1, 
   0, 
   96.2, 
   57.1
  ], 
  [
   119.1, 
   48.6, 
   74, 
   73.5, 
   62.2, 
   116.8, 
   270.8, 
   96.2, 
   0, 
   140.5
  ], 
  [
   90.2, 
   129.3, 
   154.7, 
   67, 
   127.3, 
   80.1, 
   141, 
   57.1, 
   140.5, 
   0
  ]
 ], 
 "runs": [
  {
   "avg_task_cost_vs_number_of_task": [
    387.5, 
    267.75, 
    539.8333333333334, 
    647.75, 
    587.2, 
    520.7500000000001, 
    508.64285714285705, 
    445.06249999999994, 
    424.8888888888889, 
    424.30000000000007, 
    366.00000000000006, 
    335.50000000000006, 
    319.6923076923077, 
    323.32142857142856, 
    281.03333333333336, 
    263.46875, 
    278.3529411764706, 
    251.83333333333334, 
    248.05263157894737, 
    241.7, 
    242.6428571428572, 
    227.20454545454547, 
    255.56521739130432, 
    235.3125, 
    228.42, 
    219.00000000000003, 
    235.35185185185182, 
    215.67857142857147, 
    228.39655172413794, 
    225.0333333333333
   ], 
   "number_of_vehicles": 2
  }, 
  {
   "avg_task_cost_vs_number_of_task": [
    387.5, 
    267.75, 
    378, 
    515.25, 
    500.6, 
    494.75, 
    455.35714285714283, 
    417.31249999999994, 
    370.9444444444444, 
    401.95, 
    366.00000000000006, 
    335.50000000000006, 
    309.69230769230774, 
    318.7142857142857, 
    258.53333333333336, 
    242.375, 
    247.97058823529412, 
    244.91666666666666, 
    207.21052631578948, 
    232.275, 
    240.66666666666666, 
    224.8409090909091, 
    227.80434782608697, 
    191.5, 
    220.18, 
    221.76923076923077, 
    236.5740740740741, 
    219.08928571428575, 
    249.18965517241378, 
    207
   ], 
   "number_of_vehicles": 3
  }, 
  {
   "avg_task_cost_vs_number_of_task": [
    387.5, 
    267.75, 
    378, 
    515.25, 
    500.6, 
    494.75, 
    455.35714285714283, 
    417.31249999999994, 
    370.9444444444444, 
    401.95, 
    366.00000000000006, 
    335.50000000000006, 
    338.38461538461536, 
    320.9642857142857, 
    258.53333333333336, 
    242.375, 
    247.97058823529412, 
    218.72222222222223, 
    224.5, 
    229.275, 
    225.02380952380952, 
    222.9318181818182, 
    193.52173913043478, 
    209.4583333333333, 
    202.29999999999995, 
    216.5192307692308, 
    221.94444444444446, 
    213.33928571428572, 
    215.25862068965517, 
    184.1
   ], 
   "number_of_vehicles": 4
  }, 
  {
   "avg_task_cost_vs_number_of_task": [
    387.5, 
    267.75, 
    378, 
    515.25, 
    500.6, 
    494.75, 
    455.35714285714283, 
    417.31249999999994, 
    370.9444444444444, 
    384.55, 
    366.54545454545456, 
    362.875, 
    309.69230769230774, 
    277, 
    289.9, 
    281.09375000000006, 
    247.97058823529412, 
    261.75, 
    250.3421052631579, 
    249.9, 
    230.64285714285714, 
    227, 
    228.28260869565221, 
    217.58333333333334, 
    199.94, 
    212.17307692307693, 
    205.16666666666666, 
    197.28571428571428, 
    191.4655172413793, 
    215.61666666666667
   ], 
   "number_of_vehicles": 5
  }
 ], 
 "vehicle_starting_positions": [
  "Almere", 
  "Eindhoven", 
  "Den Haag", 
  "Nijmegen", 
  "Groningen", 
  "Utrecht", 
  "Breda", 
  "Rotterdam", 
  "Apeldoorn", 
  "Amsterdam"
 ], 
 "task_distribution": {
  "weight_matrix": [
   [
    0, 
    3, 
    3, 
    3, 
    3, 
    3, 
    3, 
    3, 
    3, 
    3
   ], 
   [
    3, 
    0, 
    3, 
    3, 
    3, 
    3, 
    3, 
    3, 
    3, 
    3
   ], 
   [
    3, 
    3, 
    0, 
    3, 
    3, 
    3, 
    3, 
    3, 
    3, 
    3
   ], 
   [
    3, 
    3, 
    3, 
    0, 
    3, 
    3, 
    3, 
    3, 
    3, 
    3
   ], 
   [
    3, 
    3, 
    3, 
    3, 
    0, 
    3, 
    3, 
    3, 
    3, 
    3
   ], 
   [
    3, 
    3, 
    3, 
    3, 
    3, 
    0, 
    3, 
    3, 
    3, 
    3
   ], 
   [
    3, 
    3, 
    3, 
    3, 
    3, 
    3, 
    0, 
    3, 
    3, 
    3
   ], 
   [
    3, 
    3, 
    3, 
    3, 
    3, 
    3, 
    3, 
    0, 
    3, 
    3
   ], 
   [
    3, 
    3, 
    3, 
    3, 
    3, 
    3, 
    3, 
    3, 
    0, 
    3
   ], 
   [
    3, 
    3, 
    3, 
    3, 
    3, 
    3, 
    3, 
    3, 
    3, 
    0
   ]
  ], 
  "city_names": [
   "Amsterdam", 
   "Rotterdam", 
   "Den Haag", 
   "Utrecht", 
   "Eindhoven", 
   "Almere", 
   "Groningen", 
   "Nijmegen", 
   "Breda", 
   "Apeldoorn"
  ], 
  "reward_matrix": [
   [
    0, 
    73456, 
    83796, 
    91775, 
    54364, 
    97352, 
    34661, 
    56603, 
    61855, 
    73619
   ], 
   [
    73456, 
    0, 
    99999, 
    84977, 
    65233, 
    67350, 
    4659, 
    64745, 
    90554, 
    57702
   ], 
   [
    83796, 
    99999, 
    0, 
    74637, 
    54893, 
    70810, 
    8119, 
    54405, 
    80214, 
    47362
   ], 
   [
    91775, 
    84977, 
    74637, 
    0, 
    72927, 
    92712, 
    30020, 
    75166, 
    80418, 
    83064
   ], 
   [
    54364, 
    65233, 
    54893, 
    72927, 
    0, 
    55300, 
    1117, 
    81761, 
    85018, 
    58516
   ], 
   [
    97352, 
    67350, 
    70810, 
    92712, 
    55300, 
    0, 
    47647, 
    57539, 
    62791, 
    77731
   ], 
   [
    34661, 
    4659, 
    8119, 
    30020, 
    1117, 
    47647, 
    0, 
    29695, 
    100, 
    52939
   ], 
   [
    56603, 
    64745, 
    54405, 
    75166, 
    81761, 
    57539, 
    29695, 
    0, 
    71177, 
    87094
   ], 
   [
    61855, 
    90554, 
    80214, 
    80418, 
    85018, 
    62791, 
    100, 
    71177, 
    0, 
    53143
   ], 
   [
    73619, 
    57702, 
    47362, 
    83064, 
    58516, 
    77731, 
    52939, 
    87094, 
    53143, 
    0
   ]
  ], 
  "probability_matrix": [
   [
    0, 
    0.04074303026176202, 
    0.1158263100274486, 
    0.25577248899650895, 
    0.21950211940983652, 
    0.02040104232868305, 
    0.06918578903715876, 
    0.046100827729436036, 
    6.519379310248445e-05, 
    0.2324031984160636
   ], 
   [
    0.04500263460292789, 
    0, 
    0.18987207551436291, 
    0.0556078014413069, 
    0.018284955118358263, 
    0.21315735904035737, 
    0.06526110680216195, 
    0.024143924864596652, 
    0.2357934355942511, 
    0.15287670702167708
   ], 
   [
    0.023107915335974203, 
    0.16367727228347084, 
    0, 
    0.034172472085580635, 
    0.09929870847363745, 
    0.14339737472902067, 
    0.18306394218587493, 
    0.15163872347484078, 
    0.19171758586932813, 
    0.009926005562272487
   ], 
   [
    0.04856464024122373, 
    0.2534940092924398, 
    0.2643620483301579, 
    0, 
    0.03539722464660232, 
    0.22691055820697917, 
    0.039649743981357226, 
    0.023732881065816044, 
    0.02149746057255246, 
    0.08639143366287136
   ], 
   [
    0.04196120304555383, 
    0.2859815629810035, 
    0.03595415484242962, 
    0.0349067561416208, 
    0, 
    0.26364579370152763, 
    0.13224670879214326, 
    0.0887939888632479, 
    0.11048137254117761, 
    0.006028459091295777
   ], 
   [
    0.08014575271787992, 
    0.0994858530579692, 
    0.07404696842041333, 
    0.1926660210117828, 
    0.06629440319014085, 
    0, 
    0.18959982462564387, 
    0.1284263835790132, 
    0.05991591754268391, 
    0.10941887585447305
   ], 
   [
    0.16883095212306828, 
    0.19085653424903995, 
    0.08573656607160107, 
    0.028633519249356743, 
    0.13551882017885192, 
    0.24771780422916656, 
    0, 
    0.045460710414033746, 
    0.06458030572045297, 
    0.03266478776442871
   ], 
   [
    0.00746606677762303, 
    0.028555791803233664, 
    0.22363933950291368, 
    0.10081499362792545, 
    0.020400517363339157, 
    0.23258868860707854, 
    0.14557757499140161, 
    0, 
    0.14795922225998992, 
    0.09299780506649505
   ], 
   [
    0.04423017085982615, 
    0.018589139640537385, 
    0.16808170478826145, 
    0.07462420347358491, 
    0.2372932751562204, 
    0.19124698281668895, 
    0.05333101534099615, 
    0.14190199998243855, 
    0, 
    0.07070150794144607
   ], 
   [
    0.002887666305614703, 
    0.10698673473327126, 
    0.2111296729519194, 
    0.15086442516182794, 
    0.15694686027730273, 
    0.15804454187453568, 
    0.004989638375939009, 
    0.013791629302622623, 
    0.19435883101696677, 
    0
   ]
  ]
 }
}