{
 "vehicle_cost_per_km": [
  10, 
  5, 
  5, 
  5, 
  5, 
  5, 
  5, 
  5, 
  5, 
  5
 ], 
 "runs": [
  {
   "avg_task_cost_vs_number_of_task": [
    127, 
    738, 
    652.3333333333334, 
    525.375, 
    420.3, 
    421, 
    368.57142857142856, 
    322.5, 
    314.8888888888889, 
    287.65, 
    338.6818181818182, 
    309.8333333333333, 
    276.1153846153845, 
    389.2857142857143, 
    363.3333333333333, 
    368.7812500000001, 
    372.7352941176471, 
    344.27777777777777, 
    332.9210526315789, 
    323.27500000000003, 
    318.1190476190476, 
    315.159090909091, 
    319.50000000000006, 
    313.2708333333333, 
    309.38, 
    304.15384615384613, 
    315.96296296296305, 
    317.94642857142856, 
    306.6896551724138, 
    315.20000000000005
   ], 
   "number_of_vehicles": 3
  }
 ], 
 "vehicle_starting_positions": [
  "Amsterdam", 
  "Rotterdam", 
  "Den Haag", 
  "Utrecht", 
  "Eindhoven", 
  "Almere", 
  "Groningen", 
  "Nijmegen", 
  "Breda", 
  "Apeldoorn"
 ], 
 "task_distribution": {
  "distance_matrix": [
   [
    0, 
    90.6, 
    65.2, 
    45.6, 
    137.5, 
    31.9, 
    185.9, 
    132, 
    119.1, 
    90.2
   ], 
   [
    90.6, 
    0, 
    25.4, 
    62.3, 
    110.8, 
    105.6, 
    259.6, 
    112, 
    48.6, 
    129.3
   ], 
   [
    65.2, 
    25.4, 
    0, 
    87.7, 
    136.2, 
    97.1, 
    251.1, 
    137.4, 
    74, 
    154.7
   ], 
   [
    45.6, 
    62.3, 
    87.7, 
    0, 
    91.9, 
    43.3, 
    197.3, 
    86.4, 
    73.5, 
    67
   ], 
   [
    137.5, 
    110.8, 
    136.2, 
    91.9, 
    0, 
    135.2, 
    268.3, 
    70.2, 
    62.2, 
    127.3
   ], 
   [
    31.9, 
    105.6, 
    97.1, 
    43.3, 
    135.2, 
    0, 
    154, 
    129.7, 
    116.8, 
    80.1
   ], 
   [
    185.9, 
    259.6, 
    251.1, 
    197.3, 
    268.3, 
    154, 
    0, 
    198.1, 
    270.8, 
    141
   ], 
   [
    132, 
    112, 
    137.4, 
    86.4, 
    70.2, 
    129.7, 
    198.1, 
    0, 
    96.2, 
    57.1
   ], 
   [
    119.1, 
    48.6, 
    74, 
    73.5, 
    62.2, 
    116.8, 
    270.8, 
    96.2, 
    0, 
    140.5
   ], 
   [
    90.2, 
    129.3, 
    154.7, 
    67, 
    127.3, 
    80.1, 
    141, 
    57.1, 
    140.5, 
    0
   ]
  ], 
  "weight_matrix": [
   [
    0, 
    3, 
    3, 
    3, 
    3, 
    3, 
    3, 
    3, 
    3, 
    3
   ], 
   [
    3, 
    0, 
    3, 
    3, 
    3, 
    3, 
    3, 
    3, 
    3, 
    3
   ], 
   [
    3, 
    3, 
    0, 
    3, 
    3, 
    3, 
    3, 
    3, 
    3, 
    3
   ], 
   [
    3, 
    3, 
    3, 
    0, 
    3, 
    3, 
    3, 
    3, 
    3, 
    3
   ], 
   [
    3, 
    3, 
    3, 
    3, 
    0, 
    3, 
    3, 
    3, 
    3, 
    3
   ], 
   [
    3, 
    3, 
    3, 
    3, 
    3, 
    0, 
    3, 
    3, 
    3, 
    3
   ], 
   [
    3, 
    3, 
    3, 
    3, 
    3, 
    3, 
    0, 
    3, 
    3, 
    3
   ], 
   [
    3, 
    3, 
    3, 
    3, 
    3, 
    3, 
    3, 
    0, 
    3, 
    3
   ], 
   [
    3, 
    3, 
    3, 
    3, 
    3, 
    3, 
    3, 
    3, 
    0, 
    3
   ], 
   [
    3, 
    3, 
    3, 
    3, 
    3, 
    3, 
    3, 
    3, 
    3, 
    0
   ]
  ], 
  "city_names": [
   "Amsterdam", 
   "Rotterdam", 
   "Den Haag", 
   "Utrecht", 
   "Eindhoven", 
   "Almere", 
   "Groningen", 
   "Nijmegen", 
   "Breda", 
   "Apeldoorn"
  ], 
  "reward_matrix": [
   [
    0, 
    73456, 
    83796, 
    91775, 
    54364, 
    97352, 
    34661, 
    56603, 
    61855, 
    73619
   ], 
   [
    73456, 
    0, 
    99999, 
    84977, 
    65233, 
    67350, 
    4659, 
    64745, 
    90554, 
    57702
   ], 
   [
    83796, 
    99999, 
    0, 
    74637, 
    54893, 
    70810, 
    8119, 
    54405, 
    80214, 
    47362
   ], 
   [
    91775, 
    84977, 
    74637, 
    0, 
    72927, 
    92712, 
    30020, 
    75166, 
    80418, 
    83064
   ], 
   [
    54364, 
    65233, 
    54893, 
    72927, 
    0, 
    55300, 
    1117, 
    81761, 
    85018, 
    58516
   ], 
   [
    97352, 
    67350, 
    70810, 
    92712, 
    55300, 
    0, 
    47647, 
    57539, 
    62791, 
    77731
   ], 
   [
    34661, 
    4659, 
    8119, 
    30020, 
    1117, 
    47647, 
    0, 
    29695, 
    100, 
    52939
   ], 
   [
    56603, 
    64745, 
    54405, 
    75166, 
    81761, 
    57539, 
    29695, 
    0, 
    71177, 
    87094
   ], 
   [
    61855, 
    90554, 
    80214, 
    80418, 
    85018, 
    62791, 
    100, 
    71177, 
    0, 
    53143
   ], 
   [
    73619, 
    57702, 
    47362, 
    83064, 
    58516, 
    77731, 
    52939, 
    87094, 
    53143, 
    0
   ]
  ], 
  "probability_matrix": [
   [
    0, 
    0.13052234036735466, 
    0.1282027825168969, 
    0.13546202572171423, 
    0.08424082541125805, 
    0.1066512592806738, 
    0.09287632776401705, 
    0.16242606313909205, 
    0.04012553923993959, 
    0.11949283655905364
   ], 
   [
    0.17618094254228508, 
    0, 
    0.1049262269954746, 
    0.14952438150605182, 
    0.0359033437185412, 
    0.14068013904478816, 
    0.15450865928782434, 
    0.07420084559739963, 
    0.04511433305740255, 
    0.11896112825023282
   ], 
   [
    0.17813908233635245, 
    0.0697022104379995, 
    0, 
    0.08458383796046426, 
    0.19677511392334185, 
    0.14432359962511232, 
    0.07871098720657523, 
    0.024497943593722156, 
    0.15515421514024968, 
    0.06811300977618245
   ], 
   [
    0.06269288933894988, 
    0.25424589208102105, 
    0.09580017480762132, 
    0, 
    0.1596681578563202, 
    0.1803250934615794, 
    0.04567177695217384, 
    0.10243649219760108, 
    0.0364940596648168, 
    0.06266546363991642
   ], 
   [
    0.1660759727387291, 
    0.1312188447981076, 
    0.14776537452595137, 
    0.1302958585070503, 
    0, 
    0.024663154735040972, 
    0.14723929485957893, 
    0.026668010547193876, 
    0.1715251610459186, 
    0.05454832824242929
   ], 
   [
    0.13477578590329498, 
    0.17446084454419514, 
    0.15487983822984322, 
    0.0026217038284842196, 
    0.14661185653500078, 
    0, 
    0.15663661662117892, 
    0.003612852452200496, 
    0.10393374964910387, 
    0.12246675223669833
   ], 
   [
    0.00792928499838629, 
    0.07708520339742451, 
    0.1985236121620908, 
    0.13887179651231163, 
    0.08229980119107828, 
    0.011400405139027493, 
    0, 
    0.07434461382651295, 
    0.19703445801440747, 
    0.21251082475876057
   ], 
   [
    0.0894147400973632, 
    0.14755971776533752, 
    0.08717476113844604, 
    0.18114031089262897, 
    0.16822085185489621, 
    0.09788107385017474, 
    0.012943299388644528, 
    0, 
    0.11631211219921463, 
    0.09935313281329425
   ], 
   [
    0.08455676378274929, 
    0.06688149672741057, 
    0.026085521952989257, 
    0.09956728648794211, 
    0.1218811630912107, 
    0.18476434508209108, 
    0.12199127911857575, 
    0.17220553889180767, 
    0, 
    0.12206660486522354
   ], 
   [
    0.15370061467194035, 
    0.022473335560678296, 
    0.05322438221000397, 
    0.012481926722835388, 
    0.17654774573427015, 
    0.17538825032147645, 
    0.16983903085005964, 
    0.14827657959910326, 
    0.08806813432963238, 
    0
   ]
  ]
 }, 
 "vehicle_capacities": [
  15, 
  15, 
  15, 
  5, 
  20, 
  30, 
  30, 
  30, 
  30, 
  30
 ]
}