{
 "vehicle_cost_per_km": [
  5, 
  5, 
  5, 
  5, 
  5
 ], 
 "runs": [
  {
   "avg_task_cost_vs_number_of_task": [
    243, 
    121.5, 
    283.6666666666667, 
    383, 
    352, 
    386.3333333333333, 
    361.07142857142856, 
    315.9375, 
    329.2777777777777, 
    307.49999999999994, 
    278.95454545454544, 
    339.625, 
    278.4230769230769, 
    343.42857142857144, 
    328.83333333333337, 
    329.31250000000006, 
    309.94117647058823, 
    315.3611111111111, 
    301.63157894736844, 
    283.475, 
    289.0238095238095, 
    277.77272727272725, 
    259.4782608695652, 
    293.7083333333333, 
    261.76, 
    229.40384615384616, 
    237.96296296296293, 
    243.19642857142858, 
    241.55172413793107, 
    271.95
   ], 
   "number_of_vehicles": 5
  }
 ], 
 "vehicle_starting_positions": [
  "Amsterdam", 
  "Rotterdam", 
  "Den Haag", 
  "Utrecht", 
  "Eindhoven", 
  "Almere", 
  "Groningen", 
  "Nijmegen", 
  "Breda", 
  "Apeldoorn"
 ], 
 "task_distribution": {
  "distance_matrix": [
   [
    0, 
    90.6, 
    65.2, 
    45.6, 
    137.5, 
    31.9, 
    185.9, 
    132, 
    119.1, 
    90.2
   ], 
   [
    90.6, 
    0, 
    25.4, 
    62.3, 
    110.8, 
    105.6, 
    259.6, 
    112, 
    48.6, 
    129.3
   ], 
   [
    65.2, 
    25.4, 
    0, 
    87.7, 
    136.2, 
    97.1, 
    251.1, 
    137.4, 
    74, 
    154.7
   ], 
   [
    45.6, 
    62.3, 
    87.7, 
    0, 
    91.9, 
    43.3, 
    197.3, 
    86.4, 
    73.5, 
    67
   ], 
   [
    137.5, 
    110.8, 
    136.2, 
    91.9, 
    0, 
    135.2, 
    268.3, 
    70.2, 
    62.2, 
    127.3
   ], 
   [
    31.9, 
    105.6, 
    97.1, 
    43.3, 
    135.2, 
    0, 
    154, 
    129.7, 
    116.8, 
    80.1
   ], 
   [
    185.9, 
    259.6, 
    251.1, 
    197.3, 
    268.3, 
    154, 
    0, 
    198.1, 
    270.8, 
    141
   ], 
   [
    132, 
    112, 
    137.4, 
    86.4, 
    70.2, 
    129.7, 
    198.1, 
    0, 
    96.2, 
    57.1
   ], 
   [
    119.1, 
    48.6, 
    74, 
    73.5, 
    62.2, 
    116.8, 
    270.8, 
    96.2, 
    0, 
    140.5
   ], 
   [
    90.2, 
    129.3, 
    154.7, 
    67, 
    127.3, 
    80.1, 
    141, 
    57.1, 
    140.5, 
    0
   ]
  ], 
  "weight_matrix": [
   [
    0, 
    3, 
    3, 
    3, 
    3, 
    3, 
    3, 
    3, 
    3, 
    3
   ], 
   [
    3, 
    0, 
    3, 
    3, 
    3, 
    3, 
    3, 
    3, 
    3, 
    3
   ], 
   [
    3, 
    3, 
    0, 
    3, 
    3, 
    3, 
    3, 
    3, 
    3, 
    3
   ], 
   [
    3, 
    3, 
    3, 
    0, 
    3, 
    3, 
    3, 
    3, 
    3, 
    3
   ], 
   [
    3, 
    3, 
    3, 
    3, 
    0, 
    3, 
    3, 
    3, 
    3, 
    3
   ], 
   [
    3, 
    3, 
    3, 
    3, 
    3, 
    0, 
    3, 
    3, 
    3, 
    3
   ], 
   [
    3, 
    3, 
    3, 
    3, 
    3, 
    3, 
    0, 
    3, 
    3, 
    3
   ], 
   [
    3, 
    3, 
    3, 
    3, 
    3, 
    3, 
    3, 
    0, 
    3, 
    3
   ], 
   [
    3, 
    3, 
    3, 
    3, 
    3, 
    3, 
    3, 
    3, 
    0, 
    3
   ], 
   [
    3, 
    3, 
    3, 
    3, 
    3, 
    3, 
    3, 
    3, 
    3, 
    0
   ]
  ], 
  "city_names": [
   "Amsterdam", 
   "Rotterdam", 
   "Den Haag", 
   "Utrecht", 
   "Eindhoven", 
   "Almere", 
   "Groningen", 
   "Nijmegen", 
   "Breda", 
   "Apeldoorn"
  ], 
  "reward_matrix": [
   [
    0, 
    73456, 
    83796, 
    91775, 
    54364, 
    97352, 
    34661, 
    56603, 
    61855, 
    73619
   ], 
   [
    73456, 
    0, 
    99999, 
    84977, 
    65233, 
    67350, 
    4659, 
    64745, 
    90554, 
    57702
   ], 
   [
    83796, 
    99999, 
    0, 
    74637, 
    54893, 
    70810, 
    8119, 
    54405, 
    80214, 
    47362
   ], 
   [
    91775, 
    84977, 
    74637, 
    0, 
    72927, 
    92712, 
    30020, 
    75166, 
    80418, 
    83064
   ], 
   [
    54364, 
    65233, 
    54893, 
    72927, 
    0, 
    55300, 
    1117, 
    81761, 
    85018, 
    58516
   ], 
   [
    97352, 
    67350, 
    70810, 
    92712, 
    55300, 
    0, 
    47647, 
    57539, 
    62791, 
    77731
   ], 
   [
    34661, 
    4659, 
    8119, 
    30020, 
    1117, 
    47647, 
    0, 
    29695, 
    100, 
    52939
   ], 
   [
    56603, 
    64745, 
    54405, 
    75166, 
    81761, 
    57539, 
    29695, 
    0, 
    71177, 
    87094
   ], 
   [
    61855, 
    90554, 
    80214, 
    80418, 
    85018, 
    62791, 
    100, 
    71177, 
    0, 
    53143
   ], 
   [
    73619, 
    57702, 
    47362, 
    83064, 
    58516, 
    77731, 
    52939, 
    87094, 
    53143, 
    0
   ]
  ], 
  "probability_matrix": [
   [
    0, 
    0.08710365501147987, 
    0.16859222314638642, 
    0.14601433292611798, 
    0.013312192952704157, 
    0.05218486599172024, 
    0.16920460573998303, 
    0.14024213122328583, 
    0.16923293256480862, 
    0.054113060443513904
   ], 
   [
    0.00352284697933168, 
    0, 
    0.201972552594723, 
    0.0989360366631641, 
    0.08166910007010214, 
    0.08442766758005846, 
    0.06901274977146246, 
    0.11280360335106368, 
    0.21999332007659322, 
    0.12766212291350115
   ], 
   [
    0.12222770787961215, 
    0.0111286964351107, 
    0, 
    0.15911008659863005, 
    0.1435406083706123, 
    0.1548719850982199, 
    0.08188317572992176, 
    0.026144056613788345, 
    0.19534545735042816, 
    0.10574822592367654
   ], 
   [
    0.16197289028474268, 
    0.010281898347327274, 
    0.17672660432215806, 
    0, 
    0.03602191024146911, 
    0.033939926456368015, 
    0.20601736232674084, 
    0.03695415492798776, 
    0.1456762176687264, 
    0.19240903542447985
   ], 
   [
    0.1699483036899182, 
    0.07432994437192687, 
    0.17160815406174976, 
    0.12934044593186425, 
    0, 
    0.13341852894295564, 
    0.13483595593262704, 
    0.03228137653571727, 
    0.07231480679187366, 
    0.08192248374136736
   ], 
   [
    0.09442926713446174, 
    0.13038060830779305, 
    0.028238594593254195, 
    0.05891003464388548, 
    0.1380669294651461, 
    0, 
    0.07489136658693912, 
    0.15387618935294856, 
    0.103303245149911, 
    0.21790376476566073
   ], 
   [
    0.13918567689612604, 
    0.2407028797616191, 
    0.07617771608888341, 
    0.17763057256277362, 
    0.1851649448228767, 
    0.0833107749936069, 
    0, 
    0.04028779200413161, 
    0.05528169989905881, 
    0.0022579429709237192
   ], 
   [
    0.21102681483765437, 
    0.15313180574144547, 
    0.04534469338765511, 
    0.0028934124902488994, 
    0.008484921262365362, 
    0.16037029474070108, 
    0.200826418961168, 
    0, 
    0.042025692697929384, 
    0.17589594588083232
   ], 
   [
    0.13665078614684534, 
    0.10703511503088999, 
    0.032740076744932636, 
    0.08713676093874391, 
    0.08529423765849924, 
    0.17689377975474768, 
    0.15789574018096472, 
    0.1633808082654072, 
    0, 
    0.0529726952789692
   ], 
   [
    0.09054839402557167, 
    0.037176953756697155, 
    0.073147798544246, 
    0.19021444151965308, 
    0.07983229051529624, 
    0.17072226467810703, 
    0.1987514849996207, 
    0.08687803725118187, 
    0.07272833470962625, 
    0
   ]
  ]
 }, 
 "vehicle_capacities": [
  15, 
  30, 
  30, 
  30, 
  30, 
  30, 
  30, 
  30, 
  30, 
  30
 ]
}