{
 "vehicle_cost_per_km": [
  5, 
  5, 
  5, 
  5, 
  5
 ], 
 "runs": [
  {
   "avg_task_cost_vs_number_of_task": [
    1038, 
    519, 
    562.5, 
    421.875, 
    429.1, 
    357.5833333333333, 
    439.85714285714283, 
    384.875, 
    385.72222222222223, 
    419.65, 
    373.72727272727275, 
    390.7916666666667, 
    351.8461538461539, 
    326.7142857142858, 
    307.46666666666675, 
    321.75, 
    298.6470588235294, 
    293.8333333333333, 
    287.63157894736844, 
    268.4, 
    271.8333333333333, 
    267.6136363636364, 
    268.5869565217391, 
    292.2083333333333, 
    268.84, 
    256.09615384615387, 
    255.62962962962968, 
    241.375, 
    316.63793103448273, 
    254.26666666666668
   ], 
   "number_of_vehicles": 5
  }
 ], 
 "vehicle_starting_positions": [
  "Amsterdam", 
  "Rotterdam", 
  "Den Haag", 
  "Utrecht", 
  "Eindhoven", 
  "Almere", 
  "Groningen", 
  "Nijmegen", 
  "Breda", 
  "Apeldoorn"
 ], 
 "task_distribution": {
  "distance_matrix": [
   [
    0, 
    90.6, 
    65.2, 
    45.6, 
    137.5, 
    31.9, 
    185.9, 
    132, 
    119.1, 
    90.2
   ], 
   [
    90.6, 
    0, 
    25.4, 
    62.3, 
    110.8, 
    105.6, 
    259.6, 
    112, 
    48.6, 
    129.3
   ], 
   [
    65.2, 
    25.4, 
    0, 
    87.7, 
    136.2, 
    97.1, 
    251.1, 
    137.4, 
    74, 
    154.7
   ], 
   [
    45.6, 
    62.3, 
    87.7, 
    0, 
    91.9, 
    43.3, 
    197.3, 
    86.4, 
    73.5, 
    67
   ], 
   [
    137.5, 
    110.8, 
    136.2, 
    91.9, 
    0, 
    135.2, 
    268.3, 
    70.2, 
    62.2, 
    127.3
   ], 
   [
    31.9, 
    105.6, 
    97.1, 
    43.3, 
    135.2, 
    0, 
    154, 
    129.7, 
    116.8, 
    80.1
   ], 
   [
    185.9, 
    259.6, 
    251.1, 
    197.3, 
    268.3, 
    154, 
    0, 
    198.1, 
    270.8, 
    141
   ], 
   [
    132, 
    112, 
    137.4, 
    86.4, 
    70.2, 
    129.7, 
    198.1, 
    0, 
    96.2, 
    57.1
   ], 
   [
    119.1, 
    48.6, 
    74, 
    73.5, 
    62.2, 
    116.8, 
    270.8, 
    96.2, 
    0, 
    140.5
   ], 
   [
    90.2, 
    129.3, 
    154.7, 
    67, 
    127.3, 
    80.1, 
    141, 
    57.1, 
    140.5, 
    0
   ]
  ], 
  "weight_matrix": [
   [
    0, 
    3, 
    3, 
    3, 
    3, 
    3, 
    3, 
    3, 
    3, 
    3
   ], 
   [
    3, 
    0, 
    3, 
    3, 
    3, 
    3, 
    3, 
    3, 
    3, 
    3
   ], 
   [
    3, 
    3, 
    0, 
    3, 
    3, 
    3, 
    3, 
    3, 
    3, 
    3
   ], 
   [
    3, 
    3, 
    3, 
    0, 
    3, 
    3, 
    3, 
    3, 
    3, 
    3
   ], 
   [
    3, 
    3, 
    3, 
    3, 
    0, 
    3, 
    3, 
    3, 
    3, 
    3
   ], 
   [
    3, 
    3, 
    3, 
    3, 
    3, 
    0, 
    3, 
    3, 
    3, 
    3
   ], 
   [
    3, 
    3, 
    3, 
    3, 
    3, 
    3, 
    0, 
    3, 
    3, 
    3
   ], 
   [
    3, 
    3, 
    3, 
    3, 
    3, 
    3, 
    3, 
    0, 
    3, 
    3
   ], 
   [
    3, 
    3, 
    3, 
    3, 
    3, 
    3, 
    3, 
    3, 
    0, 
    3
   ], 
   [
    3, 
    3, 
    3, 
    3, 
    3, 
    3, 
    3, 
    3, 
    3, 
    0
   ]
  ], 
  "city_names": [
   "Amsterdam", 
   "Rotterdam", 
   "Den Haag", 
   "Utrecht", 
   "Eindhoven", 
   "Almere", 
   "Groningen", 
   "Nijmegen", 
   "Breda", 
   "Apeldoorn"
  ], 
  "reward_matrix": [
   [
    0, 
    73456, 
    83796, 
    91775, 
    54364, 
    97352, 
    34661, 
    56603, 
    61855, 
    73619
   ], 
   [
    73456, 
    0, 
    99999, 
    84977, 
    65233, 
    67350, 
    4659, 
    64745, 
    90554, 
    57702
   ], 
   [
    83796, 
    99999, 
    0, 
    74637, 
    54893, 
    70810, 
    8119, 
    54405, 
    80214, 
    47362
   ], 
   [
    91775, 
    84977, 
    74637, 
    0, 
    72927, 
    92712, 
    30020, 
    75166, 
    80418, 
    83064
   ], 
   [
    54364, 
    65233, 
    54893, 
    72927, 
    0, 
    55300, 
    1117, 
    81761, 
    85018, 
    58516
   ], 
   [
    97352, 
    67350, 
    70810, 
    92712, 
    55300, 
    0, 
    47647, 
    57539, 
    62791, 
    77731
   ], 
   [
    34661, 
    4659, 
    8119, 
    30020, 
    1117, 
    47647, 
    0, 
    29695, 
    100, 
    52939
   ], 
   [
    56603, 
    64745, 
    54405, 
    75166, 
    81761, 
    57539, 
    29695, 
    0, 
    71177, 
    87094
   ], 
   [
    61855, 
    90554, 
    80214, 
    80418, 
    85018, 
    62791, 
    100, 
    71177, 
    0, 
    53143
   ], 
   [
    73619, 
    57702, 
    47362, 
    83064, 
    58516, 
    77731, 
    52939, 
    87094, 
    53143, 
    0
   ]
  ], 
  "probability_matrix": [
   [
    0, 
    0.07385176148974863, 
    0.10489343039811218, 
    0.041850313207426625, 
    0.10221346750170342, 
    0.15206385274130144, 
    0.14165022848114303, 
    0.11710239955612646, 
    0.08397366691190446, 
    0.18240087971253363
   ], 
   [
    0.03529185008191371, 
    0, 
    0.1155438386786475, 
    0.051321434775132554, 
    0.10941651062712082, 
    0.18870079443511636, 
    0.1453745485723673, 
    0.05171022849027141, 
    0.06730796818779783, 
    0.23533282615163256
   ], 
   [
    0.18726413167976982, 
    0.11570592099796298, 
    0, 
    0.09505370439727527, 
    0.12782460915792376, 
    0.10789658503848908, 
    0.06256410957025985, 
    0.19586750008266593, 
    0.09833361226596164, 
    0.009489826809691548
   ], 
   [
    0.022466986670773733, 
    0.020310516783153938, 
    0.16836246982439163, 
    0, 
    0.20728060117580926, 
    0.026626130111531993, 
    0.10847953557537551, 
    0.18406827979809337, 
    0.0571563764709745, 
    0.20524910358989606
   ], 
   [
    0.09734206760198984, 
    0.130176175334447, 
    0.23517370676964963, 
    0.19172457002879126, 
    0, 
    0.11680214244256013, 
    0.04754578066708219, 
    0.004690627951437586, 
    0.1618911476159969, 
    0.014653781588045502
   ], 
   [
    0.037012408598529035, 
    0.16055859883449186, 
    0.14354256849678498, 
    0.04526358281570644, 
    0.1279416409314954, 
    0, 
    0.017506277405220348, 
    0.07391377530655681, 
    0.18964204387374436, 
    0.20461910373747058
   ], 
   [
    0.09930672338483859, 
    0.14203557395159308, 
    0.12023654645004803, 
    0.11976505875341194, 
    0.12545511751438868, 
    0.045594445613653015, 
    0, 
    0.08020397845379525, 
    0.1499053799977896, 
    0.11749717588048171
   ], 
   [
    0.05195438739637038, 
    0.13541415771972587, 
    0.07904930897395916, 
    0.018156712458015686, 
    0.2877017732400295, 
    0.2110782708339847, 
    0.2056853819651606, 
    0, 
    0.004771428160289146, 
    0.006188579252464899
   ], 
   [
    0.1502490640217371, 
    0.012814914001913957, 
    0.17013200439799792, 
    0.13256770443545016, 
    0.09569811610474974, 
    0.1948021140715618, 
    0.16729971007898178, 
    0.03300870921462045, 
    0, 
    0.04342766367298727
   ], 
   [
    0.12920204312156838, 
    0.17660941010703693, 
    0.025803593574082725, 
    0.13819189617822455, 
    0.16770625660945573, 
    0.10447885934119011, 
    0.15818175127691797, 
    0.02419892223704759, 
    0.075627267554476, 
    0
   ]
  ]
 }, 
 "vehicle_capacities": [
  5, 
  15, 
  15, 
  20, 
  30, 
  30, 
  30, 
  30, 
  30, 
  30
 ]
}