{
 "vehicle_cost_per_km": [
  5, 
  15, 
  15, 
  5, 
  5, 
  5, 
  5, 
  5, 
  5, 
  5
 ], 
 "runs": [
  {
   "avg_task_cost_vs_number_of_task": [
    764.4999999999999, 
    575, 
    495, 
    434.75, 
    571.7, 
    575.8333333333334, 
    616.6428571428571, 
    576.0000000000001, 
    618.4444444444445, 
    644.3, 
    630.1363636363636, 
    595.5416666666665, 
    575.6538461538461, 
    603.9642857142854, 
    591.4, 
    581.4999999999999, 
    592.6470588235293, 
    660.8333333333334, 
    671.421052631579, 
    639.0999999999999, 
    598.4761904761903, 
    647.2499999999999, 
    674.4999999999998, 
    640.1041666666664, 
    665.6999999999997, 
    648.3461538461536, 
    660.7777777777776, 
    659.6964285714286, 
    672.8620689655171, 
    676.2833333333332
   ], 
   "number_of_vehicles": 3
  }
 ], 
 "vehicle_starting_positions": [
  "Amsterdam", 
  "Rotterdam", 
  "Den Haag", 
  "Utrecht", 
  "Eindhoven", 
  "Almere", 
  "Groningen", 
  "Nijmegen", 
  "Breda", 
  "Apeldoorn"
 ], 
 "task_distribution": {
  "distance_matrix": [
   [
    0, 
    90.6, 
    65.2, 
    45.6, 
    137.5, 
    31.9, 
    185.9, 
    132, 
    119.1, 
    90.2
   ], 
   [
    90.6, 
    0, 
    25.4, 
    62.3, 
    110.8, 
    105.6, 
    259.6, 
    112, 
    48.6, 
    129.3
   ], 
   [
    65.2, 
    25.4, 
    0, 
    87.7, 
    136.2, 
    97.1, 
    251.1, 
    137.4, 
    74, 
    154.7
   ], 
   [
    45.6, 
    62.3, 
    87.7, 
    0, 
    91.9, 
    43.3, 
    197.3, 
    86.4, 
    73.5, 
    67
   ], 
   [
    137.5, 
    110.8, 
    136.2, 
    91.9, 
    0, 
    135.2, 
    268.3, 
    70.2, 
    62.2, 
    127.3
   ], 
   [
    31.9, 
    105.6, 
    97.1, 
    43.3, 
    135.2, 
    0, 
    154, 
    129.7, 
    116.8, 
    80.1
   ], 
   [
    185.9, 
    259.6, 
    251.1, 
    197.3, 
    268.3, 
    154, 
    0, 
    198.1, 
    270.8, 
    141
   ], 
   [
    132, 
    112, 
    137.4, 
    86.4, 
    70.2, 
    129.7, 
    198.1, 
    0, 
    96.2, 
    57.1
   ], 
   [
    119.1, 
    48.6, 
    74, 
    73.5, 
    62.2, 
    116.8, 
    270.8, 
    96.2, 
    0, 
    140.5
   ], 
   [
    90.2, 
    129.3, 
    154.7, 
    67, 
    127.3, 
    80.1, 
    141, 
    57.1, 
    140.5, 
    0
   ]
  ], 
  "weight_matrix": [
   [
    0, 
    3, 
    3, 
    3, 
    3, 
    3, 
    3, 
    3, 
    3, 
    3
   ], 
   [
    3, 
    0, 
    3, 
    3, 
    3, 
    3, 
    3, 
    3, 
    3, 
    3
   ], 
   [
    3, 
    3, 
    0, 
    3, 
    3, 
    3, 
    3, 
    3, 
    3, 
    3
   ], 
   [
    3, 
    3, 
    3, 
    0, 
    3, 
    3, 
    3, 
    3, 
    3, 
    3
   ], 
   [
    3, 
    3, 
    3, 
    3, 
    0, 
    3, 
    3, 
    3, 
    3, 
    3
   ], 
   [
    3, 
    3, 
    3, 
    3, 
    3, 
    0, 
    3, 
    3, 
    3, 
    3
   ], 
   [
    3, 
    3, 
    3, 
    3, 
    3, 
    3, 
    0, 
    3, 
    3, 
    3
   ], 
   [
    3, 
    3, 
    3, 
    3, 
    3, 
    3, 
    3, 
    0, 
    3, 
    3
   ], 
   [
    3, 
    3, 
    3, 
    3, 
    3, 
    3, 
    3, 
    3, 
    0, 
    3
   ], 
   [
    3, 
    3, 
    3, 
    3, 
    3, 
    3, 
    3, 
    3, 
    3, 
    0
   ]
  ], 
  "city_names": [
   "Amsterdam", 
   "Rotterdam", 
   "Den Haag", 
   "Utrecht", 
   "Eindhoven", 
   "Almere", 
   "Groningen", 
   "Nijmegen", 
   "Breda", 
   "Apeldoorn"
  ], 
  "reward_matrix": [
   [
    0, 
    73456, 
    83796, 
    91775, 
    54364, 
    97352, 
    34661, 
    56603, 
    61855, 
    73619
   ], 
   [
    73456, 
    0, 
    99999, 
    84977, 
    65233, 
    67350, 
    4659, 
    64745, 
    90554, 
    57702
   ], 
   [
    83796, 
    99999, 
    0, 
    74637, 
    54893, 
    70810, 
    8119, 
    54405, 
    80214, 
    47362
   ], 
   [
    91775, 
    84977, 
    74637, 
    0, 
    72927, 
    92712, 
    30020, 
    75166, 
    80418, 
    83064
   ], 
   [
    54364, 
    65233, 
    54893, 
    72927, 
    0, 
    55300, 
    1117, 
    81761, 
    85018, 
    58516
   ], 
   [
    97352, 
    67350, 
    70810, 
    92712, 
    55300, 
    0, 
    47647, 
    57539, 
    62791, 
    77731
   ], 
   [
    34661, 
    4659, 
    8119, 
    30020, 
    1117, 
    47647, 
    0, 
    29695, 
    100, 
    52939
   ], 
   [
    56603, 
    64745, 
    54405, 
    75166, 
    81761, 
    57539, 
    29695, 
    0, 
    71177, 
    87094
   ], 
   [
    61855, 
    90554, 
    80214, 
    80418, 
    85018, 
    62791, 
    100, 
    71177, 
    0, 
    53143
   ], 
   [
    73619, 
    57702, 
    47362, 
    83064, 
    58516, 
    77731, 
    52939, 
    87094, 
    53143, 
    0
   ]
  ], 
  "probability_matrix": [
   [
    0, 
    0.0366117160822045, 
    0.09096811516121998, 
    0.14553735182077904, 
    0.12757843266622027, 
    0.1483222393715158, 
    0.08299261117401027, 
    0.10253296469873376, 
    0.13319378006837915, 
    0.13226278895693713
   ], 
   [
    0.11703080192580957, 
    0, 
    0.04212964567763445, 
    0.14645831515784194, 
    0.11883204144086548, 
    0.06940659358321642, 
    0.14879877727315613, 
    0.17455182925685625, 
    0.042834021010499476, 
    0.13995797467412016
   ], 
   [
    0.15186274538276023, 
    0.12367484334561224, 
    0, 
    0.08933138947616193, 
    0.16057767674257867, 
    0.02450953047434456, 
    0.14866129891985444, 
    0.06977657005383059, 
    0.09453554634675594, 
    0.13707039925810136
   ], 
   [
    0.12601272274577796, 
    0.08363819786963889, 
    0.09791830994296491, 
    0, 
    0.1598577081125025, 
    0.1078114165396694, 
    0.16254349624739348, 
    0.07054255401034407, 
    0.004422223353121738, 
    0.18725337117858706
   ], 
   [
    0.03833368242539465, 
    0.0858583441980799, 
    0.12175866535488954, 
    0.13777039645430433, 
    0, 
    0.06676320740340777, 
    0.20626389869308556, 
    0.12854093755347934, 
    0.1986533270573488, 
    0.016057540860009933
   ], 
   [
    0.05886462287131307, 
    0.19794076463791957, 
    0.053900120725539236, 
    0.07997982509462997, 
    0.15494620057949962, 
    0, 
    0.06726433858284454, 
    0.1333786213582386, 
    0.0887364561058029, 
    0.16498905004421263
   ], 
   [
    0.04603192743844102, 
    0.07658770076723001, 
    0.0410106836762646, 
    0.2161322596373665, 
    0.01533800765312889, 
    0.16445775074251182, 
    0, 
    0.15438571716594776, 
    0.13188578585679903, 
    0.1541701670623104
   ], 
   [
    0.07534669193479633, 
    0.0670017368498814, 
    0.06683969884963255, 
    0.009878941785468028, 
    0.02210665986609317, 
    0.27689506459905455, 
    0.04529830215950679, 
    0, 
    0.24110469503938445, 
    0.19552820891618264
   ], 
   [
    0.14046999525534354, 
    0.12740673920466047, 
    0.12358924535329008, 
    0.14844775301253413, 
    0.0756617920604619, 
    0.06074991390616381, 
    0.023385729286508845, 
    0.1376716516390928, 
    0, 
    0.16261718028194444
   ], 
   [
    0.2200005321744243, 
    0.22155662220387923, 
    0.11204368935472937, 
    0.20582284276865082, 
    0.003644242883213758, 
    0.13157245275061444, 
    0.05446994428852898, 
    0.02894443067237613, 
    0.021945242903582986, 
    0
   ]
  ]
 }, 
 "vehicle_capacities": [
  5, 
  5, 
  5, 
  5, 
  20, 
  30, 
  30, 
  30, 
  30, 
  30
 ]
}