{
 "vehicle_cost_per_km": [
  5, 
  5, 
  5, 
  5, 
  5
 ], 
 "runs": [
  {
   "avg_task_cost_vs_number_of_task": [
    432, 
    424.25, 
    444.6666666666667, 
    365.25, 
    335.49999999999994, 
    288.25, 
    285.14285714285717, 
    285.4375, 
    221.7777777777778, 
    229.8, 
    250.27272727272728, 
    191.5, 
    215.6153846153846, 
    302.4642857142857, 
    284.2, 
    270.5, 
    236.94117647058823, 
    272.8611111111111, 
    273.89473684210526, 
    267.00000000000006, 
    270, 
    253.27272727272728, 
    251.84782608695647, 
    266.7291666666667, 
    246.4, 
    259.8076923076923, 
    244.27777777777777, 
    235.30357142857142, 
    278.62068965517244, 
    223.25
   ], 
   "number_of_vehicles": 5
  }
 ], 
 "vehicle_starting_positions": [
  "Amsterdam", 
  "Rotterdam", 
  "Den Haag", 
  "Utrecht", 
  "Eindhoven", 
  "Almere", 
  "Groningen", 
  "Nijmegen", 
  "Breda", 
  "Apeldoorn"
 ], 
 "task_distribution": {
  "distance_matrix": [
   [
    0, 
    90.6, 
    65.2, 
    45.6, 
    137.5, 
    31.9, 
    185.9, 
    132, 
    119.1, 
    90.2
   ], 
   [
    90.6, 
    0, 
    25.4, 
    62.3, 
    110.8, 
    105.6, 
    259.6, 
    112, 
    48.6, 
    129.3
   ], 
   [
    65.2, 
    25.4, 
    0, 
    87.7, 
    136.2, 
    97.1, 
    251.1, 
    137.4, 
    74, 
    154.7
   ], 
   [
    45.6, 
    62.3, 
    87.7, 
    0, 
    91.9, 
    43.3, 
    197.3, 
    86.4, 
    73.5, 
    67
   ], 
   [
    137.5, 
    110.8, 
    136.2, 
    91.9, 
    0, 
    135.2, 
    268.3, 
    70.2, 
    62.2, 
    127.3
   ], 
   [
    31.9, 
    105.6, 
    97.1, 
    43.3, 
    135.2, 
    0, 
    154, 
    129.7, 
    116.8, 
    80.1
   ], 
   [
    185.9, 
    259.6, 
    251.1, 
    197.3, 
    268.3, 
    154, 
    0, 
    198.1, 
    270.8, 
    141
   ], 
   [
    132, 
    112, 
    137.4, 
    86.4, 
    70.2, 
    129.7, 
    198.1, 
    0, 
    96.2, 
    57.1
   ], 
   [
    119.1, 
    48.6, 
    74, 
    73.5, 
    62.2, 
    116.8, 
    270.8, 
    96.2, 
    0, 
    140.5
   ], 
   [
    90.2, 
    129.3, 
    154.7, 
    67, 
    127.3, 
    80.1, 
    141, 
    57.1, 
    140.5, 
    0
   ]
  ], 
  "weight_matrix": [
   [
    0, 
    3, 
    3, 
    3, 
    3, 
    3, 
    3, 
    3, 
    3, 
    3
   ], 
   [
    3, 
    0, 
    3, 
    3, 
    3, 
    3, 
    3, 
    3, 
    3, 
    3
   ], 
   [
    3, 
    3, 
    0, 
    3, 
    3, 
    3, 
    3, 
    3, 
    3, 
    3
   ], 
   [
    3, 
    3, 
    3, 
    0, 
    3, 
    3, 
    3, 
    3, 
    3, 
    3
   ], 
   [
    3, 
    3, 
    3, 
    3, 
    0, 
    3, 
    3, 
    3, 
    3, 
    3
   ], 
   [
    3, 
    3, 
    3, 
    3, 
    3, 
    0, 
    3, 
    3, 
    3, 
    3
   ], 
   [
    3, 
    3, 
    3, 
    3, 
    3, 
    3, 
    0, 
    3, 
    3, 
    3
   ], 
   [
    3, 
    3, 
    3, 
    3, 
    3, 
    3, 
    3, 
    0, 
    3, 
    3
   ], 
   [
    3, 
    3, 
    3, 
    3, 
    3, 
    3, 
    3, 
    3, 
    0, 
    3
   ], 
   [
    3, 
    3, 
    3, 
    3, 
    3, 
    3, 
    3, 
    3, 
    3, 
    0
   ]
  ], 
  "city_names": [
   "Amsterdam", 
   "Rotterdam", 
   "Den Haag", 
   "Utrecht", 
   "Eindhoven", 
   "Almere", 
   "Groningen", 
   "Nijmegen", 
   "Breda", 
   "Apeldoorn"
  ], 
  "reward_matrix": [
   [
    0, 
    73456, 
    83796, 
    91775, 
    54364, 
    97352, 
    34661, 
    56603, 
    61855, 
    73619
   ], 
   [
    73456, 
    0, 
    99999, 
    84977, 
    65233, 
    67350, 
    4659, 
    64745, 
    90554, 
    57702
   ], 
   [
    83796, 
    99999, 
    0, 
    74637, 
    54893, 
    70810, 
    8119, 
    54405, 
    80214, 
    47362
   ], 
   [
    91775, 
    84977, 
    74637, 
    0, 
    72927, 
    92712, 
    30020, 
    75166, 
    80418, 
    83064
   ], 
   [
    54364, 
    65233, 
    54893, 
    72927, 
    0, 
    55300, 
    1117, 
    81761, 
    85018, 
    58516
   ], 
   [
    97352, 
    67350, 
    70810, 
    92712, 
    55300, 
    0, 
    47647, 
    57539, 
    62791, 
    77731
   ], 
   [
    34661, 
    4659, 
    8119, 
    30020, 
    1117, 
    47647, 
    0, 
    29695, 
    100, 
    52939
   ], 
   [
    56603, 
    64745, 
    54405, 
    75166, 
    81761, 
    57539, 
    29695, 
    0, 
    71177, 
    87094
   ], 
   [
    61855, 
    90554, 
    80214, 
    80418, 
    85018, 
    62791, 
    100, 
    71177, 
    0, 
    53143
   ], 
   [
    73619, 
    57702, 
    47362, 
    83064, 
    58516, 
    77731, 
    52939, 
    87094, 
    53143, 
    0
   ]
  ], 
  "probability_matrix": [
   [
    0, 
    0.06035908990713078, 
    0.12052637366566266, 
    0.10179051037692963, 
    0.13345119113263393, 
    0.0793341783684156, 
    0.08409464466844004, 
    0.15211200499090777, 
    0.1083673666189749, 
    0.15996464027090457
   ], 
   [
    0.07782748323499974, 
    0, 
    0.13401281356483388, 
    0.09187797093036143, 
    0.0895815809726715, 
    0.033845138486812296, 
    0.148028036544528, 
    0.15484277399422453, 
    0.14460515206426203, 
    0.12537905020730675
   ], 
   [
    0.04692141438497841, 
    0.17371161538004778, 
    0, 
    0.11034041971973955, 
    0.16367663683716857, 
    0.09568379591329682, 
    0.09071362303753792, 
    0.11571671504624496, 
    0.08190145994037935, 
    0.12133431974060652
   ], 
   [
    0.05751195312919483, 
    0.09032574025726971, 
    0.07819376088148342, 
    0, 
    0.13875395064925633, 
    0.05957725620091691, 
    0.09983465958030273, 
    0.17841525592964283, 
    0.11763874420991875, 
    0.1797486791620145
   ], 
   [
    0.15996796147511647, 
    0.04646473153867023, 
    0.10887473301885034, 
    0.13728556805302353, 
    0, 
    0.1654407454360628, 
    0.013191610473708672, 
    0.11147845208655391, 
    0.17171102087070503, 
    0.08558517704730896
   ], 
   [
    0.13406117106821294, 
    0.048612611784628584, 
    0.060784453981739386, 
    0.007626678359929728, 
    0.17181055181434407, 
    0, 
    0.13283636289145503, 
    0.1740288103783501, 
    0.1636696833259656, 
    0.1065696763953746
   ], 
   [
    0.20236697418721122, 
    0.16162338023448783, 
    0.09647016322823204, 
    0.003963488873898595, 
    0.2131232222151833, 
    0.0013851017984523178, 
    0, 
    0.02296223310398786, 
    0.24897677771424304, 
    0.04912865864430375
   ], 
   [
    0.1336943724036238, 
    0.015132805077294049, 
    0.06358145831660497, 
    0.1608326484227038, 
    0.10831303805325024, 
    0.05229808191720355, 
    0.33813639210327406, 
    0, 
    0.061491070557607386, 
    0.06652013314843791
   ], 
   [
    0.11890899558430118, 
    0.05363794818220438, 
    0.11771717462333053, 
    0.12305908994490422, 
    0.22367215804263926, 
    8.298805819497384e-05, 
    0.11043727741512473, 
    0.17711289718071752, 
    0, 
    0.07537147096858325
   ], 
   [
    0.1801926260375202, 
    0.02530340746712714, 
    0.025366796044049515, 
    0.21589896032344244, 
    0.26343117943133576, 
    0.0929718738271904, 
    0.02328064781237996, 
    0.14305696704513715, 
    0.03049754201181761, 
    0
   ]
  ]
 }, 
 "vehicle_capacities": [
  5, 
  20, 
  25, 
  30, 
  30, 
  30, 
  30, 
  30, 
  30, 
  30
 ]
}