{
 "vehicle_cost_per_km": [
  5, 
  5, 
  5, 
  5, 
  5
 ], 
 "runs": [
  {
   "avg_task_cost_vs_number_of_task": [
    1108.5, 
    861.25, 
    652.8333333333334, 
    529.5, 
    472.6, 
    419, 
    523.6428571428571, 
    458.1875, 
    418.5, 
    406.0000000000001, 
    342.40909090909093, 
    323.5, 
    311.84615384615387, 
    348.60714285714295, 
    268.6666666666667, 
    304.625, 
    255.38235294117646, 
    263.75, 
    277.13157894736844, 
    255.9, 
    253.6904761904762, 
    226.29545454545453, 
    237.5, 
    241.79166666666666, 
    226.86000000000004, 
    232.3653846153846, 
    237.0185185185185, 
    246.6964285714286, 
    228.22413793103448, 
    215.76666666666662
   ], 
   "number_of_vehicles": 5
  }
 ], 
 "vehicle_starting_positions": [
  "Amsterdam", 
  "Rotterdam", 
  "Den Haag", 
  "Utrecht", 
  "Eindhoven", 
  "Almere", 
  "Groningen", 
  "Nijmegen", 
  "Breda", 
  "Apeldoorn"
 ], 
 "task_distribution": {
  "distance_matrix": [
   [
    0, 
    90.6, 
    65.2, 
    45.6, 
    137.5, 
    31.9, 
    185.9, 
    132, 
    119.1, 
    90.2
   ], 
   [
    90.6, 
    0, 
    25.4, 
    62.3, 
    110.8, 
    105.6, 
    259.6, 
    112, 
    48.6, 
    129.3
   ], 
   [
    65.2, 
    25.4, 
    0, 
    87.7, 
    136.2, 
    97.1, 
    251.1, 
    137.4, 
    74, 
    154.7
   ], 
   [
    45.6, 
    62.3, 
    87.7, 
    0, 
    91.9, 
    43.3, 
    197.3, 
    86.4, 
    73.5, 
    67
   ], 
   [
    137.5, 
    110.8, 
    136.2, 
    91.9, 
    0, 
    135.2, 
    268.3, 
    70.2, 
    62.2, 
    127.3
   ], 
   [
    31.9, 
    105.6, 
    97.1, 
    43.3, 
    135.2, 
    0, 
    154, 
    129.7, 
    116.8, 
    80.1
   ], 
   [
    185.9, 
    259.6, 
    251.1, 
    197.3, 
    268.3, 
    154, 
    0, 
    198.1, 
    270.8, 
    141
   ], 
   [
    132, 
    112, 
    137.4, 
    86.4, 
    70.2, 
    129.7, 
    198.1, 
    0, 
    96.2, 
    57.1
   ], 
   [
    119.1, 
    48.6, 
    74, 
    73.5, 
    62.2, 
    116.8, 
    270.8, 
    96.2, 
    0, 
    140.5
   ], 
   [
    90.2, 
    129.3, 
    154.7, 
    67, 
    127.3, 
    80.1, 
    141, 
    57.1, 
    140.5, 
    0
   ]
  ], 
  "weight_matrix": [
   [
    0, 
    3, 
    3, 
    3, 
    3, 
    3, 
    3, 
    3, 
    3, 
    3
   ], 
   [
    3, 
    0, 
    3, 
    3, 
    3, 
    3, 
    3, 
    3, 
    3, 
    3
   ], 
   [
    3, 
    3, 
    0, 
    3, 
    3, 
    3, 
    3, 
    3, 
    3, 
    3
   ], 
   [
    3, 
    3, 
    3, 
    0, 
    3, 
    3, 
    3, 
    3, 
    3, 
    3
   ], 
   [
    3, 
    3, 
    3, 
    3, 
    0, 
    3, 
    3, 
    3, 
    3, 
    3
   ], 
   [
    3, 
    3, 
    3, 
    3, 
    3, 
    0, 
    3, 
    3, 
    3, 
    3
   ], 
   [
    3, 
    3, 
    3, 
    3, 
    3, 
    3, 
    0, 
    3, 
    3, 
    3
   ], 
   [
    3, 
    3, 
    3, 
    3, 
    3, 
    3, 
    3, 
    0, 
    3, 
    3
   ], 
   [
    3, 
    3, 
    3, 
    3, 
    3, 
    3, 
    3, 
    3, 
    0, 
    3
   ], 
   [
    3, 
    3, 
    3, 
    3, 
    3, 
    3, 
    3, 
    3, 
    3, 
    0
   ]
  ], 
  "city_names": [
   "Amsterdam", 
   "Rotterdam", 
   "Den Haag", 
   "Utrecht", 
   "Eindhoven", 
   "Almere", 
   "Groningen", 
   "Nijmegen", 
   "Breda", 
   "Apeldoorn"
  ], 
  "reward_matrix": [
   [
    0, 
    73456, 
    83796, 
    91775, 
    54364, 
    97352, 
    34661, 
    56603, 
    61855, 
    73619
   ], 
   [
    73456, 
    0, 
    99999, 
    84977, 
    65233, 
    67350, 
    4659, 
    64745, 
    90554, 
    57702
   ], 
   [
    83796, 
    99999, 
    0, 
    74637, 
    54893, 
    70810, 
    8119, 
    54405, 
    80214, 
    47362
   ], 
   [
    91775, 
    84977, 
    74637, 
    0, 
    72927, 
    92712, 
    30020, 
    75166, 
    80418, 
    83064
   ], 
   [
    54364, 
    65233, 
    54893, 
    72927, 
    0, 
    55300, 
    1117, 
    81761, 
    85018, 
    58516
   ], 
   [
    97352, 
    67350, 
    70810, 
    92712, 
    55300, 
    0, 
    47647, 
    57539, 
    62791, 
    77731
   ], 
   [
    34661, 
    4659, 
    8119, 
    30020, 
    1117, 
    47647, 
    0, 
    29695, 
    100, 
    52939
   ], 
   [
    56603, 
    64745, 
    54405, 
    75166, 
    81761, 
    57539, 
    29695, 
    0, 
    71177, 
    87094
   ], 
   [
    61855, 
    90554, 
    80214, 
    80418, 
    85018, 
    62791, 
    100, 
    71177, 
    0, 
    53143
   ], 
   [
    73619, 
    57702, 
    47362, 
    83064, 
    58516, 
    77731, 
    52939, 
    87094, 
    53143, 
    0
   ]
  ], 
  "probability_matrix": [
   [
    0, 
    0.062104150159465694, 
    0.0009180853917033503, 
    0.12941488697248707, 
    0.16488709131118784, 
    0.12301433986954191, 
    0.16499198824776498, 
    0.13801061540766002, 
    0.07968848060974633, 
    0.13697036203044277
   ], 
   [
    0.1740336980005836, 
    0, 
    0.024543138966132815, 
    0.16631819616460897, 
    0.08237751855168458, 
    0.06523474010194207, 
    0.17593477472602323, 
    0.03304176710782552, 
    0.10283200012405816, 
    0.17568416625714103
   ], 
   [
    0.04302054631419625, 
    0.11739126853055558, 
    0, 
    0.17010677275969363, 
    0.007256780530729198, 
    0.18985898921903566, 
    0.11959401247158359, 
    0.04046063086632809, 
    0.1015369303219587, 
    0.21077406898591924
   ], 
   [
    0.06867489689062418, 
    0.25556326858801715, 
    0.1035303382676732, 
    0, 
    0.04695354748627382, 
    0.1579785771408215, 
    0.1420233378108937, 
    0.09781149709907107, 
    0.09715339707275711, 
    0.030311139643868248
   ], 
   [
    0.021972636303165618, 
    0.3347950186465309, 
    0.04834814039519072, 
    0.01139095352340184, 
    0, 
    0.04776155843655108, 
    0.16627587914831954, 
    0.15813563254169535, 
    0.13077080869876218, 
    0.08054937230638294
   ], 
   [
    0.03299195206786692, 
    0.16787907504993166, 
    0.11676385997363357, 
    0.19029475230229337, 
    0.09408045765766496, 
    0, 
    0.154337158819798, 
    0.10005365502920663, 
    0.05150269514075928, 
    0.09209639395884535
   ], 
   [
    0.16054217399958387, 
    0.15686754230002234, 
    0.1016595743785438, 
    0.15856626789140554, 
    0.021282140232464428, 
    0.09035597506436889, 
    0, 
    0.1806187760036215, 
    0.09581345708769998, 
    0.034294093042289774
   ], 
   [
    0.1488146246002053, 
    0.15433294763743663, 
    0.16266227512380604, 
    0.04367993537569569, 
    0.1277185876617758, 
    0.1255869347574441, 
    0.03734397827820362, 
    0, 
    0.10297802892950045, 
    0.09688268763593229
   ], 
   [
    0.2331065119071386, 
    0.03689230278228124, 
    0.03146461398521758, 
    0.1129046029049312, 
    0.20656380207983532, 
    0.03684494082818198, 
    0.25285922739938527, 
    0.048398203887790266, 
    0, 
    0.04096579422523857
   ], 
   [
    0.17536577391457359, 
    0.19134676500270262, 
    0.19850429023126032, 
    0.06285466685828364, 
    0.15359060375004974, 
    0.013519773651339518, 
    0.14496758132363252, 
    0.014506077193838222, 
    0.04534446807431983, 
    0
   ]
  ]
 }, 
 "vehicle_capacities": [
  25, 
  25, 
  25, 
  25, 
  25, 
  30, 
  30, 
  30, 
  30, 
  30
 ]
}