{
 "vehicle_cost_per_km": [
  10, 
  5, 
  5, 
  5, 
  5, 
  5, 
  5, 
  5, 
  5, 
  5
 ], 
 "runs": [
  {
   "avg_task_cost_vs_number_of_task": [
    528, 
    763.75, 
    745.6666666666666, 
    564.5, 
    483.4999999999999, 
    506.5833333333332, 
    572.142857142857, 
    703.8749999999999, 
    689.111111111111, 
    630.3, 
    612.6363636363635, 
    620.3333333333331, 
    697.6923076923075, 
    709.9285714285712, 
    679.5333333333331, 
    672.7499999999998, 
    675.6764705882351, 
    663.1944444444442, 
    670.9999999999998, 
    676.7499999999998, 
    663.0476190476189, 
    664.8181818181816, 
    688.2173913043478, 
    664.1666666666666, 
    663.8399999999998, 
    666.8653846153843, 
    719.2592592592592, 
    712.2499999999999, 
    708.9827586206897, 
    690.6333333333332
   ], 
   "number_of_vehicles": 3
  }
 ], 
 "vehicle_starting_positions": [
  "Amsterdam", 
  "Rotterdam", 
  "Den Haag", 
  "Utrecht", 
  "Eindhoven", 
  "Almere", 
  "Groningen", 
  "Nijmegen", 
  "Breda", 
  "Apeldoorn"
 ], 
 "task_distribution": {
  "distance_matrix": [
   [
    0, 
    90.6, 
    65.2, 
    45.6, 
    137.5, 
    31.9, 
    185.9, 
    132, 
    119.1, 
    90.2
   ], 
   [
    90.6, 
    0, 
    25.4, 
    62.3, 
    110.8, 
    105.6, 
    259.6, 
    112, 
    48.6, 
    129.3
   ], 
   [
    65.2, 
    25.4, 
    0, 
    87.7, 
    136.2, 
    97.1, 
    251.1, 
    137.4, 
    74, 
    154.7
   ], 
   [
    45.6, 
    62.3, 
    87.7, 
    0, 
    91.9, 
    43.3, 
    197.3, 
    86.4, 
    73.5, 
    67
   ], 
   [
    137.5, 
    110.8, 
    136.2, 
    91.9, 
    0, 
    135.2, 
    268.3, 
    70.2, 
    62.2, 
    127.3
   ], 
   [
    31.9, 
    105.6, 
    97.1, 
    43.3, 
    135.2, 
    0, 
    154, 
    129.7, 
    116.8, 
    80.1
   ], 
   [
    185.9, 
    259.6, 
    251.1, 
    197.3, 
    268.3, 
    154, 
    0, 
    198.1, 
    270.8, 
    141
   ], 
   [
    132, 
    112, 
    137.4, 
    86.4, 
    70.2, 
    129.7, 
    198.1, 
    0, 
    96.2, 
    57.1
   ], 
   [
    119.1, 
    48.6, 
    74, 
    73.5, 
    62.2, 
    116.8, 
    270.8, 
    96.2, 
    0, 
    140.5
   ], 
   [
    90.2, 
    129.3, 
    154.7, 
    67, 
    127.3, 
    80.1, 
    141, 
    57.1, 
    140.5, 
    0
   ]
  ], 
  "weight_matrix": [
   [
    0, 
    3, 
    3, 
    3, 
    3, 
    3, 
    3, 
    3, 
    3, 
    3
   ], 
   [
    3, 
    0, 
    3, 
    3, 
    3, 
    3, 
    3, 
    3, 
    3, 
    3
   ], 
   [
    3, 
    3, 
    0, 
    3, 
    3, 
    3, 
    3, 
    3, 
    3, 
    3
   ], 
   [
    3, 
    3, 
    3, 
    0, 
    3, 
    3, 
    3, 
    3, 
    3, 
    3
   ], 
   [
    3, 
    3, 
    3, 
    3, 
    0, 
    3, 
    3, 
    3, 
    3, 
    3
   ], 
   [
    3, 
    3, 
    3, 
    3, 
    3, 
    0, 
    3, 
    3, 
    3, 
    3
   ], 
   [
    3, 
    3, 
    3, 
    3, 
    3, 
    3, 
    0, 
    3, 
    3, 
    3
   ], 
   [
    3, 
    3, 
    3, 
    3, 
    3, 
    3, 
    3, 
    0, 
    3, 
    3
   ], 
   [
    3, 
    3, 
    3, 
    3, 
    3, 
    3, 
    3, 
    3, 
    0, 
    3
   ], 
   [
    3, 
    3, 
    3, 
    3, 
    3, 
    3, 
    3, 
    3, 
    3, 
    0
   ]
  ], 
  "city_names": [
   "Amsterdam", 
   "Rotterdam", 
   "Den Haag", 
   "Utrecht", 
   "Eindhoven", 
   "Almere", 
   "Groningen", 
   "Nijmegen", 
   "Breda", 
   "Apeldoorn"
  ], 
  "reward_matrix": [
   [
    0, 
    73456, 
    83796, 
    91775, 
    54364, 
    97352, 
    34661, 
    56603, 
    61855, 
    73619
   ], 
   [
    73456, 
    0, 
    99999, 
    84977, 
    65233, 
    67350, 
    4659, 
    64745, 
    90554, 
    57702
   ], 
   [
    83796, 
    99999, 
    0, 
    74637, 
    54893, 
    70810, 
    8119, 
    54405, 
    80214, 
    47362
   ], 
   [
    91775, 
    84977, 
    74637, 
    0, 
    72927, 
    92712, 
    30020, 
    75166, 
    80418, 
    83064
   ], 
   [
    54364, 
    65233, 
    54893, 
    72927, 
    0, 
    55300, 
    1117, 
    81761, 
    85018, 
    58516
   ], 
   [
    97352, 
    67350, 
    70810, 
    92712, 
    55300, 
    0, 
    47647, 
    57539, 
    62791, 
    77731
   ], 
   [
    34661, 
    4659, 
    8119, 
    30020, 
    1117, 
    47647, 
    0, 
    29695, 
    100, 
    52939
   ], 
   [
    56603, 
    64745, 
    54405, 
    75166, 
    81761, 
    57539, 
    29695, 
    0, 
    71177, 
    87094
   ], 
   [
    61855, 
    90554, 
    80214, 
    80418, 
    85018, 
    62791, 
    100, 
    71177, 
    0, 
    53143
   ], 
   [
    73619, 
    57702, 
    47362, 
    83064, 
    58516, 
    77731, 
    52939, 
    87094, 
    53143, 
    0
   ]
  ], 
  "probability_matrix": [
   [
    0, 
    0.17102819748576495, 
    0.11343014948400583, 
    0.07299293211235587, 
    0.1859759330139419, 
    0.02280196276653208, 
    0.17306047646621786, 
    0.1425327565379244, 
    0.0010223321277328854, 
    0.11715526000552437
   ], 
   [
    0.07103172378371195, 
    0, 
    0.14519596217786482, 
    0.20072034592896332, 
    0.03412654455752073, 
    0.08600843924959102, 
    0.10049452141862977, 
    0.10048271500806828, 
    0.18012979829722583, 
    0.08180994957842427
   ], 
   [
    0.1635441833489856, 
    0.08086883818620468, 
    0, 
    0.02873316176413863, 
    0.13736529705770859, 
    0.1608944902748568, 
    0.12683004894501548, 
    0.13046213852010993, 
    0.048132066462760394, 
    0.12316977544021983
   ], 
   [
    0.16316201829962332, 
    0.1031773042614884, 
    0.2257113686011187, 
    0, 
    0.18292716240261175, 
    0.09908711045886914, 
    0.09377337801442077, 
    0.03232475616121991, 
    0.07583591034357934, 
    0.02400099145706876
   ], 
   [
    0.02507427414074041, 
    0.23007010189036614, 
    0.054142079012735815, 
    0.204625520875477, 
    0, 
    0.10617219630220873, 
    0.23063808848807837, 
    0.12262679029307023, 
    0.02140120625853207, 
    0.00524974273879128
   ], 
   [
    0.10355260058842827, 
    0.16598368469875394, 
    0.06039406434082781, 
    0.15731281627205412, 
    0.06635450457404522, 
    0, 
    0.06937591497671972, 
    0.13191939577357503, 
    0.05178149563007884, 
    0.19332552314551701
   ], 
   [
    0.1169563409968966, 
    0.01712104232995686, 
    0.1731930517778025, 
    0.16147652293682205, 
    0.13769335054125711, 
    0.04047858066666781, 
    0, 
    0.15370115239084303, 
    0.12208839271667289, 
    0.07729156564308114
   ], 
   [
    0.08544270666129793, 
    0.18552749352559453, 
    0.038697352622884866, 
    0.164664058430582, 
    0.07762589736704646, 
    0.020618352075180726, 
    0.1896048685993444, 
    0, 
    0.06424549898074233, 
    0.17357377173732672
   ], 
   [
    0.07720694063548118, 
    0.09027915107243004, 
    0.11239590784031164, 
    0.15245314144113314, 
    0.07716979203753267, 
    0.06813606756029497, 
    0.15759171582038076, 
    0.08875632112699793, 
    0, 
    0.1760109624654375
   ], 
   [
    0.08013506812258056, 
    0.0034629396285091782, 
    0.16410000125441407, 
    0.16439488775633698, 
    0.1842519722735642, 
    0.051196355285778115, 
    0.14677481987887167, 
    0.13296372629995318, 
    0.07272022949999205, 
    0
   ]
  ]
 }, 
 "vehicle_capacities": [
  5, 
  5, 
  5, 
  5, 
  20, 
  30, 
  30, 
  30, 
  30, 
  30
 ]
}