{
 "distance_matrix": [
  [
   0, 
   90.6, 
   65.2, 
   45.6, 
   137.5, 
   31.9, 
   185.9, 
   132, 
   119.1, 
   90.2
  ], 
  [
   90.6, 
   0, 
   25.4, 
   62.3, 
   110.8, 
   105.6, 
   259.6, 
   112, 
   48.6, 
   129.3
  ], 
  [
   65.2, 
   25.4, 
   0, 
   87.7, 
   136.2, 
   97.1, 
   251.1, 
   137.4, 
   74, 
   154.7
  ], 
  [
   45.6, 
   62.3, 
   87.7, 
   0, 
   91.9, 
   43.3, 
   197.3, 
   86.4, 
   73.5, 
   67
  ], 
  [
   137.5, 
   110.8, 
   136.2, 
   91.9, 
   0, 
   135.2, 
   268.3, 
   70.2, 
   62.2, 
   127.3
  ], 
  [
   31.9, 
   105.6, 
   97.1, 
   43.3, 
   135.2, 
   0, 
   154, 
   129.7, 
   116.8, 
   80.1
  ], 
  [
   185.9, 
   259.6, 
   251.1, 
   197.3, 
   268.3, 
   154, 
   0, 
   198.1, 
   270.8, 
   141
  ], 
  [
   132, 
   112, 
   137.4, 
   86.4, 
   70.2, 
   129.7, 
   198.1, 
   0, 
   96.2, 
   57.1
  ], 
  [
   119.1, 
   48.6, 
   74, 
   73.5, 
   62.2, 
   116.8, 
   270.8, 
   96.2, 
   0, 
   140.5
  ], 
  [
   90.2, 
   129.3, 
   154.7, 
   67, 
   127.3, 
   80.1, 
   141, 
   57.1, 
   140.5, 
   0
  ]
 ], 
 "runs": [
  {
   "avg_task_cost_vs_number_of_task": [
    1065, 
    532.5, 
    355, 
    341.125, 
    272.9, 
    255.75, 
    243.07142857142858, 
    212.6875, 
    370.2222222222223, 
    333.20000000000005, 
    302.90909090909093, 
    277.6666666666667, 
    321.3461538461539, 
    291.35714285714283, 
    271.93333333333334, 
    276.625, 
    255.88235294117646, 
    253.58333333333337, 
    264.2368421052632, 
    245.75, 
    269.3571428571429, 
    242.15909090909096, 
    259.30434782608694, 
    251.52083333333337, 
    192.40000000000003, 
    203.73076923076923, 
    248.16666666666666, 
    259.0535714285714, 
    203.448275862069, 
    193.41666666666666
   ], 
   "number_of_vehicles": 2
  }, 
  {
   "avg_task_cost_vs_number_of_task": [
    481, 
    532.5, 
    355, 
    341.125, 
    272.9, 
    255.75, 
    243.07142857142858, 
    212.6875, 
    370.2222222222223, 
    333.20000000000005, 
    302.90909090909093, 
    277.6666666666667, 
    296.76923076923083, 
    288.17857142857144, 
    268.9666666666667, 
    262.125, 
    250.88235294117646, 
    244.72222222222223, 
    242.02631578947367, 
    247.1, 
    255.73809523809524, 
    255.95454545454547, 
    224.56521739130434, 
    234.375, 
    233.32, 
    217.78846153846155, 
    227.66666666666666, 
    230.9464285714286, 
    243.56896551724137, 
    239.98333333333332
   ], 
   "number_of_vehicles": 3
  }, 
  {
   "avg_task_cost_vs_number_of_task": [
    481, 
    532.5, 
    355, 
    341.125, 
    272.9, 
    255.75, 
    243.07142857142858, 
    212.6875, 
    370.2222222222223, 
    333.20000000000005, 
    302.90909090909093, 
    277.6666666666667, 
    285.50000000000006, 
    265.1071428571429, 
    268.9666666666667, 
    275.21875, 
    259.02941176470586, 
    253.30555555555554, 
    274.7894736842105, 
    237.57500000000005, 
    247.88095238095244, 
    227.29545454545453, 
    259.82608695652175, 
    240.93749999999997, 
    193.24, 
    242.2115384615385, 
    203.8148148148148, 
    229.55357142857142, 
    213.60344827586206, 
    200.83333333333334
   ], 
   "number_of_vehicles": 4
  }, 
  {
   "avg_task_cost_vs_number_of_task": [
    481, 
    532.5, 
    355, 
    341.125, 
    272.9, 
    255.75, 
    243.07142857142858, 
    212.6875, 
    370.2222222222223, 
    333.20000000000005, 
    313.68181818181824, 
    277.6666666666667, 
    285.50000000000006, 
    288.17857142857144, 
    268.9666666666667, 
    262.125, 
    259.02941176470586, 
    245.08333333333334, 
    254.18421052631578, 
    220.7, 
    237.11904761904762, 
    256.3863636363636, 
    243.30434782608697, 
    213.64583333333334, 
    221.9, 
    241.42307692307693, 
    212.3888888888889, 
    206.6785714285714, 
    222.22413793103448, 
    239.53333333333333
   ], 
   "number_of_vehicles": 5
  }
 ], 
 "vehicle_starting_positions": [
  "Apeldoorn", 
  "Almere", 
  "Breda", 
  "Den Haag", 
  "Amsterdam", 
  "Eindhoven", 
  "Groningen", 
  "Utrecht", 
  "Rotterdam", 
  "Nijmegen"
 ], 
 "task_distribution": {
  "weight_matrix": [
   [
    0, 
    3, 
    3, 
    3, 
    3, 
    3, 
    3, 
    3, 
    3, 
    3
   ], 
   [
    3, 
    0, 
    3, 
    3, 
    3, 
    3, 
    3, 
    3, 
    3, 
    3
   ], 
   [
    3, 
    3, 
    0, 
    3, 
    3, 
    3, 
    3, 
    3, 
    3, 
    3
   ], 
   [
    3, 
    3, 
    3, 
    0, 
    3, 
    3, 
    3, 
    3, 
    3, 
    3
   ], 
   [
    3, 
    3, 
    3, 
    3, 
    0, 
    3, 
    3, 
    3, 
    3, 
    3
   ], 
   [
    3, 
    3, 
    3, 
    3, 
    3, 
    0, 
    3, 
    3, 
    3, 
    3
   ], 
   [
    3, 
    3, 
    3, 
    3, 
    3, 
    3, 
    0, 
    3, 
    3, 
    3
   ], 
   [
    3, 
    3, 
    3, 
    3, 
    3, 
    3, 
    3, 
    0, 
    3, 
    3
   ], 
   [
    3, 
    3, 
    3, 
    3, 
    3, 
    3, 
    3, 
    3, 
    0, 
    3
   ], 
   [
    3, 
    3, 
    3, 
    3, 
    3, 
    3, 
    3, 
    3, 
    3, 
    0
   ]
  ], 
  "city_names": [
   "Amsterdam", 
   "Rotterdam", 
   "Den Haag", 
   "Utrecht", 
   "Eindhoven", 
   "Almere", 
   "Groningen", 
   "Nijmegen", 
   "Breda", 
   "Apeldoorn"
  ], 
  "reward_matrix": [
   [
    0, 
    73456, 
    83796, 
    91775, 
    54364, 
    97352, 
    34661, 
    56603, 
    61855, 
    73619
   ], 
   [
    73456, 
    0, 
    99999, 
    84977, 
    65233, 
    67350, 
    4659, 
    64745, 
    90554, 
    57702
   ], 
   [
    83796, 
    99999, 
    0, 
    74637, 
    54893, 
    70810, 
    8119, 
    54405, 
    80214, 
    47362
   ], 
   [
    91775, 
    84977, 
    74637, 
    0, 
    72927, 
    92712, 
    30020, 
    75166, 
    80418, 
    83064
   ], 
   [
    54364, 
    65233, 
    54893, 
    72927, 
    0, 
    55300, 
    1117, 
    81761, 
    85018, 
    58516
   ], 
   [
    97352, 
    67350, 
    70810, 
    92712, 
    55300, 
    0, 
    47647, 
    57539, 
    62791, 
    77731
   ], 
   [
    34661, 
    4659, 
    8119, 
    30020, 
    1117, 
    47647, 
    0, 
    29695, 
    100, 
    52939
   ], 
   [
    56603, 
    64745, 
    54405, 
    75166, 
    81761, 
    57539, 
    29695, 
    0, 
    71177, 
    87094
   ], 
   [
    61855, 
    90554, 
    80214, 
    80418, 
    85018, 
    62791, 
    100, 
    71177, 
    0, 
    53143
   ], 
   [
    73619, 
    57702, 
    47362, 
    83064, 
    58516, 
    77731, 
    52939, 
    87094, 
    53143, 
    0
   ]
  ], 
  "probability_matrix": [
   [
    0, 
    0.04162830407799052, 
    0.12458480680981471, 
    0.17997387291634404, 
    0.09495903831855143, 
    0.09176307821106716, 
    0.043134571363953766, 
    0.1308688562903507, 
    0.16322804095122007, 
    0.12985943106070763
   ], 
   [
    0.1119274218455871, 
    0, 
    0.2501156621643167, 
    0.0324842675958425, 
    0.08988104111042283, 
    0.061692504122883234, 
    0.00827234679414114, 
    0.08081660667199968, 
    0.05897863801606917, 
    0.3058315116787376
   ], 
   [
    0.13031812609625523, 
    0.12887121351262973, 
    0, 
    0.14589095179102482, 
    0.09751325966805273, 
    0.08982720944979498, 
    0.09879535609887352, 
    0.11190180055108202, 
    0.06066607758740626, 
    0.13621600524488062
   ], 
   [
    0.07483993043558924, 
    0.1449698769752592, 
    0.18651561838936595, 
    0, 
    0.03789502969685928, 
    0.13164810338875427, 
    0.019683185381602925, 
    0.10638835276858619, 
    0.19003056871847526, 
    0.10802933424550776
   ], 
   [
    0.08747222030776997, 
    0.01091174158236895, 
    0.18817016281453072, 
    0.08914223327244, 
    0, 
    0.05464935767032629, 
    0.1997303876969658, 
    0.15727367052900323, 
    0.05563686851247327, 
    0.15701335761412175
   ], 
   [
    0.18556209011549157, 
    0.004224413533081238, 
    0.23353370486819952, 
    0.058259462099547715, 
    0.07278084540512825, 
    0, 
    0.0908971110811782, 
    0.08632660387036939, 
    0.10561833515409072, 
    0.16279743387291315
   ], 
   [
    0.014745585451123533, 
    0.13528403381557252, 
    0.13791756501996785, 
    0.13971809334872773, 
    0.16689029607230463, 
    0.07616718595783538, 
    0, 
    0.053829196679953326, 
    0.10202739015743838, 
    0.17342065349707672
   ], 
   [
    0.21290162737830215, 
    0.0218950749187419, 
    0.23577589996433512, 
    0.056958297016782476, 
    0.1933359034421409, 
    0.0720707574836737, 
    0.07165353285155926, 
    0, 
    0.059389233612899876, 
    0.0760196733315646
   ], 
   [
    0.022241654470100725, 
    0.045087243495616734, 
    0.1713022796614245, 
    0.17888887456505198, 
    0.21041796820219724, 
    0.06297662935926594, 
    0.13703924950994661, 
    0.1634549242113415, 
    0, 
    0.008591176525054747
   ], 
   [
    0.04740583905605341, 
    0.1765059412595462, 
    0.05856702450482688, 
    0.18825675775169237, 
    0.12103235268780747, 
    0.005885655933236544, 
    0.14470317657467469, 
    0.1788295470904659, 
    0.07881370514169653, 
    0
   ]
  ]
 }
}