{
 "distance_matrix": [
  [
   0, 
   90.6, 
   65.2, 
   45.6, 
   137.5, 
   31.9, 
   185.9, 
   132, 
   119.1, 
   90.2
  ], 
  [
   90.6, 
   0, 
   25.4, 
   62.3, 
   110.8, 
   105.6, 
   259.6, 
   112, 
   48.6, 
   129.3
  ], 
  [
   65.2, 
   25.4, 
   0, 
   87.7, 
   136.2, 
   97.1, 
   251.1, 
   137.4, 
   74, 
   154.7
  ], 
  [
   45.6, 
   62.3, 
   87.7, 
   0, 
   91.9, 
   43.3, 
   197.3, 
   86.4, 
   73.5, 
   67
  ], 
  [
   137.5, 
   110.8, 
   136.2, 
   91.9, 
   0, 
   135.2, 
   268.3, 
   70.2, 
   62.2, 
   127.3
  ], 
  [
   31.9, 
   105.6, 
   97.1, 
   43.3, 
   135.2, 
   0, 
   154, 
   129.7, 
   116.8, 
   80.1
  ], 
  [
   185.9, 
   259.6, 
   251.1, 
   197.3, 
   268.3, 
   154, 
   0, 
   198.1, 
   270.8, 
   141
  ], 
  [
   132, 
   112, 
   137.4, 
   86.4, 
   70.2, 
   129.7, 
   198.1, 
   0, 
   96.2, 
   57.1
  ], 
  [
   119.1, 
   48.6, 
   74, 
   73.5, 
   62.2, 
   116.8, 
   270.8, 
   96.2, 
   0, 
   140.5
  ], 
  [
   90.2, 
   129.3, 
   154.7, 
   67, 
   127.3, 
   80.1, 
   141, 
   57.1, 
   140.5, 
   0
  ]
 ], 
 "runs": [
  {
   "avg_task_cost_vs_number_of_task": [
    1065, 
    947.25, 
    635.3333333333334, 
    476.5, 
    381.2, 
    317.6666666666667, 
    387.64285714285717, 
    394.3125, 
    350.5, 
    330.55, 
    316.04545454545456, 
    297.6666666666667, 
    325.34615384615387, 
    313.5, 
    285.66666666666663, 
    267.81249999999994, 
    301.47058823529414, 
    292.6111111111111, 
    274.1842105263158, 
    251.725, 
    239.73809523809524, 
    242.02272727272728, 
    241.17391304347822, 
    253.41666666666666, 
    229.39999999999998, 
    237.11538461538458, 
    213.87037037037038, 
    232.82142857142858, 
    211.72413793103448, 
    209.73333333333332
   ], 
   "number_of_vehicles": 2
  }, 
  {
   "avg_task_cost_vs_number_of_task": [
    1065, 
    947.25, 
    635.3333333333334, 
    476.5, 
    381.2, 
    317.6666666666667, 
    373, 
    394.3125, 
    350.5, 
    330.55, 
    316.04545454545456, 
    297.6666666666667, 
    339.46153846153845, 
    315.2142857142857, 
    304.66666666666674, 
    267.81249999999994, 
    286.6176470588235, 
    284.72222222222223, 
    271.2631578947368, 
    264.82500000000005, 
    219.047619047619, 
    289.84090909090907, 
    262.3478260869565, 
    240.27083333333334, 
    208.2, 
    243.32692307692312, 
    265.3888888888889, 
    239.125, 
    234.44827586206895, 
    208.28333333333333
   ], 
   "number_of_vehicles": 3
  }, 
  {
   "avg_task_cost_vs_number_of_task": [
    962, 
    895.75, 
    635.3333333333334, 
    476.5, 
    381.2, 
    317.6666666666667, 
    373, 
    394.3125, 
    350.5, 
    330.55, 
    316.04545454545456, 
    297.6666666666667, 
    355.19230769230774, 
    308.92857142857144, 
    303.0333333333334, 
    286.5, 
    301.20588235294116, 
    267.3333333333333, 
    269.7631578947368, 
    257.25, 
    241.42857142857142, 
    269.7272727272728, 
    266.86956521739137, 
    240.75000000000003, 
    252.74, 
    245.6153846153847, 
    209.83333333333326, 
    255.60714285714286, 
    205.77586206896552, 
    237.53333333333333
   ], 
   "number_of_vehicles": 4
  }, 
  {
   "avg_task_cost_vs_number_of_task": [
    851, 
    840.2499999999999, 
    635.3333333333334, 
    476.5, 
    381.2, 
    317.6666666666667, 
    373, 
    379.9375, 
    337.72222222222223, 
    319.05, 
    316.04545454545456, 
    307, 
    346.3076923076923, 
    323.57142857142856, 
    310.1666666666667, 
    301.1875, 
    283.47058823529414, 
    301.5833333333333, 
    282.1578947368421, 
    269.925, 
    280.64285714285717, 
    263.8636363636364, 
    215.02173913043478, 
    251.77083333333337, 
    216.88, 
    260.5576923076923, 
    248.75925925925927, 
    218.91071428571425, 
    224.81034482758622, 
    232.1
   ], 
   "number_of_vehicles": 5
  }
 ], 
 "vehicle_starting_positions": [
  "Amsterdam", 
  "Almere", 
  "Apeldoorn", 
  "Nijmegen", 
  "Den Haag", 
  "Rotterdam", 
  "Utrecht", 
  "Groningen", 
  "Breda", 
  "Eindhoven"
 ], 
 "task_distribution": {
  "weight_matrix": [
   [
    0, 
    3, 
    3, 
    3, 
    3, 
    3, 
    3, 
    3, 
    3, 
    3
   ], 
   [
    3, 
    0, 
    3, 
    3, 
    3, 
    3, 
    3, 
    3, 
    3, 
    3
   ], 
   [
    3, 
    3, 
    0, 
    3, 
    3, 
    3, 
    3, 
    3, 
    3, 
    3
   ], 
   [
    3, 
    3, 
    3, 
    0, 
    3, 
    3, 
    3, 
    3, 
    3, 
    3
   ], 
   [
    3, 
    3, 
    3, 
    3, 
    0, 
    3, 
    3, 
    3, 
    3, 
    3
   ], 
   [
    3, 
    3, 
    3, 
    3, 
    3, 
    0, 
    3, 
    3, 
    3, 
    3
   ], 
   [
    3, 
    3, 
    3, 
    3, 
    3, 
    3, 
    0, 
    3, 
    3, 
    3
   ], 
   [
    3, 
    3, 
    3, 
    3, 
    3, 
    3, 
    3, 
    0, 
    3, 
    3
   ], 
   [
    3, 
    3, 
    3, 
    3, 
    3, 
    3, 
    3, 
    3, 
    0, 
    3
   ], 
   [
    3, 
    3, 
    3, 
    3, 
    3, 
    3, 
    3, 
    3, 
    3, 
    0
   ]
  ], 
  "city_names": [
   "Amsterdam", 
   "Rotterdam", 
   "Den Haag", 
   "Utrecht", 
   "Eindhoven", 
   "Almere", 
   "Groningen", 
   "Nijmegen", 
   "Breda", 
   "Apeldoorn"
  ], 
  "reward_matrix": [
   [
    0, 
    73456, 
    83796, 
    91775, 
    54364, 
    97352, 
    34661, 
    56603, 
    61855, 
    73619
   ], 
   [
    73456, 
    0, 
    99999, 
    84977, 
    65233, 
    67350, 
    4659, 
    64745, 
    90554, 
    57702
   ], 
   [
    83796, 
    99999, 
    0, 
    74637, 
    54893, 
    70810, 
    8119, 
    54405, 
    80214, 
    47362
   ], 
   [
    91775, 
    84977, 
    74637, 
    0, 
    72927, 
    92712, 
    30020, 
    75166, 
    80418, 
    83064
   ], 
   [
    54364, 
    65233, 
    54893, 
    72927, 
    0, 
    55300, 
    1117, 
    81761, 
    85018, 
    58516
   ], 
   [
    97352, 
    67350, 
    70810, 
    92712, 
    55300, 
    0, 
    47647, 
    57539, 
    62791, 
    77731
   ], 
   [
    34661, 
    4659, 
    8119, 
    30020, 
    1117, 
    47647, 
    0, 
    29695, 
    100, 
    52939
   ], 
   [
    56603, 
    64745, 
    54405, 
    75166, 
    81761, 
    57539, 
    29695, 
    0, 
    71177, 
    87094
   ], 
   [
    61855, 
    90554, 
    80214, 
    80418, 
    85018, 
    62791, 
    100, 
    71177, 
    0, 
    53143
   ], 
   [
    73619, 
    57702, 
    47362, 
    83064, 
    58516, 
    77731, 
    52939, 
    87094, 
    53143, 
    0
   ]
  ], 
  "probability_matrix": [
   [
    0, 
    0.22790625300617315, 
    0.017204440119034593, 
    0.1290477241140553, 
    0.20599057859924738, 
    0.09378604981032149, 
    0.0623064154477465, 
    0.03684848976605735, 
    0.18642593943587837, 
    0.040484109701485846
   ], 
   [
    0.015001548259553812, 
    0, 
    0.06321430814756086, 
    0.06812097117881163, 
    0.15554183938721672, 
    0.17018384222311536, 
    0.10999662034169505, 
    0.08369392319767772, 
    0.20469449005220908, 
    0.1295524572121599
   ], 
   [
    0.1507238349592113, 
    0.04183985182533594, 
    0, 
    0.06727159264117721, 
    0.19925338464110803, 
    0.0012910701512990346, 
    0.19327752605648352, 
    0.06822484057265327, 
    0.1719196959068578, 
    0.10619820324587367
   ], 
   [
    0.13865993293570447, 
    0.119422986508428, 
    0.10559813974962222, 
    0, 
    0.20332527460540897, 
    0.19001489512576505, 
    0.044945051385632845, 
    0.017783183490668018, 
    0.012422423938141487, 
    0.167828112260629
   ], 
   [
    0.049071673789145905, 
    0.08338673553336036, 
    0.14108158740293, 
    0.1534911403804316, 
    0, 
    0.11363493923485081, 
    0.11725217280316606, 
    0.10604864128551186, 
    0.05634318220740747, 
    0.17968992736319578
   ], 
   [
    0.006703429956886417, 
    0.04424582618856923, 
    0.14699491274578266, 
    0.03495427751267968, 
    0.10773236114745796, 
    0, 
    0.16124230515052734, 
    0.1624471148090958, 
    0.1635138189546025, 
    0.17216595353439848
   ], 
   [
    0.15864891236908768, 
    0.1746026157491203, 
    0.15414825980154986, 
    0.14605833365947532, 
    0.08502828775978792, 
    0.027689382826117215, 
    0, 
    0.1613653516685218, 
    0.06886969576161706, 
    0.023589160404722757
   ], 
   [
    0.15780377073494756, 
    0.14758901171084984, 
    0.19553085218385055, 
    0.15679223654578786, 
    0.08930141479692286, 
    0.07723524079042675, 
    0.08053057138663555, 
    0, 
    0.01963167012802163, 
    0.07558523172255743
   ], 
   [
    0.11523610236330388, 
    0.10044473144193829, 
    0.1627052652134306, 
    0.01623508115764954, 
    0.08894058178395362, 
    0.10620894252128381, 
    0.1940518380827337, 
    0.20199924974583838, 
    0, 
    0.014178207689868307
   ], 
   [
    0.1708883500573133, 
    0.08244831029039272, 
    0.04597014211601865, 
    0.1587703416187285, 
    0.011331059344190441, 
    0.07901990259970315, 
    0.2267843045201252, 
    0.09013142209592977, 
    0.13465616735759828, 
    0
   ]
  ]
 }
}