{
 "vehicle_cost_per_km": [
  5, 
  5, 
  5, 
  5, 
  5
 ], 
 "runs": [
  {
   "avg_task_cost_vs_number_of_task": [
    945.5, 
    859.5, 
    723.3333333333334, 
    774.875, 
    619.9, 
    683.0833333333334, 
    755.6428571428571, 
    673.75, 
    683.1666666666666, 
    640.9, 
    676.9545454545455, 
    687.0416666666666, 
    677.5, 
    674.7857142857143, 
    656.4666666666666, 
    615.4375, 
    618.6470588235293, 
    597.8888888888888, 
    584.9473684210525, 
    602.9749999999999, 
    630.9761904761903, 
    676.2045454545453, 
    666.4130434782608, 
    676.0624999999999, 
    682.0399999999998, 
    668.5192307692306, 
    691.3333333333331, 
    737.5892857142856, 
    722.4310344827585, 
    716.7333333333333
   ], 
   "number_of_vehicles": 3
  }
 ], 
 "vehicle_starting_positions": [
  "Amsterdam", 
  "Rotterdam", 
  "Den Haag", 
  "Utrecht", 
  "Eindhoven", 
  "Almere", 
  "Groningen", 
  "Nijmegen", 
  "Breda", 
  "Apeldoorn"
 ], 
 "task_distribution": {
  "distance_matrix": [
   [
    0, 
    90.6, 
    65.2, 
    45.6, 
    137.5, 
    31.9, 
    185.9, 
    132, 
    119.1, 
    90.2
   ], 
   [
    90.6, 
    0, 
    25.4, 
    62.3, 
    110.8, 
    105.6, 
    259.6, 
    112, 
    48.6, 
    129.3
   ], 
   [
    65.2, 
    25.4, 
    0, 
    87.7, 
    136.2, 
    97.1, 
    251.1, 
    137.4, 
    74, 
    154.7
   ], 
   [
    45.6, 
    62.3, 
    87.7, 
    0, 
    91.9, 
    43.3, 
    197.3, 
    86.4, 
    73.5, 
    67
   ], 
   [
    137.5, 
    110.8, 
    136.2, 
    91.9, 
    0, 
    135.2, 
    268.3, 
    70.2, 
    62.2, 
    127.3
   ], 
   [
    31.9, 
    105.6, 
    97.1, 
    43.3, 
    135.2, 
    0, 
    154, 
    129.7, 
    116.8, 
    80.1
   ], 
   [
    185.9, 
    259.6, 
    251.1, 
    197.3, 
    268.3, 
    154, 
    0, 
    198.1, 
    270.8, 
    141
   ], 
   [
    132, 
    112, 
    137.4, 
    86.4, 
    70.2, 
    129.7, 
    198.1, 
    0, 
    96.2, 
    57.1
   ], 
   [
    119.1, 
    48.6, 
    74, 
    73.5, 
    62.2, 
    116.8, 
    270.8, 
    96.2, 
    0, 
    140.5
   ], 
   [
    90.2, 
    129.3, 
    154.7, 
    67, 
    127.3, 
    80.1, 
    141, 
    57.1, 
    140.5, 
    0
   ]
  ], 
  "weight_matrix": [
   [
    0, 
    3, 
    3, 
    3, 
    3, 
    3, 
    3, 
    3, 
    3, 
    3
   ], 
   [
    3, 
    0, 
    3, 
    3, 
    3, 
    3, 
    3, 
    3, 
    3, 
    3
   ], 
   [
    3, 
    3, 
    0, 
    3, 
    3, 
    3, 
    3, 
    3, 
    3, 
    3
   ], 
   [
    3, 
    3, 
    3, 
    0, 
    3, 
    3, 
    3, 
    3, 
    3, 
    3
   ], 
   [
    3, 
    3, 
    3, 
    3, 
    0, 
    3, 
    3, 
    3, 
    3, 
    3
   ], 
   [
    3, 
    3, 
    3, 
    3, 
    3, 
    0, 
    3, 
    3, 
    3, 
    3
   ], 
   [
    3, 
    3, 
    3, 
    3, 
    3, 
    3, 
    0, 
    3, 
    3, 
    3
   ], 
   [
    3, 
    3, 
    3, 
    3, 
    3, 
    3, 
    3, 
    0, 
    3, 
    3
   ], 
   [
    3, 
    3, 
    3, 
    3, 
    3, 
    3, 
    3, 
    3, 
    0, 
    3
   ], 
   [
    3, 
    3, 
    3, 
    3, 
    3, 
    3, 
    3, 
    3, 
    3, 
    0
   ]
  ], 
  "city_names": [
   "Amsterdam", 
   "Rotterdam", 
   "Den Haag", 
   "Utrecht", 
   "Eindhoven", 
   "Almere", 
   "Groningen", 
   "Nijmegen", 
   "Breda", 
   "Apeldoorn"
  ], 
  "reward_matrix": [
   [
    0, 
    73456, 
    83796, 
    91775, 
    54364, 
    97352, 
    34661, 
    56603, 
    61855, 
    73619
   ], 
   [
    73456, 
    0, 
    99999, 
    84977, 
    65233, 
    67350, 
    4659, 
    64745, 
    90554, 
    57702
   ], 
   [
    83796, 
    99999, 
    0, 
    74637, 
    54893, 
    70810, 
    8119, 
    54405, 
    80214, 
    47362
   ], 
   [
    91775, 
    84977, 
    74637, 
    0, 
    72927, 
    92712, 
    30020, 
    75166, 
    80418, 
    83064
   ], 
   [
    54364, 
    65233, 
    54893, 
    72927, 
    0, 
    55300, 
    1117, 
    81761, 
    85018, 
    58516
   ], 
   [
    97352, 
    67350, 
    70810, 
    92712, 
    55300, 
    0, 
    47647, 
    57539, 
    62791, 
    77731
   ], 
   [
    34661, 
    4659, 
    8119, 
    30020, 
    1117, 
    47647, 
    0, 
    29695, 
    100, 
    52939
   ], 
   [
    56603, 
    64745, 
    54405, 
    75166, 
    81761, 
    57539, 
    29695, 
    0, 
    71177, 
    87094
   ], 
   [
    61855, 
    90554, 
    80214, 
    80418, 
    85018, 
    62791, 
    100, 
    71177, 
    0, 
    53143
   ], 
   [
    73619, 
    57702, 
    47362, 
    83064, 
    58516, 
    77731, 
    52939, 
    87094, 
    53143, 
    0
   ]
  ], 
  "probability_matrix": [
   [
    0, 
    0.13838757058074186, 
    0.05774780134830683, 
    0.07790795591075143, 
    0.06953936778491873, 
    0.16046347425431612, 
    0.17717661176641641, 
    0.1138924468139622, 
    0.0657145310872737, 
    0.13917024045331286
   ], 
   [
    0.060998616299041, 
    0, 
    0.09497142774431921, 
    0.10245574546407253, 
    0.15705712728669585, 
    0.07020645170083596, 
    0.07930504192699668, 
    0.16594459118170643, 
    0.155635573233816, 
    0.11342542516251625
   ], 
   [
    0.1978415301052754, 
    0.1707751094533411, 
    0, 
    0.14271037369308343, 
    0.24802566353563807, 
    0.02222907644984437, 
    0.06164509863152784, 
    0.053784458919690435, 
    0.06097787136578988, 
    0.04201081784580971
   ], 
   [
    0.1741861854942509, 
    0.00046641236488407405, 
    0.16826812701856525, 
    0, 
    0.25182374168555366, 
    0.08807377428811561, 
    0.18344883691801062, 
    0.00874284420984106, 
    0.025855423507959968, 
    0.09913465451281873
   ], 
   [
    0.11337155908223236, 
    0.18636621584574609, 
    0.0037349182726096044, 
    0.1556461256949627, 
    0, 
    0.07898238589340807, 
    0.1622740354678538, 
    0.011317339940388547, 
    0.13597269711399826, 
    0.1523347226888005
   ], 
   [
    0.18609052749104515, 
    0.006407153799387363, 
    0.10854223326482293, 
    0.025253646961653227, 
    0.14434535147360822, 
    0, 
    0.11631768091410512, 
    0.13919920982188347, 
    0.18874298873285114, 
    0.08510120754064329
   ], 
   [
    0.08300285535351053, 
    0.13532408873551144, 
    0.10609417470527771, 
    0.1816541317161582, 
    0.03990766342494862, 
    0.076851211334257, 
    0, 
    0.12819666451442385, 
    0.10459532585702183, 
    0.14437388435889076
   ], 
   [
    0.09831770975765408, 
    0.16364909827846774, 
    0.015142433198202503, 
    0.1744420990463986, 
    0.09158098128995698, 
    0.0642145425715371, 
    0.19043630300811723, 
    0, 
    0.10841628364600683, 
    0.09380054920365875
   ], 
   [
    0.1413315335628599, 
    0.1694551788638128, 
    0.024282219823981717, 
    0.027128252935616944, 
    0.1114830826975242, 
    0.06349098375084217, 
    0.15006626809424725, 
    0.13569155246356038, 
    0, 
    0.17707092780755448
   ], 
   [
    0.10287863176990664, 
    0.12895455770863215, 
    0.16572851954449297, 
    0.14733395000662317, 
    0.07232656340054873, 
    0.06543238545651879, 
    0.028436418070246237, 
    0.18322034068447748, 
    0.10568863335855365, 
    0
   ]
  ]
 }, 
 "vehicle_capacities": [
  5, 
  5, 
  5, 
  5, 
  20, 
  30, 
  30, 
  30, 
  30, 
  30
 ]
}