{
 "distance_matrix": [
  [
   0, 
   90.6, 
   65.2, 
   45.6, 
   137.5, 
   31.9, 
   185.9, 
   132, 
   119.1, 
   90.2
  ], 
  [
   90.6, 
   0, 
   25.4, 
   62.3, 
   110.8, 
   105.6, 
   259.6, 
   112, 
   48.6, 
   129.3
  ], 
  [
   65.2, 
   25.4, 
   0, 
   87.7, 
   136.2, 
   97.1, 
   251.1, 
   137.4, 
   74, 
   154.7
  ], 
  [
   45.6, 
   62.3, 
   87.7, 
   0, 
   91.9, 
   43.3, 
   197.3, 
   86.4, 
   73.5, 
   67
  ], 
  [
   137.5, 
   110.8, 
   136.2, 
   91.9, 
   0, 
   135.2, 
   268.3, 
   70.2, 
   62.2, 
   127.3
  ], 
  [
   31.9, 
   105.6, 
   97.1, 
   43.3, 
   135.2, 
   0, 
   154, 
   129.7, 
   116.8, 
   80.1
  ], 
  [
   185.9, 
   259.6, 
   251.1, 
   197.3, 
   268.3, 
   154, 
   0, 
   198.1, 
   270.8, 
   141
  ], 
  [
   132, 
   112, 
   137.4, 
   86.4, 
   70.2, 
   129.7, 
   198.1, 
   0, 
   96.2, 
   57.1
  ], 
  [
   119.1, 
   48.6, 
   74, 
   73.5, 
   62.2, 
   116.8, 
   270.8, 
   96.2, 
   0, 
   140.5
  ], 
  [
   90.2, 
   129.3, 
   154.7, 
   67, 
   127.3, 
   80.1, 
   141, 
   57.1, 
   140.5, 
   0
  ]
 ], 
 "runs": [
  {
   "avg_task_cost_vs_number_of_task": [
    1475, 
    1355, 
    903.3333333333334, 
    708, 
    566.4, 
    472, 
    404.57142857142856, 
    375.375, 
    385.3888888888889, 
    403.95000000000005, 
    432.1818181818181, 
    393.70833333333326, 
    369.34615384615387, 
    354.6785714285715, 
    318.4, 
    300.25, 
    290.79411764705884, 
    266.8888888888889, 
    286.28947368421063, 
    270.05, 
    238.78571428571428, 
    242.45454545454547, 
    246.84782608695656, 
    226.20833333333337, 
    228.55999999999992, 
    257.5, 
    218.2222222222222, 
    226.0178571428572, 
    191.81034482758625, 
    286.2833333333334
   ], 
   "number_of_vehicles": 2
  }, 
  {
   "avg_task_cost_vs_number_of_task": [
    1475, 
    1253.5, 
    835.6666666666666, 
    708, 
    566.4, 
    472, 
    404.57142857142856, 
    375.375, 
    385.3888888888889, 
    375.4, 
    406.22727272727275, 
    376.3333333333333, 
    354.23076923076917, 
    338.32142857142856, 
    315.06666666666666, 
    296.03125, 
    319.8529411764706, 
    301.0555555555556, 
    246.5, 
    278.32500000000005, 
    264.3809523809524, 
    256.47727272727275, 
    236.5, 
    229.70833333333337, 
    228.64, 
    232.44230769230768, 
    277.64814814814815, 
    225.58928571428572, 
    235.13793103448276, 
    217.85000000000002
   ], 
   "number_of_vehicles": 3
  }, 
  {
   "avg_task_cost_vs_number_of_task": [
    1475, 
    1253.5, 
    835.6666666666666, 
    708, 
    566.4, 
    472, 
    404.57142857142856, 
    411.0625, 
    385.3888888888889, 
    375.4, 
    413.09090909090907, 
    372.37499999999994, 
    373.4230769230769, 
    339.7142857142857, 
    335.6666666666667, 
    327.71874999999994, 
    323.1176470588236, 
    314.5000000000001, 
    275.0263157894737, 
    276.7, 
    269.952380952381, 
    258.9318181818182, 
    244.804347826087, 
    242.22916666666674, 
    243.64, 
    247.32692307692315, 
    234.7777777777778, 
    232.4107142857143, 
    292.75862068965523, 
    205.63333333333335
   ], 
   "number_of_vehicles": 4
  }, 
  {
   "avg_task_cost_vs_number_of_task": [
    1475, 
    1253.5, 
    835.6666666666666, 
    708, 
    566.4, 
    472, 
    404.57142857142856, 
    375.375, 
    378.1666666666667, 
    368.9, 
    410.54545454545456, 
    369.9166666666667, 
    386.3076923076923, 
    352.92857142857144, 
    312.5666666666666, 
    314.5, 
    278.61764705882354, 
    275.8611111111111, 
    311.7631578947368, 
    282.05000000000007, 
    240.85714285714286, 
    260.5454545454546, 
    240.58695652173913, 
    237.58333333333334, 
    313.68, 
    267.3076923076923, 
    248.38888888888889, 
    237.125, 
    288.0689655172414, 
    264.66666666666663
   ], 
   "number_of_vehicles": 5
  }
 ], 
 "vehicle_starting_positions": [
  "Apeldoorn", 
  "Rotterdam", 
  "Nijmegen", 
  "Amsterdam", 
  "Almere", 
  "Eindhoven", 
  "Groningen", 
  "Utrecht", 
  "Den Haag", 
  "Breda"
 ], 
 "task_distribution": {
  "weight_matrix": [
   [
    0, 
    3, 
    3, 
    3, 
    3, 
    3, 
    3, 
    3, 
    3, 
    3
   ], 
   [
    3, 
    0, 
    3, 
    3, 
    3, 
    3, 
    3, 
    3, 
    3, 
    3
   ], 
   [
    3, 
    3, 
    0, 
    3, 
    3, 
    3, 
    3, 
    3, 
    3, 
    3
   ], 
   [
    3, 
    3, 
    3, 
    0, 
    3, 
    3, 
    3, 
    3, 
    3, 
    3
   ], 
   [
    3, 
    3, 
    3, 
    3, 
    0, 
    3, 
    3, 
    3, 
    3, 
    3
   ], 
   [
    3, 
    3, 
    3, 
    3, 
    3, 
    0, 
    3, 
    3, 
    3, 
    3
   ], 
   [
    3, 
    3, 
    3, 
    3, 
    3, 
    3, 
    0, 
    3, 
    3, 
    3
   ], 
   [
    3, 
    3, 
    3, 
    3, 
    3, 
    3, 
    3, 
    0, 
    3, 
    3
   ], 
   [
    3, 
    3, 
    3, 
    3, 
    3, 
    3, 
    3, 
    3, 
    0, 
    3
   ], 
   [
    3, 
    3, 
    3, 
    3, 
    3, 
    3, 
    3, 
    3, 
    3, 
    0
   ]
  ], 
  "city_names": [
   "Amsterdam", 
   "Rotterdam", 
   "Den Haag", 
   "Utrecht", 
   "Eindhoven", 
   "Almere", 
   "Groningen", 
   "Nijmegen", 
   "Breda", 
   "Apeldoorn"
  ], 
  "reward_matrix": [
   [
    0, 
    73456, 
    83796, 
    91775, 
    54364, 
    97352, 
    34661, 
    56603, 
    61855, 
    73619
   ], 
   [
    73456, 
    0, 
    99999, 
    84977, 
    65233, 
    67350, 
    4659, 
    64745, 
    90554, 
    57702
   ], 
   [
    83796, 
    99999, 
    0, 
    74637, 
    54893, 
    70810, 
    8119, 
    54405, 
    80214, 
    47362
   ], 
   [
    91775, 
    84977, 
    74637, 
    0, 
    72927, 
    92712, 
    30020, 
    75166, 
    80418, 
    83064
   ], 
   [
    54364, 
    65233, 
    54893, 
    72927, 
    0, 
    55300, 
    1117, 
    81761, 
    85018, 
    58516
   ], 
   [
    97352, 
    67350, 
    70810, 
    92712, 
    55300, 
    0, 
    47647, 
    57539, 
    62791, 
    77731
   ], 
   [
    34661, 
    4659, 
    8119, 
    30020, 
    1117, 
    47647, 
    0, 
    29695, 
    100, 
    52939
   ], 
   [
    56603, 
    64745, 
    54405, 
    75166, 
    81761, 
    57539, 
    29695, 
    0, 
    71177, 
    87094
   ], 
   [
    61855, 
    90554, 
    80214, 
    80418, 
    85018, 
    62791, 
    100, 
    71177, 
    0, 
    53143
   ], 
   [
    73619, 
    57702, 
    47362, 
    83064, 
    58516, 
    77731, 
    52939, 
    87094, 
    53143, 
    0
   ]
  ], 
  "probability_matrix": [
   [
    0, 
    0.10900468518466579, 
    0.15796804398972256, 
    0.019563695568050488, 
    0.16714947302954639, 
    0.19099396507332222, 
    0.05769233551762965, 
    0.02127181787863508, 
    0.23397615515929573, 
    0.04237982859913215
   ], 
   [
    0.18700185872710245, 
    0, 
    0.056999052669960804, 
    0.1271990976103961, 
    0.14749537326918238, 
    0.12361142818488753, 
    0.08696766491438307, 
    0.18755853053069177, 
    0.005599170372001983, 
    0.07756782372139392
   ], 
   [
    0.20319421216423247, 
    0.09918134410070273, 
    0, 
    0.08532964689427838, 
    0.034495943974066294, 
    0.0757704238490202, 
    0.07207292109975838, 
    0.1747081787079182, 
    0.17709360711564878, 
    0.07815372209437468
   ], 
   [
    0.17423012218973405, 
    0.047268940361273715, 
    0.1755157448794488, 
    0, 
    0.10436482503386743, 
    0.07419124185848262, 
    0.09756280247124546, 
    0.029444593942559615, 
    0.13592886335434448, 
    0.1614928659090437
   ], 
   [
    0.24269735618279797, 
    0.13119448798098035, 
    0.19217257136040292, 
    0.19193794735799982, 
    0, 
    0.06829414646595568, 
    0.020335459909559615, 
    0.005593683380279695, 
    0.043953476190203775, 
    0.10382087117181998
   ], 
   [
    0.043912942737829766, 
    0.24853678598799686, 
    0.12660252525216908, 
    0.1605396791848558, 
    0.21907761990492725, 
    0, 
    0.07104996546515922, 
    0.01042586862317572, 
    0.07352748740887732, 
    0.046327125435008845
   ], 
   [
    0.15043561073048203, 
    0.10019474058715655, 
    0.06125587353027271, 
    0.10865852800839448, 
    0.13065897654492356, 
    0.15565866931179445, 
    0, 
    0.07932706335845369, 
    0.0880891725685943, 
    0.1257213653599284
   ], 
   [
    0.043458457186773984, 
    0.04136909503240752, 
    0.2311503971039928, 
    0.03881295553524391, 
    0.09530908311847577, 
    0.1559118539922117, 
    0.0019523016396633503, 
    0, 
    0.19394869446754084, 
    0.1980871619236901
   ], 
   [
    0.16738977111559883, 
    0.13005193811008828, 
    0.11454110265120178, 
    0.09574058248207334, 
    0.1321069442709007, 
    0.14061505910310326, 
    0.15574554219516806, 
    0.045117872451354374, 
    0, 
    0.018691187620511328
   ], 
   [
    0.13042350974469136, 
    0.13402903901139385, 
    0.16973816208446824, 
    0.10641829507317305, 
    0.03906101509407813, 
    0.16218657629324962, 
    0.06403396156679823, 
    0.10221580597378942, 
    0.09189363515835836, 
    0
   ]
  ]
 }
}