{
 "vehicle_cost_per_km": [
  5, 
  5, 
  5, 
  5, 
  5
 ], 
 "runs": [
  {
   "avg_task_cost_vs_number_of_task": [
    646.5, 
    739.2500000000001, 
    492.8333333333333, 
    539.75, 
    586.2, 
    552.0000000000001, 
    482.85714285714283, 
    422.5, 
    388.1111111111111, 
    367.9, 
    345.8181818181818, 
    318.25000000000006, 
    285.15384615384613, 
    319.10714285714283, 
    294.06666666666666, 
    247.6875, 
    264.2352941176471, 
    235.72222222222223, 
    302.57894736842104, 
    230.75, 
    221.47619047619048, 
    224.4318181818182, 
    208.52173913043478, 
    219.6875, 
    230.86, 
    223.30769230769232, 
    228.11111111111111, 
    212.82142857142858, 
    237.7068965517241, 
    186.08333333333334
   ], 
   "number_of_vehicles": 5
  }
 ], 
 "vehicle_starting_positions": [
  "Amsterdam", 
  "Rotterdam", 
  "Den Haag", 
  "Utrecht", 
  "Eindhoven", 
  "Almere", 
  "Groningen", 
  "Nijmegen", 
  "Breda", 
  "Apeldoorn"
 ], 
 "task_distribution": {
  "distance_matrix": [
   [
    0, 
    90.6, 
    65.2, 
    45.6, 
    137.5, 
    31.9, 
    185.9, 
    132, 
    119.1, 
    90.2
   ], 
   [
    90.6, 
    0, 
    25.4, 
    62.3, 
    110.8, 
    105.6, 
    259.6, 
    112, 
    48.6, 
    129.3
   ], 
   [
    65.2, 
    25.4, 
    0, 
    87.7, 
    136.2, 
    97.1, 
    251.1, 
    137.4, 
    74, 
    154.7
   ], 
   [
    45.6, 
    62.3, 
    87.7, 
    0, 
    91.9, 
    43.3, 
    197.3, 
    86.4, 
    73.5, 
    67
   ], 
   [
    137.5, 
    110.8, 
    136.2, 
    91.9, 
    0, 
    135.2, 
    268.3, 
    70.2, 
    62.2, 
    127.3
   ], 
   [
    31.9, 
    105.6, 
    97.1, 
    43.3, 
    135.2, 
    0, 
    154, 
    129.7, 
    116.8, 
    80.1
   ], 
   [
    185.9, 
    259.6, 
    251.1, 
    197.3, 
    268.3, 
    154, 
    0, 
    198.1, 
    270.8, 
    141
   ], 
   [
    132, 
    112, 
    137.4, 
    86.4, 
    70.2, 
    129.7, 
    198.1, 
    0, 
    96.2, 
    57.1
   ], 
   [
    119.1, 
    48.6, 
    74, 
    73.5, 
    62.2, 
    116.8, 
    270.8, 
    96.2, 
    0, 
    140.5
   ], 
   [
    90.2, 
    129.3, 
    154.7, 
    67, 
    127.3, 
    80.1, 
    141, 
    57.1, 
    140.5, 
    0
   ]
  ], 
  "weight_matrix": [
   [
    0, 
    3, 
    3, 
    3, 
    3, 
    3, 
    3, 
    3, 
    3, 
    3
   ], 
   [
    3, 
    0, 
    3, 
    3, 
    3, 
    3, 
    3, 
    3, 
    3, 
    3
   ], 
   [
    3, 
    3, 
    0, 
    3, 
    3, 
    3, 
    3, 
    3, 
    3, 
    3
   ], 
   [
    3, 
    3, 
    3, 
    0, 
    3, 
    3, 
    3, 
    3, 
    3, 
    3
   ], 
   [
    3, 
    3, 
    3, 
    3, 
    0, 
    3, 
    3, 
    3, 
    3, 
    3
   ], 
   [
    3, 
    3, 
    3, 
    3, 
    3, 
    0, 
    3, 
    3, 
    3, 
    3
   ], 
   [
    3, 
    3, 
    3, 
    3, 
    3, 
    3, 
    0, 
    3, 
    3, 
    3
   ], 
   [
    3, 
    3, 
    3, 
    3, 
    3, 
    3, 
    3, 
    0, 
    3, 
    3
   ], 
   [
    3, 
    3, 
    3, 
    3, 
    3, 
    3, 
    3, 
    3, 
    0, 
    3
   ], 
   [
    3, 
    3, 
    3, 
    3, 
    3, 
    3, 
    3, 
    3, 
    3, 
    0
   ]
  ], 
  "city_names": [
   "Amsterdam", 
   "Rotterdam", 
   "Den Haag", 
   "Utrecht", 
   "Eindhoven", 
   "Almere", 
   "Groningen", 
   "Nijmegen", 
   "Breda", 
   "Apeldoorn"
  ], 
  "reward_matrix": [
   [
    0, 
    73456, 
    83796, 
    91775, 
    54364, 
    97352, 
    34661, 
    56603, 
    61855, 
    73619
   ], 
   [
    73456, 
    0, 
    99999, 
    84977, 
    65233, 
    67350, 
    4659, 
    64745, 
    90554, 
    57702
   ], 
   [
    83796, 
    99999, 
    0, 
    74637, 
    54893, 
    70810, 
    8119, 
    54405, 
    80214, 
    47362
   ], 
   [
    91775, 
    84977, 
    74637, 
    0, 
    72927, 
    92712, 
    30020, 
    75166, 
    80418, 
    83064
   ], 
   [
    54364, 
    65233, 
    54893, 
    72927, 
    0, 
    55300, 
    1117, 
    81761, 
    85018, 
    58516
   ], 
   [
    97352, 
    67350, 
    70810, 
    92712, 
    55300, 
    0, 
    47647, 
    57539, 
    62791, 
    77731
   ], 
   [
    34661, 
    4659, 
    8119, 
    30020, 
    1117, 
    47647, 
    0, 
    29695, 
    100, 
    52939
   ], 
   [
    56603, 
    64745, 
    54405, 
    75166, 
    81761, 
    57539, 
    29695, 
    0, 
    71177, 
    87094
   ], 
   [
    61855, 
    90554, 
    80214, 
    80418, 
    85018, 
    62791, 
    100, 
    71177, 
    0, 
    53143
   ], 
   [
    73619, 
    57702, 
    47362, 
    83064, 
    58516, 
    77731, 
    52939, 
    87094, 
    53143, 
    0
   ]
  ], 
  "probability_matrix": [
   [
    0, 
    0.10636496729432426, 
    0.09798037595206649, 
    0.30224212442468273, 
    0.019051888996175728, 
    0.10217705978812422, 
    0.020048565435855918, 
    0.12390796675828353, 
    0.038753002372177804, 
    0.1894740489783093
   ], 
   [
    0.18316782484314634, 
    0, 
    0.03105133435000895, 
    0.2077815940168017, 
    0.17320900380021473, 
    0.10238799262555782, 
    0.033813849931374984, 
    0.13985529694375307, 
    0.04654269349464626, 
    0.08219040999449623
   ], 
   [
    0.15787954642748075, 
    0.1548752053185527, 
    0, 
    0.04226805336842148, 
    0.05519853162368984, 
    0.08794147101900333, 
    0.12162259916941948, 
    0.14992725467266027, 
    0.14455339494875896, 
    0.08573394345201293
   ], 
   [
    0.03409377275139566, 
    0.07713589382740416, 
    0.18165383008429778, 
    0, 
    0.10997987978340161, 
    0.1693874816280462, 
    0.07946989154987374, 
    0.1264299804248301, 
    0.00846395906014849, 
    0.21338531089060225
   ], 
   [
    0.03414151250199957, 
    0.14437233079055073, 
    0.14512372442717184, 
    0.09722755627795006, 
    0, 
    0.11622309305842343, 
    0.1270129808936836, 
    0.03381891338269505, 
    0.15226202108489217, 
    0.14981786758263355
   ], 
   [
    0.029594332293035378, 
    0.16682068177281098, 
    0.16572776913955134, 
    0.1670774390745619, 
    0.05485430644861047, 
    0, 
    0.1500264080689762, 
    0.014852423583950908, 
    0.1161783405227106, 
    0.1348682990957922
   ], 
   [
    0.1419914763744497, 
    0.12372730487109723, 
    0.010700163981559829, 
    0.048054590980235706, 
    0.17818089192730022, 
    0.1354835027199342, 
    0, 
    0.09294261416285192, 
    0.0866904399792283, 
    0.18222901500334282
   ], 
   [
    0.08144014565397283, 
    0.19779519674925228, 
    0.17991453636845423, 
    0.13864578588042184, 
    0.06494995680405592, 
    0.03323274526658794, 
    0.10894086635947363, 
    0, 
    0.14677379404035223, 
    0.04830697287742906
   ], 
   [
    0.07895214421526274, 
    0.0899424400579236, 
    0.11548277374500704, 
    0.18142359736105199, 
    0.06350612205013748, 
    0.07835576750593443, 
    0.049177899355261734, 
    0.15110592742428705, 
    0, 
    0.19205332828513405
   ], 
   [
    0.07346412833671596, 
    0.07353680847152193, 
    0.1607891230344664, 
    0.2278792268671458, 
    0.08417017228411107, 
    0.12479221437679375, 
    0.0771479809197358, 
    0.16522030630932058, 
    0.013000039400188759, 
    0
   ]
  ]
 }, 
 "vehicle_capacities": [
  25, 
  30, 
  30, 
  30, 
  30, 
  30, 
  30, 
  30, 
  30, 
  30
 ]
}