{
 "vehicle_cost_per_km": [
  5, 
  5, 
  5, 
  5, 
  5
 ], 
 "runs": [
  {
   "avg_task_cost_vs_number_of_task": [
    1038.5, 
    904.5, 
    698.1666666666666, 
    550.8749999999999, 
    536.9000000000001, 
    626.5000000000001, 
    537.0000000000001, 
    469.87500000000006, 
    417.66666666666674, 
    402.15, 
    372.6818181818182, 
    337.00000000000006, 
    315.03846153846155, 
    326.07142857142856, 
    293.6000000000001, 
    275.25000000000006, 
    299.8235294117647, 
    281.11111111111114, 
    264.1315789473685, 
    272.1, 
    267.2857142857143, 
    245.43181818181813, 
    236.36956521739123, 
    234.68750000000003, 
    265.78, 
    231.78846153846146, 
    253.83333333333334, 
    234.82142857142853, 
    209.94827586206895, 
    258.81666666666666
   ], 
   "number_of_vehicles": 2
  }, 
  {
   "avg_task_cost_vs_number_of_task": [
    1038.5, 
    904.5, 
    698.1666666666666, 
    550.8749999999999, 
    536.9000000000001, 
    626.5000000000001, 
    537.0000000000001, 
    469.87500000000006, 
    430.3888888888889, 
    417.6, 
    367.6363636363637, 
    381.91666666666674, 
    330.6153846153847, 
    319.25, 
    338.56666666666666, 
    311.46875000000006, 
    305.00000000000006, 
    271.19444444444446, 
    282.7368421052632, 
    259.825, 
    270.0714285714286, 
    254.3409090909091, 
    231.15217391304347, 
    265.3333333333333, 
    237.85999999999993, 
    237.8653846153846, 
    232.66666666666666, 
    242.12500000000003, 
    221.1551724137931, 
    213.43333333333337
   ], 
   "number_of_vehicles": 3
  }, 
  {
   "avg_task_cost_vs_number_of_task": [
    1038.5, 
    884.25, 
    589.5, 
    481.99999999999994, 
    502.4, 
    615.9166666666666, 
    527.9285714285713, 
    471.1875, 
    417.66666666666674, 
    404.40000000000003, 
    379.6363636363636, 
    367.625, 
    367.15384615384613, 
    339, 
    304.90000000000003, 
    337, 
    330.70588235294116, 
    304.5833333333333, 
    292.5, 
    264.425, 
    254.64285714285714, 
    252.5909090909091, 
    257.2173913043478, 
    255.20833333333337, 
    246.87999999999997, 
    265.75, 
    223.66666666666666, 
    237.73214285714286, 
    246.5172413793104, 
    222.88333333333335
   ], 
   "number_of_vehicles": 4
  }, 
  {
   "avg_task_cost_vs_number_of_task": [
    1038.5, 
    884.25, 
    589.5, 
    481.99999999999994, 
    489.5, 
    615.9166666666666, 
    527.9285714285713, 
    479.7500000000001, 
    417.66666666666674, 
    417.6, 
    397.59090909090907, 
    395.5, 
    337.923076923077, 
    325.67857142857144, 
    330.6333333333333, 
    295.5625, 
    298.6470588235294, 
    289.6944444444444, 
    239.23684210526315, 
    289.1, 
    260.5952380952381, 
    252.5909090909091, 
    248.58695652173913, 
    238.14583333333334, 
    234.65999999999994, 
    247.01923076923077, 
    255.5, 
    200.46428571428572, 
    234.24137931034483, 
    205.73333333333338
   ], 
   "number_of_vehicles": 5
  }
 ], 
 "vehicle_starting_positions": [
  "Nijmegen", 
  "Amsterdam", 
  "Almere", 
  "Den Haag", 
  "Apeldoorn", 
  "Breda", 
  "Eindhoven", 
  "Utrecht", 
  "Groningen", 
  "Rotterdam"
 ], 
 "task_distribution": {
  "distance_matrix": [
   [
    0, 
    90.6, 
    65.2, 
    45.6, 
    137.5, 
    31.9, 
    185.9, 
    132, 
    119.1, 
    90.2
   ], 
   [
    90.6, 
    0, 
    25.4, 
    62.3, 
    110.8, 
    105.6, 
    259.6, 
    112, 
    48.6, 
    129.3
   ], 
   [
    65.2, 
    25.4, 
    0, 
    87.7, 
    136.2, 
    97.1, 
    251.1, 
    137.4, 
    74, 
    154.7
   ], 
   [
    45.6, 
    62.3, 
    87.7, 
    0, 
    91.9, 
    43.3, 
    197.3, 
    86.4, 
    73.5, 
    67
   ], 
   [
    137.5, 
    110.8, 
    136.2, 
    91.9, 
    0, 
    135.2, 
    268.3, 
    70.2, 
    62.2, 
    127.3
   ], 
   [
    31.9, 
    105.6, 
    97.1, 
    43.3, 
    135.2, 
    0, 
    154, 
    129.7, 
    116.8, 
    80.1
   ], 
   [
    185.9, 
    259.6, 
    251.1, 
    197.3, 
    268.3, 
    154, 
    0, 
    198.1, 
    270.8, 
    141
   ], 
   [
    132, 
    112, 
    137.4, 
    86.4, 
    70.2, 
    129.7, 
    198.1, 
    0, 
    96.2, 
    57.1
   ], 
   [
    119.1, 
    48.6, 
    74, 
    73.5, 
    62.2, 
    116.8, 
    270.8, 
    96.2, 
    0, 
    140.5
   ], 
   [
    90.2, 
    129.3, 
    154.7, 
    67, 
    127.3, 
    80.1, 
    141, 
    57.1, 
    140.5, 
    0
   ]
  ], 
  "weight_matrix": [
   [
    0, 
    3, 
    3, 
    3, 
    3, 
    3, 
    3, 
    3, 
    3, 
    3
   ], 
   [
    3, 
    0, 
    3, 
    3, 
    3, 
    3, 
    3, 
    3, 
    3, 
    3
   ], 
   [
    3, 
    3, 
    0, 
    3, 
    3, 
    3, 
    3, 
    3, 
    3, 
    3
   ], 
   [
    3, 
    3, 
    3, 
    0, 
    3, 
    3, 
    3, 
    3, 
    3, 
    3
   ], 
   [
    3, 
    3, 
    3, 
    3, 
    0, 
    3, 
    3, 
    3, 
    3, 
    3
   ], 
   [
    3, 
    3, 
    3, 
    3, 
    3, 
    0, 
    3, 
    3, 
    3, 
    3
   ], 
   [
    3, 
    3, 
    3, 
    3, 
    3, 
    3, 
    0, 
    3, 
    3, 
    3
   ], 
   [
    3, 
    3, 
    3, 
    3, 
    3, 
    3, 
    3, 
    0, 
    3, 
    3
   ], 
   [
    3, 
    3, 
    3, 
    3, 
    3, 
    3, 
    3, 
    3, 
    0, 
    3
   ], 
   [
    3, 
    3, 
    3, 
    3, 
    3, 
    3, 
    3, 
    3, 
    3, 
    0
   ]
  ], 
  "city_names": [
   "Amsterdam", 
   "Rotterdam", 
   "Den Haag", 
   "Utrecht", 
   "Eindhoven", 
   "Almere", 
   "Groningen", 
   "Nijmegen", 
   "Breda", 
   "Apeldoorn"
  ], 
  "reward_matrix": [
   [
    0, 
    73456, 
    83796, 
    91775, 
    54364, 
    97352, 
    34661, 
    56603, 
    61855, 
    73619
   ], 
   [
    73456, 
    0, 
    99999, 
    84977, 
    65233, 
    67350, 
    4659, 
    64745, 
    90554, 
    57702
   ], 
   [
    83796, 
    99999, 
    0, 
    74637, 
    54893, 
    70810, 
    8119, 
    54405, 
    80214, 
    47362
   ], 
   [
    91775, 
    84977, 
    74637, 
    0, 
    72927, 
    92712, 
    30020, 
    75166, 
    80418, 
    83064
   ], 
   [
    54364, 
    65233, 
    54893, 
    72927, 
    0, 
    55300, 
    1117, 
    81761, 
    85018, 
    58516
   ], 
   [
    97352, 
    67350, 
    70810, 
    92712, 
    55300, 
    0, 
    47647, 
    57539, 
    62791, 
    77731
   ], 
   [
    34661, 
    4659, 
    8119, 
    30020, 
    1117, 
    47647, 
    0, 
    29695, 
    100, 
    52939
   ], 
   [
    56603, 
    64745, 
    54405, 
    75166, 
    81761, 
    57539, 
    29695, 
    0, 
    71177, 
    87094
   ], 
   [
    61855, 
    90554, 
    80214, 
    80418, 
    85018, 
    62791, 
    100, 
    71177, 
    0, 
    53143
   ], 
   [
    73619, 
    57702, 
    47362, 
    83064, 
    58516, 
    77731, 
    52939, 
    87094, 
    53143, 
    0
   ]
  ], 
  "probability_matrix": [
   [
    0, 
    0.12917217730977973, 
    0.022009463738383958, 
    0.04962723822368792, 
    0.06268107646652964, 
    0.24853489308887747, 
    0.11779731242628674, 
    0.0309406474189046, 
    0.16224913175722983, 
    0.17698805957032004
   ], 
   [
    0.15816928276859557, 
    0, 
    0.05093267240227964, 
    0.06647248385057836, 
    0.11788289169967356, 
    0.13659951514188098, 
    0.07204383072689559, 
    0.15040516021746764, 
    0.10427724631767576, 
    0.14321691687495305
   ], 
   [
    0.16796949030792727, 
    0.1628084733084277, 
    0, 
    0.11138127867529046, 
    0.12905893251521955, 
    0.12086298896707665, 
    0.07492411648070156, 
    0.01922344548133075, 
    0.11450842834113369, 
    0.09926284592289242
   ], 
   [
    0.2144476612489557, 
    0.16762423676457427, 
    0.21335287528687225, 
    0, 
    0.03629333154881673, 
    0.08124216194835683, 
    0.1853536903866956, 
    0.0864933177635038, 
    0.013602408505955376, 
    0.0015903165462694286
   ], 
   [
    0.09216098162034113, 
    0.04817838515076082, 
    0.11872984205790614, 
    0.19368243528650783, 
    0, 
    0.16388440783391364, 
    0.07069408138883913, 
    0.16850439619329524, 
    0.14321305046480176, 
    0.0009524200036342484
   ], 
   [
    0.24262893780540676, 
    0.0522711536054708, 
    0.11596349856325072, 
    0.062102041590801, 
    0.11683440135761744, 
    0, 
    0.07565814641693622, 
    0.25158040108240676, 
    0.027041500922072356, 
    0.05591991865603784
   ], 
   [
    0.14437644137755795, 
    0.10023111005138984, 
    0.03401617142820354, 
    0.06620558595950213, 
    0.03498506302833401, 
    0.19564840699058636, 
    0, 
    0.2709430728066046, 
    0.13208888864745785, 
    0.02150525971036367
   ], 
   [
    0.03741603250027288, 
    0.018508426032922465, 
    0.24226255491652177, 
    0.2397266846227658, 
    0.1861262583827356, 
    0.03112947540667553, 
    0.12159378503704675, 
    0, 
    0.03525280924234821, 
    0.08798397385871116
   ], 
   [
    0.19867358613013, 
    0.046243321809809876, 
    0.03486860671882662, 
    0.1834829062159957, 
    0.0759493937328424, 
    0.022926510155977953, 
    0.07245098431836679, 
    0.2785088293949788, 
    0, 
    0.0868958615230718
   ], 
   [
    0.24791731974130204, 
    0.2338523775533245, 
    0.09857270186311402, 
    0.03802547907441368, 
    0.06496418371361734, 
    0.10042374809272846, 
    0.038639347920975946, 
    0.0014216481287629363, 
    0.17618319391176107, 
    0
   ]
  ]
 }, 
 "vehicle_capacities": [
  30, 
  30, 
  30, 
  30, 
  30
 ]
}