{
 "distance_matrix": [
  [
   0, 
   90.6, 
   65.2, 
   45.6, 
   137.5, 
   31.9, 
   185.9, 
   132, 
   119.1, 
   90.2
  ], 
  [
   90.6, 
   0, 
   25.4, 
   62.3, 
   110.8, 
   105.6, 
   259.6, 
   112, 
   48.6, 
   129.3
  ], 
  [
   65.2, 
   25.4, 
   0, 
   87.7, 
   136.2, 
   97.1, 
   251.1, 
   137.4, 
   74, 
   154.7
  ], 
  [
   45.6, 
   62.3, 
   87.7, 
   0, 
   91.9, 
   43.3, 
   197.3, 
   86.4, 
   73.5, 
   67
  ], 
  [
   137.5, 
   110.8, 
   136.2, 
   91.9, 
   0, 
   135.2, 
   268.3, 
   70.2, 
   62.2, 
   127.3
  ], 
  [
   31.9, 
   105.6, 
   97.1, 
   43.3, 
   135.2, 
   0, 
   154, 
   129.7, 
   116.8, 
   80.1
  ], 
  [
   185.9, 
   259.6, 
   251.1, 
   197.3, 
   268.3, 
   154, 
   0, 
   198.1, 
   270.8, 
   141
  ], 
  [
   132, 
   112, 
   137.4, 
   86.4, 
   70.2, 
   129.7, 
   198.1, 
   0, 
   96.2, 
   57.1
  ], 
  [
   119.1, 
   48.6, 
   74, 
   73.5, 
   62.2, 
   116.8, 
   270.8, 
   96.2, 
   0, 
   140.5
  ], 
  [
   90.2, 
   129.3, 
   154.7, 
   67, 
   127.3, 
   80.1, 
   141, 
   57.1, 
   140.5, 
   0
  ]
 ], 
 "runs": [
  {
   "avg_task_cost_vs_number_of_task": [
    1011, 
    543.75, 
    399.8333333333333, 
    299.875, 
    269.5, 
    339.1666666666667, 
    336.35714285714283, 
    294.3125, 
    261.6111111111111, 
    269.04999999999995, 
    260.8636363636364, 
    341.58333333333326, 
    299.9230769230769, 
    315.10714285714295, 
    294.1000000000001, 
    282.53125000000006, 
    290.6470588235294, 
    243.94444444444446, 
    241.21052631578948, 
    239.45, 
    238.90476190476187, 
    244.6363636363636, 
    208.52173913043478, 
    214.45833333333334, 
    232.80000000000007, 
    227.6153846153846, 
    232.14814814814818, 
    220.5, 
    223.22413793103448, 
    224.93333333333337
   ], 
   "number_of_vehicles": 2
  }, 
  {
   "avg_task_cost_vs_number_of_task": [
    1011, 
    543.75, 
    399.8333333333333, 
    299.875, 
    269.5, 
    293.9166666666667, 
    335.64285714285717, 
    294.3125, 
    261.6111111111111, 
    294.79999999999995, 
    231.59090909090904, 
    337.91666666666663, 
    327.99999999999994, 
    315.14285714285705, 
    259.93333333333334, 
    276.1875, 
    238.73529411764707, 
    269.05555555555554, 
    261.44736842105266, 
    259.25, 
    251.5238095238095, 
    242.43181818181813, 
    233.41304347826082, 
    250.91666666666663, 
    230.9, 
    226.0000000000001, 
    275.7592592592593, 
    204.75, 
    224.8965517241379, 
    228.1333333333333
   ], 
   "number_of_vehicles": 3
  }, 
  {
   "avg_task_cost_vs_number_of_task": [
    1011, 
    543.75, 
    399.8333333333333, 
    299.875, 
    269.5, 
    293.9166666666667, 
    298.5, 
    294.3125, 
    283.0555555555555, 
    254.74999999999994, 
    243.13636363636363, 
    306.6666666666667, 
    271.8461538461538, 
    269.60714285714283, 
    233.13333333333333, 
    267.875, 
    244.05882352941177, 
    224.77777777777777, 
    191.3684210526316, 
    248.825, 
    226.547619047619, 
    240.75, 
    232.19565217391303, 
    221.74999999999997, 
    226.42, 
    230.90384615384616, 
    219.5, 
    249.23214285714286, 
    210.55172413793105, 
    233.7666666666666
   ], 
   "number_of_vehicles": 4
  }, 
  {
   "avg_task_cost_vs_number_of_task": [
    945.5, 
    511, 
    378, 
    283.5, 
    256.4, 
    326.3333333333333, 
    326.2857142857143, 
    277.0625, 
    261.6111111111111, 
    294.79999999999995, 
    253.86363636363632, 
    302.3333333333333, 
    280.30769230769226, 
    263.2142857142857, 
    255.89999999999998, 
    218.84375000000003, 
    232.41176470588235, 
    199.02777777777777, 
    231.5, 
    257.15, 
    250.0952380952381, 
    225.22727272727272, 
    244.3695652173913, 
    204.04166666666663, 
    222.32, 
    242.23076923076925, 
    217.96296296296296, 
    252.03571428571428, 
    219.91379310344828, 
    232.86666666666667
   ], 
   "number_of_vehicles": 5
  }
 ], 
 "vehicle_starting_positions": [
  "Den Haag", 
  "Eindhoven", 
  "Almere", 
  "Groningen", 
  "Apeldoorn", 
  "Amsterdam", 
  "Nijmegen", 
  "Rotterdam", 
  "Utrecht", 
  "Breda"
 ], 
 "task_distribution": {
  "weight_matrix": [
   [
    0, 
    3, 
    3, 
    3, 
    3, 
    3, 
    3, 
    3, 
    3, 
    3
   ], 
   [
    3, 
    0, 
    3, 
    3, 
    3, 
    3, 
    3, 
    3, 
    3, 
    3
   ], 
   [
    3, 
    3, 
    0, 
    3, 
    3, 
    3, 
    3, 
    3, 
    3, 
    3
   ], 
   [
    3, 
    3, 
    3, 
    0, 
    3, 
    3, 
    3, 
    3, 
    3, 
    3
   ], 
   [
    3, 
    3, 
    3, 
    3, 
    0, 
    3, 
    3, 
    3, 
    3, 
    3
   ], 
   [
    3, 
    3, 
    3, 
    3, 
    3, 
    0, 
    3, 
    3, 
    3, 
    3
   ], 
   [
    3, 
    3, 
    3, 
    3, 
    3, 
    3, 
    0, 
    3, 
    3, 
    3
   ], 
   [
    3, 
    3, 
    3, 
    3, 
    3, 
    3, 
    3, 
    0, 
    3, 
    3
   ], 
   [
    3, 
    3, 
    3, 
    3, 
    3, 
    3, 
    3, 
    3, 
    0, 
    3
   ], 
   [
    3, 
    3, 
    3, 
    3, 
    3, 
    3, 
    3, 
    3, 
    3, 
    0
   ]
  ], 
  "city_names": [
   "Amsterdam", 
   "Rotterdam", 
   "Den Haag", 
   "Utrecht", 
   "Eindhoven", 
   "Almere", 
   "Groningen", 
   "Nijmegen", 
   "Breda", 
   "Apeldoorn"
  ], 
  "reward_matrix": [
   [
    0, 
    73456, 
    83796, 
    91775, 
    54364, 
    97352, 
    34661, 
    56603, 
    61855, 
    73619
   ], 
   [
    73456, 
    0, 
    99999, 
    84977, 
    65233, 
    67350, 
    4659, 
    64745, 
    90554, 
    57702
   ], 
   [
    83796, 
    99999, 
    0, 
    74637, 
    54893, 
    70810, 
    8119, 
    54405, 
    80214, 
    47362
   ], 
   [
    91775, 
    84977, 
    74637, 
    0, 
    72927, 
    92712, 
    30020, 
    75166, 
    80418, 
    83064
   ], 
   [
    54364, 
    65233, 
    54893, 
    72927, 
    0, 
    55300, 
    1117, 
    81761, 
    85018, 
    58516
   ], 
   [
    97352, 
    67350, 
    70810, 
    92712, 
    55300, 
    0, 
    47647, 
    57539, 
    62791, 
    77731
   ], 
   [
    34661, 
    4659, 
    8119, 
    30020, 
    1117, 
    47647, 
    0, 
    29695, 
    100, 
    52939
   ], 
   [
    56603, 
    64745, 
    54405, 
    75166, 
    81761, 
    57539, 
    29695, 
    0, 
    71177, 
    87094
   ], 
   [
    61855, 
    90554, 
    80214, 
    80418, 
    85018, 
    62791, 
    100, 
    71177, 
    0, 
    53143
   ], 
   [
    73619, 
    57702, 
    47362, 
    83064, 
    58516, 
    77731, 
    52939, 
    87094, 
    53143, 
    0
   ]
  ], 
  "probability_matrix": [
   [
    0, 
    0.1679044338803181, 
    0.20608584743335434, 
    0.10014325126348624, 
    0.03331873720398329, 
    0.08588713148576885, 
    0.05912795530017291, 
    0.11500841801025559, 
    0.11224532676816182, 
    0.12027889865449894
   ], 
   [
    0.17942994003971113, 
    0, 
    0.13283304701345805, 
    0.10571786931779593, 
    0.10824030456242117, 
    0.15658280756126097, 
    0.012704321805300844, 
    0.10871629162729984, 
    0.07096976998453183, 
    0.1248056480882202
   ], 
   [
    0.11910686873634041, 
    0.11297259647984156, 
    0, 
    0.13739876423219813, 
    0.1518857184032296, 
    0.0017642279633734196, 
    0.15381064639142558, 
    0.06917767102898112, 
    0.09557442549789552, 
    0.15830908126671475
   ], 
   [
    0.19416143952657222, 
    0.07064475099286403, 
    0.02063781951900592, 
    0, 
    0.2256605566207554, 
    0.08172573525993575, 
    0.020591150819619045, 
    0.08557287684440734, 
    0.1802403359515695, 
    0.12076533446527082
   ], 
   [
    0.2221762996847059, 
    0.17907471816374582, 
    0.18610721397232644, 
    0.19278825561679958, 
    0, 
    0.0391038181006967, 
    0.06007731934688227, 
    0.030592513346522233, 
    0.07691771293077579, 
    0.013162148837545073
   ], 
   [
    0.10105011953987446, 
    0.17043841786936, 
    0.15640409575450787, 
    0.07456803395723408, 
    0.17725859132160013, 
    0, 
    0.10293977991162769, 
    0.03133396766898733, 
    0.015635493628602507, 
    0.17037150034820595
   ], 
   [
    0.14831677823405903, 
    0.1177328224809224, 
    0.10419087185774027, 
    0.16474851964065565, 
    0.06854181312926695, 
    0.12335364207459275, 
    0, 
    0.10400698164260527, 
    0.04776379030477029, 
    0.12134478063538738
   ], 
   [
    0.1808216298968276, 
    0.16062438959602138, 
    0.06984671906314151, 
    0.15090974045511096, 
    0.0023573909109842854, 
    0.04405722762147119, 
    0.14914215085218732, 
    0, 
    0.06267399015712943, 
    0.17956676144712633
   ], 
   [
    0.041900223527197744, 
    0.19972604058110358, 
    0.19700549510909846, 
    0.07132726710965005, 
    0.12268769910377693, 
    0.11022478801690219, 
    0.032783168855196755, 
    0.07277906866620494, 
    0, 
    0.15156624903086918
   ], 
   [
    0.14624483383939213, 
    0.09778767986011133, 
    0.16478639737034265, 
    0.031797546270167155, 
    0.1770957797280574, 
    0.0940612046223921, 
    0.019748104280803296, 
    0.22396645146508967, 
    0.04451200256364431, 
    0
   ]
  ]
 }
}