{
 "vehicle_cost_per_km": [
  5, 
  5, 
  5, 
  5, 
  5
 ], 
 "runs": [
  {
   "avg_task_cost_vs_number_of_task": [
    2185, 
    1298.5, 
    974.3333333333334, 
    833.75, 
    676.5000000000001, 
    600.25, 
    546.2142857142857, 
    488.93750000000006, 
    477.94444444444446, 
    417.6, 
    379.6363636363636, 
    382.66666666666674, 
    318.80769230769226, 
    370.5357142857143, 
    294.56666666666666, 
    477.78125, 
    330.8529411764706, 
    305.30555555555554, 
    414.10526315789474, 
    351.45, 
    313.5952380952381, 
    279.49999999999994, 
    250.26086956521735, 
    314.25, 
    351.0999999999999, 
    271.76923076923083, 
    293.4074074074074, 
    275.74999999999994, 
    269.0689655172414, 
    218.31666666666666
   ], 
   "number_of_vehicles": 5
  }
 ], 
 "vehicle_starting_positions": [
  "Amsterdam", 
  "Rotterdam", 
  "Den Haag", 
  "Utrecht", 
  "Eindhoven", 
  "Almere", 
  "Groningen", 
  "Nijmegen", 
  "Breda", 
  "Apeldoorn"
 ], 
 "task_distribution": {
  "distance_matrix": [
   [
    0, 
    90.6, 
    65.2, 
    45.6, 
    137.5, 
    31.9, 
    185.9, 
    132, 
    119.1, 
    90.2
   ], 
   [
    90.6, 
    0, 
    25.4, 
    62.3, 
    110.8, 
    105.6, 
    259.6, 
    112, 
    48.6, 
    129.3
   ], 
   [
    65.2, 
    25.4, 
    0, 
    87.7, 
    136.2, 
    97.1, 
    251.1, 
    137.4, 
    74, 
    154.7
   ], 
   [
    45.6, 
    62.3, 
    87.7, 
    0, 
    91.9, 
    43.3, 
    197.3, 
    86.4, 
    73.5, 
    67
   ], 
   [
    137.5, 
    110.8, 
    136.2, 
    91.9, 
    0, 
    135.2, 
    268.3, 
    70.2, 
    62.2, 
    127.3
   ], 
   [
    31.9, 
    105.6, 
    97.1, 
    43.3, 
    135.2, 
    0, 
    154, 
    129.7, 
    116.8, 
    80.1
   ], 
   [
    185.9, 
    259.6, 
    251.1, 
    197.3, 
    268.3, 
    154, 
    0, 
    198.1, 
    270.8, 
    141
   ], 
   [
    132, 
    112, 
    137.4, 
    86.4, 
    70.2, 
    129.7, 
    198.1, 
    0, 
    96.2, 
    57.1
   ], 
   [
    119.1, 
    48.6, 
    74, 
    73.5, 
    62.2, 
    116.8, 
    270.8, 
    96.2, 
    0, 
    140.5
   ], 
   [
    90.2, 
    129.3, 
    154.7, 
    67, 
    127.3, 
    80.1, 
    141, 
    57.1, 
    140.5, 
    0
   ]
  ], 
  "weight_matrix": [
   [
    0, 
    3, 
    3, 
    3, 
    3, 
    3, 
    3, 
    3, 
    3, 
    3
   ], 
   [
    3, 
    0, 
    3, 
    3, 
    3, 
    3, 
    3, 
    3, 
    3, 
    3
   ], 
   [
    3, 
    3, 
    0, 
    3, 
    3, 
    3, 
    3, 
    3, 
    3, 
    3
   ], 
   [
    3, 
    3, 
    3, 
    0, 
    3, 
    3, 
    3, 
    3, 
    3, 
    3
   ], 
   [
    3, 
    3, 
    3, 
    3, 
    0, 
    3, 
    3, 
    3, 
    3, 
    3
   ], 
   [
    3, 
    3, 
    3, 
    3, 
    3, 
    0, 
    3, 
    3, 
    3, 
    3
   ], 
   [
    3, 
    3, 
    3, 
    3, 
    3, 
    3, 
    0, 
    3, 
    3, 
    3
   ], 
   [
    3, 
    3, 
    3, 
    3, 
    3, 
    3, 
    3, 
    0, 
    3, 
    3
   ], 
   [
    3, 
    3, 
    3, 
    3, 
    3, 
    3, 
    3, 
    3, 
    0, 
    3
   ], 
   [
    3, 
    3, 
    3, 
    3, 
    3, 
    3, 
    3, 
    3, 
    3, 
    0
   ]
  ], 
  "city_names": [
   "Amsterdam", 
   "Rotterdam", 
   "Den Haag", 
   "Utrecht", 
   "Eindhoven", 
   "Almere", 
   "Groningen", 
   "Nijmegen", 
   "Breda", 
   "Apeldoorn"
  ], 
  "reward_matrix": [
   [
    0, 
    73456, 
    83796, 
    91775, 
    54364, 
    97352, 
    34661, 
    56603, 
    61855, 
    73619
   ], 
   [
    73456, 
    0, 
    99999, 
    84977, 
    65233, 
    67350, 
    4659, 
    64745, 
    90554, 
    57702
   ], 
   [
    83796, 
    99999, 
    0, 
    74637, 
    54893, 
    70810, 
    8119, 
    54405, 
    80214, 
    47362
   ], 
   [
    91775, 
    84977, 
    74637, 
    0, 
    72927, 
    92712, 
    30020, 
    75166, 
    80418, 
    83064
   ], 
   [
    54364, 
    65233, 
    54893, 
    72927, 
    0, 
    55300, 
    1117, 
    81761, 
    85018, 
    58516
   ], 
   [
    97352, 
    67350, 
    70810, 
    92712, 
    55300, 
    0, 
    47647, 
    57539, 
    62791, 
    77731
   ], 
   [
    34661, 
    4659, 
    8119, 
    30020, 
    1117, 
    47647, 
    0, 
    29695, 
    100, 
    52939
   ], 
   [
    56603, 
    64745, 
    54405, 
    75166, 
    81761, 
    57539, 
    29695, 
    0, 
    71177, 
    87094
   ], 
   [
    61855, 
    90554, 
    80214, 
    80418, 
    85018, 
    62791, 
    100, 
    71177, 
    0, 
    53143
   ], 
   [
    73619, 
    57702, 
    47362, 
    83064, 
    58516, 
    77731, 
    52939, 
    87094, 
    53143, 
    0
   ]
  ], 
  "probability_matrix": [
   [
    0, 
    0.01115556431508211, 
    0.17731383921532726, 
    0.13639663515922107, 
    0.048474371112139605, 
    0.09950531601518663, 
    0.03612803654721584, 
    0.2339562783493501, 
    0.08989173880108649, 
    0.16717822048539085
   ], 
   [
    0.24301493761492463, 
    0, 
    0.19514886529568068, 
    0.1396464609104462, 
    0.1615049032426503, 
    0.06767327822049203, 
    0.0096733585860335, 
    0.0252840098317122, 
    0.007086906410625021, 
    0.15096727988743555
   ], 
   [
    0.18730317381239267, 
    0.07249532185321422, 
    0, 
    0.12053818180111806, 
    0.18767694566665855, 
    0.0509165498376369, 
    0.08593334878867522, 
    0.1760106915998203, 
    0.03091094105727423, 
    0.08821484558320991
   ], 
   [
    0.026530588886087343, 
    0.11232596952831408, 
    0.006860399912167657, 
    0, 
    0.17195166568065073, 
    0.17958302608197824, 
    0.15144539131386348, 
    0.07704260390834129, 
    0.13400128346747112, 
    0.1402590712211263
   ], 
   [
    0.15942613853335444, 
    0.0242179920477335, 
    0.13577836636627025, 
    0.12978350535979186, 
    0, 
    0.010162782722467652, 
    0.14166992185010907, 
    0.10591053951243268, 
    0.12988201916250647, 
    0.16316873444533408
   ], 
   [
    0.19385249894680395, 
    0.014652451754673567, 
    0.03979105334879089, 
    0.2846295543422537, 
    0.18522199368373354, 
    0, 
    0.02160828607436603, 
    0.12488935504473643, 
    0.02769004058388243, 
    0.10766476622075953
   ], 
   [
    0.14470733370049932, 
    0.14833976423793707, 
    0.09898315326450804, 
    0.07318463057685555, 
    0.02585586888460279, 
    0.11023325515933717, 
    0, 
    0.151523436026087, 
    0.11033182960556356, 
    0.1368407285446094
   ], 
   [
    0.1433071070960354, 
    0.17414883043908483, 
    0.08605625139133245, 
    0.10790402775527252, 
    0.11540944796583863, 
    0.0014653075580053191, 
    0.02262093053220711, 
    0, 
    0.13854758630877756, 
    0.21054051095344628
   ], 
   [
    0.14801689549424898, 
    0.08172634648345144, 
    0.014959218932767382, 
    0.2445483853621257, 
    0.017202253626889905, 
    0.07061973658715243, 
    0.2349528527193957, 
    0.08611638948104926, 
    0, 
    0.10185792131291928
   ], 
   [
    0.22150379629865108, 
    0.12156067768365883, 
    0.1828369550174681, 
    0.04344489166051124, 
    0.033884143152233405, 
    0.040077185713438254, 
    0.008703005753844665, 
    0.10887721409934208, 
    0.23911213062085243, 
    0
   ]
  ]
 }, 
 "vehicle_capacities": [
  10, 
  15, 
  25, 
  25, 
  25, 
  30, 
  30, 
  30, 
  30, 
  30
 ]
}