{
 "vehicle_cost_per_km": [
  5, 
  5, 
  5, 
  5, 
  5
 ], 
 "runs": [
  {
   "avg_task_cost_vs_number_of_task": [
    554, 
    503.5, 
    487.99999999999994, 
    385.125, 
    494, 
    566.5833333333334, 
    488.42857142857144, 
    464.75, 
    431.44444444444446, 
    385.99999999999994, 
    358.1363636363637, 
    387.1666666666667, 
    314.4230769230769, 
    315.39285714285717, 
    341.56666666666666, 
    312.9375, 
    295.61764705882354, 
    294.8888888888889, 
    313.34210526315786, 
    335.45, 
    293.3571428571429, 
    302.40909090909093, 
    288.3478260869565, 
    287.3541666666667, 
    339.06, 
    273.5769230769231, 
    290.18518518518516, 
    256.8214285714286, 
    323.37931034482756, 
    261.73333333333335
   ], 
   "number_of_vehicles": 5
  }
 ], 
 "vehicle_starting_positions": [
  "Amsterdam", 
  "Rotterdam", 
  "Den Haag", 
  "Utrecht", 
  "Eindhoven", 
  "Almere", 
  "Groningen", 
  "Nijmegen", 
  "Breda", 
  "Apeldoorn"
 ], 
 "task_distribution": {
  "distance_matrix": [
   [
    0, 
    90.6, 
    65.2, 
    45.6, 
    137.5, 
    31.9, 
    185.9, 
    132, 
    119.1, 
    90.2
   ], 
   [
    90.6, 
    0, 
    25.4, 
    62.3, 
    110.8, 
    105.6, 
    259.6, 
    112, 
    48.6, 
    129.3
   ], 
   [
    65.2, 
    25.4, 
    0, 
    87.7, 
    136.2, 
    97.1, 
    251.1, 
    137.4, 
    74, 
    154.7
   ], 
   [
    45.6, 
    62.3, 
    87.7, 
    0, 
    91.9, 
    43.3, 
    197.3, 
    86.4, 
    73.5, 
    67
   ], 
   [
    137.5, 
    110.8, 
    136.2, 
    91.9, 
    0, 
    135.2, 
    268.3, 
    70.2, 
    62.2, 
    127.3
   ], 
   [
    31.9, 
    105.6, 
    97.1, 
    43.3, 
    135.2, 
    0, 
    154, 
    129.7, 
    116.8, 
    80.1
   ], 
   [
    185.9, 
    259.6, 
    251.1, 
    197.3, 
    268.3, 
    154, 
    0, 
    198.1, 
    270.8, 
    141
   ], 
   [
    132, 
    112, 
    137.4, 
    86.4, 
    70.2, 
    129.7, 
    198.1, 
    0, 
    96.2, 
    57.1
   ], 
   [
    119.1, 
    48.6, 
    74, 
    73.5, 
    62.2, 
    116.8, 
    270.8, 
    96.2, 
    0, 
    140.5
   ], 
   [
    90.2, 
    129.3, 
    154.7, 
    67, 
    127.3, 
    80.1, 
    141, 
    57.1, 
    140.5, 
    0
   ]
  ], 
  "weight_matrix": [
   [
    0, 
    3, 
    3, 
    3, 
    3, 
    3, 
    3, 
    3, 
    3, 
    3
   ], 
   [
    3, 
    0, 
    3, 
    3, 
    3, 
    3, 
    3, 
    3, 
    3, 
    3
   ], 
   [
    3, 
    3, 
    0, 
    3, 
    3, 
    3, 
    3, 
    3, 
    3, 
    3
   ], 
   [
    3, 
    3, 
    3, 
    0, 
    3, 
    3, 
    3, 
    3, 
    3, 
    3
   ], 
   [
    3, 
    3, 
    3, 
    3, 
    0, 
    3, 
    3, 
    3, 
    3, 
    3
   ], 
   [
    3, 
    3, 
    3, 
    3, 
    3, 
    0, 
    3, 
    3, 
    3, 
    3
   ], 
   [
    3, 
    3, 
    3, 
    3, 
    3, 
    3, 
    0, 
    3, 
    3, 
    3
   ], 
   [
    3, 
    3, 
    3, 
    3, 
    3, 
    3, 
    3, 
    0, 
    3, 
    3
   ], 
   [
    3, 
    3, 
    3, 
    3, 
    3, 
    3, 
    3, 
    3, 
    0, 
    3
   ], 
   [
    3, 
    3, 
    3, 
    3, 
    3, 
    3, 
    3, 
    3, 
    3, 
    0
   ]
  ], 
  "city_names": [
   "Amsterdam", 
   "Rotterdam", 
   "Den Haag", 
   "Utrecht", 
   "Eindhoven", 
   "Almere", 
   "Groningen", 
   "Nijmegen", 
   "Breda", 
   "Apeldoorn"
  ], 
  "reward_matrix": [
   [
    0, 
    73456, 
    83796, 
    91775, 
    54364, 
    97352, 
    34661, 
    56603, 
    61855, 
    73619
   ], 
   [
    73456, 
    0, 
    99999, 
    84977, 
    65233, 
    67350, 
    4659, 
    64745, 
    90554, 
    57702
   ], 
   [
    83796, 
    99999, 
    0, 
    74637, 
    54893, 
    70810, 
    8119, 
    54405, 
    80214, 
    47362
   ], 
   [
    91775, 
    84977, 
    74637, 
    0, 
    72927, 
    92712, 
    30020, 
    75166, 
    80418, 
    83064
   ], 
   [
    54364, 
    65233, 
    54893, 
    72927, 
    0, 
    55300, 
    1117, 
    81761, 
    85018, 
    58516
   ], 
   [
    97352, 
    67350, 
    70810, 
    92712, 
    55300, 
    0, 
    47647, 
    57539, 
    62791, 
    77731
   ], 
   [
    34661, 
    4659, 
    8119, 
    30020, 
    1117, 
    47647, 
    0, 
    29695, 
    100, 
    52939
   ], 
   [
    56603, 
    64745, 
    54405, 
    75166, 
    81761, 
    57539, 
    29695, 
    0, 
    71177, 
    87094
   ], 
   [
    61855, 
    90554, 
    80214, 
    80418, 
    85018, 
    62791, 
    100, 
    71177, 
    0, 
    53143
   ], 
   [
    73619, 
    57702, 
    47362, 
    83064, 
    58516, 
    77731, 
    52939, 
    87094, 
    53143, 
    0
   ]
  ], 
  "probability_matrix": [
   [
    0, 
    0.14530705267320468, 
    0.003975953711171449, 
    0.013093415336427395, 
    0.14733045263605343, 
    0.11857285158271069, 
    0.09009283244919554, 
    0.19128375588405724, 
    0.14784058142893047, 
    0.14250310429824914
   ], 
   [
    0.15674959401550195, 
    0, 
    0.046926486382973295, 
    0.20943026560380393, 
    0.09105606238822966, 
    0.07916362123877659, 
    0.24496221768412355, 
    0.06870911200877303, 
    0.08967029878877726, 
    0.013332341889040806
   ], 
   [
    0.13361074786479357, 
    0.143415319894843, 
    0, 
    0.06598042340715658, 
    0.19980961675817063, 
    0.07333286199468854, 
    0.003784293199445804, 
    0.18411689961901315, 
    0.15591365608902522, 
    0.04003618117286363
   ], 
   [
    0.058737807389867926, 
    0.2790273749664011, 
    0.026512419389790483, 
    0, 
    0.09875043689735069, 
    0.22577236350061583, 
    0.024556899586661317, 
    0.1452904441826201, 
    0.10948287279526658, 
    0.031869381291425844
   ], 
   [
    0.039947952744704085, 
    0.22399515549446872, 
    0.015199160706489146, 
    0.03352474212690975, 
    0, 
    0.20063057007659113, 
    0.09398058376579811, 
    0.07092654945180353, 
    0.2218957230945466, 
    0.099899562538689
   ], 
   [
    0.13083660524150523, 
    0.11685798432352434, 
    0.06900574554543121, 
    0.01411321687997147, 
    0.18063628681973867, 
    0, 
    0.20593741837231308, 
    0.056310637824036086, 
    0.20840835638240388, 
    0.017893748611075882
   ], 
   [
    0.09996129650570768, 
    0.14620640793581888, 
    0.1818103328191322, 
    0.039063385463753354, 
    0.07591619694118286, 
    0.08677893376717023, 
    0, 
    0.12879687690184174, 
    0.1776777723781933, 
    0.0637887972872
   ], 
   [
    0.20042605541481476, 
    0.13070627474843713, 
    0.03709160840410547, 
    0.02058133110084485, 
    0.15472499883291796, 
    0.09613849975536258, 
    0.16035953812184464, 
    0, 
    0.1526754900337429, 
    0.047296203587929735
   ], 
   [
    0.017750934290362508, 
    0.05189217799393846, 
    0.08179478513938052, 
    0.18417412601220032, 
    0.02612764065512697, 
    0.20435095844429677, 
    0.09636166949867739, 
    0.12609874256427656, 
    0, 
    0.21144896540174052
   ], 
   [
    0.0014105838831151825, 
    0.1187728669516256, 
    0.19412504418553647, 
    0.11139375046653319, 
    0.02575741423422032, 
    0.1724371515639134, 
    0.07362021305445562, 
    0.15048339222601143, 
    0.15199958343458891, 
    0
   ]
  ]
 }, 
 "vehicle_capacities": [
  5, 
  10, 
  15, 
  15, 
  20, 
  30, 
  30, 
  30, 
  30, 
  30
 ]
}