{
 "distance_matrix": [
  [
   0, 
   90.6, 
   65.2, 
   45.6, 
   137.5, 
   31.9, 
   185.9, 
   132, 
   119.1, 
   90.2
  ], 
  [
   90.6, 
   0, 
   25.4, 
   62.3, 
   110.8, 
   105.6, 
   259.6, 
   112, 
   48.6, 
   129.3
  ], 
  [
   65.2, 
   25.4, 
   0, 
   87.7, 
   136.2, 
   97.1, 
   251.1, 
   137.4, 
   74, 
   154.7
  ], 
  [
   45.6, 
   62.3, 
   87.7, 
   0, 
   91.9, 
   43.3, 
   197.3, 
   86.4, 
   73.5, 
   67
  ], 
  [
   137.5, 
   110.8, 
   136.2, 
   91.9, 
   0, 
   135.2, 
   268.3, 
   70.2, 
   62.2, 
   127.3
  ], 
  [
   31.9, 
   105.6, 
   97.1, 
   43.3, 
   135.2, 
   0, 
   154, 
   129.7, 
   116.8, 
   80.1
  ], 
  [
   185.9, 
   259.6, 
   251.1, 
   197.3, 
   268.3, 
   154, 
   0, 
   198.1, 
   270.8, 
   141
  ], 
  [
   132, 
   112, 
   137.4, 
   86.4, 
   70.2, 
   129.7, 
   198.1, 
   0, 
   96.2, 
   57.1
  ], 
  [
   119.1, 
   48.6, 
   74, 
   73.5, 
   62.2, 
   116.8, 
   270.8, 
   96.2, 
   0, 
   140.5
  ], 
  [
   90.2, 
   129.3, 
   154.7, 
   67, 
   127.3, 
   80.1, 
   141, 
   57.1, 
   140.5, 
   0
  ]
 ], 
 "runs": [
  {
   "avg_task_cost_vs_number_of_task": [
    554, 
    733.5000000000001, 
    570.0000000000001, 
    474.62500000000006, 
    443.5, 
    385.8333333333334, 
    330.7142857142858, 
    438.68750000000006, 
    400.2222222222223, 
    365.1000000000001, 
    355.27272727272725, 
    327.5, 
    306.61538461538464, 
    284.7142857142858, 
    296.80000000000007, 
    290.71875, 
    285.0882352941177, 
    267.75, 
    265.18421052631584, 
    238.62500000000006, 
    237.73809523809527, 
    256.409090909091, 
    240, 
    206.9166666666667, 
    212.26, 
    216.30769230769232, 
    228.92592592592592, 
    193.10714285714283, 
    232.79310344827587, 
    210.65000000000006
   ], 
   "number_of_vehicles": 2
  }, 
  {
   "avg_task_cost_vs_number_of_task": [
    554, 
    733.5000000000001, 
    570.0000000000001, 
    474.62500000000006, 
    443.5, 
    385.8333333333334, 
    330.7142857142858, 
    366.3125, 
    325.6111111111111, 
    330.05, 
    301.3181818181818, 
    276.2083333333333, 
    254.96153846153845, 
    236.75, 
    262.93333333333334, 
    246.93749999999997, 
    240.7941176470588, 
    235.55555555555551, 
    202.42105263157896, 
    214.57499999999996, 
    204.52380952380952, 
    202.63636363636363, 
    202.60869565217388, 
    174.95833333333334, 
    196.34, 
    184.73076923076923, 
    164.33333333333334, 
    176.92857142857147, 
    180.05172413793105, 
    195.4
   ], 
   "number_of_vehicles": 3
  }, 
  {
   "avg_task_cost_vs_number_of_task": [
    387.5, 
    650.25, 
    514.5000000000001, 
    474.62500000000006, 
    405.1, 
    360.0833333333333, 
    308.64285714285717, 
    358.1875, 
    325.6111111111111, 
    331.4, 
    292.1818181818182, 
    276.2083333333333, 
    257.15384615384613, 
    236.75, 
    263.4, 
    258.59375, 
    234.08823529411765, 
    221.30555555555554, 
    220.99999999999994, 
    206.62500000000006, 
    228.71428571428572, 
    207.95454545454547, 
    213.93478260869566, 
    174.60416666666666, 
    208.38, 
    185.73076923076925, 
    164.2037037037037, 
    196.33928571428575, 
    185.43103448275863, 
    188.61666666666667
   ], 
   "number_of_vehicles": 4
  }, 
  {
   "avg_task_cost_vs_number_of_task": [
    387.5, 
    434.25, 
    393.3333333333333, 
    435, 
    348, 
    343.0833333333333, 
    294.07142857142856, 
    345.4375, 
    351.55555555555554, 
    331.4, 
    301.27272727272725, 
    276.2083333333333, 
    254.96153846153845, 
    247, 
    274.4, 
    255.90625, 
    232.41176470588232, 
    231.91666666666666, 
    209.6578947368421, 
    199.175, 
    191.11904761904762, 
    210.04545454545453, 
    201.06521739130434, 
    188.66666666666666, 
    167.62, 
    178.1153846153846, 
    192.75925925925927, 
    192.60714285714286, 
    187.17241379310346, 
    174.26666666666668
   ], 
   "number_of_vehicles": 5
  }
 ], 
 "vehicle_starting_positions": [
  "Den Haag", 
  "Rotterdam", 
  "Groningen", 
  "Almere", 
  "Nijmegen", 
  "Eindhoven", 
  "Breda", 
  "Amsterdam", 
  "Utrecht", 
  "Apeldoorn"
 ], 
 "task_distribution": {
  "weight_matrix": [
   [
    0, 
    3, 
    3, 
    3, 
    3, 
    3, 
    3, 
    3, 
    3, 
    3
   ], 
   [
    3, 
    0, 
    3, 
    3, 
    3, 
    3, 
    3, 
    3, 
    3, 
    3
   ], 
   [
    3, 
    3, 
    0, 
    3, 
    3, 
    3, 
    3, 
    3, 
    3, 
    3
   ], 
   [
    3, 
    3, 
    3, 
    0, 
    3, 
    3, 
    3, 
    3, 
    3, 
    3
   ], 
   [
    3, 
    3, 
    3, 
    3, 
    0, 
    3, 
    3, 
    3, 
    3, 
    3
   ], 
   [
    3, 
    3, 
    3, 
    3, 
    3, 
    0, 
    3, 
    3, 
    3, 
    3
   ], 
   [
    3, 
    3, 
    3, 
    3, 
    3, 
    3, 
    0, 
    3, 
    3, 
    3
   ], 
   [
    3, 
    3, 
    3, 
    3, 
    3, 
    3, 
    3, 
    0, 
    3, 
    3
   ], 
   [
    3, 
    3, 
    3, 
    3, 
    3, 
    3, 
    3, 
    3, 
    0, 
    3
   ], 
   [
    3, 
    3, 
    3, 
    3, 
    3, 
    3, 
    3, 
    3, 
    3, 
    0
   ]
  ], 
  "city_names": [
   "Amsterdam", 
   "Rotterdam", 
   "Den Haag", 
   "Utrecht", 
   "Eindhoven", 
   "Almere", 
   "Groningen", 
   "Nijmegen", 
   "Breda", 
   "Apeldoorn"
  ], 
  "reward_matrix": [
   [
    0, 
    73456, 
    83796, 
    91775, 
    54364, 
    97352, 
    34661, 
    56603, 
    61855, 
    73619
   ], 
   [
    73456, 
    0, 
    99999, 
    84977, 
    65233, 
    67350, 
    4659, 
    64745, 
    90554, 
    57702
   ], 
   [
    83796, 
    99999, 
    0, 
    74637, 
    54893, 
    70810, 
    8119, 
    54405, 
    80214, 
    47362
   ], 
   [
    91775, 
    84977, 
    74637, 
    0, 
    72927, 
    92712, 
    30020, 
    75166, 
    80418, 
    83064
   ], 
   [
    54364, 
    65233, 
    54893, 
    72927, 
    0, 
    55300, 
    1117, 
    81761, 
    85018, 
    58516
   ], 
   [
    97352, 
    67350, 
    70810, 
    92712, 
    55300, 
    0, 
    47647, 
    57539, 
    62791, 
    77731
   ], 
   [
    34661, 
    4659, 
    8119, 
    30020, 
    1117, 
    47647, 
    0, 
    29695, 
    100, 
    52939
   ], 
   [
    56603, 
    64745, 
    54405, 
    75166, 
    81761, 
    57539, 
    29695, 
    0, 
    71177, 
    87094
   ], 
   [
    61855, 
    90554, 
    80214, 
    80418, 
    85018, 
    62791, 
    100, 
    71177, 
    0, 
    53143
   ], 
   [
    73619, 
    57702, 
    47362, 
    83064, 
    58516, 
    77731, 
    52939, 
    87094, 
    53143, 
    0
   ]
  ], 
  "probability_matrix": [
   [
    0, 
    0.11537860855863503, 
    0.07642746314944668, 
    0.17198358705842245, 
    0.14993398206806466, 
    0.1750170929295783, 
    0.17958817357728327, 
    0.033327552520421196, 
    0.027849594180735057, 
    0.07049394595741325
   ], 
   [
    0.16952061170418178, 
    0, 
    0.11600809005008195, 
    0.14608091845617693, 
    0.17735389532919585, 
    0.027821189439658164, 
    0.11077828920272823, 
    0.0389151099907602, 
    0.1713245448805172, 
    0.04219735094669955
   ], 
   [
    0.16258576492835808, 
    0.033427617121732575, 
    0, 
    0.12886525058641876, 
    0.025987510638495862, 
    0.1596529790021171, 
    0.1600600541722798, 
    0.16877453967503583, 
    0.08544790738402165, 
    0.07519837649154035
   ], 
   [
    0.005004473164983551, 
    0.14383357814733522, 
    0.15974878599879935, 
    0, 
    0.17792518430085408, 
    0.1500049431634151, 
    0.009530527875670271, 
    0.03190005144251471, 
    0.1839823135583705, 
    0.1380701423480573
   ], 
   [
    0.07017476970824194, 
    0.05071950796645342, 
    0.0775900690262054, 
    0.1531520681595045, 
    0, 
    0.12466264934056304, 
    0.013001462056738267, 
    0.22310324659289552, 
    0.25292607389461835, 
    0.03467015325477964
   ], 
   [
    0.12241818181886392, 
    0.03314943799207604, 
    0.014388106586005622, 
    0.053363014193658444, 
    0.040142939254073945, 
    0, 
    0.20909476526660045, 
    0.17969179542013453, 
    0.2430118500751647, 
    0.10473990939342243
   ], 
   [
    0.022953167206641385, 
    0.032271964901164914, 
    0.15332999225864974, 
    0.04902180953551289, 
    0.2420031723085912, 
    0.13624383098513015, 
    0, 
    0.16723186631280137, 
    0.09010087116796071, 
    0.10684332532354765
   ], 
   [
    0.0036155658206043885, 
    0.1562695265664617, 
    0.10040974862293861, 
    0.117400593120172, 
    0.13616917572557183, 
    0.1654052265453636, 
    0.10337972868936554, 
    0, 
    0.16744777843333836, 
    0.04990265647618392
   ], 
   [
    0.1861361720463842, 
    0.047091207231626034, 
    0.16130105685214688, 
    0.04768206167738716, 
    0.11619799272483115, 
    0.05620905641542197, 
    0.1906654773133184, 
    0.09530411267992056, 
    0, 
    0.09941286305896362
   ], 
   [
    0.18936132910912273, 
    0.03556865314256145, 
    0.18476105211645427, 
    0.17183581094151887, 
    0.15929646950219237, 
    0.015286636292148143, 
    0.14655261370362435, 
    0.008975052409497811, 
    0.08836238278288024, 
    0
   ]
  ]
 }
}