{
 "vehicle_cost_per_km": [
  5, 
  5, 
  5, 
  5, 
  5
 ], 
 "runs": [
  {
   "avg_task_cost_vs_number_of_task": [
    243, 
    439.75, 
    293.1666666666667, 
    311.75, 
    263.6, 
    257.6666666666667, 
    311.7857142857143, 
    327.5, 
    304.77777777777777, 
    294.85, 
    411.72727272727275, 
    362.2083333333333, 
    349.5, 
    346.5, 
    375.1333333333333, 
    310.90625, 
    327.50000000000006, 
    297.8333333333333, 
    254.92105263157896, 
    271.575, 
    249.16666666666666, 
    239.25, 
    243.02173913043478, 
    228.6875, 
    253.02, 
    271.38461538461536, 
    249.11111111111111, 
    276.25, 
    220.63793103448276, 
    272.93333333333334
   ], 
   "number_of_vehicles": 5
  }
 ], 
 "vehicle_starting_positions": [
  "Amsterdam", 
  "Rotterdam", 
  "Den Haag", 
  "Utrecht", 
  "Eindhoven", 
  "Almere", 
  "Groningen", 
  "Nijmegen", 
  "Breda", 
  "Apeldoorn"
 ], 
 "task_distribution": {
  "distance_matrix": [
   [
    0, 
    90.6, 
    65.2, 
    45.6, 
    137.5, 
    31.9, 
    185.9, 
    132, 
    119.1, 
    90.2
   ], 
   [
    90.6, 
    0, 
    25.4, 
    62.3, 
    110.8, 
    105.6, 
    259.6, 
    112, 
    48.6, 
    129.3
   ], 
   [
    65.2, 
    25.4, 
    0, 
    87.7, 
    136.2, 
    97.1, 
    251.1, 
    137.4, 
    74, 
    154.7
   ], 
   [
    45.6, 
    62.3, 
    87.7, 
    0, 
    91.9, 
    43.3, 
    197.3, 
    86.4, 
    73.5, 
    67
   ], 
   [
    137.5, 
    110.8, 
    136.2, 
    91.9, 
    0, 
    135.2, 
    268.3, 
    70.2, 
    62.2, 
    127.3
   ], 
   [
    31.9, 
    105.6, 
    97.1, 
    43.3, 
    135.2, 
    0, 
    154, 
    129.7, 
    116.8, 
    80.1
   ], 
   [
    185.9, 
    259.6, 
    251.1, 
    197.3, 
    268.3, 
    154, 
    0, 
    198.1, 
    270.8, 
    141
   ], 
   [
    132, 
    112, 
    137.4, 
    86.4, 
    70.2, 
    129.7, 
    198.1, 
    0, 
    96.2, 
    57.1
   ], 
   [
    119.1, 
    48.6, 
    74, 
    73.5, 
    62.2, 
    116.8, 
    270.8, 
    96.2, 
    0, 
    140.5
   ], 
   [
    90.2, 
    129.3, 
    154.7, 
    67, 
    127.3, 
    80.1, 
    141, 
    57.1, 
    140.5, 
    0
   ]
  ], 
  "weight_matrix": [
   [
    0, 
    3, 
    3, 
    3, 
    3, 
    3, 
    3, 
    3, 
    3, 
    3
   ], 
   [
    3, 
    0, 
    3, 
    3, 
    3, 
    3, 
    3, 
    3, 
    3, 
    3
   ], 
   [
    3, 
    3, 
    0, 
    3, 
    3, 
    3, 
    3, 
    3, 
    3, 
    3
   ], 
   [
    3, 
    3, 
    3, 
    0, 
    3, 
    3, 
    3, 
    3, 
    3, 
    3
   ], 
   [
    3, 
    3, 
    3, 
    3, 
    0, 
    3, 
    3, 
    3, 
    3, 
    3
   ], 
   [
    3, 
    3, 
    3, 
    3, 
    3, 
    0, 
    3, 
    3, 
    3, 
    3
   ], 
   [
    3, 
    3, 
    3, 
    3, 
    3, 
    3, 
    0, 
    3, 
    3, 
    3
   ], 
   [
    3, 
    3, 
    3, 
    3, 
    3, 
    3, 
    3, 
    0, 
    3, 
    3
   ], 
   [
    3, 
    3, 
    3, 
    3, 
    3, 
    3, 
    3, 
    3, 
    0, 
    3
   ], 
   [
    3, 
    3, 
    3, 
    3, 
    3, 
    3, 
    3, 
    3, 
    3, 
    0
   ]
  ], 
  "city_names": [
   "Amsterdam", 
   "Rotterdam", 
   "Den Haag", 
   "Utrecht", 
   "Eindhoven", 
   "Almere", 
   "Groningen", 
   "Nijmegen", 
   "Breda", 
   "Apeldoorn"
  ], 
  "reward_matrix": [
   [
    0, 
    73456, 
    83796, 
    91775, 
    54364, 
    97352, 
    34661, 
    56603, 
    61855, 
    73619
   ], 
   [
    73456, 
    0, 
    99999, 
    84977, 
    65233, 
    67350, 
    4659, 
    64745, 
    90554, 
    57702
   ], 
   [
    83796, 
    99999, 
    0, 
    74637, 
    54893, 
    70810, 
    8119, 
    54405, 
    80214, 
    47362
   ], 
   [
    91775, 
    84977, 
    74637, 
    0, 
    72927, 
    92712, 
    30020, 
    75166, 
    80418, 
    83064
   ], 
   [
    54364, 
    65233, 
    54893, 
    72927, 
    0, 
    55300, 
    1117, 
    81761, 
    85018, 
    58516
   ], 
   [
    97352, 
    67350, 
    70810, 
    92712, 
    55300, 
    0, 
    47647, 
    57539, 
    62791, 
    77731
   ], 
   [
    34661, 
    4659, 
    8119, 
    30020, 
    1117, 
    47647, 
    0, 
    29695, 
    100, 
    52939
   ], 
   [
    56603, 
    64745, 
    54405, 
    75166, 
    81761, 
    57539, 
    29695, 
    0, 
    71177, 
    87094
   ], 
   [
    61855, 
    90554, 
    80214, 
    80418, 
    85018, 
    62791, 
    100, 
    71177, 
    0, 
    53143
   ], 
   [
    73619, 
    57702, 
    47362, 
    83064, 
    58516, 
    77731, 
    52939, 
    87094, 
    53143, 
    0
   ]
  ], 
  "probability_matrix": [
   [
    0, 
    0.07995062492950859, 
    0.19265546820359836, 
    0.035035134077593316, 
    0.039626095144373714, 
    0.2245474483752812, 
    0.09359054801678651, 
    0.017654063332175455, 
    0.05452491538941809, 
    0.26241570253126467
   ], 
   [
    0.060009958572597936, 
    0, 
    0.11319596719410682, 
    0.11957852619747938, 
    0.103474476714096, 
    0.056645191845292465, 
    0.12572076432523027, 
    0.13080342320004007, 
    0.1376430544964977, 
    0.15292863745465932
   ], 
   [
    0.003788658232310659, 
    0.267434464218991, 
    0, 
    0.15042224659485004, 
    0.0919032235021592, 
    0.011196619557983796, 
    0.03163284630836442, 
    0.14022129662447191, 
    0.07431938193825074, 
    0.22908126302261825
   ], 
   [
    0.14862207331597463, 
    0.20575392165091186, 
    0.17087748650391957, 
    0, 
    0.12910957660961553, 
    0.12571893399139875, 
    0.1505581370617028, 
    0.06304117233261539, 
    0.0034740580500226504, 
    0.002844640483838963
   ], 
   [
    0.1409423261889887, 
    0.11230338500177539, 
    0.1517919482161905, 
    0.2044965604111146, 
    0, 
    0.14492277652654875, 
    0.07760402290161235, 
    0.07866403383043101, 
    0.010911076103932195, 
    0.0783638708194064
   ], 
   [
    0.20165758510003357, 
    0.057662381856388556, 
    0.10866826750550686, 
    0.15425845376460212, 
    0.18758617595549912, 
    0, 
    0.0670313212719562, 
    0.11287156851823243, 
    0.0031475239473602546, 
    0.10711672208042076
   ], 
   [
    0.20815791470457654, 
    0.00862719954657209, 
    0.09051796477097755, 
    0.0015326881700763392, 
    0.0297474603694273, 
    0.1111247473253861, 
    0, 
    0.2250428802284416, 
    0.22677727548617774, 
    0.09847186939836464
   ], 
   [
    0.06264110389131923, 
    0.07284092101005053, 
    0.15525327529784227, 
    0.12830903940764207, 
    0.03994818709842986, 
    0.13449262269266216, 
    0.16352369187183424, 
    0, 
    0.14288203238989744, 
    0.10010912634032226
   ], 
   [
    0.05800885092271372, 
    0.08778792497854847, 
    0.0501978351681543, 
    0.16355896112242274, 
    0.13056464328108164, 
    0.13584263185387832, 
    0.14637878594044537, 
    0.1568615004952729, 
    0, 
    0.0707988662374826
   ], 
   [
    0.20008561850799927, 
    0.061980140347893495, 
    0.1670866773672006, 
    0.08451911979290982, 
    0.18196560253114064, 
    0.10934522233941293, 
    0.09508084395184778, 
    0.09891674221072545, 
    0.0010200329508702807, 
    0
   ]
  ]
 }, 
 "vehicle_capacities": [
  15, 
  15, 
  15, 
  20, 
  20, 
  30, 
  30, 
  30, 
  30, 
  30
 ]
}