{
 "vehicle_cost_per_km": [
  5, 
  5, 
  5, 
  5, 
  5
 ], 
 "runs": [
  {
   "avg_task_cost_vs_number_of_task": [
    681, 
    583.5, 
    836.1666666666666, 
    627.125, 
    523.5, 
    557.75, 
    478.07142857142856, 
    418.3125, 
    452.5, 
    409.59999999999997, 
    421.95454545454544, 
    341.3333333333333, 
    364.3076923076923, 
    391.39285714285705, 
    317.5, 
    328.4375, 
    272.3235294117647, 
    311.9444444444445, 
    318.7894736842105, 
    281.2, 
    278.5952380952381, 
    262.77272727272725, 
    254.86956521739134, 
    277.8958333333333, 
    286.46000000000004, 
    251.5384615384615, 
    260.16666666666663, 
    270.2142857142857, 
    243.20689655172413, 
    275.55
   ], 
   "number_of_vehicles": 5
  }
 ], 
 "vehicle_starting_positions": [
  "Amsterdam", 
  "Rotterdam", 
  "Den Haag", 
  "Utrecht", 
  "Eindhoven", 
  "Almere", 
  "Groningen", 
  "Nijmegen", 
  "Breda", 
  "Apeldoorn"
 ], 
 "task_distribution": {
  "distance_matrix": [
   [
    0, 
    90.6, 
    65.2, 
    45.6, 
    137.5, 
    31.9, 
    185.9, 
    132, 
    119.1, 
    90.2
   ], 
   [
    90.6, 
    0, 
    25.4, 
    62.3, 
    110.8, 
    105.6, 
    259.6, 
    112, 
    48.6, 
    129.3
   ], 
   [
    65.2, 
    25.4, 
    0, 
    87.7, 
    136.2, 
    97.1, 
    251.1, 
    137.4, 
    74, 
    154.7
   ], 
   [
    45.6, 
    62.3, 
    87.7, 
    0, 
    91.9, 
    43.3, 
    197.3, 
    86.4, 
    73.5, 
    67
   ], 
   [
    137.5, 
    110.8, 
    136.2, 
    91.9, 
    0, 
    135.2, 
    268.3, 
    70.2, 
    62.2, 
    127.3
   ], 
   [
    31.9, 
    105.6, 
    97.1, 
    43.3, 
    135.2, 
    0, 
    154, 
    129.7, 
    116.8, 
    80.1
   ], 
   [
    185.9, 
    259.6, 
    251.1, 
    197.3, 
    268.3, 
    154, 
    0, 
    198.1, 
    270.8, 
    141
   ], 
   [
    132, 
    112, 
    137.4, 
    86.4, 
    70.2, 
    129.7, 
    198.1, 
    0, 
    96.2, 
    57.1
   ], 
   [
    119.1, 
    48.6, 
    74, 
    73.5, 
    62.2, 
    116.8, 
    270.8, 
    96.2, 
    0, 
    140.5
   ], 
   [
    90.2, 
    129.3, 
    154.7, 
    67, 
    127.3, 
    80.1, 
    141, 
    57.1, 
    140.5, 
    0
   ]
  ], 
  "weight_matrix": [
   [
    0, 
    3, 
    3, 
    3, 
    3, 
    3, 
    3, 
    3, 
    3, 
    3
   ], 
   [
    3, 
    0, 
    3, 
    3, 
    3, 
    3, 
    3, 
    3, 
    3, 
    3
   ], 
   [
    3, 
    3, 
    0, 
    3, 
    3, 
    3, 
    3, 
    3, 
    3, 
    3
   ], 
   [
    3, 
    3, 
    3, 
    0, 
    3, 
    3, 
    3, 
    3, 
    3, 
    3
   ], 
   [
    3, 
    3, 
    3, 
    3, 
    0, 
    3, 
    3, 
    3, 
    3, 
    3
   ], 
   [
    3, 
    3, 
    3, 
    3, 
    3, 
    0, 
    3, 
    3, 
    3, 
    3
   ], 
   [
    3, 
    3, 
    3, 
    3, 
    3, 
    3, 
    0, 
    3, 
    3, 
    3
   ], 
   [
    3, 
    3, 
    3, 
    3, 
    3, 
    3, 
    3, 
    0, 
    3, 
    3
   ], 
   [
    3, 
    3, 
    3, 
    3, 
    3, 
    3, 
    3, 
    3, 
    0, 
    3
   ], 
   [
    3, 
    3, 
    3, 
    3, 
    3, 
    3, 
    3, 
    3, 
    3, 
    0
   ]
  ], 
  "city_names": [
   "Amsterdam", 
   "Rotterdam", 
   "Den Haag", 
   "Utrecht", 
   "Eindhoven", 
   "Almere", 
   "Groningen", 
   "Nijmegen", 
   "Breda", 
   "Apeldoorn"
  ], 
  "reward_matrix": [
   [
    0, 
    73456, 
    83796, 
    91775, 
    54364, 
    97352, 
    34661, 
    56603, 
    61855, 
    73619
   ], 
   [
    73456, 
    0, 
    99999, 
    84977, 
    65233, 
    67350, 
    4659, 
    64745, 
    90554, 
    57702
   ], 
   [
    83796, 
    99999, 
    0, 
    74637, 
    54893, 
    70810, 
    8119, 
    54405, 
    80214, 
    47362
   ], 
   [
    91775, 
    84977, 
    74637, 
    0, 
    72927, 
    92712, 
    30020, 
    75166, 
    80418, 
    83064
   ], 
   [
    54364, 
    65233, 
    54893, 
    72927, 
    0, 
    55300, 
    1117, 
    81761, 
    85018, 
    58516
   ], 
   [
    97352, 
    67350, 
    70810, 
    92712, 
    55300, 
    0, 
    47647, 
    57539, 
    62791, 
    77731
   ], 
   [
    34661, 
    4659, 
    8119, 
    30020, 
    1117, 
    47647, 
    0, 
    29695, 
    100, 
    52939
   ], 
   [
    56603, 
    64745, 
    54405, 
    75166, 
    81761, 
    57539, 
    29695, 
    0, 
    71177, 
    87094
   ], 
   [
    61855, 
    90554, 
    80214, 
    80418, 
    85018, 
    62791, 
    100, 
    71177, 
    0, 
    53143
   ], 
   [
    73619, 
    57702, 
    47362, 
    83064, 
    58516, 
    77731, 
    52939, 
    87094, 
    53143, 
    0
   ]
  ], 
  "probability_matrix": [
   [
    0, 
    0.15527011049326633, 
    0.16425522673952492, 
    0.1253232070264723, 
    0.0016089548366364983, 
    0.06930609689722855, 
    0.061880185858656025, 
    0.125900689553257, 
    0.1741245274179464, 
    0.12233100117701205
   ], 
   [
    0.06873925196430188, 
    0, 
    0.026693218127566875, 
    0.06770011807399984, 
    0.10904133912105742, 
    0.11977208440917521, 
    0.11793155375737005, 
    0.23613495498462536, 
    0.08638212034225845, 
    0.16760535921964478
   ], 
   [
    0.02547054188962151, 
    0.16280068615251914, 
    0, 
    0.02859280209393963, 
    0.2770653208240698, 
    0.22382348589827428, 
    0.01911209931369199, 
    0.03204823430407419, 
    0.04291154665797337, 
    0.18817528286583599
   ], 
   [
    0.09606314142734901, 
    0.06009167239108879, 
    0.10319877494934805, 
    0, 
    0.1260503751840833, 
    0.06613665139471939, 
    0.1695452871783483, 
    0.03981393735426143, 
    0.14143165136790126, 
    0.1976685087529004
   ], 
   [
    0.1963060191457581, 
    0.20160056353801462, 
    0.12364884636072825, 
    0.24562364183088015, 
    0, 
    0.07583842766758299, 
    0.10999434783898455, 
    0.022937943113824223, 
    0.018410286278273912, 
    0.0056399242259533066
   ], 
   [
    0.14182243703754807, 
    0.15827213426654116, 
    0.058069919115614405, 
    0.07062403747927504, 
    0.09721645068951425, 
    0, 
    0.07544985307974976, 
    0.18696970054176235, 
    0.00768634212168996, 
    0.20388912566830503
   ], 
   [
    0.17482234933397414, 
    0.08646772723276672, 
    0.2019379783461018, 
    0.05025375525846746, 
    0.09649602044948256, 
    0.12373031655852522, 
    0, 
    0.20050073337913213, 
    0.058332819627308415, 
    0.007458299814241714
   ], 
   [
    0.12169138691739104, 
    0.12734538472067908, 
    0.1567046754497161, 
    0.197659785133491, 
    0.1592517138244118, 
    0.09830236024039357, 
    0.10074264584153804, 
    0, 
    0.01376290195218484, 
    0.024539145920194613
   ], 
   [
    0.11487712220999208, 
    0.019710091944102073, 
    0.07405403974006192, 
    0.029467432713779947, 
    0.09078996607455452, 
    0.19546959474250325, 
    0.1497704859693877, 
    0.21624413878224374, 
    0, 
    0.10961712782337472
   ], 
   [
    0.027826938856400585, 
    0.04734668128105225, 
    0.11691778786237635, 
    0.17740042057674552, 
    0.004513696418368685, 
    0.21769434343495095, 
    0.21043598180707865, 
    0.07594407544319509, 
    0.12192007431983191, 
    0
   ]
  ]
 }, 
 "vehicle_capacities": [
  10, 
  20, 
  20, 
  20, 
  20, 
  30, 
  30, 
  30, 
  30, 
  30
 ]
}