{
 "vehicle_cost_per_km": [
  5, 
  5, 
  5, 
  5, 
  5
 ], 
 "runs": [
  {
   "avg_task_cost_vs_number_of_task": [
    687.5, 
    528.75, 
    352.5, 
    391.625, 
    425.3, 
    354.4166666666667, 
    369.42857142857144, 
    332.625, 
    350.72222222222223, 
    300.95000000000005, 
    413.59090909090907, 
    379.125, 
    367.8076923076924, 
    374.17857142857144, 
    360.43333333333334, 
    372.5, 
    349.82352941176464, 
    312.1111111111111, 
    313.0789473684211, 
    313.375, 
    299.2142857142858, 
    314.09090909090907, 
    273.2391304347826, 
    284.6458333333334, 
    263.7, 
    261.53846153846155, 
    264.48148148148147, 
    293.2142857142857, 
    297.08620689655174, 
    252.91666666666666
   ], 
   "number_of_vehicles": 5
  }
 ], 
 "vehicle_starting_positions": [
  "Amsterdam", 
  "Rotterdam", 
  "Den Haag", 
  "Utrecht", 
  "Eindhoven", 
  "Almere", 
  "Groningen", 
  "Nijmegen", 
  "Breda", 
  "Apeldoorn"
 ], 
 "task_distribution": {
  "distance_matrix": [
   [
    0, 
    90.6, 
    65.2, 
    45.6, 
    137.5, 
    31.9, 
    185.9, 
    132, 
    119.1, 
    90.2
   ], 
   [
    90.6, 
    0, 
    25.4, 
    62.3, 
    110.8, 
    105.6, 
    259.6, 
    112, 
    48.6, 
    129.3
   ], 
   [
    65.2, 
    25.4, 
    0, 
    87.7, 
    136.2, 
    97.1, 
    251.1, 
    137.4, 
    74, 
    154.7
   ], 
   [
    45.6, 
    62.3, 
    87.7, 
    0, 
    91.9, 
    43.3, 
    197.3, 
    86.4, 
    73.5, 
    67
   ], 
   [
    137.5, 
    110.8, 
    136.2, 
    91.9, 
    0, 
    135.2, 
    268.3, 
    70.2, 
    62.2, 
    127.3
   ], 
   [
    31.9, 
    105.6, 
    97.1, 
    43.3, 
    135.2, 
    0, 
    154, 
    129.7, 
    116.8, 
    80.1
   ], 
   [
    185.9, 
    259.6, 
    251.1, 
    197.3, 
    268.3, 
    154, 
    0, 
    198.1, 
    270.8, 
    141
   ], 
   [
    132, 
    112, 
    137.4, 
    86.4, 
    70.2, 
    129.7, 
    198.1, 
    0, 
    96.2, 
    57.1
   ], 
   [
    119.1, 
    48.6, 
    74, 
    73.5, 
    62.2, 
    116.8, 
    270.8, 
    96.2, 
    0, 
    140.5
   ], 
   [
    90.2, 
    129.3, 
    154.7, 
    67, 
    127.3, 
    80.1, 
    141, 
    57.1, 
    140.5, 
    0
   ]
  ], 
  "weight_matrix": [
   [
    0, 
    3, 
    3, 
    3, 
    3, 
    3, 
    3, 
    3, 
    3, 
    3
   ], 
   [
    3, 
    0, 
    3, 
    3, 
    3, 
    3, 
    3, 
    3, 
    3, 
    3
   ], 
   [
    3, 
    3, 
    0, 
    3, 
    3, 
    3, 
    3, 
    3, 
    3, 
    3
   ], 
   [
    3, 
    3, 
    3, 
    0, 
    3, 
    3, 
    3, 
    3, 
    3, 
    3
   ], 
   [
    3, 
    3, 
    3, 
    3, 
    0, 
    3, 
    3, 
    3, 
    3, 
    3
   ], 
   [
    3, 
    3, 
    3, 
    3, 
    3, 
    0, 
    3, 
    3, 
    3, 
    3
   ], 
   [
    3, 
    3, 
    3, 
    3, 
    3, 
    3, 
    0, 
    3, 
    3, 
    3
   ], 
   [
    3, 
    3, 
    3, 
    3, 
    3, 
    3, 
    3, 
    0, 
    3, 
    3
   ], 
   [
    3, 
    3, 
    3, 
    3, 
    3, 
    3, 
    3, 
    3, 
    0, 
    3
   ], 
   [
    3, 
    3, 
    3, 
    3, 
    3, 
    3, 
    3, 
    3, 
    3, 
    0
   ]
  ], 
  "city_names": [
   "Amsterdam", 
   "Rotterdam", 
   "Den Haag", 
   "Utrecht", 
   "Eindhoven", 
   "Almere", 
   "Groningen", 
   "Nijmegen", 
   "Breda", 
   "Apeldoorn"
  ], 
  "reward_matrix": [
   [
    0, 
    73456, 
    83796, 
    91775, 
    54364, 
    97352, 
    34661, 
    56603, 
    61855, 
    73619
   ], 
   [
    73456, 
    0, 
    99999, 
    84977, 
    65233, 
    67350, 
    4659, 
    64745, 
    90554, 
    57702
   ], 
   [
    83796, 
    99999, 
    0, 
    74637, 
    54893, 
    70810, 
    8119, 
    54405, 
    80214, 
    47362
   ], 
   [
    91775, 
    84977, 
    74637, 
    0, 
    72927, 
    92712, 
    30020, 
    75166, 
    80418, 
    83064
   ], 
   [
    54364, 
    65233, 
    54893, 
    72927, 
    0, 
    55300, 
    1117, 
    81761, 
    85018, 
    58516
   ], 
   [
    97352, 
    67350, 
    70810, 
    92712, 
    55300, 
    0, 
    47647, 
    57539, 
    62791, 
    77731
   ], 
   [
    34661, 
    4659, 
    8119, 
    30020, 
    1117, 
    47647, 
    0, 
    29695, 
    100, 
    52939
   ], 
   [
    56603, 
    64745, 
    54405, 
    75166, 
    81761, 
    57539, 
    29695, 
    0, 
    71177, 
    87094
   ], 
   [
    61855, 
    90554, 
    80214, 
    80418, 
    85018, 
    62791, 
    100, 
    71177, 
    0, 
    53143
   ], 
   [
    73619, 
    57702, 
    47362, 
    83064, 
    58516, 
    77731, 
    52939, 
    87094, 
    53143, 
    0
   ]
  ], 
  "probability_matrix": [
   [
    0, 
    0.11315335534777775, 
    0.14335837149160524, 
    0.13107033024313341, 
    0.12487399866780313, 
    0.1501180759761715, 
    0.17582154965054933, 
    0.11833881296738905, 
    0.02355037111409073, 
    0.01971513454147987
   ], 
   [
    0.15314428869774221, 
    0, 
    0.18356443145480425, 
    0.13378382150212406, 
    0.17668698937669997, 
    0.07143445008593484, 
    0.11166632666964331, 
    0.0027794511593970447, 
    0.07540421091936657, 
    0.09153603013428759
   ], 
   [
    0.12293994696649678, 
    0.1739512361877805, 
    0, 
    0.11110562136625411, 
    0.1453410486685979, 
    0.0643921164217588, 
    0.05039821148450317, 
    0.06812778882389528, 
    0.2102351947321854, 
    0.05350883534852798
   ], 
   [
    0.0998638102811963, 
    0.06872126507938454, 
    0.18121755014018265, 
    0, 
    0.16569121353206026, 
    0.2060586653158981, 
    0.020380407956807383, 
    0.11178583234696504, 
    0.08066288542124078, 
    0.065618369926265
   ], 
   [
    0.07267673149258291, 
    0.0829926727402939, 
    0.04760368167587021, 
    0.0006288520601771764, 
    0, 
    0.19515137440301977, 
    0.030587918926071253, 
    0.1894911051617055, 
    0.19877854855176766, 
    0.1820891149885116
   ], 
   [
    0.14920673427042472, 
    0.06847286531806328, 
    0.06970417414870202, 
    0.16972272330391172, 
    0.03314107769632786, 
    0, 
    0.10496314292065075, 
    0.08157512680474502, 
    0.17375320302508107, 
    0.1494609525120937
   ], 
   [
    0.06329703353605955, 
    0.010607288272867464, 
    0.22483642029313927, 
    0.28386587327348906, 
    0.05725064323486, 
    0.09528187647221636, 
    0, 
    0.18463519246049762, 
    0.07913910612351709, 
    0.0010865663333536237
   ], 
   [
    0.18742300330070008, 
    0.14063194633589235, 
    0.05736528796602832, 
    0.1806718127410538, 
    0.15603887784253248, 
    0.04880740895528804, 
    0.010421558936052072, 
    0, 
    0.20281732208203912, 
    0.01582278184041385
   ], 
   [
    0.23856715167686554, 
    0.2000116174240639, 
    0.12836304491738262, 
    0.040754007784516204, 
    0.08002179542534349, 
    0.10615825375252456, 
    0.07486152726094991, 
    0.010367716030695424, 
    0, 
    0.12089488572765818
   ], 
   [
    0.08489671444614351, 
    0.15818559634259702, 
    0.07474344204568291, 
    0.13452153007948614, 
    0.10619001523340638, 
    0.19936380453276006, 
    0.06906004252323171, 
    0.014538435238476432, 
    0.1585004195582157, 
    0
   ]
  ]
 }, 
 "vehicle_capacities": [
  5, 
  5, 
  10, 
  10, 
  15, 
  30, 
  30, 
  30, 
  30, 
  30
 ]
}