{
 "distance_matrix": [
  [
   0, 
   90.6, 
   65.2, 
   45.6, 
   137.5, 
   31.9, 
   185.9, 
   132, 
   119.1, 
   90.2
  ], 
  [
   90.6, 
   0, 
   25.4, 
   62.3, 
   110.8, 
   105.6, 
   259.6, 
   112, 
   48.6, 
   129.3
  ], 
  [
   65.2, 
   25.4, 
   0, 
   87.7, 
   136.2, 
   97.1, 
   251.1, 
   137.4, 
   74, 
   154.7
  ], 
  [
   45.6, 
   62.3, 
   87.7, 
   0, 
   91.9, 
   43.3, 
   197.3, 
   86.4, 
   73.5, 
   67
  ], 
  [
   137.5, 
   110.8, 
   136.2, 
   91.9, 
   0, 
   135.2, 
   268.3, 
   70.2, 
   62.2, 
   127.3
  ], 
  [
   31.9, 
   105.6, 
   97.1, 
   43.3, 
   135.2, 
   0, 
   154, 
   129.7, 
   116.8, 
   80.1
  ], 
  [
   185.9, 
   259.6, 
   251.1, 
   197.3, 
   268.3, 
   154, 
   0, 
   198.1, 
   270.8, 
   141
  ], 
  [
   132, 
   112, 
   137.4, 
   86.4, 
   70.2, 
   129.7, 
   198.1, 
   0, 
   96.2, 
   57.1
  ], 
  [
   119.1, 
   48.6, 
   74, 
   73.5, 
   62.2, 
   116.8, 
   270.8, 
   96.2, 
   0, 
   140.5
  ], 
  [
   90.2, 
   129.3, 
   154.7, 
   67, 
   127.3, 
   80.1, 
   141, 
   57.1, 
   140.5, 
   0
  ]
 ], 
 "runs": [
  {
   "avg_task_cost_vs_number_of_task": [
    623, 
    804.75, 
    743.8333333333334, 
    658.75, 
    636.0999999999999, 
    530.0833333333333, 
    454.3571428571428, 
    408.06250000000006, 
    430.5, 
    387.45, 
    352.22727272727275, 
    322.875, 
    345.15384615384613, 
    288.9642857142857, 
    304.66666666666663, 
    312.90625, 
    289.0588235294117, 
    273.1666666666667, 
    281.6842105263158, 
    241.85, 
    232, 
    267.88636363636374, 
    237.91304347826082, 
    284.74999999999994, 
    252.2800000000001, 
    225.42307692307693, 
    230.85185185185185, 
    231.7857142857143, 
    211.24137931034483, 
    221.96666666666667
   ], 
   "number_of_vehicles": 2
  }, 
  {
   "avg_task_cost_vs_number_of_task": [
    554.5, 
    770.5, 
    640.1666666666666, 
    581, 
    613.3, 
    522.4166666666666, 
    447.7857142857143, 
    391.8125, 
    430.5, 
    387.45, 
    352.22727272727275, 
    346.875, 
    335.15384615384613, 
    311.2142857142857, 
    317.6, 
    252.84375, 
    281.38235294117646, 
    250.74999999999994, 
    244.6578947368421, 
    247.8, 
    242.71428571428572, 
    255.9090909090909, 
    268.5, 
    259.75000000000006, 
    248.24, 
    222.2692307692308, 
    219.42592592592592, 
    233.32142857142858, 
    211.3620689655173, 
    231.43333333333337
   ], 
   "number_of_vehicles": 3
  }, 
  {
   "avg_task_cost_vs_number_of_task": [
    438.49999999999994, 
    712.5, 
    578.6666666666666, 
    564.25, 
    613.3, 
    522.4166666666666, 
    454.3571428571428, 
    391.8125, 
    441.6666666666666, 
    397.4999999999999, 
    352.22727272727275, 
    363.0833333333333, 
    335.15384615384613, 
    288.9642857142857, 
    286.4666666666666, 
    313.625, 
    268.9705882352941, 
    268.72222222222223, 
    290.92105263157896, 
    269.15, 
    231.28571428571428, 
    249.02272727272722, 
    218.82608695652175, 
    218.31249999999997, 
    257.62000000000006, 
    237.17307692307693, 
    228.1851851851852, 
    246.64285714285714, 
    260.2241379310345, 
    221.84999999999997
   ], 
   "number_of_vehicles": 4
  }, 
  {
   "avg_task_cost_vs_number_of_task": [
    438.49999999999994, 
    712.5, 
    578.6666666666666, 
    564.25, 
    613.3, 
    522.4166666666666, 
    447.7857142857143, 
    391.8125, 
    430.5, 
    397.4999999999999, 
    361.36363636363626, 
    322.875, 
    311.1923076923077, 
    311.8571428571428, 
    290.46666666666664, 
    268.56249999999994, 
    261.4705882352941, 
    257.6666666666667, 
    260.3157894736842, 
    277.3, 
    266.14285714285717, 
    241.9318181818182, 
    258.8695652173913, 
    233.3125, 
    246.76, 
    218.01923076923077, 
    220.53703703703704, 
    221.89285714285714, 
    207.08620689655172, 
    264.3
   ], 
   "number_of_vehicles": 5
  }
 ], 
 "vehicle_starting_positions": [
  "Eindhoven", 
  "Utrecht", 
  "Breda", 
  "Den Haag", 
  "Groningen", 
  "Apeldoorn", 
  "Almere", 
  "Rotterdam", 
  "Nijmegen", 
  "Amsterdam"
 ], 
 "task_distribution": {
  "weight_matrix": [
   [
    0, 
    3, 
    3, 
    3, 
    3, 
    3, 
    3, 
    3, 
    3, 
    3
   ], 
   [
    3, 
    0, 
    3, 
    3, 
    3, 
    3, 
    3, 
    3, 
    3, 
    3
   ], 
   [
    3, 
    3, 
    0, 
    3, 
    3, 
    3, 
    3, 
    3, 
    3, 
    3
   ], 
   [
    3, 
    3, 
    3, 
    0, 
    3, 
    3, 
    3, 
    3, 
    3, 
    3
   ], 
   [
    3, 
    3, 
    3, 
    3, 
    0, 
    3, 
    3, 
    3, 
    3, 
    3
   ], 
   [
    3, 
    3, 
    3, 
    3, 
    3, 
    0, 
    3, 
    3, 
    3, 
    3
   ], 
   [
    3, 
    3, 
    3, 
    3, 
    3, 
    3, 
    0, 
    3, 
    3, 
    3
   ], 
   [
    3, 
    3, 
    3, 
    3, 
    3, 
    3, 
    3, 
    0, 
    3, 
    3
   ], 
   [
    3, 
    3, 
    3, 
    3, 
    3, 
    3, 
    3, 
    3, 
    0, 
    3
   ], 
   [
    3, 
    3, 
    3, 
    3, 
    3, 
    3, 
    3, 
    3, 
    3, 
    0
   ]
  ], 
  "city_names": [
   "Amsterdam", 
   "Rotterdam", 
   "Den Haag", 
   "Utrecht", 
   "Eindhoven", 
   "Almere", 
   "Groningen", 
   "Nijmegen", 
   "Breda", 
   "Apeldoorn"
  ], 
  "reward_matrix": [
   [
    0, 
    73456, 
    83796, 
    91775, 
    54364, 
    97352, 
    34661, 
    56603, 
    61855, 
    73619
   ], 
   [
    73456, 
    0, 
    99999, 
    84977, 
    65233, 
    67350, 
    4659, 
    64745, 
    90554, 
    57702
   ], 
   [
    83796, 
    99999, 
    0, 
    74637, 
    54893, 
    70810, 
    8119, 
    54405, 
    80214, 
    47362
   ], 
   [
    91775, 
    84977, 
    74637, 
    0, 
    72927, 
    92712, 
    30020, 
    75166, 
    80418, 
    83064
   ], 
   [
    54364, 
    65233, 
    54893, 
    72927, 
    0, 
    55300, 
    1117, 
    81761, 
    85018, 
    58516
   ], 
   [
    97352, 
    67350, 
    70810, 
    92712, 
    55300, 
    0, 
    47647, 
    57539, 
    62791, 
    77731
   ], 
   [
    34661, 
    4659, 
    8119, 
    30020, 
    1117, 
    47647, 
    0, 
    29695, 
    100, 
    52939
   ], 
   [
    56603, 
    64745, 
    54405, 
    75166, 
    81761, 
    57539, 
    29695, 
    0, 
    71177, 
    87094
   ], 
   [
    61855, 
    90554, 
    80214, 
    80418, 
    85018, 
    62791, 
    100, 
    71177, 
    0, 
    53143
   ], 
   [
    73619, 
    57702, 
    47362, 
    83064, 
    58516, 
    77731, 
    52939, 
    87094, 
    53143, 
    0
   ]
  ], 
  "probability_matrix": [
   [
    0, 
    0.054819652909585834, 
    0.1668580555332773, 
    0.11385633464209818, 
    0.07811135215257019, 
    0.14030571611808043, 
    0.006122315878639767, 
    0.2061052871802209, 
    0.12539056920917208, 
    0.10843071637635539
   ], 
   [
    0.1483432748413485, 
    0, 
    0.26312321448926634, 
    0.23114866811593146, 
    0.005604431611057826, 
    0.03370162609921794, 
    0.03223214340595855, 
    0.049171204942588025, 
    0.08743759994519576, 
    0.14923783654943557
   ], 
   [
    0.07425625686225139, 
    0.15285438487157227, 
    0, 
    0.18274312809989138, 
    0.05895758242807896, 
    0.03202691327785986, 
    0.18368019962827817, 
    0.1643970521883951, 
    0.002075186153261971, 
    0.14900929649041086
   ], 
   [
    0.03612974124921908, 
    0.20055404781099243, 
    0.039106393178841244, 
    0, 
    0.20307493510063135, 
    0.11628682107914651, 
    0.18128607208279582, 
    0.21220554154997484, 
    0.0095442372684777, 
    0.0018122106799207816
   ], 
   [
    0.04455081742859071, 
    0.18142350816455008, 
    0.053121696054406364, 
    0.16745364746476663, 
    0, 
    0.18280983526561692, 
    0.09973629486642546, 
    0.18498441373402336, 
    0.010616130532446763, 
    0.07530365648917396
   ], 
   [
    0.07784969724005134, 
    0.030568307358488943, 
    0.2476771880116929, 
    0.21772217756199308, 
    0.18180997105059302, 
    0, 
    0.1542924549225816, 
    0.006412078310769016, 
    0.0382893123961092, 
    0.04537881314772094
   ], 
   [
    0.09041221977025041, 
    0.051798182402449336, 
    0.27499661058455876, 
    0.034779435729096655, 
    0.24937557427681398, 
    0.07108088309127719, 
    0, 
    0.013026505976438228, 
    0.11056975482956423, 
    0.10396083333955124
   ], 
   [
    0.14304196693263696, 
    0.03715116501968288, 
    0.02072734518148206, 
    0.08519026078076528, 
    0.13117593442336364, 
    0.18049115661709972, 
    0.16104429849526244, 
    0, 
    0.046665460135901324, 
    0.19451241241380574
   ], 
   [
    0.08799009681255887, 
    0.14638711543925764, 
    0.14115911130277736, 
    0.13731904271777312, 
    0.09243276899480263, 
    0.1987498581266053, 
    0.005502344415838722, 
    0.14749725407665082, 
    0, 
    0.042962408113735515
   ], 
   [
    0.04854137016842283, 
    0.14027772745592346, 
    0.12569144104701463, 
    0.11323836690382375, 
    0.17398933620238816, 
    0.04270455695777388, 
    0.18515025687597883, 
    0.11073820146852596, 
    0.05966874292014859, 
    0
   ]
  ]
 }
}