{
 "vehicle_cost_per_km": [
  5, 
  5, 
  5, 
  5, 
  5
 ], 
 "runs": [
  {
   "avg_task_cost_vs_number_of_task": [
    1978, 
    1011.25, 
    969.5, 
    727.1249999999999, 
    581.6999999999999, 
    484.75, 
    415.5, 
    363.5625, 
    323.1666666666667, 
    290.85, 
    264.40909090909093, 
    335.5, 
    309.6923076923077, 
    287.57142857142856, 
    268.4, 
    287.21875, 
    294.2647058823529, 
    237.44444444444446, 
    244.5, 
    287.85, 
    216, 
    202.9318181818182, 
    219.45652173913044, 
    248.45833333333334, 
    220.23999999999995, 
    250.46153846153845, 
    278.6111111111111, 
    220.67857142857142, 
    242.12068965517236, 
    212.04999999999993
   ], 
   "number_of_vehicles": 2
  }, 
  {
   "avg_task_cost_vs_number_of_task": [
    1978, 
    1011.25, 
    836, 
    698.375, 
    558.7, 
    465.5833333333333, 
    399.07142857142856, 
    349.1875, 
    323.1666666666667, 
    325.9, 
    264.40909090909093, 
    301.125, 
    326.96153846153845, 
    287.57142857142856, 
    268.4, 
    287.21875000000006, 
    273.264705882353, 
    252, 
    226.3421052631579, 
    264.475, 
    197.76190476190476, 
    195.47727272727272, 
    227.73913043478265, 
    242.37499999999997, 
    202.7, 
    231.28846153846155, 
    270.2037037037037, 
    244.53571428571428, 
    232.49999999999994, 
    220.23333333333332
   ], 
   "number_of_vehicles": 3
  }, 
  {
   "avg_task_cost_vs_number_of_task": [
    1978, 
    1011.25, 
    836, 
    698.375, 
    558.7, 
    465.5833333333333, 
    399.07142857142856, 
    349.1875, 
    376.22222222222223, 
    325.9, 
    264.40909090909093, 
    335.5, 
    309.6923076923077, 
    287.57142857142856, 
    268.4, 
    251.625, 
    292.5, 
    238.91666666666666, 
    235.10526315789474, 
    232.27500000000003, 
    191.71428571428572, 
    242.8636363636364, 
    221.4130434782609, 
    262.16666666666663, 
    279.6400000000001, 
    243.40384615384616, 
    234.94444444444446, 
    270.41071428571433, 
    220.27586206896552, 
    218.0166666666666
   ], 
   "number_of_vehicles": 4
  }, 
  {
   "avg_task_cost_vs_number_of_task": [
    1652.5, 
    1011.25, 
    836, 
    698.375, 
    558.7, 
    465.5833333333333, 
    399.07142857142856, 
    349.1875, 
    376.22222222222223, 
    338.6, 
    264.40909090909093, 
    335.5, 
    309.6923076923077, 
    287.57142857142856, 
    268.4, 
    251.625, 
    236.8235294117647, 
    240.94444444444446, 
    228.26315789473685, 
    229.55, 
    221.21428571428575, 
    211.1590909090909, 
    240.82608695652175, 
    271.47916666666663, 
    192.2, 
    212.98076923076923, 
    228.16666666666666, 
    216.125, 
    235.93103448275863, 
    227.56666666666666
   ], 
   "number_of_vehicles": 5
  }
 ], 
 "vehicle_starting_positions": [
  "Den Haag", 
  "Apeldoorn", 
  "Almere", 
  "Amsterdam", 
  "Breda", 
  "Groningen", 
  "Utrecht", 
  "Nijmegen", 
  "Eindhoven", 
  "Rotterdam"
 ], 
 "task_distribution": {
  "distance_matrix": [
   [
    0, 
    90.6, 
    65.2, 
    45.6, 
    137.5, 
    31.9, 
    185.9, 
    132, 
    119.1, 
    90.2
   ], 
   [
    90.6, 
    0, 
    25.4, 
    62.3, 
    110.8, 
    105.6, 
    259.6, 
    112, 
    48.6, 
    129.3
   ], 
   [
    65.2, 
    25.4, 
    0, 
    87.7, 
    136.2, 
    97.1, 
    251.1, 
    137.4, 
    74, 
    154.7
   ], 
   [
    45.6, 
    62.3, 
    87.7, 
    0, 
    91.9, 
    43.3, 
    197.3, 
    86.4, 
    73.5, 
    67
   ], 
   [
    137.5, 
    110.8, 
    136.2, 
    91.9, 
    0, 
    135.2, 
    268.3, 
    70.2, 
    62.2, 
    127.3
   ], 
   [
    31.9, 
    105.6, 
    97.1, 
    43.3, 
    135.2, 
    0, 
    154, 
    129.7, 
    116.8, 
    80.1
   ], 
   [
    185.9, 
    259.6, 
    251.1, 
    197.3, 
    268.3, 
    154, 
    0, 
    198.1, 
    270.8, 
    141
   ], 
   [
    132, 
    112, 
    137.4, 
    86.4, 
    70.2, 
    129.7, 
    198.1, 
    0, 
    96.2, 
    57.1
   ], 
   [
    119.1, 
    48.6, 
    74, 
    73.5, 
    62.2, 
    116.8, 
    270.8, 
    96.2, 
    0, 
    140.5
   ], 
   [
    90.2, 
    129.3, 
    154.7, 
    67, 
    127.3, 
    80.1, 
    141, 
    57.1, 
    140.5, 
    0
   ]
  ], 
  "weight_matrix": [
   [
    0, 
    3, 
    3, 
    3, 
    3, 
    3, 
    3, 
    3, 
    3, 
    3
   ], 
   [
    3, 
    0, 
    3, 
    3, 
    3, 
    3, 
    3, 
    3, 
    3, 
    3
   ], 
   [
    3, 
    3, 
    0, 
    3, 
    3, 
    3, 
    3, 
    3, 
    3, 
    3
   ], 
   [
    3, 
    3, 
    3, 
    0, 
    3, 
    3, 
    3, 
    3, 
    3, 
    3
   ], 
   [
    3, 
    3, 
    3, 
    3, 
    0, 
    3, 
    3, 
    3, 
    3, 
    3
   ], 
   [
    3, 
    3, 
    3, 
    3, 
    3, 
    0, 
    3, 
    3, 
    3, 
    3
   ], 
   [
    3, 
    3, 
    3, 
    3, 
    3, 
    3, 
    0, 
    3, 
    3, 
    3
   ], 
   [
    3, 
    3, 
    3, 
    3, 
    3, 
    3, 
    3, 
    0, 
    3, 
    3
   ], 
   [
    3, 
    3, 
    3, 
    3, 
    3, 
    3, 
    3, 
    3, 
    0, 
    3
   ], 
   [
    3, 
    3, 
    3, 
    3, 
    3, 
    3, 
    3, 
    3, 
    3, 
    0
   ]
  ], 
  "city_names": [
   "Amsterdam", 
   "Rotterdam", 
   "Den Haag", 
   "Utrecht", 
   "Eindhoven", 
   "Almere", 
   "Groningen", 
   "Nijmegen", 
   "Breda", 
   "Apeldoorn"
  ], 
  "reward_matrix": [
   [
    0, 
    73456, 
    83796, 
    91775, 
    54364, 
    97352, 
    34661, 
    56603, 
    61855, 
    73619
   ], 
   [
    73456, 
    0, 
    99999, 
    84977, 
    65233, 
    67350, 
    4659, 
    64745, 
    90554, 
    57702
   ], 
   [
    83796, 
    99999, 
    0, 
    74637, 
    54893, 
    70810, 
    8119, 
    54405, 
    80214, 
    47362
   ], 
   [
    91775, 
    84977, 
    74637, 
    0, 
    72927, 
    92712, 
    30020, 
    75166, 
    80418, 
    83064
   ], 
   [
    54364, 
    65233, 
    54893, 
    72927, 
    0, 
    55300, 
    1117, 
    81761, 
    85018, 
    58516
   ], 
   [
    97352, 
    67350, 
    70810, 
    92712, 
    55300, 
    0, 
    47647, 
    57539, 
    62791, 
    77731
   ], 
   [
    34661, 
    4659, 
    8119, 
    30020, 
    1117, 
    47647, 
    0, 
    29695, 
    100, 
    52939
   ], 
   [
    56603, 
    64745, 
    54405, 
    75166, 
    81761, 
    57539, 
    29695, 
    0, 
    71177, 
    87094
   ], 
   [
    61855, 
    90554, 
    80214, 
    80418, 
    85018, 
    62791, 
    100, 
    71177, 
    0, 
    53143
   ], 
   [
    73619, 
    57702, 
    47362, 
    83064, 
    58516, 
    77731, 
    52939, 
    87094, 
    53143, 
    0
   ]
  ], 
  "probability_matrix": [
   [
    0, 
    0.08016754037448824, 
    0.024782435827397833, 
    0.1252829981137645, 
    0.09619234671655716, 
    0.020990423797483275, 
    0.1954839194467249, 
    0.1526407362128035, 
    0.1192250869552403, 
    0.18523451255554044
   ], 
   [
    0.11062981623868266, 
    0, 
    0.08732866559031024, 
    0.16530834547363998, 
    0.11051995798174472, 
    0.08723760788080917, 
    0.08438268992507196, 
    0.17446178850404173, 
    0.07452283418474615, 
    0.10560829422095334
   ], 
   [
    0.03851573859023101, 
    0.11394015356303053, 
    0, 
    0.14964024093577405, 
    0.16157935686606353, 
    0.13819444149900154, 
    0.04587066642870226, 
    0.1240888880762983, 
    0.09559737281644282, 
    0.13257314122445588
   ], 
   [
    0.18213775835137505, 
    0.06671617149686791, 
    0.18618299546719067, 
    0, 
    0.09424878229227827, 
    0.010952532942018351, 
    0.1407967274318909, 
    0.006178520723396859, 
    0.14617238047001965, 
    0.1666141308249622
   ], 
   [
    0.05942342260577367, 
    0.14351993164544133, 
    0.03321316320951306, 
    0.18134348724605162, 
    0, 
    0.009474653301449086, 
    0.15310890307939146, 
    0.11592581496396084, 
    0.196442891482975, 
    0.10754773246544408
   ], 
   [
    0.12086727893774779, 
    0.15058708722631586, 
    0.06286376461896534, 
    0.1408165546541177, 
    0.03294489060718849, 
    0, 
    0.16446375641946673, 
    0.012839972614116272, 
    0.08322717129084202, 
    0.23138952363123985
   ], 
   [
    0.08553143925950982, 
    0.18139032682664485, 
    0.09455719995888667, 
    0.017024761624993296, 
    0.10540524628454909, 
    0.09818412162902777, 
    0, 
    0.17933406818041578, 
    0.06300914596198029, 
    0.17556369027399238
   ], 
   [
    0.09737603962529491, 
    0.24283122095257273, 
    0.11534136503700662, 
    0.06631308996267977, 
    0.043452252220016474, 
    0.1653008370930048, 
    0.012190951748280675, 
    0, 
    0.1702946454154, 
    0.08689959794574417
   ], 
   [
    0.036554884307458506, 
    0.105058498369833, 
    0.039711157205255886, 
    0.15242868330194184, 
    0.04829188083424043, 
    0.16517993553649546, 
    0.13426010401208952, 
    0.14101683094605064, 
    0, 
    0.17749802548663482
   ], 
   [
    0.11521114636691983, 
    0.023518958642859737, 
    0.14610069911387807, 
    0.13698587662740472, 
    0.0491650286687127, 
    0.11659324532659855, 
    0.18736662826008516, 
    0.17220815781595192, 
    0.052850259177589266, 
    0
   ]
  ]
 }, 
 "vehicle_capacities": [
  30, 
  30, 
  30, 
  30, 
  30
 ]
}