{
 "vehicle_cost_per_km": [
  15, 
  5, 
  5, 
  5, 
  5, 
  5, 
  5, 
  5, 
  5, 
  5
 ], 
 "runs": [
  {
   "avg_task_cost_vs_number_of_task": [
    2185, 
    1319, 
    1121.5, 
    922.6249999999999, 
    738.1, 
    615.0833333333335, 
    557.7142857142858, 
    508.875, 
    452.3333333333333, 
    407.1, 
    397.5, 
    374.9583333333333, 
    353, 
    342.67857142857144, 
    318.5, 
    317, 
    327.9117647058824, 
    331.5000000000001, 
    305.3157894736842, 
    322.025, 
    329.7142857142857, 
    310.27272727272725, 
    288.2391304347826, 
    295.875, 
    309.20000000000005, 
    325.38461538461536, 
    293.462962962963, 
    302.60714285714283, 
    302.9655172413793, 
    294.25
   ], 
   "number_of_vehicles": 3
  }
 ], 
 "vehicle_starting_positions": [
  "Amsterdam", 
  "Rotterdam", 
  "Den Haag", 
  "Utrecht", 
  "Eindhoven", 
  "Almere", 
  "Groningen", 
  "Nijmegen", 
  "Breda", 
  "Apeldoorn"
 ], 
 "task_distribution": {
  "distance_matrix": [
   [
    0, 
    90.6, 
    65.2, 
    45.6, 
    137.5, 
    31.9, 
    185.9, 
    132, 
    119.1, 
    90.2
   ], 
   [
    90.6, 
    0, 
    25.4, 
    62.3, 
    110.8, 
    105.6, 
    259.6, 
    112, 
    48.6, 
    129.3
   ], 
   [
    65.2, 
    25.4, 
    0, 
    87.7, 
    136.2, 
    97.1, 
    251.1, 
    137.4, 
    74, 
    154.7
   ], 
   [
    45.6, 
    62.3, 
    87.7, 
    0, 
    91.9, 
    43.3, 
    197.3, 
    86.4, 
    73.5, 
    67
   ], 
   [
    137.5, 
    110.8, 
    136.2, 
    91.9, 
    0, 
    135.2, 
    268.3, 
    70.2, 
    62.2, 
    127.3
   ], 
   [
    31.9, 
    105.6, 
    97.1, 
    43.3, 
    135.2, 
    0, 
    154, 
    129.7, 
    116.8, 
    80.1
   ], 
   [
    185.9, 
    259.6, 
    251.1, 
    197.3, 
    268.3, 
    154, 
    0, 
    198.1, 
    270.8, 
    141
   ], 
   [
    132, 
    112, 
    137.4, 
    86.4, 
    70.2, 
    129.7, 
    198.1, 
    0, 
    96.2, 
    57.1
   ], 
   [
    119.1, 
    48.6, 
    74, 
    73.5, 
    62.2, 
    116.8, 
    270.8, 
    96.2, 
    0, 
    140.5
   ], 
   [
    90.2, 
    129.3, 
    154.7, 
    67, 
    127.3, 
    80.1, 
    141, 
    57.1, 
    140.5, 
    0
   ]
  ], 
  "weight_matrix": [
   [
    0, 
    3, 
    3, 
    3, 
    3, 
    3, 
    3, 
    3, 
    3, 
    3
   ], 
   [
    3, 
    0, 
    3, 
    3, 
    3, 
    3, 
    3, 
    3, 
    3, 
    3
   ], 
   [
    3, 
    3, 
    0, 
    3, 
    3, 
    3, 
    3, 
    3, 
    3, 
    3
   ], 
   [
    3, 
    3, 
    3, 
    0, 
    3, 
    3, 
    3, 
    3, 
    3, 
    3
   ], 
   [
    3, 
    3, 
    3, 
    3, 
    0, 
    3, 
    3, 
    3, 
    3, 
    3
   ], 
   [
    3, 
    3, 
    3, 
    3, 
    3, 
    0, 
    3, 
    3, 
    3, 
    3
   ], 
   [
    3, 
    3, 
    3, 
    3, 
    3, 
    3, 
    0, 
    3, 
    3, 
    3
   ], 
   [
    3, 
    3, 
    3, 
    3, 
    3, 
    3, 
    3, 
    0, 
    3, 
    3
   ], 
   [
    3, 
    3, 
    3, 
    3, 
    3, 
    3, 
    3, 
    3, 
    0, 
    3
   ], 
   [
    3, 
    3, 
    3, 
    3, 
    3, 
    3, 
    3, 
    3, 
    3, 
    0
   ]
  ], 
  "city_names": [
   "Amsterdam", 
   "Rotterdam", 
   "Den Haag", 
   "Utrecht", 
   "Eindhoven", 
   "Almere", 
   "Groningen", 
   "Nijmegen", 
   "Breda", 
   "Apeldoorn"
  ], 
  "reward_matrix": [
   [
    0, 
    73456, 
    83796, 
    91775, 
    54364, 
    97352, 
    34661, 
    56603, 
    61855, 
    73619
   ], 
   [
    73456, 
    0, 
    99999, 
    84977, 
    65233, 
    67350, 
    4659, 
    64745, 
    90554, 
    57702
   ], 
   [
    83796, 
    99999, 
    0, 
    74637, 
    54893, 
    70810, 
    8119, 
    54405, 
    80214, 
    47362
   ], 
   [
    91775, 
    84977, 
    74637, 
    0, 
    72927, 
    92712, 
    30020, 
    75166, 
    80418, 
    83064
   ], 
   [
    54364, 
    65233, 
    54893, 
    72927, 
    0, 
    55300, 
    1117, 
    81761, 
    85018, 
    58516
   ], 
   [
    97352, 
    67350, 
    70810, 
    92712, 
    55300, 
    0, 
    47647, 
    57539, 
    62791, 
    77731
   ], 
   [
    34661, 
    4659, 
    8119, 
    30020, 
    1117, 
    47647, 
    0, 
    29695, 
    100, 
    52939
   ], 
   [
    56603, 
    64745, 
    54405, 
    75166, 
    81761, 
    57539, 
    29695, 
    0, 
    71177, 
    87094
   ], 
   [
    61855, 
    90554, 
    80214, 
    80418, 
    85018, 
    62791, 
    100, 
    71177, 
    0, 
    53143
   ], 
   [
    73619, 
    57702, 
    47362, 
    83064, 
    58516, 
    77731, 
    52939, 
    87094, 
    53143, 
    0
   ]
  ], 
  "probability_matrix": [
   [
    0, 
    0.12340682878151317, 
    0.12461557207309765, 
    0.11968971228846385, 
    0.07895174724810994, 
    0.16921449894878063, 
    0.0028089710670360897, 
    0.15419648581839973, 
    0.10553482294806972, 
    0.12158136082652898
   ], 
   [
    0.07906858940834918, 
    0, 
    0.12227568968562202, 
    0.10913686095684812, 
    0.13757200755913093, 
    0.17183466300898245, 
    0.09351853945214532, 
    0.09783989511361191, 
    0.03668562977842294, 
    0.15206812503688713
   ], 
   [
    0.08090336186533473, 
    0.03933737808336111, 
    0, 
    0.167461145921898, 
    0.1396792911553739, 
    0.08224609727066201, 
    0.008191143930982239, 
    0.030660713047907132, 
    0.22234571943335665, 
    0.22917514929112426
   ], 
   [
    0.10925597394510814, 
    0.12855989040750834, 
    0.02673029373452549, 
    0, 
    0.039941148439189784, 
    0.15612959808475554, 
    0.19429746297731382, 
    0.0792351945668469, 
    0.03996995002206321, 
    0.225880487822689
   ], 
   [
    0.12918217331996823, 
    0.02757405137968571, 
    0.15828144780093578, 
    0.11454168950651514, 
    0, 
    0.14403528270314098, 
    0.059107874386705755, 
    0.18202916512363568, 
    0.11551576823770239, 
    0.06973254754171034
   ], 
   [
    0.07541305646327477, 
    0.15475146082028673, 
    0.0797396419352911, 
    0.05502854845564725, 
    0.14679024833355067, 
    0, 
    0.04835014710453585, 
    0.16050495008162044, 
    0.1299877528211497, 
    0.14943419398464375
   ], 
   [
    0.14858729448969407, 
    0.09230117883406107, 
    0.19585793091623066, 
    0.054637975383215694, 
    0.10635532863923497, 
    0.18674318933650674, 
    0, 
    0.13046977825846207, 
    0.06725191550828692, 
    0.017795408634307584
   ], 
   [
    0.165388349342168, 
    0.03726824986731375, 
    0.17480786362133327, 
    0.03534469102674443, 
    0.1441552201722146, 
    0.20283489367454524, 
    0.029693750431227336, 
    0, 
    0.13255801635173406, 
    0.0779489655127193
   ], 
   [
    0.23534312907925192, 
    0.09271590262574923, 
    0.12702445162806164, 
    0.13198923211830318, 
    0.0849136338681176, 
    0.0612758436900423, 
    0.020556430506362144, 
    0.1346378504664278, 
    0, 
    0.11154352601768429
   ], 
   [
    0.18465314263033392, 
    0.008576964199280262, 
    0.006521191425773485, 
    0.08243726931187403, 
    0.19376725940288964, 
    0.17903988828857945, 
    0.17455107647989423, 
    0.1288486986073011, 
    0.041604509654073765, 
    0
   ]
  ]
 }, 
 "vehicle_capacities": [
  15, 
  15, 
  15, 
  5, 
  20, 
  30, 
  30, 
  30, 
  30, 
  30
 ]
}