{
 "distance_matrix": [
  [
   0, 
   90.6, 
   65.2, 
   45.6, 
   137.5, 
   31.9, 
   185.9, 
   132, 
   119.1, 
   90.2
  ], 
  [
   90.6, 
   0, 
   25.4, 
   62.3, 
   110.8, 
   105.6, 
   259.6, 
   112, 
   48.6, 
   129.3
  ], 
  [
   65.2, 
   25.4, 
   0, 
   87.7, 
   136.2, 
   97.1, 
   251.1, 
   137.4, 
   74, 
   154.7
  ], 
  [
   45.6, 
   62.3, 
   87.7, 
   0, 
   91.9, 
   43.3, 
   197.3, 
   86.4, 
   73.5, 
   67
  ], 
  [
   137.5, 
   110.8, 
   136.2, 
   91.9, 
   0, 
   135.2, 
   268.3, 
   70.2, 
   62.2, 
   127.3
  ], 
  [
   31.9, 
   105.6, 
   97.1, 
   43.3, 
   135.2, 
   0, 
   154, 
   129.7, 
   116.8, 
   80.1
  ], 
  [
   185.9, 
   259.6, 
   251.1, 
   197.3, 
   268.3, 
   154, 
   0, 
   198.1, 
   270.8, 
   141
  ], 
  [
   132, 
   112, 
   137.4, 
   86.4, 
   70.2, 
   129.7, 
   198.1, 
   0, 
   96.2, 
   57.1
  ], 
  [
   119.1, 
   48.6, 
   74, 
   73.5, 
   62.2, 
   116.8, 
   270.8, 
   96.2, 
   0, 
   140.5
  ], 
  [
   90.2, 
   129.3, 
   154.7, 
   67, 
   127.3, 
   80.1, 
   141, 
   57.1, 
   140.5, 
   0
  ]
 ], 
 "runs": [
  {
   "avg_task_cost_vs_number_of_task": [
    823.5, 
    1139, 
    847.8333333333331, 
    809.75, 
    647.8, 
    557.7500000000001, 
    525.1428571428572, 
    448.68750000000006, 
    438.22222222222223, 
    387.45000000000005, 
    337.86363636363643, 
    338.7916666666667, 
    312.7307692307692, 
    290.39285714285717, 
    296.00000000000006, 
    263.28125, 
    271.8529411764706, 
    296.00000000000006, 
    252.89473684210526, 
    257.5, 
    243.3571428571429, 
    255.5, 
    226.2173913043478, 
    251.85416666666666, 
    231.94, 
    238.44230769230768, 
    189.8703703703704, 
    251.92857142857142, 
    228.05172413793105, 
    241.41666666666663
   ], 
   "number_of_vehicles": 2
  }, 
  {
   "avg_task_cost_vs_number_of_task": [
    823.5, 
    1139, 
    847.8333333333331, 
    809.75, 
    647.8, 
    557.7500000000001, 
    512.7857142857143, 
    448.68750000000006, 
    398.83333333333337, 
    358.95000000000005, 
    369.59090909090907, 
    338.7916666666667, 
    312.7307692307692, 
    290.39285714285717, 
    293.4, 
    288.84375, 
    258.88235294117646, 
    281.55555555555554, 
    283.342105263158, 
    256.32500000000005, 
    250, 
    245.3181818181818, 
    274.5652173913044, 
    246.3125, 
    226.9, 
    220.01923076923083, 
    250.22222222222223, 
    241.85714285714286, 
    251.79310344827584, 
    206.13333333333335
   ], 
   "number_of_vehicles": 3
  }, 
  {
   "avg_task_cost_vs_number_of_task": [
    823.5, 
    1139, 
    847.8333333333331, 
    794.9999999999999, 
    647.8, 
    557.7500000000001, 
    512.7857142857143, 
    448.68750000000006, 
    431.66666666666674, 
    394.4, 
    337.86363636363643, 
    338.7916666666667, 
    319.1923076923077, 
    300.89285714285717, 
    298.53333333333336, 
    278.03125000000006, 
    277.0882352941176, 
    256.75, 
    259.42105263157896, 
    270.27500000000003, 
    249.3571428571429, 
    231.4545454545455, 
    225.4782608695653, 
    264.0833333333333, 
    263.46, 
    230.9615384615385, 
    192.7037037037037, 
    232.3214285714286, 
    261.7241379310345, 
    220.16666666666666
   ], 
   "number_of_vehicles": 4
  }, 
  {
   "avg_task_cost_vs_number_of_task": [
    755, 
    1104.75, 
    775.6666666666666, 
    740.875, 
    604.5, 
    557.7500000000001, 
    532.5, 
    465.9375, 
    398.83333333333337, 
    372.75, 
    401.3181818181818, 
    337.62500000000006, 
    302.5384615384616, 
    315.32142857142856, 
    280.8333333333333, 
    264.50000000000006, 
    271.8529411764706, 
    261.69444444444446, 
    251.81578947368416, 
    245.05000000000004, 
    296.33333333333337, 
    272.47727272727275, 
    254.2608695652174, 
    239.87499999999997, 
    262.6400000000001, 
    226.82692307692307, 
    228.2962962962963, 
    266, 
    230.91379310344828, 
    223.41666666666669
   ], 
   "number_of_vehicles": 5
  }
 ], 
 "vehicle_starting_positions": [
  "Utrecht", 
  "Groningen", 
  "Eindhoven", 
  "Apeldoorn", 
  "Almere", 
  "Den Haag", 
  "Rotterdam", 
  "Breda", 
  "Nijmegen", 
  "Amsterdam"
 ], 
 "task_distribution": {
  "weight_matrix": [
   [
    0, 
    3, 
    3, 
    3, 
    3, 
    3, 
    3, 
    3, 
    3, 
    3
   ], 
   [
    3, 
    0, 
    3, 
    3, 
    3, 
    3, 
    3, 
    3, 
    3, 
    3
   ], 
   [
    3, 
    3, 
    0, 
    3, 
    3, 
    3, 
    3, 
    3, 
    3, 
    3
   ], 
   [
    3, 
    3, 
    3, 
    0, 
    3, 
    3, 
    3, 
    3, 
    3, 
    3
   ], 
   [
    3, 
    3, 
    3, 
    3, 
    0, 
    3, 
    3, 
    3, 
    3, 
    3
   ], 
   [
    3, 
    3, 
    3, 
    3, 
    3, 
    0, 
    3, 
    3, 
    3, 
    3
   ], 
   [
    3, 
    3, 
    3, 
    3, 
    3, 
    3, 
    0, 
    3, 
    3, 
    3
   ], 
   [
    3, 
    3, 
    3, 
    3, 
    3, 
    3, 
    3, 
    0, 
    3, 
    3
   ], 
   [
    3, 
    3, 
    3, 
    3, 
    3, 
    3, 
    3, 
    3, 
    0, 
    3
   ], 
   [
    3, 
    3, 
    3, 
    3, 
    3, 
    3, 
    3, 
    3, 
    3, 
    0
   ]
  ], 
  "city_names": [
   "Amsterdam", 
   "Rotterdam", 
   "Den Haag", 
   "Utrecht", 
   "Eindhoven", 
   "Almere", 
   "Groningen", 
   "Nijmegen", 
   "Breda", 
   "Apeldoorn"
  ], 
  "reward_matrix": [
   [
    0, 
    73456, 
    83796, 
    91775, 
    54364, 
    97352, 
    34661, 
    56603, 
    61855, 
    73619
   ], 
   [
    73456, 
    0, 
    99999, 
    84977, 
    65233, 
    67350, 
    4659, 
    64745, 
    90554, 
    57702
   ], 
   [
    83796, 
    99999, 
    0, 
    74637, 
    54893, 
    70810, 
    8119, 
    54405, 
    80214, 
    47362
   ], 
   [
    91775, 
    84977, 
    74637, 
    0, 
    72927, 
    92712, 
    30020, 
    75166, 
    80418, 
    83064
   ], 
   [
    54364, 
    65233, 
    54893, 
    72927, 
    0, 
    55300, 
    1117, 
    81761, 
    85018, 
    58516
   ], 
   [
    97352, 
    67350, 
    70810, 
    92712, 
    55300, 
    0, 
    47647, 
    57539, 
    62791, 
    77731
   ], 
   [
    34661, 
    4659, 
    8119, 
    30020, 
    1117, 
    47647, 
    0, 
    29695, 
    100, 
    52939
   ], 
   [
    56603, 
    64745, 
    54405, 
    75166, 
    81761, 
    57539, 
    29695, 
    0, 
    71177, 
    87094
   ], 
   [
    61855, 
    90554, 
    80214, 
    80418, 
    85018, 
    62791, 
    100, 
    71177, 
    0, 
    53143
   ], 
   [
    73619, 
    57702, 
    47362, 
    83064, 
    58516, 
    77731, 
    52939, 
    87094, 
    53143, 
    0
   ]
  ], 
  "probability_matrix": [
   [
    0, 
    0.17195104974752382, 
    0.17487504143007557, 
    0.09410007915666571, 
    0.19338734884949452, 
    0.09912905981949281, 
    0.01827093323810936, 
    0.04404386082943379, 
    0.14883489073514178, 
    0.055407736194062765
   ], 
   [
    0.15604096167654205, 
    0, 
    0.18412465613696913, 
    0.1082019654796768, 
    0.1826478643810445, 
    0.01437759873133657, 
    0.15857621861113766, 
    0.027565523988060347, 
    0.06810549547196186, 
    0.10035971552327119
   ], 
   [
    0.06988229951353811, 
    0.07915280249542199, 
    0, 
    0.2691132816321084, 
    0.05914424013154754, 
    0.11828624331575645, 
    0.01227773432731961, 
    0.03249218626897351, 
    0.12985081370188173, 
    0.2298003986134527
   ], 
   [
    0.2786219203103321, 
    0.09819369020947065, 
    0.06673473859184367, 
    0, 
    0.0634705386817714, 
    0.1920051305784406, 
    0.04258020343098172, 
    0.198341405420605, 
    0.012712407852998372, 
    0.047339964923556625
   ], 
   [
    0.02504478644722182, 
    0.10007738203410674, 
    0.07518870796417236, 
    0.04490266636626867, 
    0, 
    0.16869922664399006, 
    0.15599946790686064, 
    0.1561799204359118, 
    0.14786822263357458, 
    0.12603961956789334
   ], 
   [
    0.17046675677735065, 
    0.06672210176871476, 
    0.11628562999748521, 
    0.06763880183292645, 
    0.196222856142477, 
    0, 
    0.012431914465383333, 
    0.1536306552461362, 
    0.08621709740754863, 
    0.1303841863619779
   ], 
   [
    0.1504454580050805, 
    0.21483829544964264, 
    0.10959727037931169, 
    0.07147874885759839, 
    0.08319082729375715, 
    0.16454438669257077, 
    0, 
    0.06226387523788096, 
    0.02097773559221358, 
    0.12266340249194436
   ], 
   [
    0.14674350946482406, 
    0.15257656364073802, 
    0.05564416536764549, 
    0.06449206056475303, 
    0.16008117846632774, 
    0.13733679513717675, 
    0.10818212432687166, 
    0, 
    0.145110510403117, 
    0.029833092628546398
   ], 
   [
    0.0176540588616408, 
    0.0969696427512627, 
    0.0525654325020153, 
    0.15850717797179756, 
    0.0020202167161538337, 
    0.14354985643629642, 
    0.1973412019977639, 
    0.17075460995332506, 
    0, 
    0.16063780280974446
   ], 
   [
    0.0058513882024654315, 
    0.19314236559182504, 
    0.16794511612793075, 
    0.19103684975686433, 
    0.019798948727843955, 
    0.03699135812857623, 
    0.05236877686367572, 
    0.15345441429931803, 
    0.17941078230150054, 
    0
   ]
  ]
 }
}