{
 "distance_matrix": [
  [
   0, 
   90.6, 
   65.2, 
   45.6, 
   137.5, 
   31.9, 
   185.9, 
   132, 
   119.1, 
   90.2
  ], 
  [
   90.6, 
   0, 
   25.4, 
   62.3, 
   110.8, 
   105.6, 
   259.6, 
   112, 
   48.6, 
   129.3
  ], 
  [
   65.2, 
   25.4, 
   0, 
   87.7, 
   136.2, 
   97.1, 
   251.1, 
   137.4, 
   74, 
   154.7
  ], 
  [
   45.6, 
   62.3, 
   87.7, 
   0, 
   91.9, 
   43.3, 
   197.3, 
   86.4, 
   73.5, 
   67
  ], 
  [
   137.5, 
   110.8, 
   136.2, 
   91.9, 
   0, 
   135.2, 
   268.3, 
   70.2, 
   62.2, 
   127.3
  ], 
  [
   31.9, 
   105.6, 
   97.1, 
   43.3, 
   135.2, 
   0, 
   154, 
   129.7, 
   116.8, 
   80.1
  ], 
  [
   185.9, 
   259.6, 
   251.1, 
   197.3, 
   268.3, 
   154, 
   0, 
   198.1, 
   270.8, 
   141
  ], 
  [
   132, 
   112, 
   137.4, 
   86.4, 
   70.2, 
   129.7, 
   198.1, 
   0, 
   96.2, 
   57.1
  ], 
  [
   119.1, 
   48.6, 
   74, 
   73.5, 
   62.2, 
   116.8, 
   270.8, 
   96.2, 
   0, 
   140.5
  ], 
  [
   90.2, 
   129.3, 
   154.7, 
   67, 
   127.3, 
   80.1, 
   141, 
   57.1, 
   140.5, 
   0
  ]
 ], 
 "runs": [
  {
   "avg_task_cost_vs_number_of_task": [
    810.5000000000001, 
    773.5000000000001, 
    825.5000000000001, 
    703.75, 
    665.5, 
    601.5833333333334, 
    515.6428571428571, 
    485.6875, 
    431.72222222222223, 
    388.55, 
    354.0909090909091, 
    350.54166666666674, 
    342.19230769230774, 
    293.17857142857144, 
    300.36666666666673, 
    295.84375, 
    261.47058823529414, 
    257.3333333333333, 
    244.1052631578948, 
    265.27500000000003, 
    241.3571428571429, 
    263.24999999999994, 
    229.36956521739134, 
    261.7916666666667, 
    231.48, 
    268.07692307692304, 
    284.68518518518516, 
    223.7678571428572, 
    292.37931034482756, 
    220.98333333333332
   ], 
   "number_of_vehicles": 2
  }, 
  {
   "avg_task_cost_vs_number_of_task": [
    351, 
    543.75, 
    672.3333333333334, 
    703.75, 
    665.5, 
    601.5833333333334, 
    515.6428571428571, 
    467.93749999999994, 
    415.9444444444444, 
    374.34999999999997, 
    354.04545454545456, 
    350.54166666666674, 
    346.57692307692315, 
    318.2142857142858, 
    309.20000000000005, 
    289.43750000000006, 
    288.73529411764713, 
    289.0277777777778, 
    272.18421052631584, 
    261.40000000000003, 
    297.7142857142857, 
    248.659090909091, 
    245.32608695652178, 
    264.7708333333333, 
    261.56, 
    278.7692307692307, 
    199.2777777777778, 
    213.83928571428575, 
    276.60344827586204, 
    275.9666666666666
   ], 
   "number_of_vehicles": 3
  }, 
  {
   "avg_task_cost_vs_number_of_task": [
    351, 
    543.75, 
    672.3333333333334, 
    703.75, 
    655.6000000000001, 
    601.5833333333334, 
    560.1428571428571, 
    467.93749999999994, 
    415.9444444444444, 
    374.34999999999997, 
    354.04545454545456, 
    350.54166666666674, 
    358.26923076923083, 
    335.14285714285717, 
    279.4, 
    308.90625000000006, 
    269.5588235294118, 
    264.9722222222223, 
    257.71052631578954, 
    269.50000000000006, 
    334.2857142857143, 
    251.5454545454546, 
    275.5869565217391, 
    230.20833333333334, 
    237.2, 
    230.49999999999994, 
    218.4814814814815, 
    224.41071428571428, 
    229.43103448275863, 
    286.96666666666664
   ], 
   "number_of_vehicles": 4
  }, 
  {
   "avg_task_cost_vs_number_of_task": [
    351, 
    543.75, 
    672.3333333333334, 
    676.125, 
    656.9000000000001, 
    647.5833333333334, 
    507.5, 
    467.93749999999994, 
    426.44444444444446, 
    374.34999999999997, 
    382.40909090909093, 
    332.4166666666667, 
    346.57692307692315, 
    305.39285714285717, 
    313.3666666666667, 
    287.875, 
    280.5588235294118, 
    277.4722222222223, 
    269.2368421052632, 
    280.25, 
    303.80952380952385, 
    251.61363636363637, 
    248.2391304347826, 
    272.3958333333333, 
    280.82, 
    281.4230769230769, 
    252.57407407407408, 
    267.05357142857144, 
    295.2586206896552, 
    248
   ], 
   "number_of_vehicles": 5
  }
 ], 
 "vehicle_starting_positions": [
  "Rotterdam", 
  "Utrecht", 
  "Eindhoven", 
  "Den Haag", 
  "Amsterdam", 
  "Nijmegen", 
  "Breda", 
  "Groningen", 
  "Apeldoorn", 
  "Almere"
 ], 
 "task_distribution": {
  "weight_matrix": [
   [
    0, 
    3, 
    3, 
    3, 
    3, 
    3, 
    3, 
    3, 
    3, 
    3
   ], 
   [
    3, 
    0, 
    3, 
    3, 
    3, 
    3, 
    3, 
    3, 
    3, 
    3
   ], 
   [
    3, 
    3, 
    0, 
    3, 
    3, 
    3, 
    3, 
    3, 
    3, 
    3
   ], 
   [
    3, 
    3, 
    3, 
    0, 
    3, 
    3, 
    3, 
    3, 
    3, 
    3
   ], 
   [
    3, 
    3, 
    3, 
    3, 
    0, 
    3, 
    3, 
    3, 
    3, 
    3
   ], 
   [
    3, 
    3, 
    3, 
    3, 
    3, 
    0, 
    3, 
    3, 
    3, 
    3
   ], 
   [
    3, 
    3, 
    3, 
    3, 
    3, 
    3, 
    0, 
    3, 
    3, 
    3
   ], 
   [
    3, 
    3, 
    3, 
    3, 
    3, 
    3, 
    3, 
    0, 
    3, 
    3
   ], 
   [
    3, 
    3, 
    3, 
    3, 
    3, 
    3, 
    3, 
    3, 
    0, 
    3
   ], 
   [
    3, 
    3, 
    3, 
    3, 
    3, 
    3, 
    3, 
    3, 
    3, 
    0
   ]
  ], 
  "city_names": [
   "Amsterdam", 
   "Rotterdam", 
   "Den Haag", 
   "Utrecht", 
   "Eindhoven", 
   "Almere", 
   "Groningen", 
   "Nijmegen", 
   "Breda", 
   "Apeldoorn"
  ], 
  "reward_matrix": [
   [
    0, 
    73456, 
    83796, 
    91775, 
    54364, 
    97352, 
    34661, 
    56603, 
    61855, 
    73619
   ], 
   [
    73456, 
    0, 
    99999, 
    84977, 
    65233, 
    67350, 
    4659, 
    64745, 
    90554, 
    57702
   ], 
   [
    83796, 
    99999, 
    0, 
    74637, 
    54893, 
    70810, 
    8119, 
    54405, 
    80214, 
    47362
   ], 
   [
    91775, 
    84977, 
    74637, 
    0, 
    72927, 
    92712, 
    30020, 
    75166, 
    80418, 
    83064
   ], 
   [
    54364, 
    65233, 
    54893, 
    72927, 
    0, 
    55300, 
    1117, 
    81761, 
    85018, 
    58516
   ], 
   [
    97352, 
    67350, 
    70810, 
    92712, 
    55300, 
    0, 
    47647, 
    57539, 
    62791, 
    77731
   ], 
   [
    34661, 
    4659, 
    8119, 
    30020, 
    1117, 
    47647, 
    0, 
    29695, 
    100, 
    52939
   ], 
   [
    56603, 
    64745, 
    54405, 
    75166, 
    81761, 
    57539, 
    29695, 
    0, 
    71177, 
    87094
   ], 
   [
    61855, 
    90554, 
    80214, 
    80418, 
    85018, 
    62791, 
    100, 
    71177, 
    0, 
    53143
   ], 
   [
    73619, 
    57702, 
    47362, 
    83064, 
    58516, 
    77731, 
    52939, 
    87094, 
    53143, 
    0
   ]
  ], 
  "probability_matrix": [
   [
    0, 
    0.002448911532297102, 
    0.17956868663045483, 
    0.17662348956840182, 
    0.1523759372201315, 
    0.07495330212634727, 
    0.015003562002439005, 
    0.1916439440786627, 
    0.12575675601135686, 
    0.08162541082990889
   ], 
   [
    0.14329651087988765, 
    0, 
    0.06582972853491856, 
    0.15301080259191688, 
    0.14760957984746076, 
    0.02169999068949145, 
    0.16229178539900532, 
    0.030672869726740912, 
    0.10701009923863256, 
    0.168578633091946
   ], 
   [
    0.1539589110529978, 
    0.05092894576663894, 
    0, 
    0.18912681224061265, 
    0.1910999128537467, 
    0.11534114682070112, 
    0.048162770830181736, 
    0.13368633445014316, 
    0.09353731275163858, 
    0.02415785323333922
   ], 
   [
    0.13716766687755066, 
    0.04565617264575615, 
    0.15097650252114425, 
    0, 
    0.16841434061827834, 
    0.12770438338824278, 
    0.04440532734169752, 
    0.14918916669264048, 
    0.0277201708085982, 
    0.14876626910609161
   ], 
   [
    0.062375082573291274, 
    0.09955173979630318, 
    0.09902535464544351, 
    0.0868340181587028, 
    0, 
    0.11003924224775376, 
    0.16210033001394275, 
    0.19031545767614053, 
    0.019406095789077125, 
    0.17035267909934498
   ], 
   [
    0.07869167371949162, 
    0.11143535618118633, 
    0.028368645511530628, 
    0.22336021974418732, 
    0.035062048750048064, 
    0, 
    0.21714663008559815, 
    0.19922636839110178, 
    0.0444966767784445, 
    0.062212380838411685
   ], 
   [
    0.08189563493123488, 
    0.09879427781358582, 
    0.13392430539314584, 
    0.13170923593248154, 
    0.10864625527756838, 
    0.06596664556628475, 
    0, 
    0.12596595899981278, 
    0.13537852375132267, 
    0.11771916233456331
   ], 
   [
    0.05773031101946711, 
    0.18732719299933603, 
    0.025322592572277553, 
    0.08693577088549106, 
    0.03613249554622736, 
    0.23540100940730574, 
    0.013505822892073523, 
    0, 
    0.2523792805274511, 
    0.10526552415037047
   ], 
   [
    0.23899551662596347, 
    0.044317871067738365, 
    0.08427147466087813, 
    0.01817007512634159, 
    0.05317547867048248, 
    0.120102344253081, 
    0.17910984925337445, 
    0.23320651054501157, 
    0, 
    0.02865087979712889
   ], 
   [
    0.1939625172921019, 
    0.03962411444942446, 
    0.14550249863227535, 
    0.12488586467405902, 
    0.029981452990978895, 
    0.05538340070237028, 
    0.1957975004621007, 
    0.055177609405633224, 
    0.15968504139105616, 
    0
   ]
  ]
 }
}