{
 "vehicle_cost_per_km": [
  5, 
  5, 
  5, 
  5, 
  5
 ], 
 "runs": [
  {
   "avg_task_cost_vs_number_of_task": [
    1550.5, 
    934.75, 
    720.1666666666666, 
    621.625, 
    567.8, 
    655.4166666666666, 
    525.3571428571429, 
    514.8125, 
    530.4444444444445, 
    494.2500000000001, 
    446.95454545454555, 
    469.4583333333333, 
    479.0384615384616, 
    400.32142857142856, 
    411.6666666666667, 
    390, 
    402.05882352941177, 
    340.8333333333333, 
    352.9473684210526, 
    357.925, 
    357.02380952380946, 
    354.6136363636364, 
    341.0869565217391, 
    333.5833333333333, 
    344.24, 
    338.5, 
    334.5740740740741, 
    338.19642857142856, 
    313.86206896551727, 
    318.31666666666666
   ], 
   "number_of_vehicles": 3
  }
 ], 
 "vehicle_starting_positions": [
  "Amsterdam", 
  "Rotterdam", 
  "Den Haag", 
  "Utrecht", 
  "Eindhoven", 
  "Almere", 
  "Groningen", 
  "Nijmegen", 
  "Breda", 
  "Apeldoorn"
 ], 
 "task_distribution": {
  "distance_matrix": [
   [
    0, 
    90.6, 
    65.2, 
    45.6, 
    137.5, 
    31.9, 
    185.9, 
    132, 
    119.1, 
    90.2
   ], 
   [
    90.6, 
    0, 
    25.4, 
    62.3, 
    110.8, 
    105.6, 
    259.6, 
    112, 
    48.6, 
    129.3
   ], 
   [
    65.2, 
    25.4, 
    0, 
    87.7, 
    136.2, 
    97.1, 
    251.1, 
    137.4, 
    74, 
    154.7
   ], 
   [
    45.6, 
    62.3, 
    87.7, 
    0, 
    91.9, 
    43.3, 
    197.3, 
    86.4, 
    73.5, 
    67
   ], 
   [
    137.5, 
    110.8, 
    136.2, 
    91.9, 
    0, 
    135.2, 
    268.3, 
    70.2, 
    62.2, 
    127.3
   ], 
   [
    31.9, 
    105.6, 
    97.1, 
    43.3, 
    135.2, 
    0, 
    154, 
    129.7, 
    116.8, 
    80.1
   ], 
   [
    185.9, 
    259.6, 
    251.1, 
    197.3, 
    268.3, 
    154, 
    0, 
    198.1, 
    270.8, 
    141
   ], 
   [
    132, 
    112, 
    137.4, 
    86.4, 
    70.2, 
    129.7, 
    198.1, 
    0, 
    96.2, 
    57.1
   ], 
   [
    119.1, 
    48.6, 
    74, 
    73.5, 
    62.2, 
    116.8, 
    270.8, 
    96.2, 
    0, 
    140.5
   ], 
   [
    90.2, 
    129.3, 
    154.7, 
    67, 
    127.3, 
    80.1, 
    141, 
    57.1, 
    140.5, 
    0
   ]
  ], 
  "weight_matrix": [
   [
    0, 
    3, 
    3, 
    3, 
    3, 
    3, 
    3, 
    3, 
    3, 
    3
   ], 
   [
    3, 
    0, 
    3, 
    3, 
    3, 
    3, 
    3, 
    3, 
    3, 
    3
   ], 
   [
    3, 
    3, 
    0, 
    3, 
    3, 
    3, 
    3, 
    3, 
    3, 
    3
   ], 
   [
    3, 
    3, 
    3, 
    0, 
    3, 
    3, 
    3, 
    3, 
    3, 
    3
   ], 
   [
    3, 
    3, 
    3, 
    3, 
    0, 
    3, 
    3, 
    3, 
    3, 
    3
   ], 
   [
    3, 
    3, 
    3, 
    3, 
    3, 
    0, 
    3, 
    3, 
    3, 
    3
   ], 
   [
    3, 
    3, 
    3, 
    3, 
    3, 
    3, 
    0, 
    3, 
    3, 
    3
   ], 
   [
    3, 
    3, 
    3, 
    3, 
    3, 
    3, 
    3, 
    0, 
    3, 
    3
   ], 
   [
    3, 
    3, 
    3, 
    3, 
    3, 
    3, 
    3, 
    3, 
    0, 
    3
   ], 
   [
    3, 
    3, 
    3, 
    3, 
    3, 
    3, 
    3, 
    3, 
    3, 
    0
   ]
  ], 
  "city_names": [
   "Amsterdam", 
   "Rotterdam", 
   "Den Haag", 
   "Utrecht", 
   "Eindhoven", 
   "Almere", 
   "Groningen", 
   "Nijmegen", 
   "Breda", 
   "Apeldoorn"
  ], 
  "reward_matrix": [
   [
    0, 
    73456, 
    83796, 
    91775, 
    54364, 
    97352, 
    34661, 
    56603, 
    61855, 
    73619
   ], 
   [
    73456, 
    0, 
    99999, 
    84977, 
    65233, 
    67350, 
    4659, 
    64745, 
    90554, 
    57702
   ], 
   [
    83796, 
    99999, 
    0, 
    74637, 
    54893, 
    70810, 
    8119, 
    54405, 
    80214, 
    47362
   ], 
   [
    91775, 
    84977, 
    74637, 
    0, 
    72927, 
    92712, 
    30020, 
    75166, 
    80418, 
    83064
   ], 
   [
    54364, 
    65233, 
    54893, 
    72927, 
    0, 
    55300, 
    1117, 
    81761, 
    85018, 
    58516
   ], 
   [
    97352, 
    67350, 
    70810, 
    92712, 
    55300, 
    0, 
    47647, 
    57539, 
    62791, 
    77731
   ], 
   [
    34661, 
    4659, 
    8119, 
    30020, 
    1117, 
    47647, 
    0, 
    29695, 
    100, 
    52939
   ], 
   [
    56603, 
    64745, 
    54405, 
    75166, 
    81761, 
    57539, 
    29695, 
    0, 
    71177, 
    87094
   ], 
   [
    61855, 
    90554, 
    80214, 
    80418, 
    85018, 
    62791, 
    100, 
    71177, 
    0, 
    53143
   ], 
   [
    73619, 
    57702, 
    47362, 
    83064, 
    58516, 
    77731, 
    52939, 
    87094, 
    53143, 
    0
   ]
  ], 
  "probability_matrix": [
   [
    0, 
    0.06956858264947402, 
    0.03745156905232775, 
    0.16367305748109645, 
    0.19271912063214877, 
    0.17233124988056198, 
    0.14404207209279005, 
    0.017902452518064577, 
    0.026037842607519797, 
    0.1762740530860167
   ], 
   [
    0.10422267195586765, 
    0, 
    0.1256570568375198, 
    0.027439794790643315, 
    0.17497023697294764, 
    0.08554619303542237, 
    0.06302796133888336, 
    0.13778390454904285, 
    0.12669602919397208, 
    0.15465615132570107
   ], 
   [
    0.0028513829278369205, 
    0.19014060723687237, 
    0, 
    0.02625304389142023, 
    0.16642948745640143, 
    0.1593483624604554, 
    0.03370122798151088, 
    0.15698385470149182, 
    0.11883475343459107, 
    0.1454572799094199
   ], 
   [
    0.08489797595762186, 
    0.16401424165438833, 
    0.1217379192523503, 
    0, 
    0.10934897226456691, 
    0.14862162480709745, 
    0.059470155845877844, 
    0.13664831199525948, 
    0.0020028989169033388, 
    0.1732578993059343
   ], 
   [
    0.1276555879614672, 
    0.03705156570230783, 
    0.2080458362079745, 
    0.0023291557488616835, 
    0, 
    0.07744645385507641, 
    0.049093870234499244, 
    0.08475307755926947, 
    0.20692285680493297, 
    0.20670159592561055
   ], 
   [
    0.14949489573534955, 
    0.16794267006684074, 
    0.07474974611092298, 
    0.08141230281042029, 
    0.03836002940514767, 
    0, 
    0.10135482088423049, 
    0.18808239186109904, 
    0.0684257057059816, 
    0.13017743742000762
   ], 
   [
    0.07181720143511519, 
    0.1640151859620747, 
    0.012374270290480568, 
    0.1279802365696327, 
    0.10025693575542853, 
    0.15499994527926153, 
    0, 
    0.14866624500013406, 
    0.0756630362937382, 
    0.1442269434141344
   ], 
   [
    0.07604051585223773, 
    0.02533488978357499, 
    0.1509307820419654, 
    0.17721746134090022, 
    0.10270438133327206, 
    0.154501011228148, 
    0.07645134006594818, 
    0, 
    0.14442820750168248, 
    0.09239141085227091
   ], 
   [
    0.2789486494237801, 
    0.004197995204447022, 
    0.1773068373137606, 
    8.817592257785346e-05, 
    0.0918525502418829, 
    0.16132562929301805, 
    0.16301892638623627, 
    0.012983414280626314, 
    0, 
    0.11027782193367079
   ], 
   [
    0.10955884835082558, 
    0.13345745334642756, 
    0.165430733434285, 
    0.05527387128720623, 
    0.10634050253860271, 
    0.12989032528961228, 
    0.06952990162176026, 
    0.06241220544190654, 
    0.16810615868937398, 
    0
   ]
  ]
 }, 
 "vehicle_capacities": [
  10, 
  10, 
  10, 
  5, 
  20, 
  30, 
  30, 
  30, 
  30, 
  30
 ]
}