{
 "vehicle_cost_per_km": [
  5, 
  5, 
  10, 
  5, 
  5, 
  5, 
  5, 
  5, 
  5, 
  5
 ], 
 "runs": [
  {
   "avg_task_cost_vs_number_of_task": [
    1241.5, 
    782.5, 
    606.3333333333334, 
    491.75, 
    395.7, 
    408.75, 
    395.57142857142856, 
    379.375, 
    357.33333333333326, 
    321.59999999999997, 
    362.3636363636363, 
    332.16666666666663, 
    358.5, 
    364.14285714285705, 
    353.0666666666666, 
    311.21875, 
    312.0882352941176, 
    356.72222222222234, 
    359.7368421052632, 
    334.9750000000001, 
    351.19047619047626, 
    321.1136363636364, 
    358.2173913043478, 
    339.79166666666674, 
    357.22, 
    333.15384615384613, 
    332.31481481481484, 
    341.625, 
    351.56896551724145, 
    367.43333333333334
   ], 
   "number_of_vehicles": 3
  }
 ], 
 "vehicle_starting_positions": [
  "Amsterdam", 
  "Rotterdam", 
  "Den Haag", 
  "Utrecht", 
  "Eindhoven", 
  "Almere", 
  "Groningen", 
  "Nijmegen", 
  "Breda", 
  "Apeldoorn"
 ], 
 "task_distribution": {
  "distance_matrix": [
   [
    0, 
    90.6, 
    65.2, 
    45.6, 
    137.5, 
    31.9, 
    185.9, 
    132, 
    119.1, 
    90.2
   ], 
   [
    90.6, 
    0, 
    25.4, 
    62.3, 
    110.8, 
    105.6, 
    259.6, 
    112, 
    48.6, 
    129.3
   ], 
   [
    65.2, 
    25.4, 
    0, 
    87.7, 
    136.2, 
    97.1, 
    251.1, 
    137.4, 
    74, 
    154.7
   ], 
   [
    45.6, 
    62.3, 
    87.7, 
    0, 
    91.9, 
    43.3, 
    197.3, 
    86.4, 
    73.5, 
    67
   ], 
   [
    137.5, 
    110.8, 
    136.2, 
    91.9, 
    0, 
    135.2, 
    268.3, 
    70.2, 
    62.2, 
    127.3
   ], 
   [
    31.9, 
    105.6, 
    97.1, 
    43.3, 
    135.2, 
    0, 
    154, 
    129.7, 
    116.8, 
    80.1
   ], 
   [
    185.9, 
    259.6, 
    251.1, 
    197.3, 
    268.3, 
    154, 
    0, 
    198.1, 
    270.8, 
    141
   ], 
   [
    132, 
    112, 
    137.4, 
    86.4, 
    70.2, 
    129.7, 
    198.1, 
    0, 
    96.2, 
    57.1
   ], 
   [
    119.1, 
    48.6, 
    74, 
    73.5, 
    62.2, 
    116.8, 
    270.8, 
    96.2, 
    0, 
    140.5
   ], 
   [
    90.2, 
    129.3, 
    154.7, 
    67, 
    127.3, 
    80.1, 
    141, 
    57.1, 
    140.5, 
    0
   ]
  ], 
  "weight_matrix": [
   [
    0, 
    3, 
    3, 
    3, 
    3, 
    3, 
    3, 
    3, 
    3, 
    3
   ], 
   [
    3, 
    0, 
    3, 
    3, 
    3, 
    3, 
    3, 
    3, 
    3, 
    3
   ], 
   [
    3, 
    3, 
    0, 
    3, 
    3, 
    3, 
    3, 
    3, 
    3, 
    3
   ], 
   [
    3, 
    3, 
    3, 
    0, 
    3, 
    3, 
    3, 
    3, 
    3, 
    3
   ], 
   [
    3, 
    3, 
    3, 
    3, 
    0, 
    3, 
    3, 
    3, 
    3, 
    3
   ], 
   [
    3, 
    3, 
    3, 
    3, 
    3, 
    0, 
    3, 
    3, 
    3, 
    3
   ], 
   [
    3, 
    3, 
    3, 
    3, 
    3, 
    3, 
    0, 
    3, 
    3, 
    3
   ], 
   [
    3, 
    3, 
    3, 
    3, 
    3, 
    3, 
    3, 
    0, 
    3, 
    3
   ], 
   [
    3, 
    3, 
    3, 
    3, 
    3, 
    3, 
    3, 
    3, 
    0, 
    3
   ], 
   [
    3, 
    3, 
    3, 
    3, 
    3, 
    3, 
    3, 
    3, 
    3, 
    0
   ]
  ], 
  "city_names": [
   "Amsterdam", 
   "Rotterdam", 
   "Den Haag", 
   "Utrecht", 
   "Eindhoven", 
   "Almere", 
   "Groningen", 
   "Nijmegen", 
   "Breda", 
   "Apeldoorn"
  ], 
  "reward_matrix": [
   [
    0, 
    73456, 
    83796, 
    91775, 
    54364, 
    97352, 
    34661, 
    56603, 
    61855, 
    73619
   ], 
   [
    73456, 
    0, 
    99999, 
    84977, 
    65233, 
    67350, 
    4659, 
    64745, 
    90554, 
    57702
   ], 
   [
    83796, 
    99999, 
    0, 
    74637, 
    54893, 
    70810, 
    8119, 
    54405, 
    80214, 
    47362
   ], 
   [
    91775, 
    84977, 
    74637, 
    0, 
    72927, 
    92712, 
    30020, 
    75166, 
    80418, 
    83064
   ], 
   [
    54364, 
    65233, 
    54893, 
    72927, 
    0, 
    55300, 
    1117, 
    81761, 
    85018, 
    58516
   ], 
   [
    97352, 
    67350, 
    70810, 
    92712, 
    55300, 
    0, 
    47647, 
    57539, 
    62791, 
    77731
   ], 
   [
    34661, 
    4659, 
    8119, 
    30020, 
    1117, 
    47647, 
    0, 
    29695, 
    100, 
    52939
   ], 
   [
    56603, 
    64745, 
    54405, 
    75166, 
    81761, 
    57539, 
    29695, 
    0, 
    71177, 
    87094
   ], 
   [
    61855, 
    90554, 
    80214, 
    80418, 
    85018, 
    62791, 
    100, 
    71177, 
    0, 
    53143
   ], 
   [
    73619, 
    57702, 
    47362, 
    83064, 
    58516, 
    77731, 
    52939, 
    87094, 
    53143, 
    0
   ]
  ], 
  "probability_matrix": [
   [
    0, 
    0.11408527012879971, 
    0.20254662249752264, 
    0.06867581325620581, 
    0.17487009420813787, 
    0.0371140976027786, 
    0.17524550682440102, 
    0.01154776861839027, 
    0.13150573365934912, 
    0.08440909320441516
   ], 
   [
    0.10320674579101914, 
    0, 
    0.03838878684427546, 
    0.036537641384190835, 
    0.09399916567946823, 
    0.1964115599332463, 
    0.17590560185526238, 
    0.09805206163684024, 
    0.055583342178281266, 
    0.201915094697416
   ], 
   [
    0.1849700204146578, 
    0.13702122125085484, 
    0, 
    0.06428179015115591, 
    0.16553768609572966, 
    0.021775188137119695, 
    0.1075668365668237, 
    0.15498117314367382, 
    0.08176390169644028, 
    0.08210218254354434
   ], 
   [
    0.11941048991664117, 
    0.21110595083728964, 
    0.14977070883366922, 
    0, 
    0.007292134980354242, 
    0.10382433798935256, 
    0.07279785417887649, 
    0.17871200084965977, 
    0.1196585057496207, 
    0.03742801666453603
   ], 
   [
    0.10481771282243638, 
    0.12733002863781692, 
    0.15851235289367435, 
    0.13886185990659478, 
    0, 
    0.16957423808281083, 
    0.045157229025287425, 
    0.06870259093585872, 
    0.1805747237611462, 
    0.006469263934374365
   ], 
   [
    0.18459511311646737, 
    0.06379653526733974, 
    0.017257366285906017, 
    0.10614486057789493, 
    0.1546970023251132, 
    0, 
    0.11092655389717626, 
    0.1775033156985959, 
    0.1270262023013233, 
    0.05805305053018328
   ], 
   [
    0.02612103506782957, 
    0.2363087392140239, 
    0.11586257306169005, 
    0.04699652097709139, 
    0.24866143613721045, 
    0.08493619438058259, 
    0, 
    0.13255120234648612, 
    0.02848041684527305, 
    0.08008188196981281
   ], 
   [
    0.16865502887931008, 
    0.053736930156270866, 
    0.1658992886868901, 
    0.08920283054709274, 
    0.06412577753189995, 
    0.027092640049488588, 
    0.07376150581379887, 
    0, 
    0.1744547411797792, 
    0.18307125715546968
   ], 
   [
    0.11804957670267714, 
    0.02608038870258372, 
    0.201467424866587, 
    0.005879255309416918, 
    0.15780852789858343, 
    0.13153385524204664, 
    0.0892502377795381, 
    0.14995475653880816, 
    0, 
    0.11997597695975891
   ], 
   [
    0.01955083321455966, 
    0.10646368294001392, 
    0.17039722093112186, 
    0.15597104721691132, 
    0.1475114879910477, 
    0.15545009438815943, 
    0.010761077544839893, 
    0.20945085204502412, 
    0.024443703728322004, 
    0
   ]
  ]
 }, 
 "vehicle_capacities": [
  10, 
  10, 
  10, 
  5, 
  20, 
  30, 
  30, 
  30, 
  30, 
  30
 ]
}