{
 "vehicle_cost_per_km": [
  5, 
  5, 
  5, 
  5, 
  5
 ], 
 "runs": [
  {
   "avg_task_cost_vs_number_of_task": [
    2283.5, 
    1368.25, 
    1142.8333333333333, 
    980.7499999999999, 
    887.9, 
    797.1666666666666, 
    752.3571428571429, 
    743.4375, 
    731.6666666666665, 
    707.0999999999998, 
    716.2727272727271, 
    735.1666666666665, 
    732.153846153846, 
    717.6428571428571, 
    669.7999999999998, 
    666.1562499999999, 
    648.5882352941176, 
    621.7499999999999, 
    634.5789473684209, 
    614.9749999999998, 
    615.3571428571427, 
    603.3409090909089, 
    590.1086956521738, 
    593.6874999999999, 
    596.8399999999998, 
    598.8269230769228, 
    597.7962962962962, 
    642.1964285714286, 
    632.7931034482758, 
    622.45
   ], 
   "number_of_vehicles": 3
  }
 ], 
 "vehicle_starting_positions": [
  "Amsterdam", 
  "Rotterdam", 
  "Den Haag", 
  "Utrecht", 
  "Eindhoven", 
  "Almere", 
  "Groningen", 
  "Nijmegen", 
  "Breda", 
  "Apeldoorn"
 ], 
 "task_distribution": {
  "distance_matrix": [
   [
    0, 
    90.6, 
    65.2, 
    45.6, 
    137.5, 
    31.9, 
    185.9, 
    132, 
    119.1, 
    90.2
   ], 
   [
    90.6, 
    0, 
    25.4, 
    62.3, 
    110.8, 
    105.6, 
    259.6, 
    112, 
    48.6, 
    129.3
   ], 
   [
    65.2, 
    25.4, 
    0, 
    87.7, 
    136.2, 
    97.1, 
    251.1, 
    137.4, 
    74, 
    154.7
   ], 
   [
    45.6, 
    62.3, 
    87.7, 
    0, 
    91.9, 
    43.3, 
    197.3, 
    86.4, 
    73.5, 
    67
   ], 
   [
    137.5, 
    110.8, 
    136.2, 
    91.9, 
    0, 
    135.2, 
    268.3, 
    70.2, 
    62.2, 
    127.3
   ], 
   [
    31.9, 
    105.6, 
    97.1, 
    43.3, 
    135.2, 
    0, 
    154, 
    129.7, 
    116.8, 
    80.1
   ], 
   [
    185.9, 
    259.6, 
    251.1, 
    197.3, 
    268.3, 
    154, 
    0, 
    198.1, 
    270.8, 
    141
   ], 
   [
    132, 
    112, 
    137.4, 
    86.4, 
    70.2, 
    129.7, 
    198.1, 
    0, 
    96.2, 
    57.1
   ], 
   [
    119.1, 
    48.6, 
    74, 
    73.5, 
    62.2, 
    116.8, 
    270.8, 
    96.2, 
    0, 
    140.5
   ], 
   [
    90.2, 
    129.3, 
    154.7, 
    67, 
    127.3, 
    80.1, 
    141, 
    57.1, 
    140.5, 
    0
   ]
  ], 
  "weight_matrix": [
   [
    0, 
    3, 
    3, 
    3, 
    3, 
    3, 
    3, 
    3, 
    3, 
    3
   ], 
   [
    3, 
    0, 
    3, 
    3, 
    3, 
    3, 
    3, 
    3, 
    3, 
    3
   ], 
   [
    3, 
    3, 
    0, 
    3, 
    3, 
    3, 
    3, 
    3, 
    3, 
    3
   ], 
   [
    3, 
    3, 
    3, 
    0, 
    3, 
    3, 
    3, 
    3, 
    3, 
    3
   ], 
   [
    3, 
    3, 
    3, 
    3, 
    0, 
    3, 
    3, 
    3, 
    3, 
    3
   ], 
   [
    3, 
    3, 
    3, 
    3, 
    3, 
    0, 
    3, 
    3, 
    3, 
    3
   ], 
   [
    3, 
    3, 
    3, 
    3, 
    3, 
    3, 
    0, 
    3, 
    3, 
    3
   ], 
   [
    3, 
    3, 
    3, 
    3, 
    3, 
    3, 
    3, 
    0, 
    3, 
    3
   ], 
   [
    3, 
    3, 
    3, 
    3, 
    3, 
    3, 
    3, 
    3, 
    0, 
    3
   ], 
   [
    3, 
    3, 
    3, 
    3, 
    3, 
    3, 
    3, 
    3, 
    3, 
    0
   ]
  ], 
  "city_names": [
   "Amsterdam", 
   "Rotterdam", 
   "Den Haag", 
   "Utrecht", 
   "Eindhoven", 
   "Almere", 
   "Groningen", 
   "Nijmegen", 
   "Breda", 
   "Apeldoorn"
  ], 
  "reward_matrix": [
   [
    0, 
    73456, 
    83796, 
    91775, 
    54364, 
    97352, 
    34661, 
    56603, 
    61855, 
    73619
   ], 
   [
    73456, 
    0, 
    99999, 
    84977, 
    65233, 
    67350, 
    4659, 
    64745, 
    90554, 
    57702
   ], 
   [
    83796, 
    99999, 
    0, 
    74637, 
    54893, 
    70810, 
    8119, 
    54405, 
    80214, 
    47362
   ], 
   [
    91775, 
    84977, 
    74637, 
    0, 
    72927, 
    92712, 
    30020, 
    75166, 
    80418, 
    83064
   ], 
   [
    54364, 
    65233, 
    54893, 
    72927, 
    0, 
    55300, 
    1117, 
    81761, 
    85018, 
    58516
   ], 
   [
    97352, 
    67350, 
    70810, 
    92712, 
    55300, 
    0, 
    47647, 
    57539, 
    62791, 
    77731
   ], 
   [
    34661, 
    4659, 
    8119, 
    30020, 
    1117, 
    47647, 
    0, 
    29695, 
    100, 
    52939
   ], 
   [
    56603, 
    64745, 
    54405, 
    75166, 
    81761, 
    57539, 
    29695, 
    0, 
    71177, 
    87094
   ], 
   [
    61855, 
    90554, 
    80214, 
    80418, 
    85018, 
    62791, 
    100, 
    71177, 
    0, 
    53143
   ], 
   [
    73619, 
    57702, 
    47362, 
    83064, 
    58516, 
    77731, 
    52939, 
    87094, 
    53143, 
    0
   ]
  ], 
  "probability_matrix": [
   [
    0, 
    0.11418094074590587, 
    0.08305119148368709, 
    0.11404611978266116, 
    0.14554430791889542, 
    0.11260521091523239, 
    0.19097246549078384, 
    0.11637195485838621, 
    0.06326440024317574, 
    0.05996340856127209
   ], 
   [
    0.18476642688989245, 
    0, 
    0.0918320622536655, 
    0.09830049811683556, 
    0.16911979853236697, 
    0.18145273963812927, 
    0.022690478285950978, 
    0.03816806595086774, 
    0.09326384758430807, 
    0.12040608274798346
   ], 
   [
    0.04464083946196132, 
    0.2806674004419908, 
    0, 
    0.23204714234599913, 
    0.0667329137522412, 
    0.011227439630532408, 
    0.03890599492965209, 
    0.19617391360369144, 
    0.0434411450085184, 
    0.08616321082541312
   ], 
   [
    0.005915128906606276, 
    0.004669521042240356, 
    0.06239204431925429, 
    0, 
    0.10201325811884307, 
    0.201001500578953, 
    0.14505471174936754, 
    0.1847271484311425, 
    0.14261682275551446, 
    0.1516098640980787
   ], 
   [
    0.009577109637544106, 
    0.1690854137702898, 
    0.003315113618102524, 
    0.15417329738782679, 
    0, 
    0.045454793395494214, 
    0.11871997216507355, 
    0.14101811837679248, 
    0.15989012288328258, 
    0.19876605876559394
   ], 
   [
    0.0035034734693375077, 
    0.1693486170376308, 
    0.12408123372067192, 
    0.07244133248932894, 
    0.09569748123407032, 
    0, 
    0.1682299470313355, 
    0.03171092179521612, 
    0.1842012539413091, 
    0.15078573928109973
   ], 
   [
    0.19266321719192375, 
    0.1954214260286615, 
    0.030719289439965273, 
    0.08166721834550941, 
    0.09683653698216811, 
    0.1422742710027886, 
    0, 
    0.0723887825871173, 
    0.15547776372277008, 
    0.032551494699095844
   ], 
   [
    0.03664531788023228, 
    0.14983426536084746, 
    0.01275396494194389, 
    0.04846724663558977, 
    0.17421752008407795, 
    0.1344097186212718, 
    0.1495389663372781, 
    0, 
    0.1585184470988291, 
    0.13561455303992978
   ], 
   [
    0.12528298801629056, 
    0.0719242302381538, 
    0.14791096543492122, 
    0.19084795891137069, 
    0.18157203306750072, 
    0.04597325755112483, 
    0.03152343504589298, 
    0.16196806511063527, 
    0, 
    0.04299706662411009
   ], 
   [
    0.0900036458194168, 
    0.039919787535084794, 
    0.17214025213841466, 
    0.10514162980612328, 
    0.11309326999723122, 
    0.1567734048057657, 
    0.10442625894134286, 
    0.033293900388709045, 
    0.1852078505679116, 
    0
   ]
  ]
 }, 
 "vehicle_capacities": [
  5, 
  5, 
  5, 
  5, 
  20, 
  30, 
  30, 
  30, 
  30, 
  30
 ]
}