{
 "vehicle_cost_per_km": [
  5, 
  5, 
  5, 
  5, 
  5
 ], 
 "runs": [
  {
   "avg_task_cost_vs_number_of_task": [
    1341.5, 
    838.75, 
    834.8333333333334, 
    788.125, 
    630.5, 
    600.25, 
    514.5000000000001, 
    443.125, 
    393.8888888888889, 
    380.45, 
    373.6363636363636, 
    328.2916666666667, 
    301.69230769230774, 
    323.39285714285717, 
    329.6, 
    262.15625, 
    230.70588235294122, 
    293.00000000000006, 
    285.10526315789474, 
    244.875, 
    255.35714285714286, 
    234.7727272727273, 
    285.3695652173913, 
    257.6458333333333, 
    229.44, 
    244.5, 
    249.7962962962963, 
    244.08928571428572, 
    244.75862068965517, 
    239.4
   ], 
   "number_of_vehicles": 5
  }
 ], 
 "vehicle_starting_positions": [
  "Amsterdam", 
  "Rotterdam", 
  "Den Haag", 
  "Utrecht", 
  "Eindhoven", 
  "Almere", 
  "Groningen", 
  "Nijmegen", 
  "Breda", 
  "Apeldoorn"
 ], 
 "task_distribution": {
  "distance_matrix": [
   [
    0, 
    90.6, 
    65.2, 
    45.6, 
    137.5, 
    31.9, 
    185.9, 
    132, 
    119.1, 
    90.2
   ], 
   [
    90.6, 
    0, 
    25.4, 
    62.3, 
    110.8, 
    105.6, 
    259.6, 
    112, 
    48.6, 
    129.3
   ], 
   [
    65.2, 
    25.4, 
    0, 
    87.7, 
    136.2, 
    97.1, 
    251.1, 
    137.4, 
    74, 
    154.7
   ], 
   [
    45.6, 
    62.3, 
    87.7, 
    0, 
    91.9, 
    43.3, 
    197.3, 
    86.4, 
    73.5, 
    67
   ], 
   [
    137.5, 
    110.8, 
    136.2, 
    91.9, 
    0, 
    135.2, 
    268.3, 
    70.2, 
    62.2, 
    127.3
   ], 
   [
    31.9, 
    105.6, 
    97.1, 
    43.3, 
    135.2, 
    0, 
    154, 
    129.7, 
    116.8, 
    80.1
   ], 
   [
    185.9, 
    259.6, 
    251.1, 
    197.3, 
    268.3, 
    154, 
    0, 
    198.1, 
    270.8, 
    141
   ], 
   [
    132, 
    112, 
    137.4, 
    86.4, 
    70.2, 
    129.7, 
    198.1, 
    0, 
    96.2, 
    57.1
   ], 
   [
    119.1, 
    48.6, 
    74, 
    73.5, 
    62.2, 
    116.8, 
    270.8, 
    96.2, 
    0, 
    140.5
   ], 
   [
    90.2, 
    129.3, 
    154.7, 
    67, 
    127.3, 
    80.1, 
    141, 
    57.1, 
    140.5, 
    0
   ]
  ], 
  "weight_matrix": [
   [
    0, 
    3, 
    3, 
    3, 
    3, 
    3, 
    3, 
    3, 
    3, 
    3
   ], 
   [
    3, 
    0, 
    3, 
    3, 
    3, 
    3, 
    3, 
    3, 
    3, 
    3
   ], 
   [
    3, 
    3, 
    0, 
    3, 
    3, 
    3, 
    3, 
    3, 
    3, 
    3
   ], 
   [
    3, 
    3, 
    3, 
    0, 
    3, 
    3, 
    3, 
    3, 
    3, 
    3
   ], 
   [
    3, 
    3, 
    3, 
    3, 
    0, 
    3, 
    3, 
    3, 
    3, 
    3
   ], 
   [
    3, 
    3, 
    3, 
    3, 
    3, 
    0, 
    3, 
    3, 
    3, 
    3
   ], 
   [
    3, 
    3, 
    3, 
    3, 
    3, 
    3, 
    0, 
    3, 
    3, 
    3
   ], 
   [
    3, 
    3, 
    3, 
    3, 
    3, 
    3, 
    3, 
    0, 
    3, 
    3
   ], 
   [
    3, 
    3, 
    3, 
    3, 
    3, 
    3, 
    3, 
    3, 
    0, 
    3
   ], 
   [
    3, 
    3, 
    3, 
    3, 
    3, 
    3, 
    3, 
    3, 
    3, 
    0
   ]
  ], 
  "city_names": [
   "Amsterdam", 
   "Rotterdam", 
   "Den Haag", 
   "Utrecht", 
   "Eindhoven", 
   "Almere", 
   "Groningen", 
   "Nijmegen", 
   "Breda", 
   "Apeldoorn"
  ], 
  "reward_matrix": [
   [
    0, 
    73456, 
    83796, 
    91775, 
    54364, 
    97352, 
    34661, 
    56603, 
    61855, 
    73619
   ], 
   [
    73456, 
    0, 
    99999, 
    84977, 
    65233, 
    67350, 
    4659, 
    64745, 
    90554, 
    57702
   ], 
   [
    83796, 
    99999, 
    0, 
    74637, 
    54893, 
    70810, 
    8119, 
    54405, 
    80214, 
    47362
   ], 
   [
    91775, 
    84977, 
    74637, 
    0, 
    72927, 
    92712, 
    30020, 
    75166, 
    80418, 
    83064
   ], 
   [
    54364, 
    65233, 
    54893, 
    72927, 
    0, 
    55300, 
    1117, 
    81761, 
    85018, 
    58516
   ], 
   [
    97352, 
    67350, 
    70810, 
    92712, 
    55300, 
    0, 
    47647, 
    57539, 
    62791, 
    77731
   ], 
   [
    34661, 
    4659, 
    8119, 
    30020, 
    1117, 
    47647, 
    0, 
    29695, 
    100, 
    52939
   ], 
   [
    56603, 
    64745, 
    54405, 
    75166, 
    81761, 
    57539, 
    29695, 
    0, 
    71177, 
    87094
   ], 
   [
    61855, 
    90554, 
    80214, 
    80418, 
    85018, 
    62791, 
    100, 
    71177, 
    0, 
    53143
   ], 
   [
    73619, 
    57702, 
    47362, 
    83064, 
    58516, 
    77731, 
    52939, 
    87094, 
    53143, 
    0
   ]
  ], 
  "probability_matrix": [
   [
    0, 
    0.03317805360309668, 
    0.13365929877045105, 
    0.03592945797686934, 
    0.10358742505733404, 
    0.12306168343400258, 
    0.12143258333894479, 
    0.14376094349093005, 
    0.10863746924192508, 
    0.19675308508644632
   ], 
   [
    0.0033840203926450846, 
    0, 
    0.08454334141944667, 
    0.024163566213004275, 
    0.2702180243635747, 
    0.06996593003561977, 
    0.228886963016067, 
    0.033467102559706426, 
    0.09676075729785384, 
    0.18861029470208243
   ], 
   [
    0.11234282450072251, 
    0.08064184017653357, 
    0, 
    0.09086469285372868, 
    0.027118011997395438, 
    0.18033333648536656, 
    0.0069545833850370884, 
    0.1177298480274673, 
    0.18712380120549038, 
    0.19689106136825843
   ], 
   [
    0.0044180283696814236, 
    0.10599498907779786, 
    0.012488498272527463, 
    0, 
    0.0921697553368513, 
    0.14169173094367843, 
    0.22704209098687203, 
    0.19290130875273667, 
    0.09437101951392797, 
    0.12892257874592686
   ], 
   [
    0.11672189851214824, 
    0.03906331743850847, 
    0.16896468119851052, 
    0.08120811404733252, 
    0, 
    0.008646494268193918, 
    0.015416586478563955, 
    0.20128066288763852, 
    0.20611621940721647, 
    0.16258202576188735
   ], 
   [
    0.071600268379706, 
    0.049040304424077724, 
    0.12463154068409212, 
    0.05311169087011844, 
    0.0691595637731353, 
    0, 
    0.1765847220417423, 
    0.19701065801536968, 
    0.10322453428880835, 
    0.1556367175229501
   ], 
   [
    0.08985404165826373, 
    0.03423293723389229, 
    0.013379636677880924, 
    0.15101782490749927, 
    0.17219939358922698, 
    0.1924065450557414, 
    0, 
    0.10932146499645226, 
    0.11478448522891217, 
    0.12280367065213098
   ], 
   [
    0.14006259941938737, 
    0.08307916683686396, 
    0.08398004455258663, 
    0.01910356483054667, 
    0.11159465572255105, 
    0.15573240501855617, 
    0.19755546595760468, 
    0, 
    0.14929028056355012, 
    0.059601817098353105
   ], 
   [
    0.13680965743778076, 
    0.12850677863129828, 
    0.19898091422961156, 
    0.19705547287664504, 
    0.02881014554183199, 
    0.05181035426497344, 
    0.07043674362489208, 
    0.06950580089782345, 
    0, 
    0.11808413249514334
   ], 
   [
    0.028422564542787045, 
    0.10465559205771095, 
    0.17686473897824748, 
    0.06194181540352074, 
    0.166584359548516, 
    0.2042522511167341, 
    0.040179701491006733, 
    0.169578031295175, 
    0.047520945566301875, 
    0
   ]
  ]
 }, 
 "vehicle_capacities": [
  5, 
  5, 
  5, 
  20, 
  30, 
  30, 
  30, 
  30, 
  30, 
  30
 ]
}