{
 "vehicle_cost_per_km": [
  5, 
  5, 
  5, 
  5, 
  5
 ], 
 "runs": [
  {
   "avg_task_cost_vs_number_of_task": [
    1694, 
    1108, 
    738.6666666666666, 
    565.75, 
    452.6, 
    377.1666666666667, 
    332.64285714285717, 
    291.0625, 
    258.72222222222223, 
    283.6, 
    287.5454545454545, 
    265.25, 
    273.11538461538464, 
    242.8214285714286, 
    285.8666666666667, 
    263.25, 
    266.5882352941176, 
    287.5, 
    248.34210526315795, 
    263.00000000000006, 
    268.64285714285717, 
    244.45454545454547, 
    241.7826086956522, 
    242.66666666666666, 
    257.4200000000001, 
    270.5576923076923, 
    253.3888888888889, 
    242.26785714285714, 
    221.89655172413794, 
    229.30000000000007
   ], 
   "number_of_vehicles": 2
  }, 
  {
   "avg_task_cost_vs_number_of_task": [
    1694, 
    1108, 
    738.6666666666666, 
    565.75, 
    452.6, 
    377.1666666666667, 
    332.64285714285717, 
    291.0625, 
    270.6666666666667, 
    266.35, 
    276.9090909090909, 
    265.25, 
    269.38461538461536, 
    242.8214285714286, 
    285.8666666666667, 
    257.3125, 
    247.76470588235293, 
    239.75000000000006, 
    268.9736842105263, 
    253.95, 
    254.4761904761905, 
    271.25000000000006, 
    245.08695652173913, 
    242.39583333333334, 
    278.34, 
    265.53846153846155, 
    225.07407407407405, 
    236.46428571428572, 
    253.27586206896552, 
    254.65
   ], 
   "number_of_vehicles": 3
  }, 
  {
   "avg_task_cost_vs_number_of_task": [
    1694, 
    1079.75, 
    719.8333333333334, 
    565.75, 
    452.6, 
    377.1666666666667, 
    346.14285714285717, 
    291.0625, 
    300.8888888888889, 
    311.15, 
    282.40909090909093, 
    295.875, 
    260.23076923076917, 
    280.92857142857144, 
    274.46666666666664, 
    263.25, 
    247.76470588235293, 
    250.61111111111117, 
    274.7368421052632, 
    265.5, 
    260.50000000000006, 
    258.1136363636364, 
    242.54347826086956, 
    262.6666666666667, 
    256.24, 
    246.6153846153846, 
    249.1296296296297, 
    263.375, 
    266.86206896551727, 
    242.38333333333333
   ], 
   "number_of_vehicles": 4
  }, 
  {
   "avg_task_cost_vs_number_of_task": [
    1581.5, 
    1051.75, 
    701.1666666666666, 
    565.75, 
    452.6, 
    377.1666666666667, 
    332.64285714285717, 
    291.0625, 
    258.72222222222223, 
    281.45, 
    298.54545454545456, 
    340.37500000000006, 
    264.34615384615387, 
    256.2857142857143, 
    290.6666666666667, 
    284.18750000000006, 
    268.20588235294116, 
    293.91666666666674, 
    272.8157894736842, 
    256.52500000000003, 
    253.1666666666667, 
    261.72727272727275, 
    246.8913043478261, 
    250.16666666666666, 
    287.76, 
    261.3269230769231, 
    250.92592592592592, 
    259.75000000000006, 
    232.448275862069, 
    237.95000000000002
   ], 
   "number_of_vehicles": 5
  }
 ], 
 "vehicle_starting_positions": [
  "Almere", 
  "Utrecht", 
  "Apeldoorn", 
  "Eindhoven", 
  "Amsterdam", 
  "Nijmegen", 
  "Rotterdam", 
  "Breda", 
  "Den Haag", 
  "Groningen"
 ], 
 "task_distribution": {
  "distance_matrix": [
   [
    0, 
    90.6, 
    65.2, 
    45.6, 
    137.5, 
    31.9, 
    185.9, 
    132, 
    119.1, 
    90.2
   ], 
   [
    90.6, 
    0, 
    25.4, 
    62.3, 
    110.8, 
    105.6, 
    259.6, 
    112, 
    48.6, 
    129.3
   ], 
   [
    65.2, 
    25.4, 
    0, 
    87.7, 
    136.2, 
    97.1, 
    251.1, 
    137.4, 
    74, 
    154.7
   ], 
   [
    45.6, 
    62.3, 
    87.7, 
    0, 
    91.9, 
    43.3, 
    197.3, 
    86.4, 
    73.5, 
    67
   ], 
   [
    137.5, 
    110.8, 
    136.2, 
    91.9, 
    0, 
    135.2, 
    268.3, 
    70.2, 
    62.2, 
    127.3
   ], 
   [
    31.9, 
    105.6, 
    97.1, 
    43.3, 
    135.2, 
    0, 
    154, 
    129.7, 
    116.8, 
    80.1
   ], 
   [
    185.9, 
    259.6, 
    251.1, 
    197.3, 
    268.3, 
    154, 
    0, 
    198.1, 
    270.8, 
    141
   ], 
   [
    132, 
    112, 
    137.4, 
    86.4, 
    70.2, 
    129.7, 
    198.1, 
    0, 
    96.2, 
    57.1
   ], 
   [
    119.1, 
    48.6, 
    74, 
    73.5, 
    62.2, 
    116.8, 
    270.8, 
    96.2, 
    0, 
    140.5
   ], 
   [
    90.2, 
    129.3, 
    154.7, 
    67, 
    127.3, 
    80.1, 
    141, 
    57.1, 
    140.5, 
    0
   ]
  ], 
  "weight_matrix": [
   [
    0, 
    3, 
    3, 
    3, 
    3, 
    3, 
    3, 
    3, 
    3, 
    3
   ], 
   [
    3, 
    0, 
    3, 
    3, 
    3, 
    3, 
    3, 
    3, 
    3, 
    3
   ], 
   [
    3, 
    3, 
    0, 
    3, 
    3, 
    3, 
    3, 
    3, 
    3, 
    3
   ], 
   [
    3, 
    3, 
    3, 
    0, 
    3, 
    3, 
    3, 
    3, 
    3, 
    3
   ], 
   [
    3, 
    3, 
    3, 
    3, 
    0, 
    3, 
    3, 
    3, 
    3, 
    3
   ], 
   [
    3, 
    3, 
    3, 
    3, 
    3, 
    0, 
    3, 
    3, 
    3, 
    3
   ], 
   [
    3, 
    3, 
    3, 
    3, 
    3, 
    3, 
    0, 
    3, 
    3, 
    3
   ], 
   [
    3, 
    3, 
    3, 
    3, 
    3, 
    3, 
    3, 
    0, 
    3, 
    3
   ], 
   [
    3, 
    3, 
    3, 
    3, 
    3, 
    3, 
    3, 
    3, 
    0, 
    3
   ], 
   [
    3, 
    3, 
    3, 
    3, 
    3, 
    3, 
    3, 
    3, 
    3, 
    0
   ]
  ], 
  "city_names": [
   "Amsterdam", 
   "Rotterdam", 
   "Den Haag", 
   "Utrecht", 
   "Eindhoven", 
   "Almere", 
   "Groningen", 
   "Nijmegen", 
   "Breda", 
   "Apeldoorn"
  ], 
  "reward_matrix": [
   [
    0, 
    73456, 
    83796, 
    91775, 
    54364, 
    97352, 
    34661, 
    56603, 
    61855, 
    73619
   ], 
   [
    73456, 
    0, 
    99999, 
    84977, 
    65233, 
    67350, 
    4659, 
    64745, 
    90554, 
    57702
   ], 
   [
    83796, 
    99999, 
    0, 
    74637, 
    54893, 
    70810, 
    8119, 
    54405, 
    80214, 
    47362
   ], 
   [
    91775, 
    84977, 
    74637, 
    0, 
    72927, 
    92712, 
    30020, 
    75166, 
    80418, 
    83064
   ], 
   [
    54364, 
    65233, 
    54893, 
    72927, 
    0, 
    55300, 
    1117, 
    81761, 
    85018, 
    58516
   ], 
   [
    97352, 
    67350, 
    70810, 
    92712, 
    55300, 
    0, 
    47647, 
    57539, 
    62791, 
    77731
   ], 
   [
    34661, 
    4659, 
    8119, 
    30020, 
    1117, 
    47647, 
    0, 
    29695, 
    100, 
    52939
   ], 
   [
    56603, 
    64745, 
    54405, 
    75166, 
    81761, 
    57539, 
    29695, 
    0, 
    71177, 
    87094
   ], 
   [
    61855, 
    90554, 
    80214, 
    80418, 
    85018, 
    62791, 
    100, 
    71177, 
    0, 
    53143
   ], 
   [
    73619, 
    57702, 
    47362, 
    83064, 
    58516, 
    77731, 
    52939, 
    87094, 
    53143, 
    0
   ]
  ], 
  "probability_matrix": [
   [
    0, 
    0.13881809416384722, 
    0.04404303296180177, 
    0.1256614602410541, 
    0.052437721138251625, 
    0.07993077243669358, 
    0.17897050150872565, 
    0.1251574975367389, 
    0.10514431030627315, 
    0.14983660970661397
   ], 
   [
    0.05618829090958535, 
    0, 
    0.029319697616840428, 
    0.13443136836025427, 
    0.03959888868261367, 
    0.12323704725214563, 
    0.20431530636450076, 
    0.19109738883855437, 
    0.17543885551711613, 
    0.04637315645838948
   ], 
   [
    0.14976414863646673, 
    0.07821880614246644, 
    0, 
    0.01265012197244932, 
    0.01031685262245754, 
    0.13231933373390278, 
    0.19574022761825854, 
    0.08672258960497307, 
    0.2148372883379434, 
    0.11943063133108225
   ], 
   [
    0.02550772253089566, 
    0.15972883604961868, 
    0.2030547520726755, 
    0, 
    0.12603531933120052, 
    0.12264708128168021, 
    0.15753340965008125, 
    0.08785876802333557, 
    0.014467033347730505, 
    0.10316707771278195
   ], 
   [
    0.07446032689392386, 
    0.16462333613291663, 
    0.1893827981404075, 
    0.08429034256519681, 
    0, 
    0.035078394418552816, 
    0.02018442978898099, 
    0.12932998820648492, 
    0.15040712134519857, 
    0.1522432625083378
   ], 
   [
    0.014034559081422674, 
    0.0214766343180482, 
    0.1768172487515094, 
    0.1397031731023346, 
    0.17998441174467356, 
    0, 
    0.21120330217925892, 
    0.06049196583574705, 
    0.15268961335929696, 
    0.04359909162770861
   ], 
   [
    0.06363384682465617, 
    0.01024601587623036, 
    0.11542443283884798, 
    0.053043410385577076, 
    0.01894626918407779, 
    0.1491362352060159, 
    0, 
    0.2820183632177817, 
    0.08118305060089963, 
    0.2263683758659134
   ], 
   [
    0.060462116184115684, 
    0.12130240683513488, 
    0.11108767484778724, 
    0.18240830921385032, 
    0.016482396613569407, 
    0.16597418620001725, 
    0.037979960404454255, 
    0, 
    0.17038380715362747, 
    0.13391914254744353
   ], 
   [
    0.014372618589579757, 
    0.001218921785645821, 
    0.05077703122423862, 
    0.02969712759252394, 
    0.12039916206936548, 
    0.09371261142444876, 
    0.2561657159754444, 
    0.192748373826445, 
    0, 
    0.24090843751230837
   ], 
   [
    0.1733708220393362, 
    0.1009315943780195, 
    0.12175335859875198, 
    0.2016261935991897, 
    0.027378248373834915, 
    0.048043870044196295, 
    0.03906180321933941, 
    0.1032402728825261, 
    0.1845938368648058, 
    0
   ]
  ]
 }, 
 "vehicle_capacities": [
  30, 
  30, 
  30, 
  30, 
  30
 ]
}