{
 "vehicle_cost_per_km": [
  15, 
  5, 
  15, 
  5, 
  5, 
  5, 
  5, 
  5, 
  5, 
  5
 ], 
 "runs": [
  {
   "avg_task_cost_vs_number_of_task": [
    453, 
    570.25, 
    570.1666666666666, 
    487.5, 
    672.7, 
    616.3333333333334, 
    550.2142857142857, 
    511.25, 
    487.3888888888889, 
    471.95, 
    438.00000000000006, 
    462.5, 
    449.69230769230785, 
    447.10714285714283, 
    420.4333333333334, 
    348.03125, 
    377.23529411764713, 
    343.9722222222223, 
    353.2368421052632, 
    329.40000000000003, 
    345.3095238095238, 
    345.5, 
    391.6521739130435, 
    340.625, 
    393.4, 
    330.6923076923077, 
    312.94444444444446, 
    375.232142857143, 
    400.44827586206895, 
    385.43333333333334
   ], 
   "number_of_vehicles": 3
  }
 ], 
 "vehicle_starting_positions": [
  "Amsterdam", 
  "Rotterdam", 
  "Den Haag", 
  "Utrecht", 
  "Eindhoven", 
  "Almere", 
  "Groningen", 
  "Nijmegen", 
  "Breda", 
  "Apeldoorn"
 ], 
 "task_distribution": {
  "distance_matrix": [
   [
    0, 
    90.6, 
    65.2, 
    45.6, 
    137.5, 
    31.9, 
    185.9, 
    132, 
    119.1, 
    90.2
   ], 
   [
    90.6, 
    0, 
    25.4, 
    62.3, 
    110.8, 
    105.6, 
    259.6, 
    112, 
    48.6, 
    129.3
   ], 
   [
    65.2, 
    25.4, 
    0, 
    87.7, 
    136.2, 
    97.1, 
    251.1, 
    137.4, 
    74, 
    154.7
   ], 
   [
    45.6, 
    62.3, 
    87.7, 
    0, 
    91.9, 
    43.3, 
    197.3, 
    86.4, 
    73.5, 
    67
   ], 
   [
    137.5, 
    110.8, 
    136.2, 
    91.9, 
    0, 
    135.2, 
    268.3, 
    70.2, 
    62.2, 
    127.3
   ], 
   [
    31.9, 
    105.6, 
    97.1, 
    43.3, 
    135.2, 
    0, 
    154, 
    129.7, 
    116.8, 
    80.1
   ], 
   [
    185.9, 
    259.6, 
    251.1, 
    197.3, 
    268.3, 
    154, 
    0, 
    198.1, 
    270.8, 
    141
   ], 
   [
    132, 
    112, 
    137.4, 
    86.4, 
    70.2, 
    129.7, 
    198.1, 
    0, 
    96.2, 
    57.1
   ], 
   [
    119.1, 
    48.6, 
    74, 
    73.5, 
    62.2, 
    116.8, 
    270.8, 
    96.2, 
    0, 
    140.5
   ], 
   [
    90.2, 
    129.3, 
    154.7, 
    67, 
    127.3, 
    80.1, 
    141, 
    57.1, 
    140.5, 
    0
   ]
  ], 
  "weight_matrix": [
   [
    0, 
    3, 
    3, 
    3, 
    3, 
    3, 
    3, 
    3, 
    3, 
    3
   ], 
   [
    3, 
    0, 
    3, 
    3, 
    3, 
    3, 
    3, 
    3, 
    3, 
    3
   ], 
   [
    3, 
    3, 
    0, 
    3, 
    3, 
    3, 
    3, 
    3, 
    3, 
    3
   ], 
   [
    3, 
    3, 
    3, 
    0, 
    3, 
    3, 
    3, 
    3, 
    3, 
    3
   ], 
   [
    3, 
    3, 
    3, 
    3, 
    0, 
    3, 
    3, 
    3, 
    3, 
    3
   ], 
   [
    3, 
    3, 
    3, 
    3, 
    3, 
    0, 
    3, 
    3, 
    3, 
    3
   ], 
   [
    3, 
    3, 
    3, 
    3, 
    3, 
    3, 
    0, 
    3, 
    3, 
    3
   ], 
   [
    3, 
    3, 
    3, 
    3, 
    3, 
    3, 
    3, 
    0, 
    3, 
    3
   ], 
   [
    3, 
    3, 
    3, 
    3, 
    3, 
    3, 
    3, 
    3, 
    0, 
    3
   ], 
   [
    3, 
    3, 
    3, 
    3, 
    3, 
    3, 
    3, 
    3, 
    3, 
    0
   ]
  ], 
  "city_names": [
   "Amsterdam", 
   "Rotterdam", 
   "Den Haag", 
   "Utrecht", 
   "Eindhoven", 
   "Almere", 
   "Groningen", 
   "Nijmegen", 
   "Breda", 
   "Apeldoorn"
  ], 
  "reward_matrix": [
   [
    0, 
    73456, 
    83796, 
    91775, 
    54364, 
    97352, 
    34661, 
    56603, 
    61855, 
    73619
   ], 
   [
    73456, 
    0, 
    99999, 
    84977, 
    65233, 
    67350, 
    4659, 
    64745, 
    90554, 
    57702
   ], 
   [
    83796, 
    99999, 
    0, 
    74637, 
    54893, 
    70810, 
    8119, 
    54405, 
    80214, 
    47362
   ], 
   [
    91775, 
    84977, 
    74637, 
    0, 
    72927, 
    92712, 
    30020, 
    75166, 
    80418, 
    83064
   ], 
   [
    54364, 
    65233, 
    54893, 
    72927, 
    0, 
    55300, 
    1117, 
    81761, 
    85018, 
    58516
   ], 
   [
    97352, 
    67350, 
    70810, 
    92712, 
    55300, 
    0, 
    47647, 
    57539, 
    62791, 
    77731
   ], 
   [
    34661, 
    4659, 
    8119, 
    30020, 
    1117, 
    47647, 
    0, 
    29695, 
    100, 
    52939
   ], 
   [
    56603, 
    64745, 
    54405, 
    75166, 
    81761, 
    57539, 
    29695, 
    0, 
    71177, 
    87094
   ], 
   [
    61855, 
    90554, 
    80214, 
    80418, 
    85018, 
    62791, 
    100, 
    71177, 
    0, 
    53143
   ], 
   [
    73619, 
    57702, 
    47362, 
    83064, 
    58516, 
    77731, 
    52939, 
    87094, 
    53143, 
    0
   ]
  ], 
  "probability_matrix": [
   [
    0, 
    0.15642511337369197, 
    0.14534383398319115, 
    0.2157535405501471, 
    0.24879036595545706, 
    0.061600292193314414, 
    0.04145646766775439, 
    0.012059844246336823, 
    0.09905858097744881, 
    0.019511961052658316
   ], 
   [
    0.13943298664658516, 
    0, 
    0.03562187266073544, 
    0.12752761652646857, 
    0.1804572028819846, 
    0.17796180719254184, 
    0.038976382603104334, 
    0.15211356002136736, 
    0.004354936476267447, 
    0.14355363499094534
   ], 
   [
    0.08298995045685882, 
    0.18653763247260505, 
    0, 
    0.1316677284248387, 
    0.03715281553950624, 
    0.17209582023114123, 
    0.0038404828117768242, 
    0.2505591021815072, 
    0.06589565025358017, 
    0.06926081762818566
   ], 
   [
    0.05540032354056341, 
    0.05449317605548643, 
    0.17153111581566127, 
    0, 
    0.2833238524486977, 
    0.14161522590089765, 
    0.09228542554608583, 
    0.04696732213035748, 
    0.04480533390261927, 
    0.10957822465963112
   ], 
   [
    0.050652028926851465, 
    0.14440596193261807, 
    0.10813534675173342, 
    0.033421830011113825, 
    0, 
    0.13236068568080317, 
    0.10127200137753474, 
    0.16246131019113186, 
    0.14487237671960562, 
    0.1224184584086076
   ], 
   [
    0.08113563874228748, 
    0.03548548033284438, 
    0.1848455308311006, 
    0.22226158270610802, 
    0.05570919653053775, 
    0, 
    0.05814859091550125, 
    0.09314600083954744, 
    0.07666392766809063, 
    0.1926040514339823
   ], 
   [
    0.05598225062928138, 
    0.09090171457025598, 
    0.16961432086901704, 
    0.15667858184216565, 
    0.17240850815853695, 
    0.1480668212957841, 
    0, 
    0.14186467975004127, 
    0.03552254981998026, 
    0.02896057306493725
   ], 
   [
    0.06607538227298404, 
    0.19681136996015228, 
    0.09088923036270523, 
    0.03754323527637948, 
    0.15401512240843826, 
    0.15640341905669516, 
    0.16359176993829505, 
    0, 
    0.10738239987005294, 
    0.027288070854297658
   ], 
   [
    0.18460682408256132, 
    0.19896755269916486, 
    0.05396647433385563, 
    0.04042460841791524, 
    0.044397175322019616, 
    0.131591790292896, 
    0.011081971388132456, 
    0.1799963634398475, 
    0, 
    0.15496724002360734
   ], 
   [
    0.016348206508080845, 
    0.19877482012718672, 
    0.0023855701115949573, 
    0.026358552445929967, 
    0.17852270687058064, 
    0.1532398044649873, 
    0.16987948755310894, 
    0.0926390007056699, 
    0.16185185121286075, 
    0
   ]
  ]
 }, 
 "vehicle_capacities": [
  15, 
  15, 
  15, 
  5, 
  20, 
  30, 
  30, 
  30, 
  30, 
  30
 ]
}