{
 "vehicle_cost_per_km": [
  5, 
  5, 
  5, 
  5, 
  5
 ], 
 "runs": [
  {
   "avg_task_cost_vs_number_of_task": [
    1153.5, 
    736.25, 
    940.5, 
    797.875, 
    790.5, 
    755, 
    750.4285714285713, 
    751.75, 
    682.3333333333333, 
    634.9999999999999, 
    697.6363636363636, 
    651.8333333333334, 
    628.0769230769232, 
    593.0714285714286, 
    597, 
    589.5625, 
    559.2058823529412, 
    548.6944444444445, 
    519.8157894736842, 
    540.15, 
    608.7619047619046, 
    589.590909090909, 
    594.4782608695652, 
    592.2291666666666, 
    597.26, 
    574.2884615384615, 
    610.0555555555555, 
    592.6249999999999, 
    582.8103448275862, 
    570.1166666666666
   ], 
   "number_of_vehicles": 3
  }
 ], 
 "vehicle_starting_positions": [
  "Amsterdam", 
  "Rotterdam", 
  "Den Haag", 
  "Utrecht", 
  "Eindhoven", 
  "Almere", 
  "Groningen", 
  "Nijmegen", 
  "Breda", 
  "Apeldoorn"
 ], 
 "task_distribution": {
  "distance_matrix": [
   [
    0, 
    90.6, 
    65.2, 
    45.6, 
    137.5, 
    31.9, 
    185.9, 
    132, 
    119.1, 
    90.2
   ], 
   [
    90.6, 
    0, 
    25.4, 
    62.3, 
    110.8, 
    105.6, 
    259.6, 
    112, 
    48.6, 
    129.3
   ], 
   [
    65.2, 
    25.4, 
    0, 
    87.7, 
    136.2, 
    97.1, 
    251.1, 
    137.4, 
    74, 
    154.7
   ], 
   [
    45.6, 
    62.3, 
    87.7, 
    0, 
    91.9, 
    43.3, 
    197.3, 
    86.4, 
    73.5, 
    67
   ], 
   [
    137.5, 
    110.8, 
    136.2, 
    91.9, 
    0, 
    135.2, 
    268.3, 
    70.2, 
    62.2, 
    127.3
   ], 
   [
    31.9, 
    105.6, 
    97.1, 
    43.3, 
    135.2, 
    0, 
    154, 
    129.7, 
    116.8, 
    80.1
   ], 
   [
    185.9, 
    259.6, 
    251.1, 
    197.3, 
    268.3, 
    154, 
    0, 
    198.1, 
    270.8, 
    141
   ], 
   [
    132, 
    112, 
    137.4, 
    86.4, 
    70.2, 
    129.7, 
    198.1, 
    0, 
    96.2, 
    57.1
   ], 
   [
    119.1, 
    48.6, 
    74, 
    73.5, 
    62.2, 
    116.8, 
    270.8, 
    96.2, 
    0, 
    140.5
   ], 
   [
    90.2, 
    129.3, 
    154.7, 
    67, 
    127.3, 
    80.1, 
    141, 
    57.1, 
    140.5, 
    0
   ]
  ], 
  "weight_matrix": [
   [
    0, 
    3, 
    3, 
    3, 
    3, 
    3, 
    3, 
    3, 
    3, 
    3
   ], 
   [
    3, 
    0, 
    3, 
    3, 
    3, 
    3, 
    3, 
    3, 
    3, 
    3
   ], 
   [
    3, 
    3, 
    0, 
    3, 
    3, 
    3, 
    3, 
    3, 
    3, 
    3
   ], 
   [
    3, 
    3, 
    3, 
    0, 
    3, 
    3, 
    3, 
    3, 
    3, 
    3
   ], 
   [
    3, 
    3, 
    3, 
    3, 
    0, 
    3, 
    3, 
    3, 
    3, 
    3
   ], 
   [
    3, 
    3, 
    3, 
    3, 
    3, 
    0, 
    3, 
    3, 
    3, 
    3
   ], 
   [
    3, 
    3, 
    3, 
    3, 
    3, 
    3, 
    0, 
    3, 
    3, 
    3
   ], 
   [
    3, 
    3, 
    3, 
    3, 
    3, 
    3, 
    3, 
    0, 
    3, 
    3
   ], 
   [
    3, 
    3, 
    3, 
    3, 
    3, 
    3, 
    3, 
    3, 
    0, 
    3
   ], 
   [
    3, 
    3, 
    3, 
    3, 
    3, 
    3, 
    3, 
    3, 
    3, 
    0
   ]
  ], 
  "city_names": [
   "Amsterdam", 
   "Rotterdam", 
   "Den Haag", 
   "Utrecht", 
   "Eindhoven", 
   "Almere", 
   "Groningen", 
   "Nijmegen", 
   "Breda", 
   "Apeldoorn"
  ], 
  "reward_matrix": [
   [
    0, 
    73456, 
    83796, 
    91775, 
    54364, 
    97352, 
    34661, 
    56603, 
    61855, 
    73619
   ], 
   [
    73456, 
    0, 
    99999, 
    84977, 
    65233, 
    67350, 
    4659, 
    64745, 
    90554, 
    57702
   ], 
   [
    83796, 
    99999, 
    0, 
    74637, 
    54893, 
    70810, 
    8119, 
    54405, 
    80214, 
    47362
   ], 
   [
    91775, 
    84977, 
    74637, 
    0, 
    72927, 
    92712, 
    30020, 
    75166, 
    80418, 
    83064
   ], 
   [
    54364, 
    65233, 
    54893, 
    72927, 
    0, 
    55300, 
    1117, 
    81761, 
    85018, 
    58516
   ], 
   [
    97352, 
    67350, 
    70810, 
    92712, 
    55300, 
    0, 
    47647, 
    57539, 
    62791, 
    77731
   ], 
   [
    34661, 
    4659, 
    8119, 
    30020, 
    1117, 
    47647, 
    0, 
    29695, 
    100, 
    52939
   ], 
   [
    56603, 
    64745, 
    54405, 
    75166, 
    81761, 
    57539, 
    29695, 
    0, 
    71177, 
    87094
   ], 
   [
    61855, 
    90554, 
    80214, 
    80418, 
    85018, 
    62791, 
    100, 
    71177, 
    0, 
    53143
   ], 
   [
    73619, 
    57702, 
    47362, 
    83064, 
    58516, 
    77731, 
    52939, 
    87094, 
    53143, 
    0
   ]
  ], 
  "probability_matrix": [
   [
    0, 
    0.14705759890643544, 
    0.18658975528078983, 
    0.22383155627887927, 
    0.0022286759549050884, 
    0.0030636466946455396, 
    0.04284319685288573, 
    0.1158389078548254, 
    0.1018530554047665, 
    0.1766936067718671
   ], 
   [
    0.049435085861522454, 
    0, 
    0.05778910530754475, 
    0.17913407661705755, 
    0.11916655804517663, 
    0.15855989319346664, 
    0.028513988384502836, 
    0.16696704997793715, 
    0.06529824204151112, 
    0.1751360005712807
   ], 
   [
    0.03441481608438548, 
    0.02754636526015231, 
    0, 
    0.1306073385280127, 
    0.18743226113499445, 
    0.10821622038714622, 
    0.19603568122429998, 
    0.035923580530094076, 
    0.19834431275958886, 
    0.08147942409132582
   ], 
   [
    0.1917041179490948, 
    0.033774826635427704, 
    0.1942189101234984, 
    0, 
    0.20514985183434287, 
    0.08558048354137295, 
    0.09747462134887283, 
    0.08567969632467497, 
    0.04543087258043301, 
    0.060986619662282526
   ], 
   [
    0.15802482481127028, 
    0.04802364791637287, 
    0.15340626687540415, 
    0.17438818134703968, 
    0, 
    0.11956082580199433, 
    0.11272291385937577, 
    0.14092231955461917, 
    0.01817715600151199, 
    0.0747738638324118
   ], 
   [
    0.15767418842879402, 
    0.09987287936241927, 
    0.03649895361984394, 
    0.007669793375535591, 
    0.018289775556103, 
    0, 
    0.24045643592624832, 
    0.15215424207979383, 
    0.1594555763938079, 
    0.12792815525745407
   ], 
   [
    0.07381154425941035, 
    0.09071325748369874, 
    0.06726949768119174, 
    0.15344454124221246, 
    0.03801447390325118, 
    0.15931595611886445, 
    0, 
    0.14594554531063325, 
    0.1389565740095036, 
    0.1325286099912342
   ], 
   [
    0.08004747442565022, 
    0.18751095553193395, 
    0.17750679298260436, 
    0.01933389549595664, 
    0.04910620820821726, 
    0.12774676234256702, 
    0.1500997038440331, 
    0, 
    0.08377836377792126, 
    0.12486984339111626
   ], 
   [
    0.04038183130786881, 
    0.0863117560771242, 
    0.20233672687884113, 
    0.057725508523599915, 
    0.001099067639108176, 
    0.1086081287896653, 
    0.1676994728252458, 
    0.18283383797651423, 
    0, 
    0.15300366998203227
   ], 
   [
    0.14512222550292073, 
    0.05559394619798969, 
    0.04949626203299012, 
    0.15614117370279323, 
    0.1805346538395976, 
    0.15368918554243535, 
    0.050330769711337445, 
    0.08375427601857754, 
    0.12533750745135833, 
    0
   ]
  ]
 }, 
 "vehicle_capacities": [
  5, 
  5, 
  5, 
  5, 
  20, 
  30, 
  30, 
  30, 
  30, 
  30
 ]
}