{
 "vehicle_cost_per_km": [
  5, 
  5, 
  5, 
  5, 
  5
 ], 
 "runs": [
  {
   "avg_task_cost_vs_number_of_task": [
    1119.5, 
    1053, 
    1078.1666666666663, 
    947.1249999999998, 
    757.6999999999999, 
    666.9166666666667, 
    571.6428571428572, 
    514.625, 
    457.44444444444446, 
    430.95, 
    374.27272727272725, 
    373.2083333333333, 
    316.6923076923077, 
    348.60714285714283, 
    318.9, 
    297.125, 
    297.5, 
    306.02777777777777, 
    289.42105263157896, 
    289.75, 
    286.23809523809524, 
    255.84090909090918, 
    275.97826086956525, 
    250.9375, 
    261.06000000000006, 
    277.8076923076923, 
    236.12962962962968, 
    241.0714285714286, 
    224.25862068965517, 
    259.15
   ], 
   "number_of_vehicles": 2
  }, 
  {
   "avg_task_cost_vs_number_of_task": [
    877, 
    931.75, 
    997.333333333333, 
    886.4999999999998, 
    757.6999999999999, 
    666.9166666666667, 
    571.6428571428572, 
    514.625, 
    457.44444444444446, 
    449.05, 
    374.27272727272725, 
    364.3333333333333, 
    405.0769230769231, 
    329.5714285714286, 
    307.6000000000001, 
    309.3125, 
    297.5, 
    269.02777777777777, 
    316.5263157894737, 
    286.57500000000005, 
    268.3333333333333, 
    266.84090909090907, 
    256.5869565217392, 
    245.1041666666667, 
    255.02000000000004, 
    270.9423076923077, 
    244.57407407407408, 
    230.4821428571429, 
    238.81034482758625, 
    246.11666666666667
   ], 
   "number_of_vehicles": 3
  }, 
  {
   "avg_task_cost_vs_number_of_task": [
    565.5, 
    776, 
    893.5, 
    808.625, 
    757.6999999999999, 
    666.9166666666667, 
    571.6428571428572, 
    517.4375, 
    463.6111111111112, 
    422.45, 
    374.27272727272725, 
    349.9166666666667, 
    347.96153846153845, 
    361.25, 
    314.00000000000006, 
    270.03125, 
    305.6176470588236, 
    269.02777777777777, 
    317.1315789473685, 
    275.90000000000003, 
    274.11904761904754, 
    238.97727272727278, 
    285.00000000000006, 
    251.5, 
    270.32, 
    258.1153846153847, 
    234.83333333333334, 
    260.73214285714283, 
    259.44827586206895, 
    229.58333333333334
   ], 
   "number_of_vehicles": 4
  }, 
  {
   "avg_task_cost_vs_number_of_task": [
    565.5, 
    776, 
    893.5, 
    808.625, 
    757.6999999999999, 
    666.9166666666667, 
    571.6428571428572, 
    514.625, 
    457.44444444444446, 
    411.7, 
    376.8636363636364, 
    343.0833333333333, 
    337.0384615384616, 
    381.0357142857143, 
    323.46666666666664, 
    287.375, 
    275.1470588235294, 
    271.3333333333333, 
    283.3684210526316, 
    288.35, 
    307.26190476190476, 
    250.4318181818182, 
    247.6086956521739, 
    267.2708333333333, 
    274, 
    277.75, 
    235.7962962962963, 
    265.4821428571429, 
    237.41379310344828, 
    215.46666666666667
   ], 
   "number_of_vehicles": 5
  }
 ], 
 "vehicle_starting_positions": [
  "Eindhoven", 
  "Apeldoorn", 
  "Utrecht", 
  "Rotterdam", 
  "Breda", 
  "Almere", 
  "Nijmegen", 
  "Den Haag", 
  "Amsterdam", 
  "Groningen"
 ], 
 "task_distribution": {
  "distance_matrix": [
   [
    0, 
    90.6, 
    65.2, 
    45.6, 
    137.5, 
    31.9, 
    185.9, 
    132, 
    119.1, 
    90.2
   ], 
   [
    90.6, 
    0, 
    25.4, 
    62.3, 
    110.8, 
    105.6, 
    259.6, 
    112, 
    48.6, 
    129.3
   ], 
   [
    65.2, 
    25.4, 
    0, 
    87.7, 
    136.2, 
    97.1, 
    251.1, 
    137.4, 
    74, 
    154.7
   ], 
   [
    45.6, 
    62.3, 
    87.7, 
    0, 
    91.9, 
    43.3, 
    197.3, 
    86.4, 
    73.5, 
    67
   ], 
   [
    137.5, 
    110.8, 
    136.2, 
    91.9, 
    0, 
    135.2, 
    268.3, 
    70.2, 
    62.2, 
    127.3
   ], 
   [
    31.9, 
    105.6, 
    97.1, 
    43.3, 
    135.2, 
    0, 
    154, 
    129.7, 
    116.8, 
    80.1
   ], 
   [
    185.9, 
    259.6, 
    251.1, 
    197.3, 
    268.3, 
    154, 
    0, 
    198.1, 
    270.8, 
    141
   ], 
   [
    132, 
    112, 
    137.4, 
    86.4, 
    70.2, 
    129.7, 
    198.1, 
    0, 
    96.2, 
    57.1
   ], 
   [
    119.1, 
    48.6, 
    74, 
    73.5, 
    62.2, 
    116.8, 
    270.8, 
    96.2, 
    0, 
    140.5
   ], 
   [
    90.2, 
    129.3, 
    154.7, 
    67, 
    127.3, 
    80.1, 
    141, 
    57.1, 
    140.5, 
    0
   ]
  ], 
  "weight_matrix": [
   [
    0, 
    3, 
    3, 
    3, 
    3, 
    3, 
    3, 
    3, 
    3, 
    3
   ], 
   [
    3, 
    0, 
    3, 
    3, 
    3, 
    3, 
    3, 
    3, 
    3, 
    3
   ], 
   [
    3, 
    3, 
    0, 
    3, 
    3, 
    3, 
    3, 
    3, 
    3, 
    3
   ], 
   [
    3, 
    3, 
    3, 
    0, 
    3, 
    3, 
    3, 
    3, 
    3, 
    3
   ], 
   [
    3, 
    3, 
    3, 
    3, 
    0, 
    3, 
    3, 
    3, 
    3, 
    3
   ], 
   [
    3, 
    3, 
    3, 
    3, 
    3, 
    0, 
    3, 
    3, 
    3, 
    3
   ], 
   [
    3, 
    3, 
    3, 
    3, 
    3, 
    3, 
    0, 
    3, 
    3, 
    3
   ], 
   [
    3, 
    3, 
    3, 
    3, 
    3, 
    3, 
    3, 
    0, 
    3, 
    3
   ], 
   [
    3, 
    3, 
    3, 
    3, 
    3, 
    3, 
    3, 
    3, 
    0, 
    3
   ], 
   [
    3, 
    3, 
    3, 
    3, 
    3, 
    3, 
    3, 
    3, 
    3, 
    0
   ]
  ], 
  "city_names": [
   "Amsterdam", 
   "Rotterdam", 
   "Den Haag", 
   "Utrecht", 
   "Eindhoven", 
   "Almere", 
   "Groningen", 
   "Nijmegen", 
   "Breda", 
   "Apeldoorn"
  ], 
  "reward_matrix": [
   [
    0, 
    73456, 
    83796, 
    91775, 
    54364, 
    97352, 
    34661, 
    56603, 
    61855, 
    73619
   ], 
   [
    73456, 
    0, 
    99999, 
    84977, 
    65233, 
    67350, 
    4659, 
    64745, 
    90554, 
    57702
   ], 
   [
    83796, 
    99999, 
    0, 
    74637, 
    54893, 
    70810, 
    8119, 
    54405, 
    80214, 
    47362
   ], 
   [
    91775, 
    84977, 
    74637, 
    0, 
    72927, 
    92712, 
    30020, 
    75166, 
    80418, 
    83064
   ], 
   [
    54364, 
    65233, 
    54893, 
    72927, 
    0, 
    55300, 
    1117, 
    81761, 
    85018, 
    58516
   ], 
   [
    97352, 
    67350, 
    70810, 
    92712, 
    55300, 
    0, 
    47647, 
    57539, 
    62791, 
    77731
   ], 
   [
    34661, 
    4659, 
    8119, 
    30020, 
    1117, 
    47647, 
    0, 
    29695, 
    100, 
    52939
   ], 
   [
    56603, 
    64745, 
    54405, 
    75166, 
    81761, 
    57539, 
    29695, 
    0, 
    71177, 
    87094
   ], 
   [
    61855, 
    90554, 
    80214, 
    80418, 
    85018, 
    62791, 
    100, 
    71177, 
    0, 
    53143
   ], 
   [
    73619, 
    57702, 
    47362, 
    83064, 
    58516, 
    77731, 
    52939, 
    87094, 
    53143, 
    0
   ]
  ], 
  "probability_matrix": [
   [
    0, 
    0.19714825955757764, 
    0.14383899318826632, 
    0.09484798268450409, 
    0.02618132486482858, 
    0.1700029418704759, 
    0.14861742855533921, 
    0.0370909758397452, 
    0.10833928427176814, 
    0.07393280916749487
   ], 
   [
    0.04613115856719385, 
    0, 
    0.16977779364616383, 
    0.057628324273352786, 
    0.12083486694375974, 
    0.08132309670685504, 
    0.08365106707202505, 
    0.10703940126235097, 
    0.1647802269437936, 
    0.1688340645845052
   ], 
   [
    0.1068783226722764, 
    0.1446646571303934, 
    0, 
    0.15683244201507263, 
    0.15734147698682469, 
    0.13338966024200957, 
    0.12131752430533586, 
    0.07767662366176588, 
    0.09286717419043385, 
    0.009032118795887766
   ], 
   [
    0.12131873745318222, 
    0.10216479771093882, 
    0.13385765129926727, 
    0, 
    0.09859125022295996, 
    0.047519664058895746, 
    0.07844467898614207, 
    0.07958240921817389, 
    0.16556334707488732, 
    0.1729574639755527
   ], 
   [
    0.09629737680717185, 
    0.1639771767923548, 
    0.16036612162218927, 
    0.10614648034447295, 
    0, 
    0.12423109956728313, 
    0.052059719323760606, 
    0.1370879206389836, 
    0.1483726935971424, 
    0.011461411306641424
   ], 
   [
    0.04255562605318538, 
    0.11808394730447623, 
    0.2975527135200593, 
    0.016827391388243105, 
    0.006116306437991976, 
    0, 
    0.11048009935570398, 
    0.07856451032919225, 
    0.2082945524552241, 
    0.12152485315592369
   ], 
   [
    0.15186407159392434, 
    0.12537706943788243, 
    0.17877275873026324, 
    0.022960059207632173, 
    0.049468252604259265, 
    0.06682783365565415, 
    0, 
    0.1439096805061165, 
    0.09391799698858035, 
    0.16690227727568746
   ], 
   [
    0.044434537671415905, 
    0.10560607246642048, 
    0.06913972113202918, 
    0.15959807273104168, 
    0.15890153479258998, 
    0.17174697033190503, 
    0.11405447512067583, 
    0, 
    0.0874384354194582, 
    0.08908018033446377
   ], 
   [
    0.10000065361638068, 
    0.14621526461631593, 
    0.040568903302675194, 
    0.19032903430189915, 
    0.1734655799884944, 
    0.11549021033859104, 
    0.1879981648578139, 
    0.04163617929698402, 
    0, 
    0.004296009680845743
   ], 
   [
    0.1283861936797468, 
    0.05497263045326795, 
    0.14645333257529272, 
    0.15577328252131828, 
    0.1609747467498201, 
    0.06745589840432423, 
    0.07124249635327573, 
    0.17271721079575822, 
    0.04202420846719608, 
    0
   ]
  ]
 }, 
 "vehicle_capacities": [
  30, 
  30, 
  30, 
  30, 
  30
 ]
}