{
 "vehicle_cost_per_km": [
  5, 
  5, 
  5, 
  5, 
  5
 ], 
 "runs": [
  {
   "avg_task_cost_vs_number_of_task": [
    743.5, 
    877.25, 
    955.5, 
    808.5, 
    663, 
    539, 
    483.21428571428567, 
    501.3125, 
    406.7777777777777, 
    401.3, 
    395.36363636363643, 
    311.7083333333333, 
    380.423076923077, 
    307.17857142857144, 
    314.8666666666667, 
    326.43750000000006, 
    268.05882352941177, 
    277.94444444444446, 
    221.05263157894737, 
    273.225, 
    247.3095238095238, 
    245.61363636363637, 
    231.56521739130434, 
    226.6458333333333, 
    279.04, 
    236.19230769230765, 
    274.85185185185185, 
    206.82142857142864, 
    231.7241379310345, 
    197.76666666666668
   ], 
   "number_of_vehicles": 5
  }
 ], 
 "vehicle_starting_positions": [
  "Amsterdam", 
  "Rotterdam", 
  "Den Haag", 
  "Utrecht", 
  "Eindhoven", 
  "Almere", 
  "Groningen", 
  "Nijmegen", 
  "Breda", 
  "Apeldoorn"
 ], 
 "task_distribution": {
  "distance_matrix": [
   [
    0, 
    90.6, 
    65.2, 
    45.6, 
    137.5, 
    31.9, 
    185.9, 
    132, 
    119.1, 
    90.2
   ], 
   [
    90.6, 
    0, 
    25.4, 
    62.3, 
    110.8, 
    105.6, 
    259.6, 
    112, 
    48.6, 
    129.3
   ], 
   [
    65.2, 
    25.4, 
    0, 
    87.7, 
    136.2, 
    97.1, 
    251.1, 
    137.4, 
    74, 
    154.7
   ], 
   [
    45.6, 
    62.3, 
    87.7, 
    0, 
    91.9, 
    43.3, 
    197.3, 
    86.4, 
    73.5, 
    67
   ], 
   [
    137.5, 
    110.8, 
    136.2, 
    91.9, 
    0, 
    135.2, 
    268.3, 
    70.2, 
    62.2, 
    127.3
   ], 
   [
    31.9, 
    105.6, 
    97.1, 
    43.3, 
    135.2, 
    0, 
    154, 
    129.7, 
    116.8, 
    80.1
   ], 
   [
    185.9, 
    259.6, 
    251.1, 
    197.3, 
    268.3, 
    154, 
    0, 
    198.1, 
    270.8, 
    141
   ], 
   [
    132, 
    112, 
    137.4, 
    86.4, 
    70.2, 
    129.7, 
    198.1, 
    0, 
    96.2, 
    57.1
   ], 
   [
    119.1, 
    48.6, 
    74, 
    73.5, 
    62.2, 
    116.8, 
    270.8, 
    96.2, 
    0, 
    140.5
   ], 
   [
    90.2, 
    129.3, 
    154.7, 
    67, 
    127.3, 
    80.1, 
    141, 
    57.1, 
    140.5, 
    0
   ]
  ], 
  "weight_matrix": [
   [
    0, 
    3, 
    3, 
    3, 
    3, 
    3, 
    3, 
    3, 
    3, 
    3
   ], 
   [
    3, 
    0, 
    3, 
    3, 
    3, 
    3, 
    3, 
    3, 
    3, 
    3
   ], 
   [
    3, 
    3, 
    0, 
    3, 
    3, 
    3, 
    3, 
    3, 
    3, 
    3
   ], 
   [
    3, 
    3, 
    3, 
    0, 
    3, 
    3, 
    3, 
    3, 
    3, 
    3
   ], 
   [
    3, 
    3, 
    3, 
    3, 
    0, 
    3, 
    3, 
    3, 
    3, 
    3
   ], 
   [
    3, 
    3, 
    3, 
    3, 
    3, 
    0, 
    3, 
    3, 
    3, 
    3
   ], 
   [
    3, 
    3, 
    3, 
    3, 
    3, 
    3, 
    0, 
    3, 
    3, 
    3
   ], 
   [
    3, 
    3, 
    3, 
    3, 
    3, 
    3, 
    3, 
    0, 
    3, 
    3
   ], 
   [
    3, 
    3, 
    3, 
    3, 
    3, 
    3, 
    3, 
    3, 
    0, 
    3
   ], 
   [
    3, 
    3, 
    3, 
    3, 
    3, 
    3, 
    3, 
    3, 
    3, 
    0
   ]
  ], 
  "city_names": [
   "Amsterdam", 
   "Rotterdam", 
   "Den Haag", 
   "Utrecht", 
   "Eindhoven", 
   "Almere", 
   "Groningen", 
   "Nijmegen", 
   "Breda", 
   "Apeldoorn"
  ], 
  "reward_matrix": [
   [
    0, 
    73456, 
    83796, 
    91775, 
    54364, 
    97352, 
    34661, 
    56603, 
    61855, 
    73619
   ], 
   [
    73456, 
    0, 
    99999, 
    84977, 
    65233, 
    67350, 
    4659, 
    64745, 
    90554, 
    57702
   ], 
   [
    83796, 
    99999, 
    0, 
    74637, 
    54893, 
    70810, 
    8119, 
    54405, 
    80214, 
    47362
   ], 
   [
    91775, 
    84977, 
    74637, 
    0, 
    72927, 
    92712, 
    30020, 
    75166, 
    80418, 
    83064
   ], 
   [
    54364, 
    65233, 
    54893, 
    72927, 
    0, 
    55300, 
    1117, 
    81761, 
    85018, 
    58516
   ], 
   [
    97352, 
    67350, 
    70810, 
    92712, 
    55300, 
    0, 
    47647, 
    57539, 
    62791, 
    77731
   ], 
   [
    34661, 
    4659, 
    8119, 
    30020, 
    1117, 
    47647, 
    0, 
    29695, 
    100, 
    52939
   ], 
   [
    56603, 
    64745, 
    54405, 
    75166, 
    81761, 
    57539, 
    29695, 
    0, 
    71177, 
    87094
   ], 
   [
    61855, 
    90554, 
    80214, 
    80418, 
    85018, 
    62791, 
    100, 
    71177, 
    0, 
    53143
   ], 
   [
    73619, 
    57702, 
    47362, 
    83064, 
    58516, 
    77731, 
    52939, 
    87094, 
    53143, 
    0
   ]
  ], 
  "probability_matrix": [
   [
    0, 
    0.04137873448414094, 
    0.04468420830903953, 
    0.03080683558053002, 
    0.1668394550126454, 
    0.2379379842954483, 
    0.07577445202905767, 
    0.13821258740460302, 
    0.14022642673301597, 
    0.12413931615151919
   ], 
   [
    0.1356089196114376, 
    0, 
    0.007404781272640538, 
    0.15030158595148965, 
    0.024714471510518015, 
    0.19817485289300713, 
    0.055499739787399006, 
    0.1712311438207616, 
    0.08368854891380888, 
    0.17337595623893773
   ], 
   [
    0.1490500915416515, 
    0.1869485111140666, 
    0, 
    0.07966791110330124, 
    0.21324211319469677, 
    0.023407993042062876, 
    0.13699324476373645, 
    0.02254530304445913, 
    0.10271686420369501, 
    0.08542796799233057
   ], 
   [
    0.01753248051812421, 
    0.10493827752882662, 
    0.19995741194415162, 
    0, 
    0.14923568808383503, 
    0.11053747070789252, 
    0.049132222756361685, 
    0.15548733672158968, 
    0.19265338737150522, 
    0.020525724367713535
   ], 
   [
    0.135948032801957, 
    0.023840751700282766, 
    0.12215656663490818, 
    0.14830574261505958, 
    0, 
    0.1691179107740418, 
    0.16301698601805972, 
    0.08055065083271015, 
    0.12628267130431833, 
    0.03078068731866258
   ], 
   [
    0.01787362212977394, 
    0.11436356591552543, 
    0.18821537854605397, 
    0.12001336717942787, 
    0.08239587025908791, 
    0, 
    0.17226816242798884, 
    0.029222088773660546, 
    0.2527981129404051, 
    0.02284983182807633
   ], 
   [
    0.14690227869028136, 
    0.20041574124301195, 
    0.06224292204285983, 
    0.06140134929611024, 
    0.02113473209581741, 
    0.12785537480343925, 
    0, 
    0.11408214424199312, 
    0.11097640530426024, 
    0.15498905228222667
   ], 
   [
    0.08117626866304191, 
    0.05237896181135034, 
    0.09340086827938951, 
    0.1931417337843337, 
    0.06999959464905015, 
    0.08425941239961514, 
    0.169615174328439, 
    0, 
    0.14486769978780575, 
    0.11116028629697446
   ], 
   [
    0.09897205429295342, 
    0.14542748879257533, 
    0.06366775264692269, 
    0.18160876857167363, 
    0.05798535273551291, 
    0.07666638340115356, 
    0.1097014787993904, 
    0.07740950597488166, 
    0, 
    0.1885612147849365
   ], 
   [
    0.18305659490768073, 
    0.19172274351423, 
    0.018023228590210764, 
    0.037161603544469166, 
    0.1575723580788702, 
    0.2054171101825624, 
    0.13421581628867033, 
    0.05283899251386637, 
    0.01999155237944018, 
    0
   ]
  ]
 }, 
 "vehicle_capacities": [
  5, 
  10, 
  25, 
  30, 
  30, 
  30, 
  30, 
  30, 
  30, 
  30
 ]
}