{
    "vehicle_starting_positions": ["Norwich","London","Liverpool","Leeds","Manchester","Plymouth","Sheffield","Birmingham","Portsmouth","Newcastle","Cardiff"],
    "task_distribution": {
        "weight_matrix": [
            [0,3,3,3,3,3,3,3,3,3,3],
            [3,0,3,3,3,3,3,3,3,3,3],
            [3,3,0,3,3,3,3,3,3,3,3],
            [3,3,3,0,3,3,3,3,3,3,3],
            [3,3,3,3,0,3,3,3,3,3,3],
            [3,3,3,3,3,0,3,3,3,3,3],
            [3,3,3,3,3,3,0,3,3,3,3],
            [3,3,3,3,3,3,3,0,3,3,3],
            [3,3,3,3,3,3,3,3,0,3,3],
            [3,3,3,3,3,3,3,3,3,0,3],
            [3,3,3,3,3,3,3,3,3,3,0]
        ],
        "probability_matrix": [
            [0,0.09226840286044076,0.051203356463710284,0.06687437343368118,0.16248236917956302,0.09243892846644426,0.11255747297368143,0.11408911482668437,0.060909101790732216,0.08014347793690516,0.1670334020681574],
            [0.13184311773063243,0,0.13565965149507883,0.09766520542454285,0.10693643092475635,0.08965041153849125,0.08747509375856219,0.029140156804091065,0.19440631439269504,0.06617616705318605,0.061047450877963975],
            [0.16550124114899747,0.06547080004799989,0,0.08267629841172727,0.18337157977170507,0.0019430932867467608,0.06282715595502843,0.0362026409477727,0.014405875762087657,0.20087159054559842,0.1867297241223362],
            [0.0013110099941585273,0.08435836767805921,0.18028487369116228,0,0.09203203880544367,0.21447730320906436,0.12681835922323167,0.01220146307200004,0.15873067367087193,0.008332743058301348,0.12145316759770683],
            [0.16902791763731795,0.09537056501124372,0.15418062152779974,0.10199111379355882,0,0.0684303266030925,0.06872678032985909,0.08209678790381253,0.13484914496544434,0.053020691548901426,0.07230605067896984],
            [0.16223759798365078,0.1917740551378993,0.26422709026817015,0.1190807675053502,0.10524068874262921,0,0.055138607867651436,0.02476253630056458,0.02327305946242571,0.02137555917297766,0.032890037558680925],
            [0.1738125168219103,0.061690757239015584,0.0892308354333293,0.016394465457342643,0.1031042298279255,0.10472411670354467,0,0.005818864896897348,0.10922162877060722,0.1604559207195776,0.17554666412984996],
            [0.14500963543138912,0.12413459184439048,0.10154955019641332,0.14522736243471207,0.09398402110299137,0.15570668045369154,0.027915722379099138,0,0.023439546137539933,0.1525100457009909,0.030522844318781998],
            [0.050236336934325235,0.08072170596796524,0.1910646111226985,0.0974579349280968,0.11928989431559188,0.13537885303430713,0.09479331088032995,0.08681444672396674,0,5.950649470440427E-4,0.1436478411456745],
            [0.03317107642837982,0.19700947377379815,0.00184162268153129,0.16050962674062177,0.06517964190033998,0.030753425593331905,0.16438404426673334,0.14682342116092656,0.01570710711344548,0,0.1846205603408918],
            [0.06857491716138946,0.036135276333276733,0.11725741957205282,0.15521233364606887,0.15483937767220657,0.030023457976935987,0.07914363534450865,0.06574381378735954,0.15017831396890868,0.1428914545372927,0]
        ],
        "city_names": ["Cardiff","Newcastle","Plymouth","Norwich","Manchester","London","Leeds","Sheffield","Birmingham","Liverpool","Portsmouth"],
        "reward_matrix": [
            [0,44455,20684,43918,68638,64503,62087,69479,85625,62427,51114],
            [44455,0,100,23333,69390,43918,88578,81186,65040,75601,30529],
            [20684,100,0,41806,24282,62391,17731,25123,41269,18071,75780],
            [43918,23333,41806,0,47516,85625,40965,48357,64503,41305,72236],
            [68638,69390,24282,47516,0,68101,87021,79628,89223,99999,54712],
            [64503,43918,62391,85625,68101,0,61550,68942,85088,61890,92821],
            [62087,88578,17731,40965,87021,61550,0,98817,82671,93232,48161],
            [69479,81186,25123,48357,79628,68942,98817,0,90064,85840,55553],
            [85625,65040,41269,64503,89223,85088,82671,90064,0,83012,71699],
            [62427,75601,18071,41305,99999,61890,93232,85840,83012,0,48501],
            [51114,30529,75780,72236,54712,92821,48161,55553,71699,48501,0]
        ]
    },
    "runs": [
        {
            "number_of_vehicles": 2,
            "avg_task_cost_vs_number_of_task": [1539,2568.5,1712.3333333333333,1579.25,1378.4,1244.5,1066.7142857142858,933.375,829.6666666666666,746.6999999999999,869.6363636363636,797.1666666666666,738.3846153846154,713.75,669.0666666666667,633.4375000000001,616.5882352941177,643.1111111111111,613.7894736842105,554.95,558.1428571428572,530.7272727272729,507.5652173913044,514.0000000000001,520.76,559.2307692307693,561.5555555555555,547.5714285714286,616.0172413793103,517.4666666666666]
        },
        {
            "number_of_vehicles": 3,
            "avg_task_cost_vs_number_of_task": [648.0000000000001,2418,1712.3333333333333,1444.75,1378.4,1244.5,1066.7142857142858,933.375,829.6666666666666,804.2,895.9090909090909,707.6666666666666,744,606.5714285714286,662.8666666666667,657.75,652.8823529411765,616.6111111111111,584.1578947368421,554.95,568.6666666666669,504.5,543.8695652173913,566.1666666666666,533.4399999999998,451.84615384615387,484.5555555555556,496.00000000000006,561.1551724137931,569.0333333333334]
        },
        {
            "number_of_vehicles": 4,
            "avg_task_cost_vs_number_of_task": [648.0000000000001,2418,1712.3333333333333,1535.375,1378.4,1244.5,1148.857142857143,941.8125,893.5555555555555,734.2,895.9090909090909,758.0833333333334,744,606.5714285714286,734,657.75,619.0588235294117,619.2222222222222,550.4473684210526,552.1500000000001,530.7619047619048,603.4090909090909,603.3478260869565,511.7083333333334,601.08,508.76923076923083,488.1481481481482,590.7500000000001,541.2241379310345,470.3]
        },
        {
            "number_of_vehicles": 5,
            "avg_task_cost_vs_number_of_task": [474.5,2331.25,1671.8333333333333,1548.875,1378.4,1244.5,1148.857142857143,896.0625,796.5,746.6999999999999,863.5,693.2083333333334,806.1538461538462,856.2142857142856,707.4,693.6875,543.7647058823529,637.388888888889,575.7105263157895,706.675,600.8095238095239,564.2727272727271,543.8695652173913,597.0833333333334,547.7600000000001,656.5769230769231,487.27777777777777,469.357142857143,544.5862068965517,460.8]
        }
    ]
}