{
    "vehicle_starting_positions": ["Marseille","Le Havre","Brest","Lyon","Strasbourg","Genève","Paris","Bordeaux","Monaco"],
    "task_distribution": {
        "weight_matrix": [
            [0,3,3,3,3,3,3,3,3],
            [3,0,3,3,3,3,3,3,3],
            [3,3,0,3,3,3,3,3,3],
            [3,3,3,0,3,3,3,3,3],
            [3,3,3,3,0,3,3,3,3],
            [3,3,3,3,3,0,3,3,3],
            [3,3,3,3,3,3,0,3,3],
            [3,3,3,3,3,3,3,0,3],
            [3,3,3,3,3,3,3,3,0]
        ],
        "probability_matrix": [
            [0,0.07219716965534373,0.09351994134182762,0.14577007348274185,0.15962079030283052,0.22254880261211998,0.10389791448349146,0.07099657071106098,0.13144873741058383],
            [0.07586981132253698,0,0.21806524110175665,0.016244828123993162,0.045154466916833544,0.19125675375214243,0.17194844378369323,0.07719054916760977,0.20426990583143403],
            [0.07454101439377953,0.20879667931983642,0,0.03158653134719993,0.1607142874707556,0.21116271888632912,0.013841287450156874,0.12305769659021924,0.17629978454172326],
            [0.16750376358164695,0.1725829251155731,0.15041642264503316,0,0.07512763441508447,8.12288659616806E-4,0.11636031313026907,0.17952043483007488,0.13767621762270174],
            [0.21059080172910843,0.006398015586825797,0.09840073728495519,0.11912197027663889,0,0.16352782323478643,0.1503859427756172,0.19045917701848064,0.06111553209358748],
            [0.25160660376427507,0.10374005174213262,0.02328755063805213,0.14723911564793743,0.23769545046359356,0,0.13769335364352384,0.03910040310651641,0.059637470993969],
            [0.184269007978304,0.12682808645501617,0.20044251782533226,0.013888624206191776,0.07948064248585875,0.03392205980638399,0,0.13318595384326673,0.2279831073996463],
            [0.3284906796891923,0.18631962004363742,0.012868086925877638,0.16297900815618274,0.04069653176647986,0.1609631691356288,0.020331954405770635,0,0.08735094987723062],
            [0.0027541573106543145,0.11943664858345289,0.07559431809658956,0.16525669246538516,0.2090857499650847,0.11515729505826437,0.12785427273719394,0.18486086578337496,0]
        ],
        "city_names": ["Brest","Paris","Marseille","Genève","Monaco","Le Havre","Bordeaux","Lyon","Strasbourg"],
        "reward_matrix": [
            [0,69526,15612,27125,100,56013,29263,37398,35950],
            [69526,0,56357,67871,40845,96758,70008,78143,76696],
            [15612,56357,0,78212,94759,42844,65734,88485,51393],
            [27125,67871,78212,0,74352,54358,59460,99999,83452],
            [100,40845,94759,74352,0,27332,50221,72973,47533],
            [56013,96758,42844,54358,27332,0,56495,64631,63183],
            [29263,70008,65734,59460,50221,56495,0,69732,36433],
            [37398,78143,88485,99999,72973,64631,69732,0,73180],
            [35950,76696,51393,83452,47533,63183,36433,73180,0]
        ]
    },
    "runs": [
        {
            "number_of_vehicles": 2,
            "avg_task_cost_vs_number_of_task": [5400,3352.5,4781.666666666667,4878.75,3907,3367.5,3450,3124.375,2777.222222222222,2499.5,2330.909090909091,2082.9166666666665,1964.2307692307693,1971.4285714285713,1866.6666666666667,1894.0625,1818.5294117647059,1628.611111111111,1724.4736842105262,1609,1659.7619047619048,1640.2272727272727,1525,1525.4166666666667,1567.6,1526.3461538461538,1600.1851851851852,1441.4285714285713,1319.4827586206898,1561.1666666666667]
        },
        {
            "number_of_vehicles": 3,
            "avg_task_cost_vs_number_of_task": [5400,3352.5,3470,4223.75,3379,2815.8333333333335,3282.1428571428573,2871.875,2742.222222222222,2297.5,2272.2727272727275,2082.9166666666665,2058.076923076923,2043.9285714285713,1825,2025.3125,2079.4117647058824,1527.5,1646.0526315789473,1563.75,1641.1904761904761,1543.8636363636363,1779.7826086956522,1543.9583333333333,1450.4,1616.7307692307693,1760.1851851851852,1646.9642857142858,1656.2068965517242,1518.3333333333333]
        },
        {
            "number_of_vehicles": 4,
            "avg_task_cost_vs_number_of_task": [3820,2562.5,3470,4223.75,3379,2815.8333333333335,3282.1428571428573,2871.875,2777.222222222222,2499.5,2389.5454545454545,2082.9166666666665,2215.3846153846152,1641.0714285714287,2140.6666666666665,1899.375,1724.4117647058824,1824.1666666666667,1621.3157894736842,1719.5,1611.4285714285713,1512.5,1461.9565217391305,1675.8333333333333,1534.6,1511.7307692307693,1522.037037037037,1566.0714285714287,1471.7241379310344,1423.3333333333333]
        },
        {
            "number_of_vehicles": 5,
            "avg_task_cost_vs_number_of_task": [3820,2562.5,3470,4223.75,3907,2815.8333333333335,3282.1428571428573,3124.375,2552.777777777778,2550,2272.2727272727275,2180.4166666666665,2058.076923076923,2043.9285714285713,2086.6666666666665,1809.6875,1816.1764705882354,1822.2222222222222,1685.7894736842106,1692,1665.4761904761904,1577.7272727272727,1365,1417.0833333333333,1581.8,1695.9615384615386,1501.851851851852,1386.9642857142858,1461.7241379310344,1539.3333333333333]
        }
    ]
}