{
    "vehicle_starting_positions": ["Paris","Brest","Genève","Monaco","Lyon","Marseille","Le Havre","Strasbourg","Bordeaux"],
    "task_distribution": {
        "weight_matrix": [
            [0,3,3,3,3,3,3,3,3],
            [3,0,3,3,3,3,3,3,3],
            [3,3,0,3,3,3,3,3,3],
            [3,3,3,0,3,3,3,3,3],
            [3,3,3,3,0,3,3,3,3],
            [3,3,3,3,3,0,3,3,3],
            [3,3,3,3,3,3,0,3,3],
            [3,3,3,3,3,3,3,0,3],
            [3,3,3,3,3,3,3,3,0]
        ],
        "probability_matrix": [
            [0,0.029798330454263038,0.150953670243311,0.0877356216494021,0.12003032856363559,0.17791879037030434,0.22281433847615556,0.07703661274988877,0.13371230749303956],
            [0.16286525077813396,0,0.041865394343119894,0.10922357663883742,0.2160591197156727,0.06599145126339549,0.23305708823694923,0.16018449446877545,0.01075362455511581],
            [0.17884727066485134,0.17293839098469896,0,0.0017312939068228827,0.09698183006629052,0.11822757475506307,0.07158895986104699,0.12780530375013355,0.23187937601109262],
            [0.08835115667245988,0.04489737475019361,0.25912386208020555,0,0.1659645561488181,0.11810823401061527,0.0023814162958289494,0.12419104079106044,0.1969823592508182],
            [0.08241928675671081,0.1363018060298013,0.17657002921854137,0.1752703406647519,0,0.04518497882565323,0.012006458943828437,0.16721476681245775,0.20503233274825536],
            [0.25644846284984946,0.04205959475282842,0.06574840256389308,0.047871155583650245,0.18497520646737997,0,0.3283396121749389,0.050492947409209565,0.02406461819825035],
            [0.08901591924853752,0.17829014835604584,0.11984062466013967,0.02372210898369118,0.1932063904549072,0.09925335635392266,0,0.20704331219998584,0.0896281397427702],
            [0.09173082453108286,0.2184354942103087,0.07305629601242909,0.020841509080347754,0.16907231223043453,0.18614349840293562,0.21351189330859047,0,0.02720817222387092],
            [0.0769546475167092,0.039038860076650396,0.1202289896285555,0.12686192046560266,0.2227627247415711,0.18158951339594712,0.05281377223737735,0.17974957193758662,0]
        ],
        "city_names": ["Brest","Paris","Marseille","Genève","Monaco","Le Havre","Bordeaux","Lyon","Strasbourg"],
        "reward_matrix": [
            [0,69526,15612,27125,100,56013,29263,37398,35950],
            [69526,0,56357,67871,40845,96758,70008,78143,76696],
            [15612,56357,0,78212,94759,42844,65734,88485,51393],
            [27125,67871,78212,0,74352,54358,59460,99999,83452],
            [100,40845,94759,74352,0,27332,50221,72973,47533],
            [56013,96758,42844,54358,27332,0,56495,64631,63183],
            [29263,70008,65734,59460,50221,56495,0,69732,36433],
            [37398,78143,88485,99999,72973,64631,69732,0,73180],
            [35950,76696,51393,83452,47533,63183,36433,73180,0]
        ]
    },
    "runs": [
        {
            "number_of_vehicles": 2,
            "avg_task_cost_vs_number_of_task": [6985,4970,4991.666666666667,4482.5,3586,3315,2841.4285714285716,2486.25,2210,2297.5,2265,2239.5833333333335,1976.5384615384614,2018.9285714285713,1878.3333333333333,1705.3125,1789.1176470588234,1515.8333333333333,1591.842105263158,1595.5,1487.142857142857,1605.909090909091,1452.1739130434783,1555.625,1243.4,1108.076923076923,1337.7777777777778,1281.9642857142858,1267.5862068965516,1310.1666666666667]
        },
        {
            "number_of_vehicles": 3,
            "avg_task_cost_vs_number_of_task": [6495,4970,4991.666666666667,4482.5,3586,3315,2841.4285714285716,2486.25,2210,2297.5,2197.7272727272725,2141.25,1948.076923076923,1962.5,1846,1667.1875,1618.8235294117646,1461.388888888889,1448.421052631579,1315.25,1564.047619047619,1403.8636363636363,1442.608695652174,1418.5416666666667,1553,1246.923076923077,1320.3703703703704,1400.7142857142858,1373.7931034482758,1256.5]
        },
        {
            "number_of_vehicles": 4,
            "avg_task_cost_vs_number_of_task": [6495,4970,4991.666666666667,4482.5,3586,3315,2841.4285714285716,2591.875,2210,2426.5,2302.2727272727275,2110.4166666666665,1948.076923076923,1962.5,1819,1801.25,1620.8823529411766,1667.7777777777778,1738.9473684210527,1398.25,1418.5714285714287,1271.1363636363637,1307.8260869565217,1436.875,1321.2,1360,1242.962962962963,1226.607142857143,1455.8620689655172,1428.3333333333333]
        },
        {
            "number_of_vehicles": 5,
            "avg_task_cost_vs_number_of_task": [6495,4970,4991.666666666667,4482.5,3586,3315,2962.1428571428573,2591.875,2210,2343,2302.2727272727275,2141.25,1948.076923076923,1878.9285714285713,1780.6666666666667,1705.3125,1628.8235294117646,1461.388888888889,1557.8947368421052,1572.75,1559.7619047619048,1412.9545454545455,1481.7391304347825,1295.2083333333333,1545.6,1253.8461538461538,1382.7777777777778,1325.5357142857142,1268.448275862069,1359]
        }
    ]
}