{
    "vehicle_starting_positions": ["Neuchâtel","Genève","Zürich","Basel","Fribourg","Thun","Lausanne","Bern","Sion","St-Gallen","Aarau","Luzern"],
    "task_distribution": {
        "weight_matrix": [
            [0,3,3,3,3,3,3,3,3,3,3,3],
            [3,0,3,3,3,3,3,3,3,3,3,3],
            [3,3,0,3,3,3,3,3,3,3,3,3],
            [3,3,3,0,3,3,3,3,3,3,3,3],
            [3,3,3,3,0,3,3,3,3,3,3,3],
            [3,3,3,3,3,0,3,3,3,3,3,3],
            [3,3,3,3,3,3,0,3,3,3,3,3],
            [3,3,3,3,3,3,3,0,3,3,3,3],
            [3,3,3,3,3,3,3,3,0,3,3,3],
            [3,3,3,3,3,3,3,3,3,0,3,3],
            [3,3,3,3,3,3,3,3,3,3,0,3],
            [3,3,3,3,3,3,3,3,3,3,3,0]
        ],
        "probability_matrix": [
            [0,0.08881929956114981,0.07471095669855975,0.02697071559918949,0.08828678456468168,0.10006188658323703,0.14924564518974914,0.12877015273012907,0.06088334923279241,0.10376106546595887,0.07193508710037329,0.10655505727417947],
            [0.17934871251919496,0,0.07388682760642624,0.1536108213478063,0.02239799776723464,0.13401204346130854,0.0868773458803241,0.003565502961874886,0.04896876495237628,0.06347700459374504,0.1464016868879266,0.08745329202178244],
            [0.1393965632761868,0.08193093298605676,0,0.1307772373159986,0.08226278349270784,0.01678974100141012,0.08821456316438885,0.09745148080835908,0.009773520992287166,0.14865309931672607,0.0554237577966951,0.14932631984918365],
            [0.037839508568647554,0.03510965226851771,0.14284353108433134,0,0.1299716006593435,0.10832563350808942,0.10827502911362541,0.11800117006819301,0.011615444091062696,0.1349152475158305,0.11131253465588233,0.061790648466476514],
            [0.011136153495113904,0.13222635075216668,0.16299968493317024,0.15132534574709083,0,0.028187410959352236,0.011818502398396918,0.05787481517058373,0.10920773156840972,0.0925192029804553,0.06755359662051724,0.17515120537474307],
            [0.0591472487987472,0.05563269873594597,0.25054556643030645,0.08835834520917789,0.04068840660489045,0,0.017079815719558817,0.22285038812310345,0.0829199235423419,0.01660142615082371,0.052477898111882165,0.11369828257322188],
            [0.15489559827221958,0.1890017821817413,0.07267390012590154,0.09140159076165388,0.035517507396038296,0.07355392832074693,0,0.14918327258347622,0.11891678956757439,0.025295431993022765,0.03484948460295778,0.05471071419466726],
            [0.11115521682382265,0.1353778147622946,0.09801690597195424,0.03613937336661441,0.015303491908467373,0.09157905912971531,0.094316515281326,0,0.12486034910712039,0.1311232135222435,0.13184184541569338,0.030286214710748185],
            [0.11539977607987276,0.09650859191050304,0.09693990943724565,0.027427513910599503,0.06841486802582979,0.09029842462589911,0.09217018770334244,0.11148627377353161,0,0.07096925785333515,0.11518475641556296,0.11520044026427784],
            [0.01341048461272126,0.09768669923195573,0.13291398821603495,0.13971956474337283,0.0656524717453513,0.07334919799331369,0.08893420800343922,0.12884612510946092,0.10791434190658158,0,0.1190713318264335,0.032501586611335204],
            [0.11888927935615493,0.03830219851476003,0.06074350945899146,0.10664849464819946,0.17086257653443332,0.08921957395167267,0.12237976745770422,0.10504797571284379,0.1780796907158037,0.005134886965715394,0,0.004692046683721165],
            [0.1239725654581603,0.11704242204474792,0.04381269051889374,0.01229844498191475,0.1419760954795229,0.055732445157449705,0.08416191818794061,0.09786885865131528,0.03929038448126952,0.15063259262551967,0.13321158241326578,0]
        ],
        "city_names": ["Lausanne","Genève","Sion","Neuchâtel","Bern","Basel","Fribourg","Zürich","Aarau","Luzern","St-Gallen","Thun"],
        "reward_matrix": [
            [0,89805,77572,87766,77572,49030,87766,42913,55146,36797,18448,69417],
            [89805,0,59223,69417,59223,30681,69417,24565,36797,18448,100,51068],
            [77572,59223,0,63301,75533,46991,65340,40875,53107,34758,16410,83688],
            [87766,69417,63301,0,95921,67378,85727,61262,73495,55146,36797,87766],
            [77572,59223,75533,95921,0,79611,97960,73495,85727,67378,49030,99999],
            [49030,30681,46991,67378,79611,0,69417,83688,71456,69417,59223,71456],
            [87766,69417,65340,85727,97960,69417,0,63301,75533,57185,38836,89805],
            [42913,24565,40875,61262,73495,83688,63301,0,95921,93882,83688,65340],
            [55146,36797,53107,73495,85727,71456,75533,95921,0,89805,71456,77572],
            [36797,18448,34758,55146,67378,69417,57185,93882,89805,0,69417,59223],
            [18448,100,16410,36797,49030,59223,38836,83688,71456,69417,0,40875],
            [69417,51068,83688,87766,99999,71456,89805,65340,77572,59223,40875,0]
        ]
    },
    "runs": [
        {
            "number_of_vehicles": 2,
            "avg_task_cost_vs_number_of_task": [3450,2250,1500,1237.5,990,958.3333333333334,885.7142857142857,825,733.3333333333334,685,600,691.6666666666666,661.5384615384615,614.2857142857143,596.6666666666666,634.375,570.5882352941177,561.1111111111111,560.5263157894736,555,559.5238095238095,490.90909090909093,500,500,484,534.6153846153846,512.9629629629629,517.8571428571429,496.55172413793105,491.6666666666667]
        },
        {
            "number_of_vehicles": 3,
            "avg_task_cost_vs_number_of_task": [2300,1675,1316.6666666666667,1100,880,866.6666666666666,885.7142857142857,781.25,755.5555555555555,660,622.7272727272727,670.8333333333334,673.0769230769231,628.5714285714286,590,575,550,547.2222222222222,534.2105263157895,502.5,521.4285714285714,538.6363636363636,497.82608695652175,447.9166666666667,460,467.3076923076923,501.85185185185185,487.5,460.3448275862069,451.6666666666667]
        },
        {
            "number_of_vehicles": 4,
            "avg_task_cost_vs_number_of_task": [2300,1675,1316.6666666666667,1100,880,866.6666666666666,885.7142857142857,781.25,733.3333333333334,660,600,670.8333333333334,692.3076923076923,625,623.3333333333334,625,623.5294117647059,572.2222222222222,547.3684210526316,582.5,533.3333333333334,486.3636363636364,489.1304347826087,472.9166666666667,470,492.3076923076923,431.48148148148147,455.35714285714283,439.6551724137931,585]
        },
        {
            "number_of_vehicles": 5,
            "avg_task_cost_vs_number_of_task": [2300,1675,1316.6666666666667,1100,990,958.3333333333334,885.7142857142857,825,733.3333333333334,660,600,708.3333333333334,673.0769230769231,682.1428571428571,600,609.375,547.0588235294117,552.7777777777778,534.2105263157895,512.5,502.3809523809524,468.1818181818182,445.6521739130435,441.6666666666667,466,492.3076923076923,472.22222222222223,483.92857142857144,513.7931034482758,481.6666666666667]
        }
    ]
}