{
    "vehicle_starting_positions": ["Thun","St-Gallen","Fribourg","Lausanne","Genève","Aarau","Zürich","Luzern","Neuchâtel","Bern","Basel","Sion"],
    "task_distribution": {
        "weight_matrix": [
            [0,3,3,3,3,3,3,3,3,3,3,3],
            [3,0,3,3,3,3,3,3,3,3,3,3],
            [3,3,0,3,3,3,3,3,3,3,3,3],
            [3,3,3,0,3,3,3,3,3,3,3,3],
            [3,3,3,3,0,3,3,3,3,3,3,3],
            [3,3,3,3,3,0,3,3,3,3,3,3],
            [3,3,3,3,3,3,0,3,3,3,3,3],
            [3,3,3,3,3,3,3,0,3,3,3,3],
            [3,3,3,3,3,3,3,3,0,3,3,3],
            [3,3,3,3,3,3,3,3,3,0,3,3],
            [3,3,3,3,3,3,3,3,3,3,0,3],
            [3,3,3,3,3,3,3,3,3,3,3,0]
        ],
        "probability_matrix": [
            [0,0.11261396250501532,0.1653748155534905,0.10925778752250834,0.02344913861347796,0.07692179320093437,0.007150452612703814,0.10405808847200841,0.039256115977220854,0.18973957028099,0.028410901093767916,0.14376737416788246],
            [0.01667137797236045,0,0.10179029333661287,0.06352762683249168,0.13549545695495244,0.07705287401381536,0.06208308834715591,0.015221647098890331,0.14049379863750297,0.12055658620973306,0.15663878142498033,0.11046846917150452],
            [0.01831069498774377,0.16915581804858443,0,0.003932491212296956,0.0514558234198778,0.0969913367592355,0.12846062103158531,0.05494986401556111,0.18955422084123938,0.037739855712308104,0.23289779669732286,0.016551477274244972],
            [0.21836184279556586,0.03063119349076645,0.15555326004806205,0,0.09128312877998403,0.05679140913290977,0.009678602611149919,0.11143408955866946,0.1020457778952634,0.04594348634032125,0.04976417704041527,0.12851303230689268],
            [0.021337892761117486,0.13755202898278476,0.09981627556782621,3.688681767292339E-4,0,0.17423720791514763,0.15547736898486555,0.11469157797393517,0.18805980261561533,0.007589619722628558,0.051621729460355564,0.04924762783899446],
            [0.13815932034336156,0.10007912983686,0.17821183066581417,0.07566964574522553,0.06307006285820699,0,0.11038486224283652,0.009078862977136675,0.06214713311996668,0.05128424752300884,0.07379020518741393,0.1381246995001692],
            [0.03604944669807686,0.10059723390373783,0.021791455401733283,0.08887995523173495,0.08813510519396002,0.00328581438381934,0,0.09364707455466367,0.1966058057341981,0.04387963192989884,0.15783991407971756,0.16928856288845961],
            [0.03129628833063497,0.06266810848697112,0.1802631922067645,0.004473486316259544,0.011340139523897824,0.17606125142335644,0.055483574412017324,0,0.16739519865595373,0.08318074590707521,0.114324071830243,0.11351394290682638],
            [0.0368799276623826,0.17088286526654237,0.010357273006424778,0.015491242328683522,0.1085635383339681,0.09488932894119656,0.17592970598524543,0.06447492350875825,0,0.15692587860991927,0.10859190243557836,0.05701341392130079],
            [0.009754260823552071,0.13697985467397972,0.0712590923539934,0.090194952689728,0.15186048066279925,0.17924407434484374,0.09370336135049215,0.07820014889220922,0.02436470684265906,0,0.13814389570090227,0.026295171664841133],
            [0.1784903394010183,0.16518507695170062,0.11248594340789499,0.09881032730495838,0.09274161136539709,0.007650837828837197,0.08638336818245711,0.07836003624425235,0.016506813782931222,0.016215122324868866,0,0.14717052320568397],
            [0.1304800914292107,0.13773816226387744,0.031501108740261616,0.08482169624968675,0.064098272091825,0.12870195850062213,0.11460400388624133,0.08891156183977264,0.13585786062686345,0.010138245620876373,0.07314703875076244,0]
        ],
        "city_names": ["Lausanne","Genève","Sion","Neuchâtel","Bern","Basel","Fribourg","Zürich","Aarau","Luzern","St-Gallen","Thun"],
        "reward_matrix": [
            [0,89805,77572,87766,77572,49030,87766,42913,55146,36797,18448,69417],
            [89805,0,59223,69417,59223,30681,69417,24565,36797,18448,100,51068],
            [77572,59223,0,63301,75533,46991,65340,40875,53107,34758,16410,83688],
            [87766,69417,63301,0,95921,67378,85727,61262,73495,55146,36797,87766],
            [77572,59223,75533,95921,0,79611,97960,73495,85727,67378,49030,99999],
            [49030,30681,46991,67378,79611,0,69417,83688,71456,69417,59223,71456],
            [87766,69417,65340,85727,97960,69417,0,63301,75533,57185,38836,89805],
            [42913,24565,40875,61262,73495,83688,63301,0,95921,93882,83688,65340],
            [55146,36797,53107,73495,85727,71456,75533,95921,0,89805,71456,77572],
            [36797,18448,34758,55146,67378,69417,57185,93882,89805,0,69417,59223],
            [18448,100,16410,36797,49030,59223,38836,83688,71456,69417,0,40875],
            [69417,51068,83688,87766,99999,71456,89805,65340,77572,59223,40875,0]
        ]
    },
    "runs": [
        {
            "number_of_vehicles": 2,
            "avg_task_cost_vs_number_of_task": [1950,2300,1600,1487.5,1200,1000,857.1428571428571,750,766.6666666666666,690,627.2727272727273,608.3333333333334,588.4615384615385,546.4285714285714,513.3333333333334,534.375,476.47058823529414,486.1111111111111,413.1578947368421,437.5,414.2857142857143,370.45454545454544,404.3478260869565,414.5833333333333,376,400,440.74074074074076,489.2857142857143,453.44827586206895,418.3333333333333]
        },
        {
            "number_of_vehicles": 3,
            "avg_task_cost_vs_number_of_task": [1950,2075,1450,1487.5,1200,1000,857.1428571428571,750,766.6666666666666,690,650,600,550,514.2857142857143,480,446.875,423.52941176470586,508.3333333333333,426.3157894736842,425,447.6190476190476,388.6363636363636,410.8695652173913,439.5833333333333,420,390.38461538461536,383.3333333333333,423.2142857142857,400,435]
        },
        {
            "number_of_vehicles": 4,
            "avg_task_cost_vs_number_of_task": [1950,1825,1283.3333333333333,1362.5,1200,916.6666666666666,785.7142857142857,743.75,766.6666666666666,690,650,595.8333333333334,592.3076923076923,514.2857142857143,510,475,423.52941176470586,427.77777777777777,478.94736842105266,430,407.14285714285717,388.6363636363636,397.82608695652175,462.5,412,394.2307692307692,422.22222222222223,439.2857142857143,444.82758620689657,411.6666666666667]
        },
        {
            "number_of_vehicles": 5,
            "avg_task_cost_vs_number_of_task": [1950,1600,1133.3333333333333,1250,1010,841.6666666666666,721.4285714285714,687.5,766.6666666666666,715,740.9090909090909,600,550,478.57142857142856,513.3333333333334,481.25,444.11764705882354,494.44444444444446,450,512.5,364.2857142857143,390.90909090909093,443.4782608695652,433.3333333333333,424,384.61538461538464,400,376.7857142857143,432.7586206896552,413.3333333333333]
        }
    ]
}