{
    "vehicle_starting_positions": ["Zürich","Basel","Lausanne","Fribourg","Sion","Genève","Neuchâtel","Luzern","Thun","Bern","St-Gallen","Aarau"],
    "task_distribution": {
        "weight_matrix": [
            [0,3,3,3,3,3,3,3,3,3,3,3],
            [3,0,3,3,3,3,3,3,3,3,3,3],
            [3,3,0,3,3,3,3,3,3,3,3,3],
            [3,3,3,0,3,3,3,3,3,3,3,3],
            [3,3,3,3,0,3,3,3,3,3,3,3],
            [3,3,3,3,3,0,3,3,3,3,3,3],
            [3,3,3,3,3,3,0,3,3,3,3,3],
            [3,3,3,3,3,3,3,0,3,3,3,3],
            [3,3,3,3,3,3,3,3,0,3,3,3],
            [3,3,3,3,3,3,3,3,3,0,3,3],
            [3,3,3,3,3,3,3,3,3,3,0,3],
            [3,3,3,3,3,3,3,3,3,3,3,0]
        ],
        "probability_matrix": [
            [0,0.16824495483954113,0.1417598779057908,0.15119721718184423,0.024090600026830535,0.027335997737398393,0.14223026430297744,0.03407976260782002,0.13779227810588815,0.08577822119173566,0.043380646375320533,0.04411017972485304],
            [0.012727466532534204,0,0.13798938741895866,0.07590098001468644,0.020312263489373032,0.150605287779322,0.09039517034814608,0.1416346326447902,0.06307675174217335,0.130556788239214,0.07895225202993598,0.09784901976086616],
            [0.14381538684608053,0.16101930028730796,0,0.013921209149355677,0.06972180299713296,0.1081329730565591,0.06946011865567198,0.08496077858360448,0.07084659751871045,0.033777515425213525,0.11151208775525709,0.13283222972510625],
            [0.12602426667544703,0.16118872129114734,0.15780271824455014,0,0.08808058781928566,0.05642566651929393,0.11412905476734149,0.07250156849039359,0.05336604390274996,0.058746138799667544,0.07017943745076435,0.04155579603935896],
            [0.11278101045852355,0.011899793538085658,0.046716549171551144,0.019623071976480184,0,0.12873113461037328,0.007745497800586912,0.1485252232750842,0.10981304414493709,0.13571590688864282,0.1527068511253433,0.1257419170103918],
            [0.03830809792547596,0.11895554647791096,0.07646520169214469,0.014184395391265318,0.15749865549084513,0,0.11680613647501813,0.061345822212410195,0.06807712128631428,0.1395888997396206,0.0773411916337964,0.1314289316751983],
            [0.10328188407176998,0.12733479015216492,0.13440208323381175,0.059191843753574024,0.041342784308804115,0.08394096999144007,0,0.06955155755896766,0.16641944299490177,0.07314662072231783,0.04356181379626519,0.09782620941598263],
            [0.020104450072654153,0.020417854742524826,0.010680458294354529,0.18364644389220502,0.09005537617418181,0.12141744753397522,0.19190433393306672,0,9.014677663321108E-4,0.1889647296083389,0.031113159194340555,0.14079427878802592],
            [0.026444673808716117,0.006687892799193667,0.1743722559869811,0.08181980157923152,0.05307274185964632,0.07328465808061142,0.004313123717433138,0.17708192591470764,0,0.13642140392686478,0.13014434026508126,0.13635718206153302],
            [4.5801139589003926E-4,0.11173507886231603,0.016640978909927114,0.05404472412443632,0.12382161089834266,0.2370907724427838,0.03947398789624686,0.06606295441265982,0.1237411201256267,0,0.17643826540049548,0.050492495531275106],
            [0.09690323934859764,0.10563017739236134,0.026830795882839886,0.1444697659426932,0.007454852441983446,0.039619267315201746,0.11119811232861727,0.0995034077413497,0.19192098253522985,0.0038036185102479016,0,0.17266578056087825],
            [0.08174616832329044,0.08598524866722482,0.11969510701844957,0.06790192148554863,0.036350244986039705,0.13164005369648019,0.1463040363612842,0.09148781497062913,0.08909444002604563,0.1361480776543116,0.013646886810696182,0]
        ],
        "city_names": ["Lausanne","Genève","Sion","Neuchâtel","Bern","Basel","Fribourg","Zürich","Aarau","Luzern","St-Gallen","Thun"],
        "reward_matrix": [
            [0,89805,77572,87766,77572,49030,87766,42913,55146,36797,18448,69417],
            [89805,0,59223,69417,59223,30681,69417,24565,36797,18448,100,51068],
            [77572,59223,0,63301,75533,46991,65340,40875,53107,34758,16410,83688],
            [87766,69417,63301,0,95921,67378,85727,61262,73495,55146,36797,87766],
            [77572,59223,75533,95921,0,79611,97960,73495,85727,67378,49030,99999],
            [49030,30681,46991,67378,79611,0,69417,83688,71456,69417,59223,71456],
            [87766,69417,65340,85727,97960,69417,0,63301,75533,57185,38836,89805],
            [42913,24565,40875,61262,73495,83688,63301,0,95921,93882,83688,65340],
            [55146,36797,53107,73495,85727,71456,75533,95921,0,89805,71456,77572],
            [36797,18448,34758,55146,67378,69417,57185,93882,89805,0,69417,59223],
            [18448,100,16410,36797,49030,59223,38836,83688,71456,69417,0,40875],
            [69417,51068,83688,87766,99999,71456,89805,65340,77572,59223,40875,0]
        ]
    },
    "runs": [
        {
            "number_of_vehicles": 2,
            "avg_task_cost_vs_number_of_task": [2250,1375,1500,1125,900,833.3333333333334,800,800,711.1111111111111,640,618.1818181818181,616.6666666666666,661.5384615384615,607.1428571428571,650,609.375,558.8235294117648,547.2222222222222,500,520,454.76190476190476,447.72727272727275,439.1304347826087,441.6666666666667,392,400,396.2962962962963,373.2142857142857,472.41379310344826,438.3333333333333]
        },
        {
            "number_of_vehicles": 3,
            "avg_task_cost_vs_number_of_task": [1500,1175,1500,1125,900,833.3333333333334,800,800,777.7777777777778,690,627.2727272727273,608.3333333333334,634.6153846153846,589.2857142857143,590,553.125,520.5882352941177,566.6666666666666,489.4736842105263,510,445.23809523809524,447.72727272727275,406.5217391304348,387.5,372,419.2307692307692,374.0740740740741,425,443.1034482758621,353.3333333333333]
        },
        {
            "number_of_vehicles": 4,
            "avg_task_cost_vs_number_of_task": [1500,1150,1350,1125,900,833.3333333333334,750,831.25,738.8888888888889,690,672.7272727272727,566.6666666666666,623.0769230769231,571.4285714285714,613.3333333333334,553.125,564.7058823529412,533.3333333333334,531.578947368421,465,457.14285714285717,440.90909090909093,417.39130434782606,506.25,372,376.9230769230769,357.4074074074074,480.35714285714283,431.0344827586207,391.6666666666667]
        },
        {
            "number_of_vehicles": 5,
            "avg_task_cost_vs_number_of_task": [750,800,1266.6666666666667,1087.5,870,750,642.8571428571429,800,777.7777777777778,700,609.0909090909091,620.8333333333334,596.1538461538462,807.1428571428571,540,609.375,561.7647058823529,475,531.578947368421,427.5,409.5238095238095,388.6363636363636,428.2608695652174,377.0833333333333,342,336.53846153846155,335.18518518518516,335.7142857142857,418.9655172413793,393.3333333333333]
        }
    ]
}