{
    "vehicle_starting_positions": ["Almere","Amsterdam","Den Haag","Nijmegen","Utrecht","Groningen","Eindhoven","Breda","Apeldoorn","Rotterdam"],
    "task_distribution": {
        "weight_matrix": [
            [0,3,3,3,3,3,3,3,3,3],
            [3,0,3,3,3,3,3,3,3,3],
            [3,3,0,3,3,3,3,3,3,3],
            [3,3,3,0,3,3,3,3,3,3],
            [3,3,3,3,0,3,3,3,3,3],
            [3,3,3,3,3,0,3,3,3,3],
            [3,3,3,3,3,3,0,3,3,3],
            [3,3,3,3,3,3,3,0,3,3],
            [3,3,3,3,3,3,3,3,0,3],
            [3,3,3,3,3,3,3,3,3,0]
        ],
        "probability_matrix": [
            [0,0.11458245543308133,0.061092601505901796,0.17886841976779955,0.08062350455687577,0.053397189163076994,0.1277588408593683,0.07239113006937391,0.18081198982373872,0.13047386882078352],
            [0.059647870322657975,0,0.1246102766694031,0.09833095329332786,0.08290819709078934,0.04719149317165508,0.2061440054395857,0.18148573517389655,0.018825167287357333,0.18085630155132706],
            [0.15361633337757538,0.12594341669611134,0,0.1391765009773753,0.0762201467210557,0.023097146963574018,0.15088166510217724,0.11435120037917305,0.16835906029083028,0.04835452949212784],
            [0.14745512803171681,6.850227251733851E-4,0.07867615722419559,0,0.009696164465450068,0.07315730761929998,0.07789082065742153,0.277012252591599,0.08307716158678878,0.2523499850983547],
            [0.23036772147218462,0.19823494676524278,0.05028655313743762,0.054503213538482996,0,0.08314017911799076,0.045777654600741076,0.16535994998458922,0.1697178246457672,0.002611956737563708],
            [0.107660804399364,0.015193440571645109,0.19070383539725036,0.06500603839862074,0.04785098854241833,0,0.23114557116264095,0.14575807063416105,0.029659395334758067,0.16702185555914154],
            [0.08086260159024258,0.04817459847673207,0.05429757561444229,0.146010229981169,0.12775008406193075,0.18996783032772355,0,0.1632208456659802,0.07548506167396829,0.11423117260781152],
            [0.04697980286252878,0.16249770133700417,0.06806275077539924,0.1314770524093759,0.1417472692824037,0.16864352810298483,0.1472334212939335,0,0.09597923005517153,0.03737924388119828],
            [0.0804593893192495,0.10080377382153179,0.18737064917978302,0.014541644240296952,0.15974372065793394,0.17206876172804428,0.14289762467456993,0.03066575076496251,0,0.11144868561362807],
            [0.15476512858098043,0.1591817805757555,0.05022129956364683,0.15670892795002495,0.008885175303157612,0.02839726191301894,0.12604072026799615,0.15885075362780718,0.1569489522176125,0]
        ],
        "city_names": ["Amsterdam","Rotterdam","Den Haag","Utrecht","Eindhoven","Almere","Groningen","Nijmegen","Breda","Apeldoorn"],
        "reward_matrix": [
            [0,73456,83796,91775,54364,97352,34661,56603,61855,73619],
            [73456,0,99999,84977,65233,67350,4659,64745,90554,57702],
            [83796,99999,0,74637,54893,70810,8119,54405,80214,47362],
            [91775,84977,74637,0,72927,92712,30020,75166,80418,83064],
            [54364,65233,54893,72927,0,55300,1117,81761,85018,58516],
            [97352,67350,70810,92712,55300,0,47647,57539,62791,77731],
            [34661,4659,8119,30020,1117,47647,0,29695,100,52939],
            [56603,64745,54405,75166,81761,57539,29695,0,71177,87094],
            [61855,90554,80214,80418,85018,62791,100,71177,0,53143],
            [73619,57702,47362,83064,58516,77731,52939,87094,53143,0]
        ]
    },
    "runs": [
        {
            "number_of_vehicles": 2,
            "avg_task_cost_vs_number_of_task": [2068,1332.75,888.5,798.375,789.1,660.5833333333334,586.2857142857143,522.375,456,425.2,393.1818181818182,364.625,348,323.14285714285717,334.66666666666674,309.06250000000006,284.6470588235294,293.6388888888889,275.7105263157896,270.975,259.3809523809524,250.47727272727278,255.23913043478265,281.56250000000006,245.37999999999997,281.11538461538464,269.48148148148147,226.0535714285715,244.74137931034483,243.65]
        },
        {
            "number_of_vehicles": 3,
            "avg_task_cost_vs_number_of_task": [2068,1332.75,888.5,798.375,723.9,615.5833333333333,539.7142857142857,472.24999999999994,419.7777777777777,425.2,398.5,352.6666666666667,304.53846153846155,346.9285714285715,313.8333333333333,311.25000000000006,285.5294117647059,295.6111111111111,259.68421052631584,251.77500000000003,246.92857142857147,269.45454545454555,271.9565217391305,219.41666666666674,223.14,220.84615384615384,234.00000000000003,196.62500000000003,228.53448275862073,248.45000000000002]
        },
        {
            "number_of_vehicles": 4,
            "avg_task_cost_vs_number_of_task": [2068,1209.5,888.5,798.375,674.6,581.75,510.7142857142857,446.875,441.77777777777777,363.9,376.31818181818176,360.4166666666667,337.84615384615387,325.42857142857144,320.4333333333334,284.46875,297.17647058823536,291.0277777777779,269.52631578947376,261.92500000000007,226.33333333333337,230.8636363636364,243.95652173913052,212.81250000000003,247.14000000000004,244,218.94444444444446,240.1071428571429,232.18965517241386,187.56666666666666]
        },
        {
            "number_of_vehicles": 5,
            "avg_task_cost_vs_number_of_task": [2068,1209.5,888.5,798.375,674.6,583.5,510.7142857142857,454.875,397.22222222222223,363.9,359.90909090909093,368.04166666666674,342.65384615384613,336.92857142857144,314.0666666666667,303.40625000000006,267.73529411764713,269.83333333333337,276.8421052631579,256.02500000000003,257.3095238095238,265.95454545454544,246.7173913043479,252.85416666666666,243,234.80769230769232,263.68518518518516,215.17857142857142,244.79310344827587,251.15]
        }
    ]
}