{
    "vehicle_starting_positions": ["Amsterdam","Rotterdam","Den Haag","Utrecht","Eindhoven","Almere","Groningen","Nijmegen","Breda","Apeldoorn"],
    "task_distribution": {
        "distance_matrix": [
            [0,90.6,65.2,45.6,137.5,31.9,185.9,132,119.1,90.2],
            [90.6,0,25.4,62.3,110.8,105.6,259.6,112,48.6,129.3],
            [65.2,25.4,0,87.7,136.2,97.1,251.1,137.4,74,154.7],
            [45.6,62.3,87.7,0,91.9,43.3,197.3,86.4,73.5,67],
            [137.5,110.8,136.2,91.9,0,135.2,268.3,70.2,62.2,127.3],
            [31.9,105.6,97.1,43.3,135.2,0,154,129.7,116.8,80.1],
            [185.9,259.6,251.1,197.3,268.3,154,0,198.1,270.8,141],
            [132,112,137.4,86.4,70.2,129.7,198.1,0,96.2,57.1],
            [119.1,48.6,74,73.5,62.2,116.8,270.8,96.2,0,140.5],
            [90.2,129.3,154.7,67,127.3,80.1,141,57.1,140.5,0]
        ],
        "weight_matrix": [
            [0,3,3,3,3,3,3,3,3,3],
            [3,0,3,3,3,3,3,3,3,3],
            [3,3,0,3,3,3,3,3,3,3],
            [3,3,3,0,3,3,3,3,3,3],
            [3,3,3,3,0,3,3,3,3,3],
            [3,3,3,3,3,0,3,3,3,3],
            [3,3,3,3,3,3,0,3,3,3],
            [3,3,3,3,3,3,3,0,3,3],
            [3,3,3,3,3,3,3,3,0,3],
            [3,3,3,3,3,3,3,3,3,0]
        ],
        "probability_matrix": [
            [0,0.17256670332754728,0.17045654484159195,0.09658935614593402,0.15901192551998372,0.07244186389892508,0.0041932648562616436,0.03932518403441177,0.1626939249091809,0.12272123246616344],
            [0.12037058706468115,0,0.011921239669625076,0.007123770958158178,0.2572370372852552,0.11686432795324711,0.07315512688933845,0.12397108600951448,0.11103531130754972,0.1783215128626306],
            [0.21913861268895912,0.08520862977544083,0,0.14375769253617543,0.03815085478096043,0.009100107202812313,0.2134545418623485,0.11453599123613904,0.06371897147427984,0.11293459844288448],
            [0.04240085827770073,0.07316044035863825,0.16587576711300542,0,0.16396990668930866,0.20652503353295887,0.09163095069467606,0.0501491093019925,0.012495994382119154,0.19379193964960034],
            [0.09582724156233927,0.1624675868141433,0.05998893404313429,0.05383622157792885,0,0.18519587389165845,0.19111319962004397,0.13754212047112926,0.03223127102799711,0.08179755099162551],
            [0.001744711488409495,0.04113640609375629,0.222484885751951,0.039058492424622865,0.17824367096966207,0,0.027988376707584535,0.09318358381156326,0.2163028363490213,0.17985703640342915],
            [0.052895382692449026,0.14971179159510403,0.17416157615700859,0.17785807080991028,0.05824514511786092,0.13341667713762465,0,0.09559261083718296,0.0337696273615019,0.12434911829135777],
            [0.14001318144718902,0.1014809984615324,0.18530882492756118,0.12275022019074427,0.056015467086593926,0.034010205845473804,0.010871502136064578,0,0.22417343415541588,0.1253761657494251],
            [0.08628866181657331,0.1045844499386236,0.01917479519054264,0.06511088993707453,0.27163562086233795,0.08409695540494176,0.028292335893387813,0.18916986821678217,0,0.15164642273973636],
            [0.0561111475685676,0.08035585636376427,0.1337364939111091,0.07323682405489593,0.16265639475715093,0.19914621676389863,0.16456464630571568,0.0804350625627654,0.049757357712132445,0]
        ],
        "city_names": ["Amsterdam","Rotterdam","Den Haag","Utrecht","Eindhoven","Almere","Groningen","Nijmegen","Breda","Apeldoorn"],
        "reward_matrix": [
            [0,73456,83796,91775,54364,97352,34661,56603,61855,73619],
            [73456,0,99999,84977,65233,67350,4659,64745,90554,57702],
            [83796,99999,0,74637,54893,70810,8119,54405,80214,47362],
            [91775,84977,74637,0,72927,92712,30020,75166,80418,83064],
            [54364,65233,54893,72927,0,55300,1117,81761,85018,58516],
            [97352,67350,70810,92712,55300,0,47647,57539,62791,77731],
            [34661,4659,8119,30020,1117,47647,0,29695,100,52939],
            [56603,64745,54405,75166,81761,57539,29695,0,71177,87094],
            [61855,90554,80214,80418,85018,62791,100,71177,0,53143],
            [73619,57702,47362,83064,58516,77731,52939,87094,53143,0]
        ]
    },
    "vehicle_capacities": [5,5,15,20,30,30,30,30,30,30],
    "runs": [{
        "number_of_vehicles": 5,
        "avg_task_cost_vs_number_of_task": [645,640.75,446.1666666666667,688.75,642.9,593.25,555.1428571428572,489.2500000000001,432.7222222222223,391.4000000000001,354.6363636363636,348.8333333333333,299.5769230769231,301.35714285714283,290.26666666666665,261.03125,269.52941176470586,265.5,281.89473684210526,291.375,274.9047619047619,246.63636363636363,248.52173913043478,237,234.78,242.84615384615384,226.3148148148148,204.375,227.98275862068965,223.03333333333333]
    }]
}