{
    "vehicle_starting_positions": ["Amsterdam","Rotterdam","Den Haag","Utrecht","Eindhoven","Almere","Groningen","Nijmegen","Breda","Apeldoorn"],
    "task_distribution": {
        "distance_matrix": [
            [0,90.6,65.2,45.6,137.5,31.9,185.9,132,119.1,90.2],
            [90.6,0,25.4,62.3,110.8,105.6,259.6,112,48.6,129.3],
            [65.2,25.4,0,87.7,136.2,97.1,251.1,137.4,74,154.7],
            [45.6,62.3,87.7,0,91.9,43.3,197.3,86.4,73.5,67],
            [137.5,110.8,136.2,91.9,0,135.2,268.3,70.2,62.2,127.3],
            [31.9,105.6,97.1,43.3,135.2,0,154,129.7,116.8,80.1],
            [185.9,259.6,251.1,197.3,268.3,154,0,198.1,270.8,141],
            [132,112,137.4,86.4,70.2,129.7,198.1,0,96.2,57.1],
            [119.1,48.6,74,73.5,62.2,116.8,270.8,96.2,0,140.5],
            [90.2,129.3,154.7,67,127.3,80.1,141,57.1,140.5,0]
        ],
        "weight_matrix": [
            [0,3,3,3,3,3,3,3,3,3],
            [3,0,3,3,3,3,3,3,3,3],
            [3,3,0,3,3,3,3,3,3,3],
            [3,3,3,0,3,3,3,3,3,3],
            [3,3,3,3,0,3,3,3,3,3],
            [3,3,3,3,3,0,3,3,3,3],
            [3,3,3,3,3,3,0,3,3,3],
            [3,3,3,3,3,3,3,0,3,3],
            [3,3,3,3,3,3,3,3,0,3],
            [3,3,3,3,3,3,3,3,3,0]
        ],
        "probability_matrix": [
            [0,0.010610709504460605,0.24619066174536794,0.21208686036842656,0.19891985910976243,0.2139859580720218,0.05647816684759861,0.048232672327885986,0.012911909085033656,5.832029394422692E-4],
            [0.14099770597478517,0,0.15451117492312236,0.09183858512912464,0.21070278093298875,0.04585731881991524,0.11410187395930936,0.03057588075665714,0.1456242591590102,0.06579042034508721],
            [0.006159148778427639,0.06379407704583688,0,0.04001350295730089,0.16148346567408808,0.19986825060185517,0.1613745501181597,0.08731477321264632,0.09961301705232593,0.18037921455935932],
            [0.1612170085370853,0.012144305236052894,0.15453690049467542,0,0.07694694058157342,0.05430279456978044,0.18795206507343443,0.059925635563582165,0.11280826261430778,0.1801660873295081],
            [0.15200738565856595,0.15856728292854944,0.12874409978427423,0.03677641473143378,0,0.10120815711176169,0.01662668910841115,0.2470447986677356,0.044492543072887684,0.11453262893638042],
            [0.15900891475377096,0.08211913831537203,0.14283816573498362,0.2026051024820218,0.06229479141515671,0,0.11018696046257154,0.027640393048533527,0.017595848861204237,0.19571068492638555],
            [0.17359621008765871,0.09865769426203555,0.057672494274720446,0.06416879083828936,0.06826666752100885,0.1567023753481326,0,0.14457969155831765,0.06677134239711209,0.16958473371272476],
            [0.04285516128387705,0.07221566348832674,0.14343153314877796,0.1560905590153347,0.01135447237490314,0.15179447817833353,0.14185800266481338,0,0.1226422281749504,0.15775790167068296],
            [0.06645593604935135,0.1454012847900813,0.1270485208983802,0.12328922418139779,0.13648944194257343,0.13980188742042793,0.12729498654269983,0.09046174765491136,0,0.04375697052017672],
            [0.04495918231967994,0.036780920137213666,0.007979843164249174,0.12044559086305676,0.17264481564680173,0.1170881370488498,0.16985462823176475,0.2164098424361483,0.11383704015223588,0]
        ],
        "city_names": ["Amsterdam","Rotterdam","Den Haag","Utrecht","Eindhoven","Almere","Groningen","Nijmegen","Breda","Apeldoorn"],
        "reward_matrix": [
            [0,73456,83796,91775,54364,97352,34661,56603,61855,73619],
            [73456,0,99999,84977,65233,67350,4659,64745,90554,57702],
            [83796,99999,0,74637,54893,70810,8119,54405,80214,47362],
            [91775,84977,74637,0,72927,92712,30020,75166,80418,83064],
            [54364,65233,54893,72927,0,55300,1117,81761,85018,58516],
            [97352,67350,70810,92712,55300,0,47647,57539,62791,77731],
            [34661,4659,8119,30020,1117,47647,0,29695,100,52939],
            [56603,64745,54405,75166,81761,57539,29695,0,71177,87094],
            [61855,90554,80214,80418,85018,62791,100,71177,0,53143],
            [73619,57702,47362,83064,58516,77731,52939,87094,53143,0]
        ]
    },
    "vehicle_capacities": [5,20,30,30,30,30,30,30,30,30],
    "runs": [{
        "number_of_vehicles": 5,
        "avg_task_cost_vs_number_of_task": [311.5,521.25,400.6666666666667,330.5,462.5,457.4166666666667,414.64285714285717,369.12499999999994,348.2222222222222,313.4,284.90909090909093,279.2083333333333,253.34615384615384,253.46428571428572,263.6666666666667,252.59375,271.3529411764706,255.36111111111111,246.76315789473685,242.49999999999994,231.047619047619,223.0909090909091,244.19565217391303,258.5833333333333,234.64,222.98076923076925,253.22222222222223,230.44642857142858,221.31034482758625,216.91666666666666]
    }]
}