{
    "vehicle_starting_positions": ["Amsterdam","Rotterdam","Den Haag","Utrecht","Eindhoven","Almere","Groningen","Nijmegen","Breda","Apeldoorn"],
    "task_distribution": {
        "distance_matrix": [
            [0,90.6,65.2,45.6,137.5,31.9,185.9,132,119.1,90.2],
            [90.6,0,25.4,62.3,110.8,105.6,259.6,112,48.6,129.3],
            [65.2,25.4,0,87.7,136.2,97.1,251.1,137.4,74,154.7],
            [45.6,62.3,87.7,0,91.9,43.3,197.3,86.4,73.5,67],
            [137.5,110.8,136.2,91.9,0,135.2,268.3,70.2,62.2,127.3],
            [31.9,105.6,97.1,43.3,135.2,0,154,129.7,116.8,80.1],
            [185.9,259.6,251.1,197.3,268.3,154,0,198.1,270.8,141],
            [132,112,137.4,86.4,70.2,129.7,198.1,0,96.2,57.1],
            [119.1,48.6,74,73.5,62.2,116.8,270.8,96.2,0,140.5],
            [90.2,129.3,154.7,67,127.3,80.1,141,57.1,140.5,0]
        ],
        "weight_matrix": [
            [0,3,3,3,3,3,3,3,3,3],
            [3,0,3,3,3,3,3,3,3,3],
            [3,3,0,3,3,3,3,3,3,3],
            [3,3,3,0,3,3,3,3,3,3],
            [3,3,3,3,0,3,3,3,3,3],
            [3,3,3,3,3,0,3,3,3,3],
            [3,3,3,3,3,3,0,3,3,3],
            [3,3,3,3,3,3,3,0,3,3],
            [3,3,3,3,3,3,3,3,0,3],
            [3,3,3,3,3,3,3,3,3,0]
        ],
        "probability_matrix": [
            [0,0.12028746819136948,0.22113216727678067,0.059058232734219444,0.0425004716876509,0.06422502779903565,0.183476904567916,0.049856560542074456,0.10265917427289213,0.15680399292806133],
            [0.07555533639111209,0,0.14175780487075643,0.2010979176326118,0.08713595460294013,0.09479342645618535,0.024997923746080862,0.14752090757059957,0.16317509439610944,0.0639656343336043],
            [0.016474005099583938,0.12629522483113234,0,0.17894249490690742,0.17392030415406062,0.056205331969872444,0.03345909642000402,0.2040720027802077,0.027843692200969883,0.1827878476372617],
            [0.05122012819500496,0.1742023816763506,0.09665130836498426,0,0.06097108547579926,0.021831249656932342,0.17130282673489408,0.20227770684807958,0.14671742374639452,0.07482588930156031],
            [0.08145175141311368,0.06514316166415739,0.12365720072611212,0.14286624594656577,0,0.10017975276886311,0.108148835904865,0.11450377889744867,0.1546966902159648,0.10935258246290949],
            [0.03407979138726091,0.11683858144472668,0.2031976474457676,0.015524909990153764,0.08230455717137775,0,0.06824975466253257,0.13843337048721516,0.15978813329774189,0.18158325411322362],
            [0.11518196285030573,0.07455372009712562,0.2096888512721898,0.12373900864651333,0.03806907578214093,0.09077026406419951,0,0.21876264268489057,0.09126839214514174,0.03796608245749272],
            [0.13524028508667776,0.14150612531872075,0.038653690629235016,0.20950444440123556,0.2146793786389281,0.04881719229361284,0.003710953978097305,0,0.19608095829240507,0.011806971361087423],
            [0.10444961776580712,0.063576403468166,0.1368431593867925,0.08131460544921505,0.07813954902292737,0.12238827369747211,0.07616106194982798,0.14201040634298234,0,0.19511692291680952],
            [0.11019074770630709,0.06759941016569881,0.1779773123265061,0.164034777710154,0.09917743477429938,0.163682100689675,0.09093664545905762,0.004509816752201358,0.1218917544161005,0]
        ],
        "city_names": ["Amsterdam","Rotterdam","Den Haag","Utrecht","Eindhoven","Almere","Groningen","Nijmegen","Breda","Apeldoorn"],
        "reward_matrix": [
            [0,73456,83796,91775,54364,97352,34661,56603,61855,73619],
            [73456,0,99999,84977,65233,67350,4659,64745,90554,57702],
            [83796,99999,0,74637,54893,70810,8119,54405,80214,47362],
            [91775,84977,74637,0,72927,92712,30020,75166,80418,83064],
            [54364,65233,54893,72927,0,55300,1117,81761,85018,58516],
            [97352,67350,70810,92712,55300,0,47647,57539,62791,77731],
            [34661,4659,8119,30020,1117,47647,0,29695,100,52939],
            [56603,64745,54405,75166,81761,57539,29695,0,71177,87094],
            [61855,90554,80214,80418,85018,62791,100,71177,0,53143],
            [73619,57702,47362,83064,58516,77731,52939,87094,53143,0]
        ]
    },
    "vehicle_capacities": [5,10,20,20,20,30,30,30,30,30],
    "runs": [{
        "number_of_vehicles": 5,
        "avg_task_cost_vs_number_of_task": [832,641.25,874.6666666666666,705.875,590.1,543.6666666666667,566.7142857142857,510.50000000000006,453.7777777777778,408.40000000000003,433.27272727272725,398.0833333333334,396.923076923077,341.2142857142858,366.33333333333337,318.0000000000001,347.2647058823529,365,394.13157894736844,342.125,307.7619047619048,359.52272727272737,305.8695652173913,307.56250000000006,311.6,294.8269230769231,310.3333333333333,299.39285714285717,255.22413793103453,264.50000000000006]
    }]
}