{
    "vehicle_starting_positions": ["Amsterdam","Rotterdam","Den Haag","Utrecht","Eindhoven","Almere","Groningen","Nijmegen","Breda","Apeldoorn"],
    "task_distribution": {
        "distance_matrix": [
            [0,90.6,65.2,45.6,137.5,31.9,185.9,132,119.1,90.2],
            [90.6,0,25.4,62.3,110.8,105.6,259.6,112,48.6,129.3],
            [65.2,25.4,0,87.7,136.2,97.1,251.1,137.4,74,154.7],
            [45.6,62.3,87.7,0,91.9,43.3,197.3,86.4,73.5,67],
            [137.5,110.8,136.2,91.9,0,135.2,268.3,70.2,62.2,127.3],
            [31.9,105.6,97.1,43.3,135.2,0,154,129.7,116.8,80.1],
            [185.9,259.6,251.1,197.3,268.3,154,0,198.1,270.8,141],
            [132,112,137.4,86.4,70.2,129.7,198.1,0,96.2,57.1],
            [119.1,48.6,74,73.5,62.2,116.8,270.8,96.2,0,140.5],
            [90.2,129.3,154.7,67,127.3,80.1,141,57.1,140.5,0]
        ],
        "weight_matrix": [
            [0,3,3,3,3,3,3,3,3,3],
            [3,0,3,3,3,3,3,3,3,3],
            [3,3,0,3,3,3,3,3,3,3],
            [3,3,3,0,3,3,3,3,3,3],
            [3,3,3,3,0,3,3,3,3,3],
            [3,3,3,3,3,0,3,3,3,3],
            [3,3,3,3,3,3,0,3,3,3],
            [3,3,3,3,3,3,3,0,3,3],
            [3,3,3,3,3,3,3,3,0,3],
            [3,3,3,3,3,3,3,3,3,0]
        ],
        "probability_matrix": [
            [0,0.08361099383775653,0.01545558647883837,0.17798122504141958,0.1517261901169488,0.18821842510244843,0.1313175880458404,0.017329354108167272,0.09451541129612184,0.13984522597245874],
            [0.06454742562809329,0,0.08341896050929215,0.18281052654062746,0.19968133133731616,0.02682986613816641,0.047512693656181416,0.12199124294515608,0.1724304033754989,0.10077754986966803],
            [0.09541579234286394,0.16945219042514684,0,0.13035843083749846,0.1975974641965482,0.03919704310581767,0.04069584049520838,0.034946416616460786,0.07505529879026605,0.21728152319018953],
            [0.18349856061711972,0.09657173931466065,0.08848570646682585,0,0.07502354566040921,0.03292057471617729,0.16179015268527233,0.1677466186817919,0.1176793770951463,0.0762837247625967],
            [0.1608317050697697,0.08726120797476573,0.09187990569053739,0.16383282079654243,0,0.06576126354471591,0.12562344424982655,0.08649551042177418,0.10811258881963945,0.11020155343242875],
            [0.11402226796617554,0.05003520016650395,0.1476240856703787,0.12364921084530185,0.10498204734567552,0,0.15844423697754884,0.16846810240796117,0.015765335792146944,0.1170095128283075],
            [0.0911270865225564,0.015106443441674609,0.1886382221897146,0.08619998504893917,0.15139137857536727,0.16259371480175822,0,0.1278806421043657,0.030679352143825927,0.14638317517179794],
            [0.1049840537426615,0.16195647009541517,0.07752384842979355,0.17318067788183994,0.001681409196675392,0.005780248975257506,0.24553351633107712,0,0.22452011966506977,0.004839655682210123],
            [0.024710247360934336,0.0354436022933608,0.17988164564773018,0.050481431842744034,0.18092193385808916,0.19247365364020547,0.14370387105816446,0.07130175529622612,0,0.12108185900254557],
            [0.18133085378874103,0.13265892601849705,0.06267834464451938,0.10335347694718362,0.03227925317954885,0.17675760210709363,0.12671836722564692,0.14773706972413414,0.036486106364635354,0]
        ],
        "city_names": ["Amsterdam","Rotterdam","Den Haag","Utrecht","Eindhoven","Almere","Groningen","Nijmegen","Breda","Apeldoorn"],
        "reward_matrix": [
            [0,73456,83796,91775,54364,97352,34661,56603,61855,73619],
            [73456,0,99999,84977,65233,67350,4659,64745,90554,57702],
            [83796,99999,0,74637,54893,70810,8119,54405,80214,47362],
            [91775,84977,74637,0,72927,92712,30020,75166,80418,83064],
            [54364,65233,54893,72927,0,55300,1117,81761,85018,58516],
            [97352,67350,70810,92712,55300,0,47647,57539,62791,77731],
            [34661,4659,8119,30020,1117,47647,0,29695,100,52939],
            [56603,64745,54405,75166,81761,57539,29695,0,71177,87094],
            [61855,90554,80214,80418,85018,62791,100,71177,0,53143],
            [73619,57702,47362,83064,58516,77731,52939,87094,53143,0]
        ]
    },
    "vehicle_capacities": [20,20,20,20,30,30,30,30,30,30],
    "runs": [{
        "number_of_vehicles": 5,
        "avg_task_cost_vs_number_of_task": [929.5,649.75,584.1666666666666,574.5,506.4,481.5,439.14285714285717,378,336,321.55,279.45454545454544,279.4583333333333,273.5,310.14285714285717,314.46666666666664,235.96875000000006,288.05882352941177,287.94444444444446,267.92105263157896,281.975,242.6904761904762,253.1590909090909,236.82608695652178,241.8125,228.94,221.3846153846154,253.68518518518522,247,238.12068965517238,249.03333333333336]
    }]
}