{
    "vehicle_starting_positions": ["Amsterdam","Rotterdam","Den Haag","Utrecht","Eindhoven","Almere","Groningen","Nijmegen","Breda","Apeldoorn"],
    "task_distribution": {
        "distance_matrix": [
            [0,90.6,65.2,45.6,137.5,31.9,185.9,132,119.1,90.2],
            [90.6,0,25.4,62.3,110.8,105.6,259.6,112,48.6,129.3],
            [65.2,25.4,0,87.7,136.2,97.1,251.1,137.4,74,154.7],
            [45.6,62.3,87.7,0,91.9,43.3,197.3,86.4,73.5,67],
            [137.5,110.8,136.2,91.9,0,135.2,268.3,70.2,62.2,127.3],
            [31.9,105.6,97.1,43.3,135.2,0,154,129.7,116.8,80.1],
            [185.9,259.6,251.1,197.3,268.3,154,0,198.1,270.8,141],
            [132,112,137.4,86.4,70.2,129.7,198.1,0,96.2,57.1],
            [119.1,48.6,74,73.5,62.2,116.8,270.8,96.2,0,140.5],
            [90.2,129.3,154.7,67,127.3,80.1,141,57.1,140.5,0]
        ],
        "weight_matrix": [
            [0,3,3,3,3,3,3,3,3,3],
            [3,0,3,3,3,3,3,3,3,3],
            [3,3,0,3,3,3,3,3,3,3],
            [3,3,3,0,3,3,3,3,3,3],
            [3,3,3,3,0,3,3,3,3,3],
            [3,3,3,3,3,0,3,3,3,3],
            [3,3,3,3,3,3,0,3,3,3],
            [3,3,3,3,3,3,3,0,3,3],
            [3,3,3,3,3,3,3,3,0,3],
            [3,3,3,3,3,3,3,3,3,0]
        ],
        "probability_matrix": [
            [0,0.1748727638061516,0.06724402374236844,0.035616939680694466,0.11745749625471434,0.17105012145447937,0.17256662381591187,0.11711725090645295,0.037805484481354575,0.10626929585787241],
            [0.05677922599391843,0,0.13478151744261502,0.030714834245295024,0.08234824505479565,0.20587834216767828,0.2248950655837945,0.1792151862580441,0.0293728709460819,0.056014712307777166],
            [0.15412204668574908,0.14445324959998926,0,0.1493801140220948,0.10539970068609698,0.11588882617059147,0.05048783185718806,0.07032386914922618,0.11128353152166806,0.0986608303073961],
            [0.11088024137222362,0.1036544277383424,0.0758806369977208,0,0.1246926894063182,0.14225103765907732,0.1322536606133682,0.14317901890655782,0.047606528948953016,0.1196017583574387],
            [0.13054211284373696,0.04348006435089747,0.1626281149101517,0.11460474838743626,0,0.1188873054133509,0.14926209642479624,0.10595534183169547,0.09482689108449156,0.07981332475344334],
            [0.12505570006360386,0.015195478556262255,0.17517913987050027,0.13318384432647087,0.031044027652841408,0,0.16193609201341716,0.1771813089167137,0.03502268710657619,0.14620172149361432],
            [0.032363385317717853,0.16204937932907715,0.14888767319320134,0.03457960196137789,0.12175235339520102,0.153311924431534,0,0.10080188140824793,0.16151257073207395,0.08474123023156897],
            [0.10662782598475047,0.12728950006265619,0.19020798871560432,0.11406530338329883,0.17410061763108883,1.6792527416707148E-4,0.08512245922437693,0,0.11751003730043917,0.08490834242361825],
            [0.13856037188064158,0.11175853441486579,0.0931543929125493,0.1556057861553854,0.026181310966775985,0.08741567220801254,0.09380122251848837,0.1495590949857796,0,0.1439636139575014],
            [0.11524210777247623,0.09420811020181592,0.09725547154426468,0.1538093652971155,0.03209949017348536,0.11492676290836015,0.14017763097941924,0.16429918024751564,0.08798188087554745,0]
        ],
        "city_names": ["Amsterdam","Rotterdam","Den Haag","Utrecht","Eindhoven","Almere","Groningen","Nijmegen","Breda","Apeldoorn"],
        "reward_matrix": [
            [0,73456,83796,91775,54364,97352,34661,56603,61855,73619],
            [73456,0,99999,84977,65233,67350,4659,64745,90554,57702],
            [83796,99999,0,74637,54893,70810,8119,54405,80214,47362],
            [91775,84977,74637,0,72927,92712,30020,75166,80418,83064],
            [54364,65233,54893,72927,0,55300,1117,81761,85018,58516],
            [97352,67350,70810,92712,55300,0,47647,57539,62791,77731],
            [34661,4659,8119,30020,1117,47647,0,29695,100,52939],
            [56603,64745,54405,75166,81761,57539,29695,0,71177,87094],
            [61855,90554,80214,80418,85018,62791,100,71177,0,53143],
            [73619,57702,47362,83064,58516,77731,52939,87094,53143,0]
        ]
    },
    "vehicle_capacities": [5,15,15,30,30,30,30,30,30,30],
    "runs": [{
        "number_of_vehicles": 5,
        "avg_task_cost_vs_number_of_task": [459.5,414.75,349.5,382.375,386.6,348.75,410.57142857142856,359.25,346.8333333333333,307.25,283.77272727272725,298.4166666666667,240.1153846153846,288.85714285714283,269.6,288.375,235.7058823529412,272.75,214,210,215.52380952380952,242.6136363636364,221.73913043478265,244.22916666666666,222.82,276.5,217.7962962962963,268.10714285714283,251.56896551724137,243.91666666666666]
    }]
}