{
    "vehicle_starting_positions": ["Amsterdam","Rotterdam","Den Haag","Utrecht","Eindhoven","Almere","Groningen","Nijmegen","Breda","Apeldoorn"],
    "task_distribution": {
        "distance_matrix": [
            [0,90.6,65.2,45.6,137.5,31.9,185.9,132,119.1,90.2],
            [90.6,0,25.4,62.3,110.8,105.6,259.6,112,48.6,129.3],
            [65.2,25.4,0,87.7,136.2,97.1,251.1,137.4,74,154.7],
            [45.6,62.3,87.7,0,91.9,43.3,197.3,86.4,73.5,67],
            [137.5,110.8,136.2,91.9,0,135.2,268.3,70.2,62.2,127.3],
            [31.9,105.6,97.1,43.3,135.2,0,154,129.7,116.8,80.1],
            [185.9,259.6,251.1,197.3,268.3,154,0,198.1,270.8,141],
            [132,112,137.4,86.4,70.2,129.7,198.1,0,96.2,57.1],
            [119.1,48.6,74,73.5,62.2,116.8,270.8,96.2,0,140.5],
            [90.2,129.3,154.7,67,127.3,80.1,141,57.1,140.5,0]
        ],
        "weight_matrix": [
            [0,3,3,3,3,3,3,3,3,3],
            [3,0,3,3,3,3,3,3,3,3],
            [3,3,0,3,3,3,3,3,3,3],
            [3,3,3,0,3,3,3,3,3,3],
            [3,3,3,3,0,3,3,3,3,3],
            [3,3,3,3,3,0,3,3,3,3],
            [3,3,3,3,3,3,0,3,3,3],
            [3,3,3,3,3,3,3,0,3,3],
            [3,3,3,3,3,3,3,3,0,3],
            [3,3,3,3,3,3,3,3,3,0]
        ],
        "probability_matrix": [
            [0,0.02242314930871404,0.1882078822073287,0.10677456567816816,0.11031352892232113,0.17835067737879393,0.05781858025293367,0.18532888576575912,0.0891020887906311,0.06168064169535022],
            [0.11697642884467827,0,0.07047375071666905,0.13055122434034325,0.1361156574778373,0.10618767895615197,0.08663259711777711,0.11324162897377894,0.0747391230756311,0.16508191049713294],
            [0.043809140789659876,0.1447929298555796,0,0.10854368779740056,0.2370241660390454,0.06549713747065167,0.1359248317694185,0.09231364966238349,0.03178532826623402,0.14030912834962692],
            [0.010136867276489785,0.08898147351555952,0.1757927479068902,0,0.04701329172969717,0.050147256087351495,0.062118731164285755,0.25631923037152826,0.07153991067031626,0.23795049127788145],
            [0.06788165704845259,0.120225630966028,0.10808466101519594,0.06609641017762616,0,0.2015162596845412,0.03003826869001768,0.1269376644180473,0.16341210923863533,0.11580733876145588],
            [0.14255571228226316,0.14633925619410013,0.12072925330187437,0.06513302869674406,0.05075135443327651,0,0.2234426558117338,0.012451261874412298,0.09948379215204096,0.13911368525355475],
            [0.16029619627732988,0.16604075592512862,0.17027164629554586,0.09986477293657883,0.0024924300206350097,0.09979325802276919,0,0.09545577900658614,0.09820774293752363,0.10757741857790262],
            [0.05707128082542415,0.09055782568344381,0.2107393053809562,0.16002491412504588,0.20739486520031325,0.08107203731208268,0.048275679812300784,0,0.04822020829980171,0.09664388336063166],
            [0.18693227195889406,0.21104104134172633,0.08418504173974829,0.07590229472414603,0.04178368828015462,0.1651586336761327,0.07090481770208461,0.16375247125917075,0,3.3973931794273614E-4],
            [0.16935700563166886,0.1883266590451912,0.13413811819762425,0.007020013398939101,0.14825219708178727,0.06928845559855504,0.17593881280890936,0.0801000834141049,0.027578654823220045,0]
        ],
        "city_names": ["Amsterdam","Rotterdam","Den Haag","Utrecht","Eindhoven","Almere","Groningen","Nijmegen","Breda","Apeldoorn"],
        "reward_matrix": [
            [0,73456,83796,91775,54364,97352,34661,56603,61855,73619],
            [73456,0,99999,84977,65233,67350,4659,64745,90554,57702],
            [83796,99999,0,74637,54893,70810,8119,54405,80214,47362],
            [91775,84977,74637,0,72927,92712,30020,75166,80418,83064],
            [54364,65233,54893,72927,0,55300,1117,81761,85018,58516],
            [97352,67350,70810,92712,55300,0,47647,57539,62791,77731],
            [34661,4659,8119,30020,1117,47647,0,29695,100,52939],
            [56603,64745,54405,75166,81761,57539,29695,0,71177,87094],
            [61855,90554,80214,80418,85018,62791,100,71177,0,53143],
            [73619,57702,47362,83064,58516,77731,52939,87094,53143,0]
        ]
    },
    "vehicle_capacities": [10,20,20,25,25,30,30,30,30,30],
    "runs": [{
        "number_of_vehicles": 5,
        "avg_task_cost_vs_number_of_task": [2185,1156,884.5,776,627.8,523.1666666666666,482.2142857142857,462.75,419.77777777777777,370.2,397.3181818181818,376.875,360.8076923076923,367.5,438.5,314.15624999999994,313.2647058823529,311.6388888888889,286.60526315789474,290.97499999999997,274.4047619047619,270.3636363636364,279.2826086956522,250.9375,312.76,267.5769230769231,249.83333333333334,271.1964285714286,260.36206896551727,260.68333333333334]
    }]
}