{
    "vehicle_starting_positions": ["Amsterdam","Rotterdam","Den Haag","Utrecht","Eindhoven","Almere","Groningen","Nijmegen","Breda","Apeldoorn"],
    "task_distribution": {
        "distance_matrix": [
            [0,90.6,65.2,45.6,137.5,31.9,185.9,132,119.1,90.2],
            [90.6,0,25.4,62.3,110.8,105.6,259.6,112,48.6,129.3],
            [65.2,25.4,0,87.7,136.2,97.1,251.1,137.4,74,154.7],
            [45.6,62.3,87.7,0,91.9,43.3,197.3,86.4,73.5,67],
            [137.5,110.8,136.2,91.9,0,135.2,268.3,70.2,62.2,127.3],
            [31.9,105.6,97.1,43.3,135.2,0,154,129.7,116.8,80.1],
            [185.9,259.6,251.1,197.3,268.3,154,0,198.1,270.8,141],
            [132,112,137.4,86.4,70.2,129.7,198.1,0,96.2,57.1],
            [119.1,48.6,74,73.5,62.2,116.8,270.8,96.2,0,140.5],
            [90.2,129.3,154.7,67,127.3,80.1,141,57.1,140.5,0]
        ],
        "weight_matrix": [
            [0,3,3,3,3,3,3,3,3,3],
            [3,0,3,3,3,3,3,3,3,3],
            [3,3,0,3,3,3,3,3,3,3],
            [3,3,3,0,3,3,3,3,3,3],
            [3,3,3,3,0,3,3,3,3,3],
            [3,3,3,3,3,0,3,3,3,3],
            [3,3,3,3,3,3,0,3,3,3],
            [3,3,3,3,3,3,3,0,3,3],
            [3,3,3,3,3,3,3,3,0,3],
            [3,3,3,3,3,3,3,3,3,0]
        ],
        "probability_matrix": [
            [0,0.2005367226498256,0.019888794103282294,0.12497314101550022,0.09501917780671239,0.10544423895526085,0.13177109392671038,0.17090552485251878,0.06001444286024579,0.09144686382994363],
            [0.05500215398850667,0,0.011212652378974312,0.013204833964379041,0.20152543161104658,0.2283806133252925,0.1848368436277552,0.008418529592016733,0.1772117118354541,0.12020722967657468],
            [0.05615087520903648,0.05176173683717169,0,0.17722923905493965,0.20850410964956664,0.11241959165855014,0.12453496790972537,0.00819347535545767,0.05668174520240644,0.20452425912314576],
            [0.14402385997106829,0.014151807460958673,0.16781878601108294,0,0.008636071566225376,0.20723890478915097,0.07957457774871189,0.13269501610481263,0.04599965984971715,0.1998613164982721],
            [0.11400805092448787,0.13156906536881469,0.06647880067743842,0.11485571340562269,0,0.06324641866551067,0.23780824460937036,0.02215490325500379,0.21059015708816506,0.03928864600558644],
            [0.11659067487679593,0.17643588534263868,0.09503425968613793,0.04494704185494736,0.14128587558800684,0,0.15634188196104434,0.1433297162439075,0.10621391704595291,0.01982074740056849],
            [0.1676971664431531,0.19111676549865803,0.14965916158078316,0.047534468580660884,0.05350104679050844,0.06850996865708825,0,0.16295008069236386,0.15183615882249554,0.00719518293428851],
            [0.04766250123305585,0.18725120548812157,0.10650452444796306,0.03237640133363647,0.18193894638099023,0.1855565535112708,0.1006877046352415,0,0.032968264724876836,0.12505389824484361],
            [0.052893451846726204,0.20224291490993312,0.1050191153737106,0.1220004846549168,0.09657316435546771,0.16549211458094334,0.09935968503069645,0.13698240932095043,0,0.019436659926655095],
            [0.1701487841953191,0.014849386781032942,0.13602106912873688,0.14122027439316112,0.13943701818196552,0.13304442942872952,0.07444166791904014,0.1555650505115669,0.03527231946044777,0]
        ],
        "city_names": ["Amsterdam","Rotterdam","Den Haag","Utrecht","Eindhoven","Almere","Groningen","Nijmegen","Breda","Apeldoorn"],
        "reward_matrix": [
            [0,73456,83796,91775,54364,97352,34661,56603,61855,73619],
            [73456,0,99999,84977,65233,67350,4659,64745,90554,57702],
            [83796,99999,0,74637,54893,70810,8119,54405,80214,47362],
            [91775,84977,74637,0,72927,92712,30020,75166,80418,83064],
            [54364,65233,54893,72927,0,55300,1117,81761,85018,58516],
            [97352,67350,70810,92712,55300,0,47647,57539,62791,77731],
            [34661,4659,8119,30020,1117,47647,0,29695,100,52939],
            [56603,64745,54405,75166,81761,57539,29695,0,71177,87094],
            [61855,90554,80214,80418,85018,62791,100,71177,0,53143],
            [73619,57702,47362,83064,58516,77731,52939,87094,53143,0]
        ]
    },
    "vehicle_capacities": [10,10,10,10,15,30,30,30,30,30],
    "runs": [{
        "number_of_vehicles": 5,
        "avg_task_cost_vs_number_of_task": [645,656.25,657.5,493.125,394.5,328.75,285.64285714285717,299.8125,314.94444444444446,269.85,368.5,337.7916666666667,304.7307692307693,337.0357142857143,364.96666666666664,364.9375,352.29411764705884,340.02777777777777,343.07894736842104,320.65,376.42857142857144,301.3181818181818,324.9782608695652,285.2916666666667,289.78,277.1538461538462,264.1666666666667,306.7142857142857,338.0344827586207,313.3333333333333]
    }]
}