{
    "vehicle_starting_positions": ["Amsterdam","Rotterdam","Den Haag","Utrecht","Eindhoven","Almere","Groningen","Nijmegen","Breda","Apeldoorn"],
    "task_distribution": {
        "distance_matrix": [
            [0,90.6,65.2,45.6,137.5,31.9,185.9,132,119.1,90.2],
            [90.6,0,25.4,62.3,110.8,105.6,259.6,112,48.6,129.3],
            [65.2,25.4,0,87.7,136.2,97.1,251.1,137.4,74,154.7],
            [45.6,62.3,87.7,0,91.9,43.3,197.3,86.4,73.5,67],
            [137.5,110.8,136.2,91.9,0,135.2,268.3,70.2,62.2,127.3],
            [31.9,105.6,97.1,43.3,135.2,0,154,129.7,116.8,80.1],
            [185.9,259.6,251.1,197.3,268.3,154,0,198.1,270.8,141],
            [132,112,137.4,86.4,70.2,129.7,198.1,0,96.2,57.1],
            [119.1,48.6,74,73.5,62.2,116.8,270.8,96.2,0,140.5],
            [90.2,129.3,154.7,67,127.3,80.1,141,57.1,140.5,0]
        ],
        "weight_matrix": [
            [0,3,3,3,3,3,3,3,3,3],
            [3,0,3,3,3,3,3,3,3,3],
            [3,3,0,3,3,3,3,3,3,3],
            [3,3,3,0,3,3,3,3,3,3],
            [3,3,3,3,0,3,3,3,3,3],
            [3,3,3,3,3,0,3,3,3,3],
            [3,3,3,3,3,3,0,3,3,3],
            [3,3,3,3,3,3,3,0,3,3],
            [3,3,3,3,3,3,3,3,0,3],
            [3,3,3,3,3,3,3,3,3,0]
        ],
        "probability_matrix": [
            [0,0.047836405931979284,0.36189332165356697,0.05623340267779886,0.06089758037772119,0.07293940062838854,0.06579436359193354,0.16812244439262589,0.15944038291783028,0.006842697828155254],
            [0.20434707490753054,0,0.024400145583500385,0.0952646217352358,0.21666340501250392,0.04558163088824377,0.035881920960410714,0.2275770254878048,0.13099001284849404,0.019294162576276114],
            [0.2597725919995654,0.16126284325254386,0,0.10169193678330603,0.13235464095702615,0.09165155596829341,0.0115023755105976,0.06168076010016581,0.17187896757452692,0.00820432785397481],
            [0.13351789767516548,0.1375079138443667,0.08906735320215475,0,0.1159751462516212,0.0820332494342371,0.13497920941994337,0.06771543788026714,0.1186310271785774,0.12057276511366696],
            [0.10142233502269178,0.15185210450324274,0.07809808431572517,0.04167602813261574,0,0.07343831505582475,0.10562556549706278,0.1119963321831404,0.13929825214624145,0.19659298314345533],
            [0.21702162355430268,0.03996241719855441,0.1022215733554641,0.14898943909306606,0.04973541972967779,0,0.11636694257841412,0.18837122673459494,0.07244034399454889,0.06489101376137708],
            [0.1348687689114071,0.04708856066914455,0.0323905429703983,0.17196525530089274,0.13559717055546755,0.10426870471006863,0,0.1072725139338978,0.13354587411097768,0.1330026088377458],
            [0.1088754001911774,0.08000099617306912,0.1332513971214617,0.0035405013522119173,0.03569090818387236,0.09589625493337448,0.00481127910764554,0,0.26671432976083104,0.2712189331763565],
            [0.04154797023240254,0.1821341617196143,0.11384563555620285,0.07909864097806094,0.19856828071399912,0.11017664848774701,0.12720601054164543,0.05072018081395712,0,0.0967024709563706],
            [0.0907438672708746,0.07433944247960973,0.008685197047909446,0.24782760421539302,0.07397810509013555,0.05168107625597351,0.08371363947032924,0.15062662503659216,0.2184044431331827,0]
        ],
        "city_names": ["Amsterdam","Rotterdam","Den Haag","Utrecht","Eindhoven","Almere","Groningen","Nijmegen","Breda","Apeldoorn"],
        "reward_matrix": [
            [0,73456,83796,91775,54364,97352,34661,56603,61855,73619],
            [73456,0,99999,84977,65233,67350,4659,64745,90554,57702],
            [83796,99999,0,74637,54893,70810,8119,54405,80214,47362],
            [91775,84977,74637,0,72927,92712,30020,75166,80418,83064],
            [54364,65233,54893,72927,0,55300,1117,81761,85018,58516],
            [97352,67350,70810,92712,55300,0,47647,57539,62791,77731],
            [34661,4659,8119,30020,1117,47647,0,29695,100,52939],
            [56603,64745,54405,75166,81761,57539,29695,0,71177,87094],
            [61855,90554,80214,80418,85018,62791,100,71177,0,53143],
            [73619,57702,47362,83064,58516,77731,52939,87094,53143,0]
        ]
    },
    "vehicle_capacities": [10,10,10,30,30,30,30,30,30,30],
    "runs": [{
        "number_of_vehicles": 5,
        "avg_task_cost_vs_number_of_task": [459.5,633.75,621.6666666666666,572.5000000000001,458.0000000000001,406.8333333333333,363.42857142857144,307.6875,273.5,265,260,303.0416666666667,277.6923076923077,285.32142857142856,286.6333333333333,258.875,254.3235294117647,239.63888888888889,239.8421052631579,247.325,257.6904761904762,247.2045454545454,241.82608695652175,277.75,278.56,243.42307692307693,268.3333333333333,239.41071428571428,220.1551724137931,200.66666666666666]
    }]
}