{
    "vehicle_starting_positions": ["Amsterdam","Rotterdam","Den Haag","Utrecht","Eindhoven","Almere","Groningen","Nijmegen","Breda","Apeldoorn"],
    "task_distribution": {
        "distance_matrix": [
            [0,90.6,65.2,45.6,137.5,31.9,185.9,132,119.1,90.2],
            [90.6,0,25.4,62.3,110.8,105.6,259.6,112,48.6,129.3],
            [65.2,25.4,0,87.7,136.2,97.1,251.1,137.4,74,154.7],
            [45.6,62.3,87.7,0,91.9,43.3,197.3,86.4,73.5,67],
            [137.5,110.8,136.2,91.9,0,135.2,268.3,70.2,62.2,127.3],
            [31.9,105.6,97.1,43.3,135.2,0,154,129.7,116.8,80.1],
            [185.9,259.6,251.1,197.3,268.3,154,0,198.1,270.8,141],
            [132,112,137.4,86.4,70.2,129.7,198.1,0,96.2,57.1],
            [119.1,48.6,74,73.5,62.2,116.8,270.8,96.2,0,140.5],
            [90.2,129.3,154.7,67,127.3,80.1,141,57.1,140.5,0]
        ],
        "weight_matrix": [
            [0,3,3,3,3,3,3,3,3,3],
            [3,0,3,3,3,3,3,3,3,3],
            [3,3,0,3,3,3,3,3,3,3],
            [3,3,3,0,3,3,3,3,3,3],
            [3,3,3,3,0,3,3,3,3,3],
            [3,3,3,3,3,0,3,3,3,3],
            [3,3,3,3,3,3,0,3,3,3],
            [3,3,3,3,3,3,3,0,3,3],
            [3,3,3,3,3,3,3,3,0,3],
            [3,3,3,3,3,3,3,3,3,0]
        ],
        "probability_matrix": [
            [0,0.1458523580560519,0.12230871202869514,0.19198392929453834,0.09757235574563512,0.0046189899689720775,0.015502556635800815,0.17324929144204454,0.18070304397789042,0.06820876285037161],
            [0.0483245198209153,0,0.09249059011100191,0.06858883203142196,0.1635928968751171,0.1181165911419418,0.13913062931165365,0.14953928790772625,0.14612780393835695,0.07408884886186494],
            [0.019159706026122197,0.13403904412745699,0,0.07416627753835499,0.08235106241637537,0.19547543448330226,0.19128863231069726,0.15515876381989085,0.06484580515800199,0.08351527411979824],
            [0.030237508671085274,0.09753123679569461,0.03749660044759214,0,0.12128396557699656,0.12168265219049325,0.1412591416158127,0.04090552531832052,0.20828462932707387,0.20131874005693104],
            [0.18247684554088883,0.1237339251830288,0.04215629560747211,0.18114333218589893,0,0.09307478871874475,0.19103339411106068,0.0626675406825171,0.005609019289159946,0.1181048586812289],
            [0.1686310807566054,0.13427730838225654,0.21521780940092136,0.050088367397912725,0.00897740448931646,0,0.11004032650136299,0.2689699607510214,0.034526136087127936,0.009271606233475256],
            [0.0838305310366892,0.09565230251178185,0.047160281202583226,0.056631561631885756,0.21107558105556934,0.13382667628382805,0,0.14556760071147073,0.21912689839442773,0.00712856717176423],
            [0.029659040831947283,0.15404008286602636,0.05181936590506781,0.1461238655148041,0.21236990359348,6.281420814210079E-4,0.1668576413953164,0,0.03339870772501111,0.20510325008692587],
            [0.05803060248529734,0.0442408861694748,0.16747798397547084,0.013418565547350337,0.18408810093554864,0.07251174576044037,0.15914088621334307,0.18769407528334586,0,0.11339715362972885],
            [0.15236059057510443,0.007342977156617682,0.044929692698444275,0.18149842845409414,0.19095288103493932,0.08782000293924477,0.11443271780679186,0.17922469280707012,0.04143801652769348,0]
        ],
        "city_names": ["Amsterdam","Rotterdam","Den Haag","Utrecht","Eindhoven","Almere","Groningen","Nijmegen","Breda","Apeldoorn"],
        "reward_matrix": [
            [0,73456,83796,91775,54364,97352,34661,56603,61855,73619],
            [73456,0,99999,84977,65233,67350,4659,64745,90554,57702],
            [83796,99999,0,74637,54893,70810,8119,54405,80214,47362],
            [91775,84977,74637,0,72927,92712,30020,75166,80418,83064],
            [54364,65233,54893,72927,0,55300,1117,81761,85018,58516],
            [97352,67350,70810,92712,55300,0,47647,57539,62791,77731],
            [34661,4659,8119,30020,1117,47647,0,29695,100,52939],
            [56603,64745,54405,75166,81761,57539,29695,0,71177,87094],
            [61855,90554,80214,80418,85018,62791,100,71177,0,53143],
            [73619,57702,47362,83064,58516,77731,52939,87094,53143,0]
        ]
    },
    "vehicle_capacities": [5,15,15,15,30,30,30,30,30,30],
    "runs": [{
        "number_of_vehicles": 5,
        "avg_task_cost_vs_number_of_task": [1341.5,779,816,643.75,808.6999999999998,704.5,545.4999999999999,528.8125,455.94444444444446,421.55,398.5,378.7916666666667,350.2307692307692,326.67857142857144,304.90000000000003,330.875,307.5882352941176,320.0833333333333,310.7105263157895,288.07500000000005,307.7142857142857,273.0909090909091,287.04347826086956,276.75,278.82000000000005,234.71153846153845,284.61111111111114,279.92857142857144,234.34482758620692,276.6666666666667]
    }]
}