{
    "vehicle_starting_positions": ["Amsterdam","Rotterdam","Den Haag","Utrecht","Eindhoven","Almere","Groningen","Nijmegen","Breda","Apeldoorn"],
    "task_distribution": {
        "distance_matrix": [
            [0,90.6,65.2,45.6,137.5,31.9,185.9,132,119.1,90.2],
            [90.6,0,25.4,62.3,110.8,105.6,259.6,112,48.6,129.3],
            [65.2,25.4,0,87.7,136.2,97.1,251.1,137.4,74,154.7],
            [45.6,62.3,87.7,0,91.9,43.3,197.3,86.4,73.5,67],
            [137.5,110.8,136.2,91.9,0,135.2,268.3,70.2,62.2,127.3],
            [31.9,105.6,97.1,43.3,135.2,0,154,129.7,116.8,80.1],
            [185.9,259.6,251.1,197.3,268.3,154,0,198.1,270.8,141],
            [132,112,137.4,86.4,70.2,129.7,198.1,0,96.2,57.1],
            [119.1,48.6,74,73.5,62.2,116.8,270.8,96.2,0,140.5],
            [90.2,129.3,154.7,67,127.3,80.1,141,57.1,140.5,0]
        ],
        "weight_matrix": [
            [0,3,3,3,3,3,3,3,3,3],
            [3,0,3,3,3,3,3,3,3,3],
            [3,3,0,3,3,3,3,3,3,3],
            [3,3,3,0,3,3,3,3,3,3],
            [3,3,3,3,0,3,3,3,3,3],
            [3,3,3,3,3,0,3,3,3,3],
            [3,3,3,3,3,3,0,3,3,3],
            [3,3,3,3,3,3,3,0,3,3],
            [3,3,3,3,3,3,3,3,0,3],
            [3,3,3,3,3,3,3,3,3,0]
        ],
        "probability_matrix": [
            [0,0.011257015067453987,0.11116013044003732,0.09048786447589299,0.163920479249559,0.003640780174707613,0.1509881936921952,0.16602416242033993,0.00844068275409613,0.29408069172571777],
            [0.19755343955258303,0,0.21522068262305513,0.029274142498645992,0.04237405938623405,0.10932256518748351,0.20080542487217698,0.10540988871270905,0.021280830072291358,0.07875896709482101],
            [0.12373357441354794,0.012466743489381545,0,0.1599480471840414,0.0802438560716426,0.0957643405082775,0.13791692452298274,0.12112935386933935,0.1506024570029049,0.11819470293788205],
            [0.15531360119588056,0.16441690989025215,0.018805682169991324,0,0.19566545045052147,0.11326929470899495,0.06846454136426525,0.05649564839362399,0.033770981513590294,0.19379789031287992],
            [0.1611534014277346,0.11551092905824004,0.15852826056284233,0.10231713985989127,0,0.1705388677333805,0.05348178101881644,0.04220886295061656,0.12451986066809363,0.07174089672038453],
            [0.07310349959183784,0.09521698689421366,0.002262841503420791,0.18993287450732105,0.016609181002695757,0,0.1456538405280011,0.13820881268733326,0.1380173351257803,0.2009946281593962],
            [0.18086556175051297,0.10812537707884318,0.06490491889321556,0.1364902590684593,0.10857561865797337,0.1653338401524008,0,0.12606006140531215,0.10669992151233701,0.0029444414809458343],
            [0.057722211688723636,0.034141991416868425,0.1044577706144571,0.09227085757716275,0.027002549760089554,0.0573198091769674,0.2150346768767382,0,0.18166706528486426,0.23038306760412866],
            [0.14171724768558183,0.1175989825948639,0.09079364387120863,0.1011071565886875,0.14015432342516115,0.11259092488521165,0.13578252875794428,0.13250892376922782,0,0.02774626842211329],
            [0.04961324356906114,0.024580953337466193,0.20130602758548852,0.08147596794477073,0.10935046181519706,0.15854884031853783,0.15308191238439656,0.09330155097414501,0.12874104207093692,0]
        ],
        "city_names": ["Amsterdam","Rotterdam","Den Haag","Utrecht","Eindhoven","Almere","Groningen","Nijmegen","Breda","Apeldoorn"],
        "reward_matrix": [
            [0,73456,83796,91775,54364,97352,34661,56603,61855,73619],
            [73456,0,99999,84977,65233,67350,4659,64745,90554,57702],
            [83796,99999,0,74637,54893,70810,8119,54405,80214,47362],
            [91775,84977,74637,0,72927,92712,30020,75166,80418,83064],
            [54364,65233,54893,72927,0,55300,1117,81761,85018,58516],
            [97352,67350,70810,92712,55300,0,47647,57539,62791,77731],
            [34661,4659,8119,30020,1117,47647,0,29695,100,52939],
            [56603,64745,54405,75166,81761,57539,29695,0,71177,87094],
            [61855,90554,80214,80418,85018,62791,100,71177,0,53143],
            [73619,57702,47362,83064,58516,77731,52939,87094,53143,0]
        ]
    },
    "vehicle_capacities": [10,10,10,15,25,30,30,30,30,30],
    "runs": [{
        "number_of_vehicles": 5,
        "avg_task_cost_vs_number_of_task": [486,305.25,843.5,724.75,653.3000000000001,565.5833333333334,511.1428571428572,456.6875,533.8888888888889,464.55,425.04545454545456,395.6666666666667,361.88461538461536,375.67857142857144,383.6666666666667,317.15625000000006,302.79411764705884,317.02777777777777,309.42105263157896,289.8,280.64285714285717,304.25,253.32608695652175,267.70833333333337,263.86,251.3846153846154,262.5925925925926,232.44642857142858,251.0344827586207,246.58333333333334]
    }]
}