{
    "vehicle_starting_positions": ["Amsterdam","Rotterdam","Den Haag","Utrecht","Eindhoven","Almere","Groningen","Nijmegen","Breda","Apeldoorn"],
    "task_distribution": {
        "distance_matrix": [
            [0,90.6,65.2,45.6,137.5,31.9,185.9,132,119.1,90.2],
            [90.6,0,25.4,62.3,110.8,105.6,259.6,112,48.6,129.3],
            [65.2,25.4,0,87.7,136.2,97.1,251.1,137.4,74,154.7],
            [45.6,62.3,87.7,0,91.9,43.3,197.3,86.4,73.5,67],
            [137.5,110.8,136.2,91.9,0,135.2,268.3,70.2,62.2,127.3],
            [31.9,105.6,97.1,43.3,135.2,0,154,129.7,116.8,80.1],
            [185.9,259.6,251.1,197.3,268.3,154,0,198.1,270.8,141],
            [132,112,137.4,86.4,70.2,129.7,198.1,0,96.2,57.1],
            [119.1,48.6,74,73.5,62.2,116.8,270.8,96.2,0,140.5],
            [90.2,129.3,154.7,67,127.3,80.1,141,57.1,140.5,0]
        ],
        "weight_matrix": [
            [0,3,3,3,3,3,3,3,3,3],
            [3,0,3,3,3,3,3,3,3,3],
            [3,3,0,3,3,3,3,3,3,3],
            [3,3,3,0,3,3,3,3,3,3],
            [3,3,3,3,0,3,3,3,3,3],
            [3,3,3,3,3,0,3,3,3,3],
            [3,3,3,3,3,3,0,3,3,3],
            [3,3,3,3,3,3,3,0,3,3],
            [3,3,3,3,3,3,3,3,0,3],
            [3,3,3,3,3,3,3,3,3,0]
        ],
        "probability_matrix": [
            [0,0.07832445618222462,0.20000097920103602,0.04249883360872324,0.16584672879015028,0.1035080953558063,0.13970229592523442,0.06468378392916443,0.20410001008566825,0.0013348169219926374],
            [0.0941780151124351,0,0.12563183585090715,0.09890312830279199,0.13570520130040792,0.0875948054685949,0.14024821230636922,0.16840844469199642,0.06413620892615209,0.085194148040345],
            [0.10626049554490825,0.1510552715806264,0,0.11379029922857524,0.08483610871984805,0.005020225936445043,0.15710816662135887,0.17746308231317695,0.16198700572048075,0.04247934433458042],
            [0.07899682406321694,0.20930301185388966,0.001904230033790213,0,0.009352865144220821,0.20269527397947304,0.028043708342690984,0.1038354227914942,0.18980258593556312,0.17606607785566092],
            [0.04380847880017242,0.06527154274470469,0.01670115380654597,0.1465321803844026,0,0.011666829879183632,0.17161883045399476,0.12371730811134077,0.21666523062003504,0.20401844519962017],
            [0.006159879098625388,0.2207757989720152,0.05967126605579328,0.017338236556149522,0.06646806450085169,0,0.23838420617077127,0.04609175239163412,0.19024103626754738,0.15486975998661218],
            [0.04838158941190058,0.09632128971907016,0.0775274333724117,0.18049521692929393,0.20095912008542788,0.04716625906036607,0,0.030938549557018243,0.2268483679476598,0.0913621739168517],
            [0.01376070790926742,0.08787092373634516,0.03766959265619296,0.15542691350447077,0.1467140474530243,0.14171773121105036,0.137809072022148,0,0.14276899970120493,0.13626201180629616],
            [0.19072221375698048,0.03805688258474067,0.06809901541075282,0.029708264248831592,0.07862717699970916,0.1307238572770152,0.18575462881102783,0.08457046936677201,0,0.1937374915441704],
            [0.10387842065164744,0.1766960486248135,0.11039939594601406,0.16647081557344226,0.1353602639277307,0.06695266125562488,0.1051753946786546,0.12300296382688199,0.012064035515190594,0]
        ],
        "city_names": ["Amsterdam","Rotterdam","Den Haag","Utrecht","Eindhoven","Almere","Groningen","Nijmegen","Breda","Apeldoorn"],
        "reward_matrix": [
            [0,73456,83796,91775,54364,97352,34661,56603,61855,73619],
            [73456,0,99999,84977,65233,67350,4659,64745,90554,57702],
            [83796,99999,0,74637,54893,70810,8119,54405,80214,47362],
            [91775,84977,74637,0,72927,92712,30020,75166,80418,83064],
            [54364,65233,54893,72927,0,55300,1117,81761,85018,58516],
            [97352,67350,70810,92712,55300,0,47647,57539,62791,77731],
            [34661,4659,8119,30020,1117,47647,0,29695,100,52939],
            [56603,64745,54405,75166,81761,57539,29695,0,71177,87094],
            [61855,90554,80214,80418,85018,62791,100,71177,0,53143],
            [73619,57702,47362,83064,58516,77731,52939,87094,53143,0]
        ]
    },
    "vehicle_capacities": [10,10,25,25,30,30,30,30,30,30],
    "runs": [{
        "number_of_vehicles": 5,
        "avg_task_cost_vs_number_of_task": [945.5,613.75,644.1666666666666,514.875,549.4,524.25,508.64285714285717,437.68750000000006,389.0555555555556,350.15000000000003,318.31818181818187,309.0833333333333,269.34615384615387,260.67857142857144,243.3,264.9375,313.6764705882353,250.30555555555554,266.2631578947368,313.05,248.80952380952385,295.04545454545456,270.3695652173913,238.375,230.8,234.15384615384616,263.94444444444446,256,214.55172413793105,218.33333333333334]
    }]
}