{
    "vehicle_starting_positions": ["Amsterdam","Rotterdam","Den Haag","Utrecht","Eindhoven","Almere","Groningen","Nijmegen","Breda","Apeldoorn"],
    "task_distribution": {
        "distance_matrix": [
            [0,90.6,65.2,45.6,137.5,31.9,185.9,132,119.1,90.2],
            [90.6,0,25.4,62.3,110.8,105.6,259.6,112,48.6,129.3],
            [65.2,25.4,0,87.7,136.2,97.1,251.1,137.4,74,154.7],
            [45.6,62.3,87.7,0,91.9,43.3,197.3,86.4,73.5,67],
            [137.5,110.8,136.2,91.9,0,135.2,268.3,70.2,62.2,127.3],
            [31.9,105.6,97.1,43.3,135.2,0,154,129.7,116.8,80.1],
            [185.9,259.6,251.1,197.3,268.3,154,0,198.1,270.8,141],
            [132,112,137.4,86.4,70.2,129.7,198.1,0,96.2,57.1],
            [119.1,48.6,74,73.5,62.2,116.8,270.8,96.2,0,140.5],
            [90.2,129.3,154.7,67,127.3,80.1,141,57.1,140.5,0]
        ],
        "weight_matrix": [
            [0,3,3,3,3,3,3,3,3,3],
            [3,0,3,3,3,3,3,3,3,3],
            [3,3,0,3,3,3,3,3,3,3],
            [3,3,3,0,3,3,3,3,3,3],
            [3,3,3,3,0,3,3,3,3,3],
            [3,3,3,3,3,0,3,3,3,3],
            [3,3,3,3,3,3,0,3,3,3],
            [3,3,3,3,3,3,3,0,3,3],
            [3,3,3,3,3,3,3,3,0,3],
            [3,3,3,3,3,3,3,3,3,0]
        ],
        "probability_matrix": [
            [0,0.16597484804653018,0.15762316319595054,0.04960862279364055,0.05592554759009773,0.1687122486277918,0.04455842886034081,0.15287879468109866,0.07248208120925093,0.1322362649952988],
            [0.11994436344959755,0,0.24996639369368476,0.052321421221737587,0.13897786516005414,0.019209869902223682,0.14363827311834795,0.20496770074770337,0.037951986630987436,0.0330221260756636],
            [0.18447801905248737,0.1600663875355136,0,0.165274685503226,0.010788539152263195,0.04122492447871096,0.09802641594979733,0.1584067353340226,0.07977123236014401,0.10196306063383495],
            [0.18285585271249977,0.04389936043424677,0.039487462840896055,0,0.060028366198447626,0.17069031072943044,0.09465355583556194,0.19231566146107365,0.024609372336174058,0.19146005745166955],
            [0.09140201712221492,0.20490704174547722,0.0714463025108327,0.17035306659953164,0,0.019581463010989085,0.16218607249940015,0.02307686337275143,0.08747107365195694,0.1695760994868459],
            [0.08747200119276347,0.015550861731028771,0.10107039125150345,0.15127745367553788,0.021633923342391465,0,0.19577236749551485,0.1889728915200577,0.041562985716657945,0.19668712407454453],
            [0.10775629931828432,0.2054059306848398,0.1800913203732271,0.11146815782348414,0.12109577560852677,0.011952021470522368,0,0.10226470579332453,0.026686957350191783,0.13327883157759926],
            [0.03456753259213951,0.015380922308376252,0.10180478513184826,0.12461967115408772,0.10409283086192646,0.17372044513090468,0.12764320772199042,0,0.2215511691636588,0.096619435935068],
            [0.01353885249062677,0.20101715973271392,0.12538632987294873,0.18330656895359682,0.11351552041492155,0.13615667274517745,0.04088337436407168,0.0761201592373903,0,0.11007536218855296],
            [0.11968639035561009,0.029914387257817678,0.04540820767450323,0.110437190250652,0.12313538326361664,0.12996293931432115,0.15770707399191106,0.15386745432094406,0.12988097357062406,0]
        ],
        "city_names": ["Amsterdam","Rotterdam","Den Haag","Utrecht","Eindhoven","Almere","Groningen","Nijmegen","Breda","Apeldoorn"],
        "reward_matrix": [
            [0,73456,83796,91775,54364,97352,34661,56603,61855,73619],
            [73456,0,99999,84977,65233,67350,4659,64745,90554,57702],
            [83796,99999,0,74637,54893,70810,8119,54405,80214,47362],
            [91775,84977,74637,0,72927,92712,30020,75166,80418,83064],
            [54364,65233,54893,72927,0,55300,1117,81761,85018,58516],
            [97352,67350,70810,92712,55300,0,47647,57539,62791,77731],
            [34661,4659,8119,30020,1117,47647,0,29695,100,52939],
            [56603,64745,54405,75166,81761,57539,29695,0,71177,87094],
            [61855,90554,80214,80418,85018,62791,100,71177,0,53143],
            [73619,57702,47362,83064,58516,77731,52939,87094,53143,0]
        ]
    },
    "vehicle_capacities": [5,5,5,15,25,30,30,30,30,30],
    "runs": [{
        "number_of_vehicles": 5,
        "avg_task_cost_vs_number_of_task": [326,506.5,508.8333333333333,381.625,322.6,293.50000000000006,269.7142857142857,247.43750000000006,281.50000000000006,253.35000000000005,271.45454545454544,266.7916666666667,251.69230769230768,281.92857142857144,281.1666666666667,263.59375,281.0294117647059,303.2222222222223,271.5000000000001,271.62500000000006,254.42857142857142,265.3636363636364,237.82608695652175,213.10416666666666,233.58,225.74999999999997,231.38888888888883,249.32142857142853,237,240.98333333333332]
    }]
}