{
    "vehicle_starting_positions": ["Amsterdam","Rotterdam","Den Haag","Utrecht","Eindhoven","Almere","Groningen","Nijmegen","Breda","Apeldoorn"],
    "task_distribution": {
        "distance_matrix": [
            [0,90.6,65.2,45.6,137.5,31.9,185.9,132,119.1,90.2],
            [90.6,0,25.4,62.3,110.8,105.6,259.6,112,48.6,129.3],
            [65.2,25.4,0,87.7,136.2,97.1,251.1,137.4,74,154.7],
            [45.6,62.3,87.7,0,91.9,43.3,197.3,86.4,73.5,67],
            [137.5,110.8,136.2,91.9,0,135.2,268.3,70.2,62.2,127.3],
            [31.9,105.6,97.1,43.3,135.2,0,154,129.7,116.8,80.1],
            [185.9,259.6,251.1,197.3,268.3,154,0,198.1,270.8,141],
            [132,112,137.4,86.4,70.2,129.7,198.1,0,96.2,57.1],
            [119.1,48.6,74,73.5,62.2,116.8,270.8,96.2,0,140.5],
            [90.2,129.3,154.7,67,127.3,80.1,141,57.1,140.5,0]
        ],
        "weight_matrix": [
            [0,3,3,3,3,3,3,3,3,3],
            [3,0,3,3,3,3,3,3,3,3],
            [3,3,0,3,3,3,3,3,3,3],
            [3,3,3,0,3,3,3,3,3,3],
            [3,3,3,3,0,3,3,3,3,3],
            [3,3,3,3,3,0,3,3,3,3],
            [3,3,3,3,3,3,0,3,3,3],
            [3,3,3,3,3,3,3,0,3,3],
            [3,3,3,3,3,3,3,3,0,3],
            [3,3,3,3,3,3,3,3,3,0]
        ],
        "probability_matrix": [
            [0,0.07531076583749098,0.03517564191210382,0.15523010051077654,0.07519338564500423,0.08727252071434836,0.12208727389542066,0.15225308687647085,0.15181397368728966,0.14566325092109478],
            [0.1404636002274848,0,0.10402534261265092,0.12664440117703357,0.06829785861312515,0.14474739529297148,0.13852926990091569,0.05740003732846223,0.06646774817890937,0.15342434666844665],
            [0.18680189786531726,0.053293755140863486,0,0.07778830593993606,0.1884219578525213,0.14569016611319527,0.08595816572381813,0.1302259863638136,0.13091375888523157,9.060061153035207E-4],
            [0.0036687012909159505,0.021810895228751934,0.3461321930074086,0,0.030206133798780895,0.08928612608048608,0.11648715013491268,0.3388186920508315,0.0478175143138833,0.005772594094029136],
            [0.015499699509736944,0.19975943736810986,0.05387855657354641,0.034660266673070456,0,0.2583439999079289,0.17637005836261715,0.04405971643560563,0.03286332019730736,0.18456494497207743],
            [0.019771978374105804,0.27086940522323677,0.2287580038312951,5.35813382903999E-4,0.22146811647583162,0,0.12215938435938922,0.0021815541679509913,0.10645683049046685,0.027798913694819728],
            [0.07422101465855385,0.2108892213887749,0.07995141158958015,0.037975794518647396,0.12416773091188045,0.08313057786333265,0,0.14927948958181034,0.018645519267868393,0.22173924021955171],
            [0.1519521791155604,0.06459564045747733,0.1457158371603341,0.19630575303173983,0.1392659660459789,0.009384708102704446,0.04931363877431602,0,0.10682279455825626,0.13664348275363272],
            [0.011497380812986341,0.08827155091484132,0.15522998758078832,0.16017926323740034,0.09621891940625842,0.06510450180385347,0.14875586001903,0.14259437517140464,0,0.13214816105343713],
            [0.15104564928466344,0.11683379525950839,0.0783069583585364,0.13977348605319495,0.07037014028615914,0.004568160336408531,0.17682806235624526,0.17969125751260728,0.08258249055267654,0]
        ],
        "city_names": ["Amsterdam","Rotterdam","Den Haag","Utrecht","Eindhoven","Almere","Groningen","Nijmegen","Breda","Apeldoorn"],
        "reward_matrix": [
            [0,73456,83796,91775,54364,97352,34661,56603,61855,73619],
            [73456,0,99999,84977,65233,67350,4659,64745,90554,57702],
            [83796,99999,0,74637,54893,70810,8119,54405,80214,47362],
            [91775,84977,74637,0,72927,92712,30020,75166,80418,83064],
            [54364,65233,54893,72927,0,55300,1117,81761,85018,58516],
            [97352,67350,70810,92712,55300,0,47647,57539,62791,77731],
            [34661,4659,8119,30020,1117,47647,0,29695,100,52939],
            [56603,64745,54405,75166,81761,57539,29695,0,71177,87094],
            [61855,90554,80214,80418,85018,62791,100,71177,0,53143],
            [73619,57702,47362,83064,58516,77731,52939,87094,53143,0]
        ]
    },
    "vehicle_capacities": [20,20,25,30,30,30,30,30,30,30],
    "runs": [{
        "number_of_vehicles": 5,
        "avg_task_cost_vs_number_of_task": [1634.5,1075.5,770.1666666666666,730.5,656.8000000000001,547.3333333333334,469.1428571428572,446.1875,454.3888888888889,411.95,378.54545454545456,373.7083333333333,343.2307692307692,349.35714285714283,305.8666666666667,298.71875,295.5882352941177,302.1388888888889,255.47368421052633,299.5,258.0476190476191,280.97727272727275,236.7608695652174,262.6666666666667,277.86,231,254.03703703703707,245.08928571428572,262.98275862068965,241.33333333333337]
    }]
}