{
    "vehicle_starting_positions": ["Amsterdam","Rotterdam","Den Haag","Utrecht","Eindhoven","Almere","Groningen","Nijmegen","Breda","Apeldoorn"],
    "task_distribution": {
        "distance_matrix": [
            [0,90.6,65.2,45.6,137.5,31.9,185.9,132,119.1,90.2],
            [90.6,0,25.4,62.3,110.8,105.6,259.6,112,48.6,129.3],
            [65.2,25.4,0,87.7,136.2,97.1,251.1,137.4,74,154.7],
            [45.6,62.3,87.7,0,91.9,43.3,197.3,86.4,73.5,67],
            [137.5,110.8,136.2,91.9,0,135.2,268.3,70.2,62.2,127.3],
            [31.9,105.6,97.1,43.3,135.2,0,154,129.7,116.8,80.1],
            [185.9,259.6,251.1,197.3,268.3,154,0,198.1,270.8,141],
            [132,112,137.4,86.4,70.2,129.7,198.1,0,96.2,57.1],
            [119.1,48.6,74,73.5,62.2,116.8,270.8,96.2,0,140.5],
            [90.2,129.3,154.7,67,127.3,80.1,141,57.1,140.5,0]
        ],
        "weight_matrix": [
            [0,3,3,3,3,3,3,3,3,3],
            [3,0,3,3,3,3,3,3,3,3],
            [3,3,0,3,3,3,3,3,3,3],
            [3,3,3,0,3,3,3,3,3,3],
            [3,3,3,3,0,3,3,3,3,3],
            [3,3,3,3,3,0,3,3,3,3],
            [3,3,3,3,3,3,0,3,3,3],
            [3,3,3,3,3,3,3,0,3,3],
            [3,3,3,3,3,3,3,3,0,3],
            [3,3,3,3,3,3,3,3,3,0]
        ],
        "probability_matrix": [
            [0,0.15874703783574726,0.07925916677400449,0.11508413895788494,0.0472610310268746,0.2074970085467785,0.051223037038208324,0.1089322202984997,0.11441211898787036,0.11758424053413172],
            [0.061629531680775465,0,0.2046001320326105,0.012266109853712289,0.11441119526360956,0.07424011773313423,0.1227215843481589,0.08760147938535384,0.1870162450398934,0.1355136046627519],
            [0.04138764971110863,0.16907895509799398,0,0.054606486487447564,0.1428820646311495,0.043864538380629155,0.160360458354553,0.18817607522210844,0.027861749537811727,0.17178202257719807],
            [0.0010533123245791375,0.05007184689283556,0.15259514474734942,0,0.1492635340266925,0.022015548906241297,0.14065085341835387,0.1429922346647249,0.20420435756943625,0.137153167449787],
            [0.22270715796232796,0.17885040387854412,0.013055227041429968,0.056998063885298406,0,0.04001426739185147,0.2658773412794974,0.07517326778849717,0.03383364628631365,0.1134906244862398],
            [0.1421733167992279,0.1597017227333699,0.14036188062811825,0.18115519400842936,0.10994700124744008,0,0.028938677492770862,0.0728516299255401,0.054641106733044,0.11022947043205934],
            [0.02589439386538863,0.16904213837788615,0.150023693497936,0.055745926580244395,0.14891895329695093,0.05512926098062548,0,0.13914770941089935,0.15787315436864585,0.09822476962142321],
            [0.020082867504627736,0.22448028162025208,0.0967360403377876,0.1488468532229509,0.10214741954160944,0.07944479522946801,0.2107411166450132,0,0.06939355990371208,0.04812706599457887],
            [0.18134350697321733,0.02562743050662484,0.0681084763301764,0.10675009972385543,0.19370387806964318,0.07386473822383582,0.0650259692259978,0.1798485719389903,0,0.10572732900765898],
            [0.028385442648270642,0.07111791318912478,0.11528072237228477,0.14411638742810448,0.039753644121691536,0.1928735091575678,0.12162605052339397,0.10352741020348515,0.1833189203560769,0]
        ],
        "city_names": ["Amsterdam","Rotterdam","Den Haag","Utrecht","Eindhoven","Almere","Groningen","Nijmegen","Breda","Apeldoorn"],
        "reward_matrix": [
            [0,73456,83796,91775,54364,97352,34661,56603,61855,73619],
            [73456,0,99999,84977,65233,67350,4659,64745,90554,57702],
            [83796,99999,0,74637,54893,70810,8119,54405,80214,47362],
            [91775,84977,74637,0,72927,92712,30020,75166,80418,83064],
            [54364,65233,54893,72927,0,55300,1117,81761,85018,58516],
            [97352,67350,70810,92712,55300,0,47647,57539,62791,77731],
            [34661,4659,8119,30020,1117,47647,0,29695,100,52939],
            [56603,64745,54405,75166,81761,57539,29695,0,71177,87094],
            [61855,90554,80214,80418,85018,62791,100,71177,0,53143],
            [73619,57702,47362,83064,58516,77731,52939,87094,53143,0]
        ]
    },
    "vehicle_capacities": [15,15,15,25,30,30,30,30,30,30],
    "runs": [{
        "number_of_vehicles": 5,
        "avg_task_cost_vs_number_of_task": [2271,1319.75,1064.4999999999998,830.1249999999999,664.0999999999999,640.1666666666666,520.9285714285714,498.625,443.22222222222223,398.9,354.09090909090907,343,382.6923076923077,345.32142857142856,372.8,358.875,340.55882352941177,351.6666666666667,295.2894736842105,289.5,306.45238095238096,373.8181818181818,263.67391304347825,323.6875,235.54,217.9038461538462,197.462962962963,213.98214285714286,255.24137931034483,289.81666666666666]
    }]
}