{
    "vehicle_starting_positions": ["Amsterdam","Rotterdam","Den Haag","Utrecht","Eindhoven","Almere","Groningen","Nijmegen","Breda","Apeldoorn"],
    "task_distribution": {
        "distance_matrix": [
            [0,90.6,65.2,45.6,137.5,31.9,185.9,132,119.1,90.2],
            [90.6,0,25.4,62.3,110.8,105.6,259.6,112,48.6,129.3],
            [65.2,25.4,0,87.7,136.2,97.1,251.1,137.4,74,154.7],
            [45.6,62.3,87.7,0,91.9,43.3,197.3,86.4,73.5,67],
            [137.5,110.8,136.2,91.9,0,135.2,268.3,70.2,62.2,127.3],
            [31.9,105.6,97.1,43.3,135.2,0,154,129.7,116.8,80.1],
            [185.9,259.6,251.1,197.3,268.3,154,0,198.1,270.8,141],
            [132,112,137.4,86.4,70.2,129.7,198.1,0,96.2,57.1],
            [119.1,48.6,74,73.5,62.2,116.8,270.8,96.2,0,140.5],
            [90.2,129.3,154.7,67,127.3,80.1,141,57.1,140.5,0]
        ],
        "weight_matrix": [
            [0,3,3,3,3,3,3,3,3,3],
            [3,0,3,3,3,3,3,3,3,3],
            [3,3,0,3,3,3,3,3,3,3],
            [3,3,3,0,3,3,3,3,3,3],
            [3,3,3,3,0,3,3,3,3,3],
            [3,3,3,3,3,0,3,3,3,3],
            [3,3,3,3,3,3,0,3,3,3],
            [3,3,3,3,3,3,3,0,3,3],
            [3,3,3,3,3,3,3,3,0,3],
            [3,3,3,3,3,3,3,3,3,0]
        ],
        "probability_matrix": [
            [0,0.20421264906702183,0.09781671806505587,0.03768120720452267,0.06338924699486068,0.23786458792469548,0.006997458416328818,0.16749121100171527,0.035539001429250684,0.1490079198965486],
            [0.061619243609485515,0,0.15474269936319,0.11487095772087802,0.06307905194904205,0.1724305550240873,0.1359671870588666,0.12997914688015522,0.10784728526911924,0.059463873125175946],
            [0.19726198468321862,0.03144998777362756,0,0.11733782966511627,0.16812167538383102,0.08942162499573487,0.18970117661053668,0.0195005206237779,0.1651370574601462,0.022068142804010833],
            [0.04949668789178647,0.12608952645883836,0.13210220439120382,0,0.03731703947256693,0.027036757323004174,0.18424252629113855,0.10355669134339568,0.18908834856475618,0.15107021826330996],
            [0.03942496327066332,0.08023582725729525,0.04346707748552664,0.12749893903753273,0,0.1918993985428135,0.019180723256474713,0.14018791148445744,0.16131797769521414,0.19678718197002218],
            [0.01808104411060318,0.16910458761266536,0.07763997084643273,0.20246576633188973,0.1845364841846553,0,0.0758027598599989,0.03801255593735574,0.027090545426902365,0.20726628568949687],
            [0.15999253427437968,0.20380101602213876,0.04942505083089586,0.034205263901104996,0.13691010950986038,0.025153508669247267,0,0.2647160411070626,0.06980388316170162,0.05599259252360891],
            [0.2376058649199558,0.11312632005393711,0.21354515360192364,0.05492755323622385,0.12935568209634737,0.06136202575380071,0.17043335034115895,0,0.018430606346408196,0.0012134436502443348],
            [0.13867940950897,0.07403386094955663,0.19167993986336104,0.051250282164854506,0.09398249236202261,0.11555164401071451,0.1486664879266068,0.010986172590845856,0,0.17516971062306805],
            [0.1507935248296911,0.04578399066341972,0.03268271116682539,0.08150345108587209,0.2214495862907492,0.05209833823387501,0.22685760513125372,0.13595282833668879,0.05287796426162489,0]
        ],
        "city_names": ["Amsterdam","Rotterdam","Den Haag","Utrecht","Eindhoven","Almere","Groningen","Nijmegen","Breda","Apeldoorn"],
        "reward_matrix": [
            [0,73456,83796,91775,54364,97352,34661,56603,61855,73619],
            [73456,0,99999,84977,65233,67350,4659,64745,90554,57702],
            [83796,99999,0,74637,54893,70810,8119,54405,80214,47362],
            [91775,84977,74637,0,72927,92712,30020,75166,80418,83064],
            [54364,65233,54893,72927,0,55300,1117,81761,85018,58516],
            [97352,67350,70810,92712,55300,0,47647,57539,62791,77731],
            [34661,4659,8119,30020,1117,47647,0,29695,100,52939],
            [56603,64745,54405,75166,81761,57539,29695,0,71177,87094],
            [61855,90554,80214,80418,85018,62791,100,71177,0,53143],
            [73619,57702,47362,83064,58516,77731,52939,87094,53143,0]
        ]
    },
    "vehicle_capacities": [10,10,15,15,20,30,30,30,30,30],
    "runs": [{
        "number_of_vehicles": 5,
        "avg_task_cost_vs_number_of_task": [335,323,340.6666666666667,370.375,361.5,329.75,365.7142857142857,355.3125,298.8888888888889,303.9,302.27272727272725,270.2916666666667,327.84615384615387,318.5357142857143,279.4333333333333,288.5,305.88235294117646,292.3333333333333,298.1842105263158,290.775,281.76190476190476,245.5909090909091,251.54347826086953,248.375,269.6,263.13461538461536,264,261.125,259.86206896551727,240.15]
    }]
}