{
    "vehicle_starting_positions": ["Amsterdam","Rotterdam","Den Haag","Utrecht","Eindhoven","Almere","Groningen","Nijmegen","Breda","Apeldoorn"],
    "task_distribution": {
        "distance_matrix": [
            [0,90.6,65.2,45.6,137.5,31.9,185.9,132,119.1,90.2],
            [90.6,0,25.4,62.3,110.8,105.6,259.6,112,48.6,129.3],
            [65.2,25.4,0,87.7,136.2,97.1,251.1,137.4,74,154.7],
            [45.6,62.3,87.7,0,91.9,43.3,197.3,86.4,73.5,67],
            [137.5,110.8,136.2,91.9,0,135.2,268.3,70.2,62.2,127.3],
            [31.9,105.6,97.1,43.3,135.2,0,154,129.7,116.8,80.1],
            [185.9,259.6,251.1,197.3,268.3,154,0,198.1,270.8,141],
            [132,112,137.4,86.4,70.2,129.7,198.1,0,96.2,57.1],
            [119.1,48.6,74,73.5,62.2,116.8,270.8,96.2,0,140.5],
            [90.2,129.3,154.7,67,127.3,80.1,141,57.1,140.5,0]
        ],
        "weight_matrix": [
            [0,3,3,3,3,3,3,3,3,3],
            [3,0,3,3,3,3,3,3,3,3],
            [3,3,0,3,3,3,3,3,3,3],
            [3,3,3,0,3,3,3,3,3,3],
            [3,3,3,3,0,3,3,3,3,3],
            [3,3,3,3,3,0,3,3,3,3],
            [3,3,3,3,3,3,0,3,3,3],
            [3,3,3,3,3,3,3,0,3,3],
            [3,3,3,3,3,3,3,3,0,3],
            [3,3,3,3,3,3,3,3,3,0]
        ],
        "probability_matrix": [
            [0,0.009842800179654405,0.09210947621447131,0.21935633196604679,0.03170102512277226,0.0189696732542358,0.043796936431477466,0.2696635545540018,0.06163021039931398,0.2529299918780261],
            [0.1720974085285268,0,0.027778721259206073,0.10730346373306217,0.24226291246754889,0.0644665549776014,0.1393379454043343,0.020485938936652043,0.1110910162595316,0.11517603843353665],
            [0.1101589654100112,0.13758264109992077,0,0.13929380078719084,0.1631104563935903,0.058129916699762446,0.0181291382226857,0.1299192396713311,0.05968620315266188,0.18398963856284567],
            [0.09422390912603257,0.17132635378926098,0.10245245662827075,0,0.18785165594943629,0.05802954206682932,0.10385416817492409,0.07216823324968777,0.1771492958649115,0.032944385150646655],
            [0.1919019741679121,0.01819219264826545,0.04518483416192158,0.05834342705335266,0,0.058441165773436186,0.21520918716828943,0.22815544167200114,0.005834409994026386,0.17873736736079504],
            [0.17809055123531162,0.18257625422725682,0.0982146683243389,0.008183650734974951,0.12582649056751755,0,0.1985857244863595,0.11506746715841006,0.045076010898070146,0.04837918236776042],
            [0.09861603315502664,0.17040323951270547,0.13816736791566994,0.1366198935079731,0.2202641581515842,0.07563566838552958,0,0.030556364702387328,0.06985526739346239,0.059882007275661495],
            [0.1421116704164137,0.02037527776018222,0.12352440871329584,0.08693105880076257,0.1523607523863349,0.16948526809781803,0.057654032382564155,0,0.07067995018015273,0.17687758126247582],
            [0.06492593148314339,0.18812049881884862,0.014066842724636597,0.010318869512037894,0.12924281824335013,0.136531897672267,0.18241466982734297,0.08693133250808972,0,0.1874471392102836],
            [0.0027867915642039135,0.1740962547726012,0.12449674676168841,0.20324518579948295,0.09509470552340779,0.06999875136528337,0.16624484138546075,0.08438219588926701,0.07965452693860454,0]
        ],
        "city_names": ["Amsterdam","Rotterdam","Den Haag","Utrecht","Eindhoven","Almere","Groningen","Nijmegen","Breda","Apeldoorn"],
        "reward_matrix": [
            [0,73456,83796,91775,54364,97352,34661,56603,61855,73619],
            [73456,0,99999,84977,65233,67350,4659,64745,90554,57702],
            [83796,99999,0,74637,54893,70810,8119,54405,80214,47362],
            [91775,84977,74637,0,72927,92712,30020,75166,80418,83064],
            [54364,65233,54893,72927,0,55300,1117,81761,85018,58516],
            [97352,67350,70810,92712,55300,0,47647,57539,62791,77731],
            [34661,4659,8119,30020,1117,47647,0,29695,100,52939],
            [56603,64745,54405,75166,81761,57539,29695,0,71177,87094],
            [61855,90554,80214,80418,85018,62791,100,71177,0,53143],
            [73619,57702,47362,83064,58516,77731,52939,87094,53143,0]
        ]
    },
    "vehicle_capacities": [10,25,25,25,25,30,30,30,30,30],
    "runs": [{
        "number_of_vehicles": 5,
        "avg_task_cost_vs_number_of_task": [459.5,389.25,706.6666666666666,776.6250000000001,695.0000000000001,579.1666666666667,540.857142857143,512.3125,455.3888888888889,407.75000000000006,370.68181818181824,339.7916666666667,360.2307692307693,404.1071428571428,392.4,294.4375,354.0882352941176,352.9166666666667,296.86842105263156,270.75000000000006,326.88095238095235,260.29545454545456,316.45652173913044,278.0416666666667,310.94,244.28846153846158,334.48148148148147,271.64285714285717,316.60344827586215,290.81666666666666]
    }]
}