{
    "vehicle_starting_positions": ["Amsterdam","Rotterdam","Den Haag","Utrecht","Eindhoven","Almere","Groningen","Nijmegen","Breda","Apeldoorn"],
    "task_distribution": {
        "distance_matrix": [
            [0,90.6,65.2,45.6,137.5,31.9,185.9,132,119.1,90.2],
            [90.6,0,25.4,62.3,110.8,105.6,259.6,112,48.6,129.3],
            [65.2,25.4,0,87.7,136.2,97.1,251.1,137.4,74,154.7],
            [45.6,62.3,87.7,0,91.9,43.3,197.3,86.4,73.5,67],
            [137.5,110.8,136.2,91.9,0,135.2,268.3,70.2,62.2,127.3],
            [31.9,105.6,97.1,43.3,135.2,0,154,129.7,116.8,80.1],
            [185.9,259.6,251.1,197.3,268.3,154,0,198.1,270.8,141],
            [132,112,137.4,86.4,70.2,129.7,198.1,0,96.2,57.1],
            [119.1,48.6,74,73.5,62.2,116.8,270.8,96.2,0,140.5],
            [90.2,129.3,154.7,67,127.3,80.1,141,57.1,140.5,0]
        ],
        "weight_matrix": [
            [0,3,3,3,3,3,3,3,3,3],
            [3,0,3,3,3,3,3,3,3,3],
            [3,3,0,3,3,3,3,3,3,3],
            [3,3,3,0,3,3,3,3,3,3],
            [3,3,3,3,0,3,3,3,3,3],
            [3,3,3,3,3,0,3,3,3,3],
            [3,3,3,3,3,3,0,3,3,3],
            [3,3,3,3,3,3,3,0,3,3],
            [3,3,3,3,3,3,3,3,0,3],
            [3,3,3,3,3,3,3,3,3,0]
        ],
        "probability_matrix": [
            [0,0.17524366815362474,0.07209754397690774,0.051368607620332705,0.18866204540880882,0.04076811459592726,0.12141474401133039,0.13162340842461104,0.07352169147172004,0.1453001763367374],
            [0.09462464372882734,0,0.08093344972420462,0.13201648945808966,0.12994986149261448,0.13006955071279677,0.08742745801318152,0.15493799817568896,0.0770584465735773,0.11298210212101945],
            [0.10771538986893085,0.06659830788829246,0,0.16933842316550707,0.14249427891555907,0.11070067030783746,0.018306129801680282,0.18903895812947877,0.08074445584642323,0.11506338607629091],
            [0.05737578368284276,0.19473747417763215,0.14128449674194846,0,0.15669918588849457,0.06798007019683733,0.1038152962081215,0.15438037962975404,0.09669800512844921,0.027029308345920034],
            [0.12951246299158678,0.15134995871778162,0.14664639751619807,0.06696760625316003,0,0.12251285216973468,0.05436754943830761,0.10879037411884247,0.15216125953251827,0.06769153926187046],
            [0.17660958577685898,0.1374168506886097,0.09787291086092406,0.031369980488211165,0.112665182497708,0,0.11674399972246308,0.08790721780601433,0.14729261680305142,0.09212165535615914],
            [0.0776450710288902,0.04287068258944222,0.18279841915843123,0.08403455180367252,0.09511020059302634,0.18147631019448132,0,0.059529809655790286,0.16954041508474865,0.10699453989151729],
            [0.051415072824087006,0.09953810872704683,0.15686161881152133,0.22899852801357556,0.019294823120638578,0.15924679220651572,0.13881700264031874,0,0.14181328034122426,0.004014773315072023],
            [0.15638067329474586,0.03833463882257728,0.11930156199180364,0.20488874905720048,0.11839182566083355,0.04437990334676558,0.0621289752305467,0.20264111690554146,0,0.05355255568998543],
            [0.14402130889944056,0.05720264466737519,0.14636984465890304,0.03764524344306407,0.13790599126080022,0.16746700120178346,0.10256150737824296,0.19679257220968474,0.010033886280705976,0]
        ],
        "city_names": ["Amsterdam","Rotterdam","Den Haag","Utrecht","Eindhoven","Almere","Groningen","Nijmegen","Breda","Apeldoorn"],
        "reward_matrix": [
            [0,73456,83796,91775,54364,97352,34661,56603,61855,73619],
            [73456,0,99999,84977,65233,67350,4659,64745,90554,57702],
            [83796,99999,0,74637,54893,70810,8119,54405,80214,47362],
            [91775,84977,74637,0,72927,92712,30020,75166,80418,83064],
            [54364,65233,54893,72927,0,55300,1117,81761,85018,58516],
            [97352,67350,70810,92712,55300,0,47647,57539,62791,77731],
            [34661,4659,8119,30020,1117,47647,0,29695,100,52939],
            [56603,64745,54405,75166,81761,57539,29695,0,71177,87094],
            [61855,90554,80214,80418,85018,62791,100,71177,0,53143],
            [73619,57702,47362,83064,58516,77731,52939,87094,53143,0]
        ]
    },
    "vehicle_capacities": [20,25,25,25,25,30,30,30,30,30],
    "runs": [{
        "number_of_vehicles": 5,
        "avg_task_cost_vs_number_of_task": [438.5,712.5,592,515.375,435.4,491.75,499.2857142857143,441.3125,411.72222222222223,405.65000000000003,371.6363636363637,342.125,291.2307692307692,308.5,270.93333333333334,303.59375,261.7352941176471,261.91666666666663,277,303.875,243.95238095238096,237.63636363636363,227.97826086956522,238.8125,244.31999999999996,228.8846153846154,216.40740740740745,255.85714285714286,214.34482758620692,248.50000000000003]
    }]
}