{
    "vehicle_starting_positions": ["Amsterdam","Rotterdam","Den Haag","Utrecht","Eindhoven","Almere","Groningen","Nijmegen","Breda","Apeldoorn"],
    "task_distribution": {
        "distance_matrix": [
            [0,90.6,65.2,45.6,137.5,31.9,185.9,132,119.1,90.2],
            [90.6,0,25.4,62.3,110.8,105.6,259.6,112,48.6,129.3],
            [65.2,25.4,0,87.7,136.2,97.1,251.1,137.4,74,154.7],
            [45.6,62.3,87.7,0,91.9,43.3,197.3,86.4,73.5,67],
            [137.5,110.8,136.2,91.9,0,135.2,268.3,70.2,62.2,127.3],
            [31.9,105.6,97.1,43.3,135.2,0,154,129.7,116.8,80.1],
            [185.9,259.6,251.1,197.3,268.3,154,0,198.1,270.8,141],
            [132,112,137.4,86.4,70.2,129.7,198.1,0,96.2,57.1],
            [119.1,48.6,74,73.5,62.2,116.8,270.8,96.2,0,140.5],
            [90.2,129.3,154.7,67,127.3,80.1,141,57.1,140.5,0]
        ],
        "weight_matrix": [
            [0,3,3,3,3,3,3,3,3,3],
            [3,0,3,3,3,3,3,3,3,3],
            [3,3,0,3,3,3,3,3,3,3],
            [3,3,3,0,3,3,3,3,3,3],
            [3,3,3,3,0,3,3,3,3,3],
            [3,3,3,3,3,0,3,3,3,3],
            [3,3,3,3,3,3,0,3,3,3],
            [3,3,3,3,3,3,3,0,3,3],
            [3,3,3,3,3,3,3,3,0,3],
            [3,3,3,3,3,3,3,3,3,0]
        ],
        "probability_matrix": [
            [0,0.055932915043684195,0.1871787460419914,0.08712266193084499,0.13826284215440998,0.0300065273286151,0.14667091334594706,0.04018024212357963,0.11021249435047345,0.2044326576804543],
            [0.10271503493056139,0,0.012575453661584982,0.06411992785167303,0.11424673632121216,0.0540374815253385,0.20275808424752925,0.1466983832754809,0.17767172612466753,0.12517717206195217],
            [0.09543384090824814,0.04324321660878365,0,0.10344411641224535,0.3017904052761183,0.19302747865306755,0.03205219679223636,0.07292086648767461,8.676826778171799E-4,0.15722019618380886],
            [0.159303104033421,0.26387791951548734,0.1461416072307962,0,0.10898219533915766,0.0453251241271712,0.01639549942688628,0.18639390012775892,0.05210247949116374,0.02147817070815754],
            [0.01872845953707575,0.0048945181862773005,0.10810400816615383,0.04121231164745272,0,0.33112404541909224,0.15488762754957308,0.2949079899527727,0.009515349661686245,0.03662568987991619],
            [0.13649183504662063,0.12106505584010145,0.13275024136074098,0.15590495451400987,0.1584514103410378,0,0.060892002167333044,0.08047471225154017,0.14535174786165656,0.00861804061695963],
            [0.2360532909624934,0.017099413793556888,0.025457840314911905,0.16398388134869543,0.1573899811434405,0.0644707846653357,0,0.17689221726332965,0.06963827500759791,0.08901431550063864],
            [0.0710118620917369,0.16351155098080974,0.10404681453513039,0.036161245061312894,0.1998436110121663,0.11166351661467339,0.12902991981813236,0,0.15702840100038787,0.02770307888565011],
            [0.18408738330509275,0.213867246948208,0.08606177836978088,0.07216676777095511,0.06202736586244503,0.011159657051347633,0.061324837181581215,0.0836574441172012,0,0.22564751939338823],
            [0.08959157801458587,0.16068955252950123,0.1671554571264964,0.09755776908479386,0.011758480120199045,0.09774112669881031,0.14011881920608674,0.10942364918324658,0.12596356803627987,0]
        ],
        "city_names": ["Amsterdam","Rotterdam","Den Haag","Utrecht","Eindhoven","Almere","Groningen","Nijmegen","Breda","Apeldoorn"],
        "reward_matrix": [
            [0,73456,83796,91775,54364,97352,34661,56603,61855,73619],
            [73456,0,99999,84977,65233,67350,4659,64745,90554,57702],
            [83796,99999,0,74637,54893,70810,8119,54405,80214,47362],
            [91775,84977,74637,0,72927,92712,30020,75166,80418,83064],
            [54364,65233,54893,72927,0,55300,1117,81761,85018,58516],
            [97352,67350,70810,92712,55300,0,47647,57539,62791,77731],
            [34661,4659,8119,30020,1117,47647,0,29695,100,52939],
            [56603,64745,54405,75166,81761,57539,29695,0,71177,87094],
            [61855,90554,80214,80418,85018,62791,100,71177,0,53143],
            [73619,57702,47362,83064,58516,77731,52939,87094,53143,0]
        ]
    },
    "vehicle_capacities": [5,15,25,25,25,30,30,30,30,30],
    "runs": [{
        "number_of_vehicles": 5,
        "avg_task_cost_vs_number_of_task": [911,643.5,578.6666666666667,494.7500000000001,458.0000000000001,401.9166666666667,389,352.9375,316.6666666666667,286.25,309.3181818181818,333.75,316.5,315.64285714285717,318.6666666666667,300.25,294.0882352941176,288.1388888888889,276.94736842105266,274.80000000000007,247.4047619047619,260.52272727272725,237.84782608695653,236.72916666666666,237.68000000000004,262.9423076923077,252.14814814814815,219.33928571428572,236.44827586206895,241.48333333333332]
    }]
}