{
    "vehicle_starting_positions": ["Amsterdam","Rotterdam","Den Haag","Utrecht","Eindhoven","Almere","Groningen","Nijmegen","Breda","Apeldoorn"],
    "task_distribution": {
        "distance_matrix": [
            [0,90.6,65.2,45.6,137.5,31.9,185.9,132,119.1,90.2],
            [90.6,0,25.4,62.3,110.8,105.6,259.6,112,48.6,129.3],
            [65.2,25.4,0,87.7,136.2,97.1,251.1,137.4,74,154.7],
            [45.6,62.3,87.7,0,91.9,43.3,197.3,86.4,73.5,67],
            [137.5,110.8,136.2,91.9,0,135.2,268.3,70.2,62.2,127.3],
            [31.9,105.6,97.1,43.3,135.2,0,154,129.7,116.8,80.1],
            [185.9,259.6,251.1,197.3,268.3,154,0,198.1,270.8,141],
            [132,112,137.4,86.4,70.2,129.7,198.1,0,96.2,57.1],
            [119.1,48.6,74,73.5,62.2,116.8,270.8,96.2,0,140.5],
            [90.2,129.3,154.7,67,127.3,80.1,141,57.1,140.5,0]
        ],
        "weight_matrix": [
            [0,3,3,3,3,3,3,3,3,3],
            [3,0,3,3,3,3,3,3,3,3],
            [3,3,0,3,3,3,3,3,3,3],
            [3,3,3,0,3,3,3,3,3,3],
            [3,3,3,3,0,3,3,3,3,3],
            [3,3,3,3,3,0,3,3,3,3],
            [3,3,3,3,3,3,0,3,3,3],
            [3,3,3,3,3,3,3,0,3,3],
            [3,3,3,3,3,3,3,3,0,3],
            [3,3,3,3,3,3,3,3,3,0]
        ],
        "probability_matrix": [
            [0,0.056783676710210756,0.017148314628868653,0.21404827613743688,0.0022603712267087327,0.14308485589324071,0.2518905797068051,0.023423950138298694,0.17095321755451312,0.12040675800391731],
            [0.1177792876354811,0,0.08914109118073663,0.08236218728610202,0.06282227733161679,0.09063588379362034,0.15350218512475983,0.1512750430065194,0.1324032483083645,0.12007879633279946],
            [0.1436060724740996,0.13627807659741206,0,0.10300846227506506,0.1183032666231789,0.08047467530401879,0.07219698623002498,0.1439631773962744,0.0936162945332767,0.10855298856664956],
            [0.04666842950502196,0.17063616308604757,0.13539752566369473,0,0.17116961614717063,0.01923773728875198,0.21079496409691936,0.0847795794553858,0.11947748970574522,0.0418384950512629],
            [0.012881194675237675,0.24792029135311036,0.12228990926656937,0.1257691313904273,0,0.06336703831150946,0.10304131221209316,0.005499906392218791,0.23185305723839175,0.08737815916044203],
            [0.19320124657038978,0.1401802853090607,0.09315962773230982,0.2009331388696204,1.7102898370042953E-4,0,0.019390907295961733,0.0620661466405202,0.21369415297689773,0.07720346562153911],
            [0.09928658367818265,0.048269098587994066,0.12163769246445662,0.1298979813035779,0.1756069440051009,0.04718883354575471,0,0.13230262599848772,0.15459528316664226,0.09121495724980312],
            [0.07293974409699934,0.1436794667651143,0.12279738932496634,0.0707754451045502,7.290552703377519E-4,0.06596257008996215,0.08099451665396314,0,0.21668271359359736,0.2254390991005095],
            [0.04843069135416333,0.016554846591523748,0.20103447324692442,0.10790778718680986,0.10664744915187224,0.10880297578989606,0.055408369128947706,0.21747938331522756,0,0.13773402423463516],
            [0.12060739068252212,0.12341264331994782,0.0863765163715034,0.14927719459243752,0.020890260761747964,0.20921065548026485,0.05666066481852187,0.11474503897492293,0.11881963499813139,0]
        ],
        "city_names": ["Amsterdam","Rotterdam","Den Haag","Utrecht","Eindhoven","Almere","Groningen","Nijmegen","Breda","Apeldoorn"],
        "reward_matrix": [
            [0,73456,83796,91775,54364,97352,34661,56603,61855,73619],
            [73456,0,99999,84977,65233,67350,4659,64745,90554,57702],
            [83796,99999,0,74637,54893,70810,8119,54405,80214,47362],
            [91775,84977,74637,0,72927,92712,30020,75166,80418,83064],
            [54364,65233,54893,72927,0,55300,1117,81761,85018,58516],
            [97352,67350,70810,92712,55300,0,47647,57539,62791,77731],
            [34661,4659,8119,30020,1117,47647,0,29695,100,52939],
            [56603,64745,54405,75166,81761,57539,29695,0,71177,87094],
            [61855,90554,80214,80418,85018,62791,100,71177,0,53143],
            [73619,57702,47362,83064,58516,77731,52939,87094,53143,0]
        ]
    },
    "vehicle_capacities": [10,10,25,30,30,30,30,30,30,30],
    "runs": [{
        "number_of_vehicles": 5,
        "avg_task_cost_vs_number_of_task": [1040,807.75,831,703,601.5,555.5833333333334,525.0714285714286,477.625,433.83333333333337,415.95,374.31818181818176,346.625,355.03846153846155,367.03571428571433,319.3,299.96875,300.9411764705882,254.86111111111117,313.86842105263156,298.05,286.2380952380953,244.7954545454546,239.0434782608696,226.4375,227.40000000000003,261.34615384615387,237.72222222222226,227,238.1551724137931,206.96666666666667]
    }]
}