{
    "vehicle_starting_positions": ["Amsterdam","Rotterdam","Den Haag","Utrecht","Eindhoven","Almere","Groningen","Nijmegen","Breda","Apeldoorn"],
    "task_distribution": {
        "distance_matrix": [
            [0,90.6,65.2,45.6,137.5,31.9,185.9,132,119.1,90.2],
            [90.6,0,25.4,62.3,110.8,105.6,259.6,112,48.6,129.3],
            [65.2,25.4,0,87.7,136.2,97.1,251.1,137.4,74,154.7],
            [45.6,62.3,87.7,0,91.9,43.3,197.3,86.4,73.5,67],
            [137.5,110.8,136.2,91.9,0,135.2,268.3,70.2,62.2,127.3],
            [31.9,105.6,97.1,43.3,135.2,0,154,129.7,116.8,80.1],
            [185.9,259.6,251.1,197.3,268.3,154,0,198.1,270.8,141],
            [132,112,137.4,86.4,70.2,129.7,198.1,0,96.2,57.1],
            [119.1,48.6,74,73.5,62.2,116.8,270.8,96.2,0,140.5],
            [90.2,129.3,154.7,67,127.3,80.1,141,57.1,140.5,0]
        ],
        "weight_matrix": [
            [0,3,3,3,3,3,3,3,3,3],
            [3,0,3,3,3,3,3,3,3,3],
            [3,3,0,3,3,3,3,3,3,3],
            [3,3,3,0,3,3,3,3,3,3],
            [3,3,3,3,0,3,3,3,3,3],
            [3,3,3,3,3,0,3,3,3,3],
            [3,3,3,3,3,3,0,3,3,3],
            [3,3,3,3,3,3,3,0,3,3],
            [3,3,3,3,3,3,3,3,0,3],
            [3,3,3,3,3,3,3,3,3,0]
        ],
        "probability_matrix": [
            [0,0.15612027388361557,0.03736397355048576,0.13053364308762214,0.04533363200912557,0.15410202433913495,0.028269560727494498,0.15821739336564344,0.17219643859816794,0.11786306043871009],
            [0.03773280267034735,0,0.036446999205940585,0.026731050469865496,0.21064283608629963,0.2664571359154432,0.12276709946612308,0.1423416015217023,0.15299847107013112,0.0038820035941471336],
            [0.19516454838754244,0.08014930526623709,0,0.16024642537030082,0.056660307200126124,0.012528384153325564,0.19671181794141337,0.11788126635786733,0.1401277084391614,0.04053023688402593],
            [0.1756320583041709,0.06745456356417229,0.18065218386981943,0,0.11001306906050654,0.040068977368949266,0.08924673992585072,0.10683480116583341,0.0701106170144666,0.1599869897262309],
            [0.24367390920735976,0.18219798808773022,0.04391177177663015,0.1620708939038539,0,0.031604796035233036,0.1967572119441171,0.007135483728700023,0.10926530041290868,0.02338264490346716],
            [0.02017401567330127,0.11175504379066362,0.1906206752185657,0.13862613248370736,0.018827427932256346,0,0.047209941058334884,0.030501356665128057,0.20195754075541117,0.24032786642263168],
            [0.08022528051353765,0.06176680011447124,0.2725778593080259,0.02028586404026867,0.06106469067035837,0.011575694955254116,0,0.13988620924473052,0.3012062461267678,0.051411355026585705],
            [0.04831359325292031,0.14645009696537786,0.15811471428943488,0.12090377442066355,0.13901242728756139,0.12802837011939536,0.013135373568927293,0,0.06700733005086246,0.17903432004485703],
            [0.14479291499684016,0.16163934332840055,0.018757967701894952,0.09809577978344307,0.007073622510056515,0.08342249272720043,0.13341295609694842,0.15280925440299706,0,0.1999956684522189],
            [0.03131334342900812,0.12931662805430658,0.13864224359482996,0.06181615163958071,0.17854368175738053,0.19950504479427364,0.016411765090414226,0.123609393285625,0.1208417483545811,0]
        ],
        "city_names": ["Amsterdam","Rotterdam","Den Haag","Utrecht","Eindhoven","Almere","Groningen","Nijmegen","Breda","Apeldoorn"],
        "reward_matrix": [
            [0,73456,83796,91775,54364,97352,34661,56603,61855,73619],
            [73456,0,99999,84977,65233,67350,4659,64745,90554,57702],
            [83796,99999,0,74637,54893,70810,8119,54405,80214,47362],
            [91775,84977,74637,0,72927,92712,30020,75166,80418,83064],
            [54364,65233,54893,72927,0,55300,1117,81761,85018,58516],
            [97352,67350,70810,92712,55300,0,47647,57539,62791,77731],
            [34661,4659,8119,30020,1117,47647,0,29695,100,52939],
            [56603,64745,54405,75166,81761,57539,29695,0,71177,87094],
            [61855,90554,80214,80418,85018,62791,100,71177,0,53143],
            [73619,57702,47362,83064,58516,77731,52939,87094,53143,0]
        ]
    },
    "vehicle_capacities": [10,15,20,20,25,30,30,30,30,30],
    "runs": [{
        "number_of_vehicles": 5,
        "avg_task_cost_vs_number_of_task": [1038,582.5,546.8333333333334,494.49999999999994,454,378.3333333333333,310.49999999999994,327,406.3333333333333,438.45,346.77272727272725,382.625,396.3076923076923,269.46428571428567,298.73333333333335,251.34375,245.35294117647058,250.97222222222223,246.97368421052633,235.5,241.0952380952381,254.8409090909091,223.2391304347826,224.45833333333334,250.52,207.94230769230768,230.55555555555554,213.60714285714286,218.22413793103448,207.75]
    }]
}